1:ItNr	2:Metric	3:StepSize	4:||Gradient||	Time[ms]
0	-0.789951	627.201626	0.011518	1069.1
1	-0.851383	623.504937	0.007556	11.9
2	-0.000000	619.865785	0.000000	8.1
3	-0.000000	616.282728	0.000000	16.0
4	-0.022687	612.754375	0.001586	9.6
5	-0.567363	609.279381	0.005989	9.0
6	-0.688081	605.856447	0.011431	9.1
7	-0.067562	602.484317	0.003059	9.7
8	-0.762646	599.161779	0.012475	12.9
9	-0.472178	595.887656	0.007604	12.7
10	-0.302643	592.660813	0.013758	11.3
11	-0.104384	589.480151	0.001303	12.4
12	-0.545143	586.344606	0.009977	9.3
13	-0.000000	583.253145	0.000000	8.5
14	-0.000000	580.204771	0.000000	8.3
15	-0.837796	577.198517	0.007003	9.3
16	-0.992597	574.233444	0.013703	12.9
17	-0.422220	571.308645	0.007974	8.1
18	-0.449418	568.423237	0.009202	8.2
19	-0.004986	565.576365	0.000768	8.2
20	-0.000048	562.767201	0.000004	12.2
21	-0.000000	559.994938	0.000000	8.4
22	-0.514898	557.258797	0.007547	10.1
23	-0.738780	554.558018	0.009565	9.1
24	-0.685754	551.891865	0.007176	10.9
25	-0.515127	549.259621	0.011798	10.1
26	-1.004830	546.660592	0.008205	9.4
27	-0.535134	544.094102	0.007138	8.1
28	-0.660408	541.559494	0.006128	9.7
29	-0.439544	539.056129	0.009564	12.6
30	-1.009799	536.583387	0.013673	11.4
31	-0.379586	534.140663	0.005226	8.1
32	-0.872992	531.727370	0.014368	11.6
33	-0.625922	529.342935	0.007771	15.0
34	-0.730005	526.986802	0.007749	8.7
35	-0.699852	524.658430	0.008841	8.1
36	-0.000000	522.357290	0.000000	8.2
37	-0.787228	520.082868	0.015253	10.1
38	-0.973089	517.834665	0.018547	11.4
39	-0.850638	515.612193	0.010862	8.3
40	-0.219611	513.414976	0.005650	9.7
41	-0.728821	511.242551	0.010742	10.9
42	-0.430404	509.094468	0.003226	15.4
43	-0.000000	506.970285	0.000000	9.4
44	-0.813590	504.869574	0.009170	8.6
45	-0.836264	502.791916	0.008821	8.1
46	-0.228588	500.736903	0.003315	11.7
47	-0.000000	498.704137	0.000000	8.2
48	-0.928230	496.693228	0.013256	8.3
49	-0.853274	494.703798	0.016519	8.4
50	-0.092000	492.735476	0.001637	9.4
51	-0.839389	490.787900	0.018420	17.5
52	-0.880376	488.860718	0.011321	12.3
53	-0.176986	486.953585	0.005830	8.2
54	-0.465730	485.066164	0.007024	9.9
55	-0.000000	483.198126	0.000000	10.3
56	-0.864689	481.349149	0.022185	8.3
57	-0.539362	479.518920	0.010042	8.3
58	-0.282188	477.707132	0.006728	8.1
59	-0.599181	475.913485	0.013250	11.0
60	-0.429149	474.137684	0.006782	8.3
61	-0.000000	472.379445	0.000000	9.1
62	-0.924336	470.638485	0.007672	8.1
63	-0.753107	468.914531	0.006098	9.9
64	-0.004406	467.207315	0.000065	11.3
65	-0.402167	465.516573	0.006810	8.3
66	-0.090836	463.842050	0.000982	8.4
67	-0.634994	462.183494	0.008305	9.8
68	-0.469273	460.540658	0.005158	14.1
69	-0.262577	458.913303	0.006379	8.6
70	-0.667419	457.301192	0.008056	12.6
71	-0.000000	455.704096	0.000000	14.2
72	-0.199264	454.121787	0.006243	13.4
73	-0.835472	452.554045	0.005013	9.0
74	-0.319933	451.000653	0.005872	8.2
75	-0.000000	449.461399	0.000000	8.3
76	-0.539897	447.936075	0.008085	10.8
77	-0.000000	446.424477	0.000000	8.7
78	-0.000000	444.926406	0.000000	10.7
79	-0.000000	443.441666	0.000000	13.0
80	-0.483428	441.970065	0.008003	14.2
81	-0.785010	440.511415	0.009152	8.6
82	-0.656270	439.065533	0.006936	8.1
83	-0.522094	437.632238	0.004883	8.5
84	-0.742518	436.211351	0.010356	8.2
85	-0.684519	434.802701	0.012750	12.3
86	-0.000000	433.406117	0.000000	8.1
87	-0.118741	432.021430	0.004312	9.8
88	-0.000000	430.648479	0.000000	9.1
89	-0.191119	429.287101	0.003064	9.9
90	-0.687415	427.937140	0.008866	18.0
91	-0.474095	426.598440	0.006667	13.7
92	-0.821406	425.270849	0.007297	8.6
93	-0.992628	423.954220	0.020151	15.5
94	-0.248210	422.648404	0.003252	9.2
95	-0.013346	421.353259	0.000226	8.1
96	-0.926639	420.068643	0.009463	8.2
97	-0.638532	418.794419	0.008007	11.1
98	-0.313258	417.530451	0.004278	10.1
99	-0.551005	416.276604	0.007639	8.8
100	-0.366082	415.032748	0.004027	9.2
101	-0.707390	413.798754	0.017163	11.7
102	-0.209836	412.574495	0.005852	11.2
103	-0.864618	411.359849	0.006285	8.8
104	-0.000000	410.154691	0.000000	9.4
105	-0.807791	408.958904	0.010117	10.6
106	-0.736294	407.772368	0.008150	13.1
107	-0.349340	406.594968	0.003030	8.3
108	-0.866104	405.426590	0.006055	8.1
109	-0.380453	404.267122	0.009206	8.4
110	-0.352313	403.116456	0.006913	11.0
111	-0.821928	401.974481	0.009343	8.3
112	-0.937761	400.841093	0.019551	8.5
113	-0.847083	399.716187	0.012071	8.1
114	-0.039138	398.599660	0.002067	9.1
115	-0.482767	397.491411	0.004497	13.8
116	-0.019625	396.391342	0.000654	8.2
117	-0.466775	395.299353	0.006709	8.1
118	-0.400176	394.215350	0.005510	8.2
119	-0.635585	393.139238	0.007544	10.8
120	-0.612298	392.070924	0.010408	9.4
121	-0.221239	391.010316	0.007322	8.3
122	-0.060426	389.957325	0.000943	8.2
123	-0.015178	388.911862	0.000674	8.7
124	-0.647279	387.873839	0.008060	12.4
125	-0.392593	386.843173	0.004990	8.8
126	-0.000016	385.819777	0.000020	9.4
127	-0.165438	384.803569	0.002963	8.3
128	-0.242662	383.794468	0.004608	8.8
129	-0.138955	382.792393	0.005482	13.1
130	-0.000000	381.797264	0.000000	7.3
131	-0.000000	380.809005	0.000000	8.3
132	-0.000000	379.827537	0.000000	7.4
133	-0.863780	378.852786	0.020500	8.5
134	-0.971618	377.884678	0.014875	13.4
135	-0.929271	376.923138	0.030982	8.3
136	-0.770063	375.968095	0.022845	8.1
137	-0.266987	375.019479	0.003587	8.5
138	-0.906533	374.077218	0.009956	10.9
139	-0.627169	373.141244	0.006355	8.5
140	-0.471018	372.211489	0.006678	8.1
141	-0.722065	371.287887	0.008471	8.4
142	-0.015177	370.370370	0.001340	8.2
143	-0.010905	369.458876	0.000406	13.2
144	-0.062471	368.553338	0.001476	9.4
145	-0.000000	367.653696	0.000000	8.9
146	-0.000000	366.759885	0.000000	8.1
147	-0.073838	365.871846	0.002259	8.4
148	-0.911501	364.989518	0.008901	14.1
149	-0.880810	364.112841	0.010189	8.7
150	-0.012311	363.241757	0.000525	9.0
151	-0.479627	362.376208	0.008161	12.6
152	-0.622204	361.516137	0.007491	14.3
153	-0.855586	360.661488	0.011378	8.1
154	-0.285889	359.812206	0.003265	8.5
155	-0.513017	358.968236	0.013701	8.2
156	-0.853592	358.129524	0.006325	11.4
157	-0.248773	357.296018	0.006956	8.9
158	-0.000000	356.467665	0.000000	11.0
159	-0.726520	355.644414	0.004439	12.1
160	-0.333600	354.826213	0.003359	13.9
161	-0.000628	354.013012	0.000016	8.3
162	-0.000000	353.204763	0.000000	9.3
163	-0.006407	352.401415	0.000596	8.2
164	-0.276673	351.602922	0.006084	10.0
165	-0.771856	350.809235	0.008818	14.4
166	-0.842977	350.020308	0.008276	8.3
167	-0.516539	349.236095	0.003979	11.6
168	-0.505722	348.456550	0.007924	10.8
169	-0.576263	347.681627	0.007437	10.3
170	-0.907648	346.911283	0.022491	9.1
171	-0.781442	346.145474	0.018826	8.4
172	-0.000000	345.384157	0.000000	9.3
173	-0.538819	344.627288	0.006618	12.1
174	-0.442509	343.874826	0.006530	8.2
175	-0.412061	343.126729	0.003880	15.1
176	-0.000000	342.382957	0.000000	8.2
177	-0.869936	341.643469	0.010498	11.4
178	-0.501793	340.908224	0.015003	8.6
179	-0.892026	340.177184	0.015644	19.9
180	-0.521145	339.450309	0.005114	25.7
181	-0.000000	338.727561	0.000000	13.2
182	-0.333662	338.008902	0.005100	23.8
183	-0.905745	337.294295	0.007876	20.8
184	-0.582135	336.583703	0.006424	13.8
185	-0.889112	335.877089	0.010123	14.1
186	-0.000000	335.174416	0.000000	17.5
187	-0.869087	334.475651	0.007851	19.0
188	-0.730772	333.780756	0.007230	16.2
189	-0.765945	333.089698	0.010161	14.8
190	-0.290279	332.402443	0.002774	13.7
191	-0.000000	331.718955	0.000000	14.8
192	-0.633908	331.039203	0.011442	12.9
193	-0.000000	330.363153	0.000000	11.2
194	-0.601043	329.690771	0.023037	9.6
195	-0.501862	329.022027	0.009410	13.9
196	-0.075608	328.356888	0.001339	13.9
197	-0.392847	327.695322	0.005167	14.1
198	-0.000000	327.037299	0.000000	15.3
199	-0.722162	326.382787	0.011332	12.2
200	-0.481220	325.731758	0.004738	12.8
201	-0.000000	325.084179	0.000000	15.6
202	-0.684560	324.440023	0.007288	12.8
203	-0.398203	323.799258	0.009447	13.4
204	-0.655444	323.161858	0.007475	12.3
205	-0.444384	322.527792	0.007523	14.8
206	-1.010590	321.897034	0.009261	13.3
207	-0.540665	321.269554	0.006586	25.3
208	-0.837200	320.645325	0.006326	15.1
209	-0.055861	320.024320	0.001514	11.8
210	-0.996523	319.406512	0.023116	13.3
211	-0.000258	318.791875	0.000136	13.6
212	-0.003823	318.180381	0.000718	11.9
213	-0.227955	317.572005	0.004580	9.7
214	-0.649501	316.966721	0.007444	14.7
215	-0.000000	316.364504	0.000000	8.9
216	-0.207536	315.765329	0.003070	8.2
217	-0.488440	315.169170	0.004799	10.4
218	-0.000000	314.576003	0.000000	13.6
219	-0.403139	313.985804	0.010268	11.2
220	-0.887728	313.398548	0.006694	12.3
221	-0.969831	312.814213	0.007472	10.8
222	-0.219318	312.232773	0.004513	11.1
223	-0.009928	311.654207	0.000364	8.9
224	-0.000000	311.078491	0.000000	7.9
225	-0.570458	310.505602	0.007075	8.3
226	-0.791485	309.935518	0.008569	12.0
227	-0.006173	309.368217	0.000567	9.9
228	-0.678674	308.803676	0.005838	12.4
229	-0.122355	308.241874	0.001591	8.3
230	-0.000000	307.682789	0.000000	13.7
231	-0.550079	307.126400	0.005151	9.6
232	-0.661490	306.572687	0.011561	8.2
233	-0.897310	306.021627	0.019147	8.4
234	-0.000000	305.473201	0.000000	9.0
235	-0.000022	304.927388	0.000006	12.0
236	-0.801027	304.384168	0.006484	8.4
237	-0.826658	303.843521	0.007693	8.2
238	-0.626616	303.305427	0.005957	9.1
239	-0.613449	302.769867	0.007937	16.0
240	-0.538329	302.236821	0.011646	8.3
241	-0.868315	301.706270	0.020954	9.2
242	-0.691045	301.178196	0.007672	8.2
243	-0.953940	300.652580	0.010856	9.7
244	-0.912488	300.129402	0.009080	12.4
245	-0.028093	299.608645	0.000653	8.6
246	-0.824811	299.090291	0.021031	8.3
247	-0.040482	298.574321	0.002734	8.4
248	-0.644740	298.060718	0.008430	11.6
249	-0.413195	297.549465	0.004382	9.9
250	-0.473009	297.040543	0.008851	9.7
251	-0.428590	296.533936	0.004740	11.0
252	-0.421823	296.029626	0.010844	18.0
253	-0.095292	295.527597	0.002974	8.2
254	-0.155427	295.027832	0.003713	13.8
255	-0.385528	294.530315	0.006629	11.7
256	-0.000000	294.035028	0.000000	14.2
257	-0.231599	293.541956	0.004183	8.2
258	-0.686571	293.051083	0.015484	8.8
259	-0.000000	292.562393	0.000000	8.8
260	-0.940802	292.075870	0.012737	12.6
261	-0.748074	291.591498	0.011682	8.3
262	-0.783337	291.109263	0.022461	10.9
263	-0.589075	290.629149	0.005421	11.6
264	-0.000000	290.151140	0.000000	12.9
265	-0.238644	289.675222	0.003383	10.3
266	-0.486838	289.201380	0.007465	9.4
267	-0.000000	288.729600	0.000000	8.2
268	-0.421872	288.259866	0.006908	9.0
269	-0.298705	287.792165	0.003773	13.9
270	-0.797730	287.326481	0.005548	9.9
271	-0.000000	286.862802	0.000000	8.3
272	-0.880153	286.401113	0.008020	8.4
273	-0.726069	285.941400	0.007514	12.6
274	-0.004477	285.483649	0.000109	8.6
275	-0.716225	285.027847	0.011097	10.6
276	-0.383035	284.573981	0.005156	11.2
277	-0.591413	284.122037	0.005466	12.1
278	-0.019216	283.672002	0.001733	8.5
279	-0.654171	283.223863	0.010465	9.3
280	-0.928068	282.777607	0.009698	8.7
281	-0.000015	282.333221	0.000001	8.8
282	-0.424021	281.890692	0.005640	20.2
283	-0.000000	281.450008	0.000000	13.3
284	-1.052066	281.011157	0.012791	8.7
285	-0.443172	280.574125	0.015480	13.7
286	-0.728965	280.138901	0.006597	8.7
287	-0.807382	279.705473	0.008084	8.1
288	-0.000000	279.273829	0.000000	10.0
289	-0.141568	278.843956	0.003179	8.6
290	-0.320654	278.415844	0.005439	12.0
291	-0.698675	277.989479	0.020792	8.3
292	-0.133016	277.564851	0.001164	8.3
293	-0.907759	277.141949	0.005516	8.1
294	-0.822388	276.720761	0.007204	9.9
295	-0.369032	276.301275	0.010282	10.0
296	-0.762306	275.883480	0.006853	8.8
297	-0.000000	275.467366	0.000000	8.2
298	-0.000004	275.052922	0.000001	8.3
299	-0.772628	274.640136	0.007907	11.5
300	-0.000000	274.228998	0.000000	11.2
301	-0.000000	273.819497	0.000000	42.8
302	-0.014861	273.411623	0.000200	25.4
303	-0.992465	273.005365	0.011327	33.2
304	-1.003287	272.600712	0.027165	18.4
305	-0.469783	272.197655	0.005076	23.6
306	-0.923174	271.796184	0.007150	15.6
307	-0.936157	271.396287	0.016838	11.9
308	-0.000000	270.997956	0.000000	9.5
309	-0.019115	270.601180	0.000322	76.5
310	-0.867038	270.205949	0.010705	25.9
311	-0.878520	269.812254	0.008814	44.1
312	-0.601074	269.420085	0.006607	11.7
313	-0.753409	269.029432	0.010539	10.9
314	-0.016285	268.640287	0.000317	14.4
315	-0.000000	268.252638	0.000000	17.3
316	-0.039677	267.866478	0.001373	12.0
317	-0.463724	267.481796	0.004596	21.0
318	-0.482612	267.098584	0.005706	15.7
319	-0.830839	266.716833	0.005816	15.9
320	-0.073579	266.336533	0.001174	24.9
321	-0.726973	265.957676	0.008283	13.6
322	-0.000000	265.580253	0.000000	13.6
323	-0.000000	265.204254	0.000000	20.0
324	-0.641338	264.829672	0.006709	17.1
325	-0.000000	264.456497	0.000000	14.5
326	-0.000000	264.084721	0.000000	19.0
327	-0.756496	263.714335	0.013159	14.8
328	-0.000000	263.345332	0.000000	21.1
329	-0.802583	262.977702	0.007413	17.8
330	-0.759478	262.611438	0.022858	32.9
331	-0.000001	262.246531	0.000001	17.4
332	-0.114509	261.882973	0.002267	26.5
333	-0.307803	261.520756	0.010645	16.5
334	-0.054181	261.159871	0.002134	26.4
335	-0.000000	260.800312	0.000000	17.3
336	-0.652387	260.442070	0.009579	15.1
337	-0.726801	260.085137	0.005614	22.0
338	-0.482325	259.729505	0.005449	18.4
339	-0.776626	259.375167	0.019963	12.7
340	-0.398337	259.022116	0.003955	20.3
341	-0.520791	258.670343	0.013094	10.8
342	-0.000000	258.319841	0.000000	11.6
343	-0.489622	257.970602	0.005802	13.5
344	-0.004126	257.622620	0.000065	13.9
345	-0.000000	257.275887	0.000000	9.3
346	-0.340229	256.930396	0.003488	11.6
347	-0.628269	256.586139	0.006269	16.7
348	-0.000000	256.243109	0.000000	14.2
349	-0.000191	255.901300	0.000003	11.9
350	-0.809697	255.560703	0.007330	20.5
351	-0.000000	255.221313	0.000000	15.5
352	-0.024333	254.883122	0.001336	13.3
353	-0.820435	254.546124	0.006799	15.0
354	-0.829587	254.210311	0.007187	21.2
355	-0.804133	253.875677	0.007804	19.5
356	-0.612209	253.542215	0.011890	13.8
357	-0.387582	253.209918	0.004028	10.8
358	-0.006778	252.878781	0.000129	15.0
359	-0.000000	252.548795	0.000000	17.1
360	-0.696065	252.219956	0.007474	13.6
361	-0.395089	251.892255	0.004731	11.3
362	-0.764165	251.565688	0.007005	23.4
363	-0.500538	251.240247	0.004575	24.0
364	-0.001248	250.915926	0.000021	24.8
365	-0.553156	250.592720	0.015171	25.2
366	-0.771497	250.270621	0.006298	25.8
367	-0.209084	249.949624	0.002300	12.8
368	-0.576620	249.629723	0.007670	18.1
369	-0.000000	249.310911	0.000000	23.7
370	-0.045285	248.993182	0.002747	12.4
371	-0.638739	248.676531	0.007979	18.7
372	-0.576705	248.360952	0.008854	38.3
373	-0.594766	248.046438	0.007392	15.9
374	-0.515213	247.732984	0.005721	13.1
375	-0.000116	247.420584	0.000013	69.2
376	-0.702927	247.109233	0.006685	14.7
377	-0.000000	246.798924	0.000000	13.6
378	-0.023444	246.489652	0.000710	30.2
379	-0.041641	246.181412	0.000810	12.2
380	-0.172982	245.874197	0.001893	15.4
381	-0.758121	245.568002	0.007070	27.4
382	-0.000000	245.262822	0.000000	18.4
383	-0.520026	244.958652	0.014063	20.2
384	-0.775487	244.655485	0.013979	18.9
385	-0.438169	244.353317	0.007029	11.9
386	-0.197311	244.052142	0.002640	20.5
387	-0.939542	243.751955	0.015780	12.9
388	-0.000000	243.452750	0.000000	14.8
389	-0.658102	243.154523	0.012521	13.8
390	-0.778819	242.857268	0.014059	11.8
391	-0.790220	242.560980	0.018273	10.3
392	-0.576664	242.265654	0.006739	31.5
393	-1.125649	241.971285	0.032538	28.2
394	-0.000000	241.677868	0.000000	16.8
395	-0.606072	241.385397	0.006414	10.6
396	-0.014879	241.093869	0.001420	8.7
397	-0.508681	240.803278	0.007767	9.9
398	-0.000000	240.513619	0.000000	11.7
399	-0.872931	240.224887	0.006342	9.0
400	-0.000000	239.937077	0.000000	8.7
401	-0.752363	239.650186	0.008851	8.8
402	-0.928042	239.364207	0.009170	9.6
403	-0.419208	239.079136	0.004732	13.5
404	-0.944094	238.794969	0.007566	9.3
405	-0.094440	238.511701	0.001672	8.3
406	-0.878159	238.229327	0.011544	8.3
407	-0.387093	237.947843	0.005583	11.3
408	-0.676120	237.667244	0.007634	8.2
409	-0.703156	237.387526	0.006955	8.3
410	-0.000000	237.108684	0.000000	8.4
411	-0.461895	236.830714	0.004549	8.9
412	-0.000000	236.553610	0.000000	13.7
413	-0.064920	236.277370	0.001885	8.2
414	-0.000000	236.001989	0.000000	8.9
415	-0.231968	235.727461	0.002178	8.8
416	-0.445237	235.453784	0.005606	14.3
417	-0.000035	235.180952	0.000048	9.9
418	-0.091889	234.908962	0.004253	8.5
419	-0.658621	234.637809	0.007810	8.7
420	-0.399815	234.367488	0.003434	9.8
421	-0.532229	234.097997	0.005797	15.4
422	-0.002893	233.829331	0.000565	15.2
423	-0.837625	233.561485	0.008869	16.9
424	-0.058948	233.294456	0.000835	15.7
425	-0.822401	233.028239	0.008293	18.5
426	-0.777397	232.762831	0.004845	10.4
427	-0.136401	232.498228	0.004419	9.5
428	-0.850165	232.234425	0.006534	9.1
429	-0.970341	231.971419	0.020761	9.6
430	-0.073264	231.709205	0.001757	11.5
431	-0.415603	231.447781	0.005060	10.1
432	-0.906798	231.187141	0.005733	11.0
433	-0.253091	230.927283	0.003216	19.2
434	-0.689713	230.668202	0.006318	16.6
435	-0.421009	230.409895	0.005834	11.9
436	-0.007749	230.152358	0.000079	10.7
437	-0.000000	229.895587	0.000000	16.7
438	-0.471506	229.639578	0.009435	13.4
439	-0.483966	229.384329	0.009061	15.6
440	-0.000000	229.129834	0.000000	15.7
441	-0.550352	228.876091	0.020033	10.6
442	-0.870283	228.623096	0.009728	10.0
443	-0.944800	228.370846	0.009211	12.8
444	-0.000000	228.119336	0.000000	10.8
445	-0.570429	227.868563	0.006114	9.1
446	-0.772318	227.618525	0.017366	10.0
447	-0.000000	227.369216	0.000000	13.2
448	-0.000000	227.120635	0.000000	9.7
449	-0.871893	226.872777	0.008309	10.3
450	-0.609240	226.625638	0.009101	10.9
451	-0.000000	226.379217	0.000000	13.7
452	-0.000702	226.133509	0.000062	14.7
453	-0.000000	225.888510	0.000000	11.2
454	-0.642931	225.644218	0.008365	10.8
455	-0.120258	225.400630	0.003170	12.8
456	-0.913715	225.157741	0.006831	10.3
457	-0.702812	224.915549	0.007367	10.0
458	-0.236822	224.674051	0.005019	10.4
459	-0.807064	224.433242	0.006135	13.5
460	-0.006255	224.193121	0.000357	10.7
461	-0.516147	223.953684	0.009216	10.3
462	-0.858366	223.714927	0.006219	11.3
463	-0.629986	223.476848	0.006189	12.2
464	-0.913847	223.239444	0.004784	8.6
465	-0.000000	223.002710	0.000000	8.8
466	-0.324633	222.766645	0.005146	9.0
467	-0.594077	222.531245	0.032235	14.9
468	-0.411040	222.296508	0.012521	9.5
469	-0.963700	222.062429	0.005685	9.7
470	-0.772397	221.829007	0.011828	9.6
471	-0.713202	221.596238	0.007665	13.4
472	-0.000000	221.364119	0.000000	11.3
473	-0.304726	221.132647	0.002782	8.7
474	-0.863661	220.901820	0.009721	11.5
475	-1.049998	220.671634	0.008580	13.4
476	-0.000004	220.442086	0.000001	17.2
477	-0.061218	220.213174	0.000793	21.6
478	-0.506207	219.984895	0.006526	17.2
479	-0.687834	219.757246	0.017811	16.7
480	-0.577328	219.530224	0.004515	21.3
481	-0.511718	219.303826	0.006484	8.9
482	-0.000000	219.078050	0.000000	9.3
483	-0.776691	218.852893	0.011695	10.0
484	-0.510318	218.628352	0.006303	10.2
485	-1.034163	218.404424	0.011841	15.0
486	-0.000000	218.181106	0.000000	16.0
487	-0.729796	217.958397	0.008491	16.2
488	-0.499523	217.736292	0.006190	17.3
489	-0.544611	217.514790	0.007350	17.6
490	-0.489163	217.293888	0.004115	16.0
491	-0.904676	217.073584	0.006655	16.6
492	-0.730478	216.853873	0.007164	18.0
493	-0.742961	216.634755	0.007159	18.1
494	-0.809595	216.416227	0.018626	16.6
495	-0.867818	216.198285	0.006056	18.8
496	-0.000000	215.980927	0.000000	16.2
497	-0.556418	215.764151	0.007179	10.8
498	-0.119448	215.547955	0.004008	11.5
499	-0.414176	215.332335	0.005428	11.7
500	-0.000000	215.117289	0.000000	10.6
501	-0.004443	214.902815	0.000059	17.0
502	-0.000000	214.688911	0.000000	9.3
503	-0.379840	214.475573	0.004098	11.3
504	-0.572136	214.262800	0.006548	9.8
505	-0.150809	214.050588	0.003397	21.2
506	-0.893425	213.838936	0.007341	9.5
507	-0.595676	213.627842	0.005496	12.2
508	-0.758631	213.417302	0.022743	12.7
509	-0.000000	213.207314	0.000000	17.3
510	-0.880098	212.997877	0.005311	9.0
511	-0.826192	212.788987	0.006300	10.9
512	-0.560461	212.580642	0.011134	15.2
513	-0.000000	212.372841	0.000000	14.9
514	-1.012521	212.165581	0.013531	12.3
515	-0.554886	211.958859	0.004386	12.6
516	-0.462027	211.752673	0.005395	16.7
517	-0.000000	211.547021	0.000000	9.5
518	-0.593065	211.341902	0.004854	13.7
519	-0.000000	211.137311	0.000000	15.5
520	-0.000000	210.933248	0.000000	13.5
521	-0.000000	210.729710	0.000000	9.6
522	-0.037581	210.526695	0.000936	9.5
523	-0.631810	210.324200	0.006328	17.5
524	-0.238633	210.122224	0.003867	22.8
525	-0.118028	209.920765	0.002697	26.8
526	-0.724379	209.719820	0.009070	31.2
527	-0.046156	209.519387	0.000580	14.1
528	-0.017230	209.319463	0.000185	9.6
529	-0.282820	209.120048	0.005037	10.8
530	-0.894404	208.921139	0.006463	10.1
531	-0.417566	208.722733	0.008304	12.9
532	-0.267928	208.524829	0.004553	12.6
533	-0.155443	208.327425	0.003660	11.5
534	-0.781174	208.130518	0.023072	9.7
535	-0.323302	207.934107	0.004671	13.9
536	-0.546334	207.738189	0.004815	10.7
537	-0.000000	207.542762	0.000000	13.0
538	-0.000000	207.347825	0.000000	9.2
539	-0.537710	207.153376	0.014680	14.7
540	-0.374194	206.959412	0.005678	10.4
541	-0.157108	206.765932	0.003281	10.1
542	-0.000000	206.572933	0.000000	10.5
543	-0.050371	206.380414	0.002151	15.7
544	-0.683104	206.188373	0.006316	10.0
545	-0.689427	205.996807	0.008361	10.1
546	-0.000000	205.805716	0.000000	17.8
547	-0.633461	205.615096	0.015810	16.5
548	-0.662311	205.424946	0.014003	13.4
549	-0.875963	205.235265	0.012547	12.6
550	-0.963890	205.046050	0.018748	9.5
551	-0.285922	204.857299	0.006281	8.7
552	-0.000000	204.669011	0.000000	8.9
553	-0.792273	204.481184	0.007687	14.1
554	-0.007892	204.293816	0.000615	11.3
555	-0.000001	204.106905	0.000000	8.6
556	-0.000000	203.920449	0.000000	8.5
557	-0.332206	203.734447	0.003935	8.7
558	-0.800304	203.548896	0.006607	13.3
559	-0.887265	203.363795	0.010007	8.3
560	-0.682472	203.179143	0.008458	8.4
561	-0.000000	202.994937	0.000000	7.7
562	-0.741879	202.811176	0.007599	8.2
563	-0.804850	202.627857	0.006561	12.9
564	-0.353873	202.444980	0.005349	10.2
565	-0.831911	202.262543	0.007463	8.2
566	-0.988359	202.080543	0.025767	8.2
567	-0.756199	201.898979	0.007958	8.6
568	-0.000457	201.717849	0.000145	12.1
569	-0.160134	201.537153	0.005001	8.3
570	-0.867556	201.356887	0.009842	9.9
571	-0.094932	201.177050	0.000863	7.5
572	-0.702988	200.997642	0.004972	11.2
573	-0.819357	200.818659	0.006923	8.2
574	-0.653643	200.640100	0.006229	8.8
575	-0.000000	200.461965	0.000000	17.1
576	-0.737113	200.284250	0.010411	20.0
577	-0.938175	200.106955	0.010020	8.5
578	-0.724867	199.930078	0.007157	8.3
579	-0.797709	199.753617	0.012973	9.9
580	-0.000000	199.577571	0.000000	13.2
581	-0.754124	199.401938	0.006280	8.3
582	-0.575800	199.226717	0.006000	8.3
583	-0.383126	199.051905	0.005845	8.6
584	-0.591210	198.877502	0.008456	11.9
585	-0.769720	198.703506	0.005511	8.2
586	-0.000000	198.529916	0.000000	8.7
587	-0.000000	198.356729	0.000000	16.0
588	-0.970853	198.183944	0.013909	17.6
589	-0.906868	198.011560	0.010175	29.5
590	-0.572009	197.839576	0.005106	21.0
591	-0.000000	197.667989	0.000000	12.1
592	-0.223320	197.496798	0.003442	17.6
593	-0.542940	197.326002	0.006683	11.3
594	-0.744301	197.155600	0.009894	10.7
595	-0.516216	196.985589	0.007225	8.3
596	-0.418184	196.815969	0.004828	13.9
597	-0.408276	196.646738	0.005368	8.4
598	-0.822894	196.477894	0.012985	9.5
599	-0.000217	196.309436	0.000020	10.3
600	-0.344121	196.141363	0.013097	9.7
601	-0.842047	195.973673	0.013424	25.7
602	-0.746133	195.806365	0.006612	68.3
603	-0.002541	195.639437	0.000035	19.8
604	-0.877507	195.472888	0.008073	15.4
605	-0.107031	195.306717	0.002076	18.9
606	-0.000000	195.140922	0.000000	9.8
607	-0.398565	194.975501	0.004117	10.3
608	-0.564844	194.810454	0.006699	10.6
609	-0.414051	194.645779	0.008362	10.0
610	-0.888489	194.481475	0.007241	8.3
611	-0.317277	194.317540	0.004512	10.5
612	-0.480750	194.153973	0.008486	10.4
613	-0.302475	193.990773	0.003493	12.7
614	-0.680716	193.827938	0.009219	8.6
615	-0.018896	193.665467	0.000497	7.8
616	-0.000000	193.503358	0.000000	8.9
617	-0.731028	193.341611	0.005679	12.7
618	-0.645435	193.180224	0.007029	8.7
619	-0.000000	193.019196	0.000000	9.3
620	-0.544359	192.858525	0.003819	8.2
621	-0.565302	192.698210	0.019172	10.0
622	-0.669870	192.538251	0.005791	14.3
623	-0.091590	192.378644	0.001487	8.2
624	-0.712461	192.219391	0.007261	9.5
625	-0.306078	192.060488	0.009448	9.2
626	-0.000000	191.901935	0.000000	14.8
627	-0.949174	191.743730	0.012843	9.5
628	-0.005416	191.585873	0.000547	8.4
629	-0.534458	191.428362	0.008001	9.1
630	-0.000000	191.271196	0.000000	14.7
631	-0.985100	191.114374	0.010610	9.5
632	-0.666189	190.957893	0.006181	9.4
633	-0.230135	190.801755	0.003080	11.0
634	-0.413110	190.645956	0.004586	24.1
635	-0.048509	190.490495	0.001704	17.7
636	-0.409979	190.335373	0.007849	15.8
637	-0.863140	190.180587	0.011400	20.8
638	-0.251331	190.026136	0.002807	18.7
639	-0.227558	189.872019	0.003372	24.8
640	-0.832643	189.718235	0.008449	15.5
641	-0.000000	189.564782	0.000000	10.5
642	-0.692022	189.411661	0.004819	14.8
643	-0.749749	189.258868	0.007075	16.3
644	-0.000018	189.106404	0.000013	10.8
645	-0.942724	188.954267	0.021380	8.5
646	-0.144740	188.802456	0.006146	15.7
647	-0.509121	188.650969	0.004625	10.5
648	-0.088073	188.499807	0.003054	13.0
649	-0.006568	188.348967	0.000095	16.3
650	-0.852052	188.198448	0.008437	19.9
651	-0.534921	188.048250	0.006717	13.4
652	-0.774363	187.898371	0.007302	20.8
653	-0.921111	187.748810	0.011630	14.9
654	-0.347814	187.599566	0.003488	14.5
655	-0.597179	187.450638	0.005889	17.5
656	-0.015886	187.302025	0.001478	15.8
657	-0.360505	187.153725	0.007045	14.7
658	-0.788812	187.005739	0.007436	19.3
659	-0.495499	186.858064	0.004341	23.6
660	-0.000000	186.710699	0.000000	41.1
661	-0.365106	186.563645	0.004179	29.9
662	-0.000000	186.416898	0.000000	21.9
663	-0.652280	186.270459	0.009148	13.4
664	-0.436758	186.124326	0.005873	31.2
665	-0.880006	185.978499	0.007351	26.5
666	-0.000000	185.832976	0.000000	34.3
667	-0.785034	185.687756	0.006181	16.8
668	-0.689628	185.542838	0.006750	12.7
669	-0.000000	185.398222	0.000000	14.1
670	-0.760750	185.253906	0.006966	8.4
671	-0.806759	185.109889	0.006710	10.3
672	-0.432587	184.966170	0.005204	8.7
673	-0.019205	184.822748	0.000827	11.9
674	-0.000000	184.679623	0.000000	13.7
675	-0.501485	184.536792	0.004729	8.6
676	-0.005492	184.394256	0.000826	8.2
677	-0.864530	184.252013	0.005656	12.9
678	-0.619876	184.110062	0.009018	12.3
679	-0.000000	183.968403	0.000000	8.6
680	-0.000000	183.827034	0.000000	7.6
681	-0.000000	183.685954	0.000000	8.2
682	-0.887187	183.545163	0.015553	11.3
683	-0.750432	183.404658	0.007066	9.0
684	-0.862363	183.264441	0.005956	8.4
685	-0.000000	183.124509	0.000000	8.4
686	-0.192849	182.984861	0.007175	12.7
687	-1.031984	182.845497	0.008351	10.6
688	-0.000000	182.706416	0.000000	8.2
689	-0.819947	182.567616	0.012569	8.3
690	-0.897549	182.429098	0.008880	8.7
691	-0.000126	182.290859	0.000066	11.3
692	-0.161640	182.152899	0.003589	8.2
693	-0.096559	182.015217	0.004692	8.2
694	-1.017522	181.877813	0.014658	9.1
695	-0.648560	181.740684	0.008112	9.3
696	-0.579829	181.603832	0.005110	12.9
697	-0.958922	181.467253	0.018972	8.2
698	-0.930018	181.330948	0.010613	8.1
699	-0.818463	181.194916	0.004843	8.1
700	-0.011387	181.059155	0.000792	9.9
701	-0.000000	180.923666	0.000000	10.7
702	-0.510129	180.788446	0.006174	8.6
703	-0.015932	180.653496	0.000536	8.2
704	-0.264085	180.518814	0.003009	8.4
705	-0.898559	180.384399	0.010129	11.7
706	-0.000000	180.250251	0.000000	8.2
707	-0.051323	180.116369	0.001480	8.3
708	-0.000000	179.982752	0.000000	8.2
709	-0.813730	179.849398	0.019357	8.2
710	-0.776951	179.716308	0.005838	12.1
711	-0.668618	179.583480	0.005704	8.3
712	-0.000000	179.450913	0.000000	8.4
713	-0.414404	179.318607	0.003381	8.3
714	-1.052502	179.186561	0.015589	8.1
715	-0.796134	179.054774	0.008008	12.0
716	-0.360937	178.923245	0.003400	8.5
717	-0.017224	178.791973	0.000194	8.6
718	-0.574675	178.660958	0.005342	8.1
719	-0.000000	178.530199	0.000000	8.3
720	-0.918085	178.399694	0.006375	12.9
721	-0.000000	178.269444	0.000000	8.4
722	-0.978319	178.139447	0.006125	8.1
723	-0.144392	178.009702	0.002751	8.2
724	-0.595459	177.880209	0.007439	9.9
725	-0.457531	177.750967	0.004195	10.4
726	-0.817297	177.621975	0.007672	8.2
727	-0.566042	177.493232	0.006068	8.1
728	-0.681171	177.364738	0.006524	8.1
729	-0.274271	177.236492	0.005035	11.2
730	-0.813746	177.108492	0.007880	8.3
731	-0.947754	176.980739	0.004542	8.3
732	-0.407775	176.853231	0.007922	8.2
733	-0.708804	176.725968	0.005718	8.2
734	-0.000081	176.598949	0.000004	13.1
735	-0.690972	176.472173	0.005325	8.3
736	-0.000000	176.345639	0.000000	8.4
737	-0.818910	176.219348	0.005692	8.3
738	-0.900577	176.093296	0.008767	8.2
739	-0.000000	175.967486	0.000000	13.1
740	-0.304682	175.841914	0.004597	8.2
741	-0.858905	175.716581	0.006969	8.6
742	-0.282551	175.591486	0.005778	8.4
743	-0.917239	175.466629	0.007587	8.1
744	-0.592688	175.342008	0.007386	12.5
745	-0.721425	175.217622	0.006378	8.2
746	-0.576597	175.093472	0.005704	8.2
747	-0.224590	174.969556	0.004392	8.2
748	-0.595902	174.845873	0.008409	8.4
749	-0.000000	174.722423	0.000000	11.9
750	-0.000000	174.599206	0.000000	8.4
751	-0.033673	174.476220	0.002111	8.1
752	-0.957885	174.353464	0.008747	8.3
753	-0.338812	174.230939	0.005239	8.7
754	-0.095588	174.108643	0.001606	12.5
755	-0.039711	173.986576	0.002310	9.3
756	-0.935041	173.864737	0.011030	8.6
757	-0.000000	173.743124	0.000000	8.6
758	-0.157294	173.621739	0.005734	12.2
759	-0.742105	173.500579	0.004035	15.3
760	-0.813483	173.379645	0.008838	14.4
761	-0.438563	173.258935	0.006449	17.0
762	-0.036994	173.138449	0.001397	14.0
763	-0.740269	173.018186	0.007847	12.0
764	-0.000000	172.898146	0.000000	12.4
765	-0.012979	172.778327	0.000460	16.1
766	-0.012677	172.658730	0.000575	9.2
767	-1.042994	172.539353	0.009858	13.4
768	-0.000000	172.420196	0.000000	21.7
769	-0.794885	172.301258	0.008185	11.7
770	-0.053722	172.182539	0.002160	10.7
771	-0.728289	172.064037	0.007866	9.2
772	-0.741365	171.945753	0.007333	12.8
773	-0.020108	171.827686	0.001339	9.2
774	-0.768818	171.709834	0.007390	8.3
775	-0.000000	171.592198	0.000000	8.8
776	-0.267372	171.474776	0.003531	8.4
777	-0.665040	171.357568	0.005208	13.7
778	-0.122199	171.240574	0.002667	8.2
779	-0.555495	171.123793	0.013832	8.2
780	-0.342402	171.007223	0.005041	8.2
781	-0.000000	170.890865	0.000000	11.0
782	-0.578984	170.774718	0.005306	8.4
783	-1.017468	170.658782	0.008670	9.0
784	-0.000000	170.543055	0.000000	10.4
785	-0.495997	170.427537	0.008670	9.9
786	-0.770307	170.312227	0.007062	12.0
787	-0.000000	170.197125	0.000000	9.5
788	-0.000000	170.082231	0.000000	8.4
789	-0.009170	169.967543	0.000427	9.4
790	-0.057522	169.853061	0.001843	13.3
791	-0.562422	169.738784	0.006662	9.3
792	-0.525258	169.624713	0.014846	9.0
793	-0.036525	169.510845	0.002303	9.5
794	-0.002568	169.397181	0.000056	12.7
795	-0.150048	169.283720	0.002460	11.7
796	-0.511836	169.170462	0.008981	9.0
797	-0.933240	169.057405	0.007857	9.6
798	-0.617441	168.944549	0.010040	12.2
799	-0.919623	168.831895	0.009341	11.0
800	-0.889892	168.719440	0.008973	9.9
801	-0.752304	168.607185	0.005521	10.3
802	-0.437053	168.495129	0.003601	10.2
803	-0.937898	168.383271	0.008355	12.3
804	-0.522607	168.271611	0.003843	10.1
805	-0.000000	168.160148	0.000000	8.5
806	-0.000005	168.048882	0.000001	9.7
807	-0.917368	167.937812	0.017130	15.0
808	-0.360239	167.826938	0.005005	9.4
809	-0.006662	167.716258	0.000292	10.1
810	-0.939580	167.605773	0.008015	10.6
811	-0.000000	167.495482	0.000000	14.2
812	-0.689598	167.385384	0.006635	9.6
813	-0.407032	167.275479	0.003930	9.0
814	-0.379151	167.165766	0.009015	10.0
815	-0.862520	167.056245	0.006365	14.0
816	-0.860800	166.946915	0.005187	9.5
817	-0.756496	166.837776	0.005756	8.9
818	-0.840169	166.728826	0.006663	9.4
819	-0.125464	166.620067	0.002489	13.0
820	-0.000000	166.511496	0.000000	9.6
821	-0.000000	166.403113	0.000000	9.1
822	-0.718530	166.294919	0.005424	8.5
823	-0.545108	166.186912	0.003783	11.9
824	-0.752999	166.079091	0.007332	9.0
825	-0.830664	165.971458	0.005457	9.2
826	-0.518086	165.864009	0.004544	9.0
827	-0.618329	165.756747	0.007261	9.2
828	-0.655042	165.649669	0.005958	12.0
829	-0.509311	165.542775	0.006111	9.0
830	-0.000000	165.436065	0.000000	8.9
831	-0.670738	165.329538	0.005102	9.0
832	-0.670009	165.223194	0.004609	12.4
833	-0.000000	165.117032	0.000000	9.6
834	-0.724728	165.011052	0.006055	8.6
835	-0.000000	164.905253	0.000000	9.2
836	-1.001585	164.799635	0.005656	9.6
837	-0.488057	164.694197	0.006430	12.0
838	-0.891770	164.588939	0.009150	8.6
839	-0.816730	164.483859	0.008659	8.5
840	-0.000000	164.378959	0.000000	7.5
841	-0.000000	164.274237	0.000000	11.3
842	-0.821545	164.169692	0.004417	8.7
843	-0.000000	164.065325	0.000000	8.6
844	-0.745983	163.961135	0.006221	9.0
845	-0.569397	163.857120	0.004732	8.5
846	-0.000000	163.753282	0.000000	13.3
847	-0.150664	163.649619	0.002897	9.1
848	-0.917401	163.546130	0.009264	8.3
849	-0.000000	163.442816	0.000000	7.4
850	-0.813966	163.339676	0.005800	10.3
851	-0.488034	163.236709	0.005547	10.9
852	-0.843838	163.133915	0.006520	9.8
853	-0.078863	163.031294	0.001719	9.1
854	-0.889866	162.928844	0.015581	9.3
855	-0.653389	162.826566	0.006292	11.6
856	-0.567984	162.724459	0.005685	8.2
857	-0.588517	162.622523	0.006363	8.2
858	-0.000000	162.520757	0.000000	8.5
859	-0.981487	162.419160	0.008935	11.0
860	-0.000000	162.317733	0.000000	7.1
861	-0.000000	162.216474	0.000000	7.3
862	-0.391066	162.115383	0.002884	8.2
863	-0.890684	162.014461	0.022979	8.3
864	-0.000000	161.913705	0.000000	11.0
865	-0.492067	161.813117	0.005495	8.4
866	-0.448618	161.712695	0.005273	8.1
867	-0.000000	161.612439	0.000000	8.3
868	-0.040366	161.512349	0.000550	8.2
869	-0.589215	161.412424	0.005319	12.1
870	-0.000000	161.312663	0.000000	8.2
871	-0.819244	161.213067	0.017064	8.4
872	-0.602442	161.113635	0.009352	8.2
873	-0.551342	161.014366	0.005112	8.1
874	-0.368666	160.915260	0.005805	14.5
875	-0.856285	160.816316	0.008212	8.2
876	-0.091087	160.717535	0.001928	8.2
877	-0.398257	160.618915	0.003755	8.2
878	-0.011795	160.520456	0.000175	8.2
879	-0.148884	160.422158	0.003707	12.6
880	-0.054387	160.324021	0.001348	8.2
881	-0.268798	160.226043	0.005903	8.2
882	-0.164943	160.128225	0.003020	8.1
883	-0.000000	160.030566	0.000000	8.1
884	-0.000000	159.933066	0.000000	11.9
885	-0.179453	159.835723	0.002227	8.3
886	-0.840863	159.738539	0.008936	8.1
887	-0.759611	159.641512	0.006742	8.2
888	-0.072101	159.544642	0.001841	8.2
889	-0.638425	159.447929	0.006204	12.3
890	-0.000000	159.351372	0.000000	8.2
891	-0.652778	159.254971	0.005443	8.3
892	-0.511855	159.158725	0.003795	8.1
893	-0.813208	159.062634	0.006486	8.7
894	-0.000000	158.966697	0.000000	12.8
895	-0.055963	158.870915	0.001414	8.1
896	-0.910628	158.775286	0.007486	8.2
897	-0.000000	158.679811	0.000000	8.2
898	-0.951164	158.584489	0.007076	8.1
899	-0.498587	158.489319	0.004376	12.1
900	-0.119434	158.394302	0.004145	8.3
901	-0.510321	158.299436	0.004719	8.0
902	-0.804018	158.204721	0.011121	8.0
903	-0.490970	158.110158	0.004519	8.3
904	-0.962814	158.015745	0.008303	12.2
905	-0.778731	157.921482	0.006784	8.1
906	-0.762412	157.827369	0.014885	8.1
907	-0.819002	157.733406	0.004216	8.2
908	-0.778740	157.639591	0.008489	8.1
909	-0.740384	157.545925	0.006168	11.9
910	-0.000000	157.452408	0.000000	8.2
911	-1.004208	157.359038	0.011609	8.2
912	-0.554469	157.265816	0.007592	8.1
913	-0.000000	157.172741	0.000000	8.2
914	-0.344471	157.079813	0.003256	12.1
915	-0.000000	156.987031	0.000000	8.2
916	-0.634289	156.894395	0.010572	8.2
917	-0.000000	156.801904	0.000000	8.6
918	-0.378031	156.709559	0.004218	8.7
919	-0.391438	156.617359	0.002887	13.7
920	-0.988247	156.525304	0.012159	8.6
921	-0.877868	156.433392	0.005699	8.3
922	-0.746102	156.341624	0.005198	8.2
923	-0.523460	156.250000	0.004239	10.0
924	-0.591676	156.158519	0.004903	10.2
925	-1.047851	156.067180	0.008302	8.2
926	-1.014371	155.975984	0.012520	8.1
927	-0.733473	155.884930	0.005486	8.2
928	-0.421854	155.794017	0.004685	11.1
929	-0.843890	155.703246	0.009268	8.4
930	-0.000000	155.612615	0.000000	8.1
931	-0.697549	155.522125	0.009158	8.1
932	-0.000000	155.431775	0.000000	8.2
933	-0.388951	155.341565	0.006130	12.2
934	-0.949257	155.251495	0.006252	8.2
935	-0.135068	155.161563	0.004101	8.1
936	-0.369651	155.071771	0.005698	8.4
937	-0.052511	154.982117	0.001832	8.3
938	-0.000000	154.892601	0.000000	12.6
939	-0.661589	154.803222	0.005354	8.0
940	-0.994235	154.713981	0.011314	8.2
941	-0.775251	154.624878	0.005678	8.2
942	-0.000000	154.535910	0.000000	8.2
943	-0.000852	154.447080	0.000155	12.5
944	-0.949070	154.358385	0.007952	8.1
945	-0.000046	154.269826	0.000003	8.4
946	-0.674857	154.181402	0.006243	8.2
947	-0.000000	154.093114	0.000000	8.4
948	-0.060907	154.004960	0.002638	12.6
949	-0.000000	153.916940	0.000000	8.6
950	-0.468766	153.829054	0.009511	8.7
951	-0.082487	153.741303	0.001683	8.8
952	-0.522960	153.653684	0.003657	8.4
953	-0.932321	153.566198	0.014715	13.0
954	-0.484244	153.478846	0.004963	8.2
955	-0.470269	153.391625	0.005205	8.1
956	-0.665334	153.304537	0.007200	8.1
957	-0.877650	153.217580	0.007555	9.5
958	-0.710507	153.130755	0.005972	10.8
959	-0.000000	153.044061	0.000000	8.7
960	-0.586152	152.957498	0.006894	8.1
961	-0.005955	152.871065	0.000076	8.4
962	-0.000000	152.784762	0.000000	12.1
963	-0.752376	152.698589	0.010768	8.4
964	-0.777339	152.612545	0.005811	8.2
965	-0.521167	152.526631	0.006994	8.9
966	-0.827373	152.440845	0.008169	8.3
967	-0.680900	152.355188	0.005421	13.8
968	-0.977032	152.269660	0.006832	8.3
969	-0.798477	152.184259	0.006835	8.3
970	-0.000000	152.098986	0.000000	8.3
971	-1.018279	152.013840	0.006323	10.0
972	-0.044287	151.928821	0.001064	10.2
973	-0.475867	151.843928	0.004609	8.2
974	-0.985448	151.759163	0.007667	8.3
975	-0.000000	151.674523	0.000000	9.3
976	-0.524946	151.590009	0.006264	13.1
977	-0.607939	151.505620	0.005945	15.4
978	-0.453870	151.421357	0.006319	12.1
979	-0.146697	151.337218	0.003270	10.9
980	-0.664417	151.253204	0.007873	8.2
981	-0.324392	151.169314	0.006542	8.1
982	-0.892145	151.085549	0.010493	8.3
983	-0.876113	151.001907	0.005073	10.9
984	-0.691197	150.918388	0.006561	8.6
985	-1.224283	150.834992	0.020948	9.1
986	-0.494889	150.751719	0.009742	8.3
987	-0.943973	150.668569	0.007804	8.4
988	-0.531099	150.585541	0.004588	12.8
989	-0.000000	150.502634	0.000000	8.4
990	-0.000000	150.419849	0.000000	7.8
991	-0.440441	150.337186	0.006737	8.2
992	-0.757950	150.254644	0.005482	9.9
993	-0.331012	150.172222	0.003216	10.5
994	-0.470096	150.089921	0.003926	8.2
995	-0.022154	150.007740	0.000162	8.2
996	-0.048337	149.925679	0.001030	9.0
997	-0.881980	149.843737	0.006202	11.8
998	-0.355456	149.761915	0.003074	8.4
999	-0.633074	149.680212	0.014035	8.2
1000	-0.720224	149.598627	0.008926	8.4
1001	-0.437863	149.517161	0.004114	10.7
1002	-0.000000	149.435814	0.000000	11.2
1003	-0.000000	149.354584	0.000000	8.3
1004	-0.000000	149.273472	0.000000	8.5
1005	-0.768458	149.192477	0.007795	8.2
1006	-0.000000	149.111599	0.000000	11.7
1007	-0.002529	149.030838	0.000047	9.1
1008	-0.000000	148.950194	0.000000	8.3
1009	-0.141648	148.869666	0.004581	8.2
1010	-0.118689	148.789253	0.001478	8.7
1011	-0.852282	148.708957	0.006854	13.0
1012	-0.290989	148.628776	0.012069	8.1
1013	-0.000340	148.548710	0.000064	8.2
1014	-0.289581	148.468759	0.002581	8.4
1015	-0.000000	148.388923	0.000000	10.0
1016	-0.718263	148.309201	0.007139	10.0
1017	-0.601157	148.229594	0.004541	8.2
1018	-0.000140	148.150100	0.000009	8.4
1019	-0.000000	148.070719	0.000000	8.2
1020	-0.898612	147.991452	0.005957	11.4
1021	-0.000003	147.912298	0.000001	8.3
1022	-0.987022	147.833257	0.006955	8.2
1023	-0.099596	147.754329	0.003101	8.2
1024	-0.000000	147.675512	0.000000	8.1
1025	-0.882359	147.596808	0.013755	12.0
1026	-0.000000	147.518216	0.000000	8.1
1027	-0.001467	147.439735	0.000193	8.4
1028	-0.751266	147.361365	0.008303	8.2
1029	-0.000000	147.283106	0.000000	8.3
1030	-0.000000	147.204958	0.000000	10.9
1031	-0.882665	147.126920	0.009510	8.3
1032	-0.507263	147.048993	0.005930	8.2
1033	-0.776336	146.971175	0.004704	8.3
1034	-0.152920	146.893468	0.005004	8.1
1035	-0.669055	146.815869	0.005171	12.3
1036	-0.644932	146.738380	0.006552	8.4
1037	-0.000000	146.661000	0.000000	8.3
1038	-0.789603	146.583729	0.006960	8.8
1039	-0.185357	146.506566	0.004500	8.8
1040	-0.025894	146.429511	0.001063	13.7
1041	-0.804909	146.352565	0.007239	8.6
1042	-0.998155	146.275726	0.012138	8.5
1043	-1.035237	146.198994	0.010518	8.6
1044	-0.960295	146.122370	0.005067	12.2
1045	-0.648018	146.045853	0.006145	8.9
1046	-0.532181	145.969442	0.005461	8.4
1047	-0.666089	145.893139	0.006488	8.7
1048	-0.998356	145.816941	0.011943	8.8
1049	-0.871665	145.740849	0.005072	13.7
1050	-0.496520	145.664863	0.004772	8.5
1051	-0.000000	145.588983	0.000000	8.6
1052	-0.779070	145.513208	0.005750	9.5
1053	-0.464909	145.437538	0.004690	12.4
1054	-0.004160	145.361973	0.000169	8.3
1055	-0.822998	145.286513	0.004619	8.5
1056	-0.387343	145.211157	0.006105	8.4
1057	-0.405049	145.135905	0.004940	8.8
1058	-0.417227	145.060757	0.008300	13.0
1059	-0.546169	144.985712	0.006756	8.4
1060	-0.000000	144.910771	0.000000	8.6
1061	-0.259593	144.835934	0.009328	8.5
1062	-0.599146	144.761199	0.006431	11.3
1063	-0.842206	144.686567	0.007449	8.4
1064	-0.964978	144.612037	0.009319	8.6
1065	-0.000000	144.537610	0.000000	8.5
1066	-0.493102	144.463285	0.003986	8.7
1067	-0.047289	144.389062	0.001489	13.2
1068	-0.774935	144.314940	0.008615	8.5
1069	-0.619391	144.240920	0.005007	8.5
1070	-0.135343	144.167001	0.003127	8.6
1071	-0.009186	144.093182	0.000196	11.6
1072	-0.705233	144.019465	0.005417	8.7
1073	-0.835247	143.945848	0.019036	8.7
1074	-0.257519	143.872331	0.003964	8.5
1075	-0.778226	143.798914	0.007043	8.6
1076	-0.948117	143.725597	0.005715	12.8
1077	-0.662768	143.652380	0.006390	8.5
1078	-0.949326	143.579262	0.011207	8.9
1079	-0.733506	143.506243	0.008694	8.4
1080	-0.713527	143.433323	0.008701	12.9
1081	-0.357660	143.360502	0.007253	12.1
1082	-0.866229	143.287780	0.007014	8.4
1083	-0.769915	143.215155	0.007614	8.4
1084	-0.521443	143.142629	0.004363	9.9
1085	-0.862538	143.070201	0.008519	11.2
1086	-0.706618	142.997870	0.008721	8.6
1087	-0.000000	142.925637	0.000000	8.6
1088	-0.705342	142.853501	0.011866	8.6
1089	-0.335616	142.781462	0.003621	11.8
1090	-0.900281	142.709519	0.008008	8.6
1091	-0.859584	142.637674	0.012107	8.6
1092	-0.368825	142.565924	0.003914	8.3
1093	-0.018709	142.494271	0.000866	9.1
1094	-0.135945	142.422714	0.004553	12.5
1095	-0.868652	142.351252	0.004444	8.6
1096	-0.000000	142.279886	0.000000	8.3
1097	-0.998611	142.208616	0.006276	8.8
1098	-0.000000	142.137440	0.000000	11.4
1099	-0.848505	142.066360	0.009623	8.7
1100	-0.088600	141.995374	0.003589	8.8
1101	-0.153765	141.924483	0.002978	8.7
1102	-0.716305	141.853685	0.006333	9.0
1103	-0.613378	141.782983	0.006918	12.9
1104	-0.732469	141.712373	0.005493	8.9
1105	-0.964651	141.641858	0.006185	8.5
1106	-0.000000	141.571436	0.000000	9.4
1107	-0.225798	141.501108	0.003443	11.3
1108	-0.476822	141.430872	0.007995	8.2
1109	-0.522566	141.360730	0.006124	8.3
1110	-0.000000	141.290680	0.000000	8.2
1111	-0.943485	141.220722	0.005234	8.1
1112	-0.500416	141.150857	0.005746	12.6
1113	-0.000000	141.081084	0.000000	8.2
1114	-0.919081	141.011403	0.006442	8.4
1115	-0.412900	140.941813	0.004679	8.1
1116	-0.587254	140.872315	0.005044	8.2
1117	-0.552562	140.802909	0.005324	12.4
1118	-0.337063	140.733593	0.003569	8.3
1119	-0.000000	140.664369	0.000000	8.3
1120	-0.583646	140.595235	0.006629	8.3
1121	-0.000000	140.526192	0.000000	8.2
1122	-0.388702	140.457239	0.006684	12.6
1123	-0.000000	140.388376	0.000000	8.3
1124	-0.475344	140.319603	0.005014	8.2
1125	-0.003815	140.250920	0.000067	8.9
1126	-0.696985	140.182326	0.006226	8.2
1127	-0.000000	140.113822	0.000000	13.4
1128	-0.376571	140.045407	0.004485	8.3
1129	-0.756839	139.977081	0.006175	8.1
1130	-0.000000	139.908844	0.000000	7.5
1131	-0.000000	139.840696	0.000000	9.5
1132	-0.457536	139.772635	0.006235	11.0
1133	-0.087462	139.704664	0.002159	8.1
1134	-0.355089	139.636780	0.004436	8.1
1135	-0.856842	139.568984	0.009596	8.1
1136	-0.000000	139.501276	0.000000	10.6
1137	-0.639853	139.433655	0.006672	9.4
1138	-0.918994	139.366122	0.006872	8.2
1139	-1.081574	139.298676	0.009319	8.1
1140	-0.653627	139.231317	0.005606	8.1
1141	-0.772887	139.164045	0.009472	11.8
1142	-0.565454	139.096859	0.004623	8.1
1143	-1.056199	139.029760	0.021138	8.2
1144	-0.000000	138.962747	0.000000	8.1
1145	-0.704424	138.895820	0.005096	8.2
1146	-0.000000	138.828978	0.000000	12.4
1147	-0.000000	138.762223	0.000000	8.3
1148	-0.289464	138.695553	0.002956	8.1
1149	-0.011456	138.628969	0.000366	8.2
1150	-0.979191	138.562469	0.007434	8.1
1151	-0.000000	138.496055	0.000000	12.9
1152	-0.759484	138.429725	0.008583	9.2
1153	-0.517429	138.363481	0.004204	8.5
1154	-0.000000	138.297320	0.000000	8.7
1155	-0.000000	138.231244	0.000000	9.0
1156	-0.084528	138.165252	0.002541	12.9
1157	-0.821422	138.099344	0.004219	8.6
1158	-0.008892	138.033520	0.000662	9.0
1159	-0.394301	137.967779	0.003792	8.7
1160	-0.000877	137.902122	0.000107	11.2
1161	-0.001048	137.836548	0.000035	9.3
1162	-0.000000	137.771057	0.000000	8.3
1163	-0.382509	137.705649	0.005493	8.7
1164	-0.784354	137.640324	0.008472	9.0
1165	-0.987563	137.575081	0.006370	13.4
1166	-0.961103	137.509921	0.012978	16.0
1167	-0.040383	137.444842	0.001251	11.8
1168	-0.840356	137.379846	0.004036	16.2
1169	-0.290571	137.314932	0.002521	9.7
1170	-0.686938	137.250100	0.009971	15.2
1171	-0.000000	137.185349	0.000000	22.1
1172	-0.490665	137.120680	0.005631	14.3
1173	-0.874134	137.056092	0.009316	9.2
1174	-0.562683	136.991585	0.005858	8.7
1175	-0.002020	136.927158	0.000116	12.0
1176	-0.000000	136.862813	0.000000	10.5
1177	-0.002133	136.798548	0.000048	10.0
1178	-0.981622	136.734363	0.024810	13.7
1179	-0.000000	136.670259	0.000000	19.9
1180	-1.049531	136.606235	0.029698	13.7
1181	-0.650542	136.542291	0.005913	13.4
1182	-0.449554	136.478426	0.006116	15.7
1183	-0.700497	136.414641	0.004545	16.9
1184	-0.592873	136.350936	0.006414	24.3
1185	-0.494971	136.287310	0.003650	18.3
1186	-0.929227	136.223763	0.011318	13.9
1187	-0.000703	136.160295	0.000059	21.0
1188	-0.368118	136.096905	0.006805	12.5
1189	-1.024401	136.033594	0.009747	11.2
1190	-0.935127	135.970362	0.005623	25.4
1191	-0.667343	135.907208	0.009895	19.8
1192	-0.000040	135.844133	0.000002	17.7
1193	-0.219100	135.781135	0.005208	15.4
1194	-0.019654	135.718215	0.000743	14.0
1195	-0.007257	135.655373	0.000288	14.7
1196	-0.934816	135.592608	0.005950	12.0
1197	-0.006925	135.529921	0.000295	8.6
1198	-0.794141	135.467311	0.006692	13.3
1199	-0.894801	135.404778	0.006703	14.0
1200	-0.677946	135.342322	0.009421	13.7
1201	-0.000000	135.279942	0.000000	16.8
1202	-0.005568	135.217640	0.000077	18.8
1203	-0.656975	135.155413	0.007961	13.0
1204	-0.000001	135.093263	0.000000	10.4
1205	-0.309980	135.031190	0.004745	10.0
1206	-0.311666	134.969192	0.005040	19.6
1207	-0.033085	134.907270	0.001418	12.8
1208	-0.648076	134.845424	0.008563	10.9
1209	-0.015569	134.783653	0.000212	12.6
1210	-0.000000	134.721958	0.000000	21.1
1211	-0.000000	134.660338	0.000000	11.7
1212	-0.215889	134.598793	0.002415	10.8
1213	-0.019187	134.537323	0.001458	12.0
1214	-0.893345	134.475927	0.006552	8.9
1215	-0.624473	134.414607	0.006680	12.6
1216	-0.940456	134.353361	0.007113	13.2
1217	-0.855848	134.292189	0.010611	9.0
1218	-1.032737	134.231092	0.025217	9.9
1219	-0.000000	134.170068	0.000000	11.7
1220	-0.001443	134.109119	0.000094	12.3
1221	-0.685701	134.048243	0.006147	8.7
1222	-0.462776	133.987441	0.007388	10.4
1223	-0.000000	133.926713	0.000000	9.3
1224	-1.016812	133.866057	0.007109	10.8
1225	-0.657188	133.805475	0.008520	11.2
1226	-0.000000	133.744966	0.000000	11.6
1227	-0.892586	133.684530	0.004946	9.2
1228	-0.000000	133.624167	0.000000	12.5
1229	-0.998201	133.563877	0.006357	11.3
1230	-0.487002	133.503658	0.006547	10.9
1231	-0.353719	133.443513	0.007043	13.0
1232	-0.000000	133.383439	0.000000	14.0
1233	-0.898906	133.323437	0.005200	9.1
1234	-0.717137	133.263508	0.006140	12.0
1235	-0.004008	133.203650	0.000172	11.5
1236	-0.973797	133.143864	0.008378	13.0
1237	-0.845307	133.084149	0.005360	10.9
1238	-0.000000	133.024506	0.000000	10.6
1239	-0.864777	132.964934	0.006560	19.4
1240	-0.509478	132.905433	0.007867	11.2
1241	-1.121077	132.846003	0.009500	12.1
1242	-0.000000	132.786643	0.000000	10.5
1243	-0.225860	132.727355	0.002388	14.5
1244	-0.728404	132.668137	0.005973	13.0
1245	-0.000000	132.608989	0.000000	9.5
1246	-0.569950	132.549912	0.005747	12.6
1247	-0.883314	132.490904	0.007060	12.8
1248	-0.595732	132.431967	0.006007	8.5
1249	-0.000000	132.373100	0.000000	9.0
1250	-0.819882	132.314302	0.008131	13.9
1251	-0.668730	132.255574	0.005528	8.9
1252	-0.766532	132.196916	0.007771	11.4
1253	-0.000000	132.138326	0.000000	10.2
1254	-0.000000	132.079806	0.000000	13.9
1255	-0.004008	132.021355	0.000117	8.7
1256	-0.916369	131.962973	0.011918	9.3
1257	-0.776473	131.904660	0.007017	10.0
1258	-0.000000	131.846415	0.000000	11.1
1259	-0.183738	131.788239	0.003943	12.7
1260	-0.658143	131.730131	0.009854	9.7
1261	-0.553755	131.672092	0.006393	11.0
1262	-0.000000	131.614121	0.000000	12.7
1263	-0.696571	131.556217	0.009267	9.5
1264	-0.723157	131.498382	0.012937	9.3
1265	-0.427027	131.440614	0.005482	9.2
1266	-0.092907	131.382914	0.001352	12.4
1267	-0.000000	131.325282	0.000000	10.6
1268	-0.000000	131.267717	0.000000	8.8
1269	-0.817560	131.210219	0.010413	12.1
1270	-0.552229	131.152788	0.008086	11.0
1271	-0.000000	131.095424	0.000000	9.8
1272	-0.000000	131.038127	0.000000	11.3
1273	-0.795651	130.980897	0.006335	8.9
1274	-0.916939	130.923733	0.007550	11.0
1275	-0.001592	130.866636	0.000434	12.3
1276	-0.816928	130.809605	0.012169	8.8
1277	-0.088446	130.752641	0.002683	10.3
1278	-0.898726	130.695742	0.007110	16.2
1279	-0.480597	130.638910	0.003598	12.7
1280	-0.947378	130.582143	0.008395	9.1
1281	-0.796078	130.525442	0.003360	11.0
1282	-0.000000	130.468807	0.000000	13.4
1283	-0.985919	130.412237	0.011652	8.8
1284	-0.061219	130.355733	0.001608	10.8
1285	-0.000000	130.299294	0.000000	8.7
1286	-0.645595	130.242920	0.007061	10.4
1287	-0.280016	130.186611	0.004112	13.1
1288	-0.733459	130.130366	0.006498	9.3
1289	-0.019267	130.074187	0.000609	9.7
1290	-1.043671	130.018072	0.006089	14.0
1291	-0.000000	129.962022	0.000000	10.9
1292	-0.563264	129.906036	0.003421	8.9
1293	-0.277291	129.850114	0.003163	9.0
1294	-0.167133	129.794257	0.003633	9.7
1295	-0.981488	129.738463	0.007762	11.8
1296	-0.778270	129.682734	0.007213	10.5
1297	-0.954271	129.627068	0.006691	8.7
1298	-0.942970	129.571466	0.005474	8.3
1299	-0.663226	129.515927	0.006730	13.3
1300	-0.301826	129.460452	0.003173	9.9
1301	-0.000000	129.405040	0.000000	10.3
1302	-0.707719	129.349692	0.005395	8.3
1303	-0.410985	129.294406	0.004369	13.9
1304	-0.000000	129.239183	0.000000	10.8
1305	-0.078006	129.184024	0.002306	8.8
1306	-0.000011	129.128927	0.000001	10.8
1307	-0.518961	129.073892	0.004246	10.0
1308	-0.876423	129.018921	0.008929	10.8
1309	-0.000000	128.964011	0.000000	10.6
1310	-0.846808	128.909164	0.005571	8.6
1311	-0.000964	128.854379	0.000015	8.7
1312	-0.000000	128.799656	0.000000	13.6
1313	-0.587232	128.744995	0.004831	9.0
1314	-0.000000	128.690396	0.000000	11.8
1315	-0.000000	128.635858	0.000000	10.0
1316	-0.742055	128.581382	0.006521	12.9
1317	-0.984158	128.526968	0.007953	10.0
1318	-0.294413	128.472615	0.003319	9.8
1319	-0.519553	128.418323	0.006133	9.6
1320	-0.886608	128.364092	0.009688	13.3
1321	-0.630491	128.309922	0.005968	10.1
1322	-0.896527	128.255814	0.006224	9.8
1323	-0.184073	128.201766	0.002836	8.6
1324	-0.057426	128.147778	0.002114	14.4
1325	-0.025998	128.093852	0.001234	10.7
1326	-0.759694	128.039985	0.006268	11.4
1327	-0.110728	127.986180	0.002858	9.2
1328	-0.923875	127.932434	0.005266	14.1
1329	-0.000000	127.878749	0.000000	13.1
1330	-0.000000	127.825123	0.000000	10.7
1331	-0.000000	127.771558	0.000000	8.5
1332	-0.426997	127.718052	0.004972	13.6
1333	-0.000853	127.664606	0.000120	13.0
1334	-0.531868	127.611220	0.004276	13.4
1335	-0.487591	127.557893	0.003454	18.8
1336	-0.000000	127.504625	0.000000	15.8
1337	-0.040583	127.451417	0.000460	13.9
1338	-0.501287	127.398268	0.004675	11.5
1339	-0.000000	127.345178	0.000000	17.5
1340	-0.222143	127.292147	0.004442	9.8
1341	-1.110912	127.239175	0.007973	14.0
1342	-0.487083	127.186261	0.006053	23.5
1343	-0.021552	127.133407	0.000677	11.8
1344	-0.578942	127.080610	0.007516	14.8
1345	-0.442642	127.027872	0.004649	15.1
1346	-0.866759	126.975193	0.009537	14.4
1347	-0.000000	126.922572	0.000000	12.1
1348	-0.461564	126.870008	0.006254	17.9
1349	-0.708393	126.817503	0.007242	9.2
1350	-0.254925	126.765056	0.004340	13.2
1351	-0.000000	126.712667	0.000000	17.0
1352	-0.000000	126.660335	0.000000	22.6
1353	-0.083410	126.608061	0.002126	10.8
1354	-0.050222	126.555844	0.002340	14.8
1355	-0.560667	126.503685	0.005912	15.7
1356	-0.562802	126.451583	0.006075	13.6
1357	-0.000000	126.399538	0.000000	14.7
1358	-0.000000	126.347550	0.000000	15.9
1359	-1.034817	126.295619	0.009219	15.7
1360	-0.037920	126.243745	0.000760	14.5
1361	-0.605965	126.191928	0.006304	10.3
1362	-0.780556	126.140168	0.006351	10.9
1363	-0.424566	126.088464	0.005311	9.0
1364	-0.503797	126.036817	0.005429	11.7
1365	-0.119485	125.985226	0.001281	15.2
1366	-0.608459	125.933691	0.007150	13.8
1367	-0.000000	125.882212	0.000000	12.4
1368	-0.108905	125.830790	0.005039	11.3
1369	-0.155163	125.779423	0.003815	10.6
1370	-0.584382	125.728113	0.006583	11.2
1371	-0.770679	125.676858	0.007790	14.7
1372	-0.543043	125.625659	0.005577	9.2
1373	-0.463330	125.574515	0.008722	12.8
1374	-0.856323	125.523427	0.006004	9.9
1375	-0.888178	125.472394	0.004516	12.9
1376	-0.185606	125.421417	0.002656	10.2
1377	-0.520416	125.370495	0.006165	10.3
1378	-0.000000	125.319628	0.000000	9.4
1379	-0.611965	125.268815	0.006749	15.0
1380	-0.000000	125.218058	0.000000	10.9
1381	-0.811740	125.167356	0.007309	8.6
1382	-0.939544	125.116708	0.012836	11.2
1383	-0.000000	125.066115	0.000000	12.8
1384	-0.795170	125.015576	0.006760	11.2
1385	-0.000000	124.965092	0.000000	10.6
1386	-0.013382	124.914662	0.000697	8.6
1387	-0.638337	124.864287	0.005586	12.3
1388	-0.916132	124.813965	0.009509	8.8
1389	-0.600250	124.763698	0.007991	11.1
1390	-0.295028	124.713485	0.003654	11.7
1391	-0.935394	124.663325	0.007149	13.8
1392	-0.922043	124.613219	0.006079	11.2
1393	-0.000000	124.563167	0.000000	11.7
1394	-0.518219	124.513168	0.003340	12.6
1395	-0.000000	124.463223	0.000000	12.4
1396	-0.000347	124.413332	0.000008	8.8
1397	-0.000000	124.363493	0.000000	10.2
1398	-0.010516	124.313708	0.000102	12.0
1399	-0.985539	124.263976	0.005925	12.2
1400	-0.000000	124.214297	0.000000	11.3
1401	-0.705992	124.164671	0.007587	13.5
1402	-0.704847	124.115097	0.008186	14.1
1403	-0.501967	124.065577	0.005050	8.3
1404	-0.000000	124.016109	0.000000	11.9
1405	-0.000000	123.966693	0.000000	12.2
1406	-0.717936	123.917330	0.008606	13.4
1407	-0.392836	123.868020	0.005263	13.2
1408	-0.519115	123.818762	0.010114	11.6
1409	-0.000000	123.769556	0.000000	12.0
1410	-0.000000	123.720402	0.000000	13.0
1411	-0.555772	123.671300	0.007543	12.5
1412	-0.498321	123.622250	0.003677	11.1
1413	-0.383787	123.573252	0.004251	14.3
1414	-0.257765	123.524305	0.005037	13.3
1415	-0.593899	123.475411	0.005446	12.1
1416	-0.828397	123.426568	0.006974	9.9
1417	-0.680131	123.377776	0.005401	13.5
1418	-0.000000	123.329036	0.000000	12.1
1419	-0.000000	123.280347	0.000000	8.7
1420	-0.212861	123.231709	0.005470	11.5
1421	-0.912689	123.183122	0.013721	11.4
1422	-0.763814	123.134587	0.007696	11.2
1423	-0.880109	123.086102	0.006436	10.8
1424	-0.344752	123.037669	0.003828	13.6
1425	-0.804076	122.989286	0.004043	9.1
1426	-0.040349	122.940954	0.001504	9.2
1427	-0.672805	122.892672	0.004844	11.3
1428	-0.492187	122.844441	0.009863	10.4
1429	-0.791903	122.796261	0.011632	11.6
1430	-0.883318	122.748130	0.006297	30.8
1431	-0.858127	122.700050	0.008591	13.2
1432	-0.000000	122.652021	0.000000	9.3
1433	-1.050755	122.604041	0.007226	8.8
1434	-0.924795	122.556111	0.006885	9.6
1435	-0.346250	122.508232	0.005545	13.4
1436	-0.000000	122.460402	0.000000	12.3
1437	-0.023262	122.412622	0.001363	11.0
1438	-0.285417	122.364891	0.005009	15.2
1439	-0.559555	122.317210	0.004683	11.6
1440	-0.417033	122.269579	0.005273	11.8
1441	-0.018349	122.221997	0.000280	9.3
1442	-0.600969	122.174465	0.006903	14.5
1443	-0.526427	122.126981	0.006503	11.3
1444	-0.092298	122.079547	0.002236	11.2
1445	-0.000000	122.032162	0.000000	9.9
1446	-0.853308	121.984826	0.006694	13.4
1447	-0.654806	121.937539	0.006130	11.5
1448	-0.912980	121.890301	0.010794	10.9
1449	-0.000000	121.843112	0.000000	9.9
1450	-0.650372	121.795971	0.007078	14.2
1451	-0.000572	121.748879	0.000013	11.7
1452	-0.794529	121.701835	0.004584	11.2
1453	-0.000000	121.654840	0.000000	10.1
1454	-0.493858	121.607893	0.006470	16.1
1455	-0.065066	121.560994	0.001382	12.0
1456	-0.043803	121.514144	0.000963	9.2
1457	-0.670156	121.467342	0.006290	9.7
1458	-0.954547	121.420588	0.009840	14.8
1459	-0.988158	121.373882	0.009244	11.5
1460	-0.990371	121.327223	0.008375	10.5
1461	-1.165374	121.280613	0.012924	8.9
1462	-0.508097	121.234050	0.006512	15.5
1463	-0.919046	121.187535	0.005376	11.1
1464	-0.169419	121.141067	0.002498	10.1
1465	-0.353910	121.094647	0.004092	11.6
1466	-0.000000	121.048274	0.000000	13.2
1467	-0.842646	121.001949	0.007925	9.5
1468	-0.035209	120.955671	0.001744	11.5
1469	-0.872984	120.909440	0.010285	8.4
1470	-0.372422	120.863256	0.004065	10.6
1471	-0.873229	120.817119	0.007870	11.8
1472	-0.578881	120.771029	0.004695	10.7
1473	-0.765661	120.724986	0.007099	10.7
1474	-0.291100	120.678990	0.003355	11.6
1475	-0.712450	120.633040	0.007814	11.1
1476	-0.000000	120.587137	0.000000	12.6
1477	-1.144138	120.541281	0.012578	11.3
1478	-0.879935	120.495471	0.007442	13.6
1479	-0.452821	120.449707	0.006150	10.9
1480	-0.001517	120.403990	0.000442	12.4
1481	-0.542367	120.358319	0.003973	9.6
1482	-0.855595	120.312694	0.005301	19.4
1483	-0.850672	120.267115	0.006202	17.6
1484	-0.052692	120.221582	0.000571	10.5
1485	-0.633482	120.176096	0.007499	10.6
1486	-0.029471	120.130655	0.000338	10.8
1487	-0.000937	120.085260	0.000019	8.6
1488	-0.128146	120.039910	0.002320	11.4
1489	-1.049956	119.994606	0.009807	11.0
1490	-0.000000	119.949348	0.000000	10.5
1491	-0.183147	119.904135	0.005096	10.6
1492	-0.124865	119.858968	0.002160	14.7
1493	-0.828185	119.813846	0.006983	11.5
1494	-0.992103	119.768769	0.007626	9.9
1495	-0.099310	119.723738	0.002883	8.6
1496	-0.954235	119.678752	0.009680	12.0
1497	-0.030932	119.633810	0.001180	9.3
1498	-0.047904	119.588914	0.000720	11.7
1499	-0.628392	119.544062	0.005138	8.7
1500	-0.074690	119.499256	0.001824	11.8
1501	-1.007699	119.454494	0.005664	9.5
1502	-0.108897	119.409777	0.002936	10.0
1503	-1.048998	119.365104	0.007147	13.7
1504	-0.060412	119.320476	0.002364	14.6
1505	-0.789665	119.275893	0.007121	8.6
1506	-0.280254	119.231353	0.005336	9.1
1507	-1.023719	119.186859	0.007182	12.3
1508	-0.000000	119.142408	0.000000	12.4
1509	-0.154516	119.098002	0.003846	10.5
1510	-0.000000	119.053639	0.000000	11.2
1511	-0.548226	119.009321	0.006346	9.1
1512	-0.008372	118.965047	0.000131	13.4
1513	-0.000137	118.920816	0.000030	12.2
1514	-0.612380	118.876630	0.006559	11.6
1515	-0.000000	118.832487	0.000000	10.0
1516	-0.000000	118.788388	0.000000	12.8
1517	-0.747387	118.744332	0.007337	9.0
1518	-0.002476	118.700320	0.000559	9.6
1519	-1.043589	118.656352	0.010315	11.6
1520	-0.922194	118.612427	0.006950	11.6
1521	-0.414971	118.568545	0.004201	9.8
1522	-0.150319	118.524706	0.003686	11.3
1523	-0.549027	118.480911	0.004449	8.5
1524	-0.286762	118.437159	0.002131	14.2
1525	-0.514449	118.393450	0.004123	11.1
1526	-0.000000	118.349784	0.000000	11.2
1527	-0.708697	118.306160	0.006181	9.9
1528	-0.607548	118.262580	0.005895	12.2
1529	-0.027056	118.219042	0.000629	8.6
1530	-0.000000	118.175548	0.000000	9.7
1531	-0.000000	118.132095	0.000000	11.0
1532	-0.494460	118.088686	0.005031	12.1
1533	-0.000000	118.045319	0.000000	11.5
1534	-0.794172	118.001994	0.008603	11.3
1535	-1.011995	117.958712	0.011171	9.0
1536	-0.812622	117.915472	0.010091	13.0
1537	-1.018321	117.872274	0.008298	10.8
1538	-0.000000	117.829118	0.000000	11.2
1539	-0.194409	117.786005	0.001783	9.9
1540	-0.944009	117.742933	0.005450	12.1
1541	-0.559915	117.699904	0.004335	11.3
1542	-0.846034	117.656916	0.005169	9.8
1543	-0.353677	117.613971	0.004846	8.6
1544	-0.359363	117.571067	0.003600	13.0
1545	-0.937069	117.528205	0.007383	9.1
1546	-0.000000	117.485384	0.000000	12.2
1547	-0.028294	117.442605	0.001555	10.4
1548	-0.611540	117.399867	0.005843	14.8
1549	-0.518587	117.357171	0.006000	11.9
1550	-0.306347	117.314517	0.003778	11.8
1551	-0.000000	117.271903	0.000000	11.4
1552	-0.000000	117.229331	0.000000	16.6
1553	-0.000000	117.186800	0.000000	11.5
1554	-0.989655	117.144311	0.010035	10.3
1555	-0.912498	117.101862	0.006702	15.6
1556	-0.485265	117.059454	0.004934	12.6
1557	-0.495010	117.017087	0.004317	11.1
1558	-0.937748	116.974762	0.005855	9.5
1559	-0.000000	116.932476	0.000000	16.3
1560	-0.000000	116.890232	0.000000	12.0
1561	-1.012179	116.848028	0.008911	13.8
1562	-0.000000	116.805865	0.000000	10.6
1563	-0.628266	116.763743	0.007129	15.5
1564	-0.400422	116.721661	0.009797	13.5
1565	-0.607515	116.679619	0.003235	9.7
1566	-0.167691	116.637618	0.002925	16.1
1567	-0.817705	116.595657	0.010295	14.2
1568	-0.695252	116.553736	0.004448	9.6
1569	-0.905482	116.511855	0.006388	8.7
1570	-0.406781	116.470015	0.006124	14.4
1571	-0.000000	116.428214	0.000000	9.1
1572	-0.497418	116.386454	0.005339	10.3
1573	-0.002136	116.344733	0.000297	12.7
1574	-0.849095	116.303052	0.005937	13.0
1575	-0.000000	116.261412	0.000000	11.8
1576	-0.836659	116.219810	0.007295	10.0
1577	-0.272366	116.178249	0.006349	10.8
1578	-0.000000	116.136727	0.000000	15.5
1579	-0.000000	116.095245	0.000000	13.2
1580	-0.953040	116.053802	0.006149	12.0
1581	-0.344260	116.012398	0.007336	8.7
1582	-0.000000	115.971034	0.000000	13.6
1583	-0.538076	115.929710	0.004656	9.7
1584	-0.904354	115.888424	0.013805	11.5
1585	-0.103671	115.847178	0.001297	9.8
1586	-0.749882	115.805970	0.007978	18.2
1587	-0.101013	115.764802	0.003266	12.6
1588	-0.589903	115.723673	0.004127	11.6
1589	-0.888622	115.682583	0.005049	11.3
1590	-0.000000	115.641532	0.000000	12.3
1591	-1.055911	115.600519	0.008993	13.6
1592	-0.029212	115.559546	0.001426	14.9
1593	-0.724715	115.518610	0.007677	14.0
1594	-0.886406	115.477714	0.006519	8.5
1595	-0.467996	115.436856	0.008259	16.3
1596	-0.984994	115.396037	0.006146	13.0
1597	-0.025779	115.355256	0.001188	9.8
1598	-0.000000	115.314514	0.000000	12.1
1599	-0.230638	115.273810	0.004258	12.5
1600	-0.000000	115.233144	0.000000	14.5
1601	-0.860352	115.192517	0.007808	11.3
1602	-0.000657	115.151927	0.000604	13.7
1603	-0.000000	115.111376	0.000000	21.5
1604	-0.188722	115.070863	0.004624	12.3
1605	-0.000000	115.030388	0.000000	12.7
1606	-0.517090	114.989951	0.008119	9.4
1607	-0.772542	114.949551	0.005878	14.0
1608	-0.910799	114.909190	0.012809	8.6
1609	-0.626850	114.868866	0.010737	11.1
1610	-0.961327	114.828580	0.007124	10.5
1611	-0.624659	114.788332	0.006102	13.4
1612	-0.869344	114.748121	0.005664	11.4
1613	-0.000000	114.707948	0.000000	9.2
1614	-0.757412	114.667812	0.009259	8.8
1615	-1.042527	114.627714	0.013394	21.0
1616	-0.495178	114.587653	0.005177	11.4
1617	-0.405238	114.547629	0.004839	8.4
1618	-0.846757	114.507643	0.006169	12.7
1619	-0.766149	114.467693	0.005741	12.1
1620	-1.005402	114.427781	0.007386	13.8
1621	-0.304019	114.387907	0.004930	12.8
1622	-0.833718	114.348069	0.006167	13.3
1623	-1.010063	114.308268	0.007303	11.4
1624	-0.559470	114.268504	0.005780	10.2
1625	-0.816434	114.228777	0.006255	14.3
1626	-0.805207	114.189086	0.008344	9.4
1627	-0.764418	114.149433	0.006797	11.1
1628	-0.680369	114.109816	0.005672	10.4
1629	-0.104405	114.070235	0.002194	12.6
1630	-0.443733	114.030692	0.004693	11.5
1631	-0.485241	113.991185	0.004493	10.9
1632	-0.825903	113.951714	0.007488	11.7
1633	-0.213507	113.912280	0.004489	21.3
1634	-0.773301	113.872882	0.006911	13.9
1635	-0.000020	113.833521	0.000010	20.4
1636	-0.743175	113.794195	0.005634	14.2
1637	-0.976564	113.754906	0.005140	12.4
1638	-0.581635	113.715653	0.004852	10.3
1639	-0.000000	113.676437	0.000000	15.3
1640	-0.007709	113.637256	0.000204	10.5
1641	-0.806992	113.598111	0.005710	11.3
1642	-0.762379	113.559002	0.005084	17.3
1643	-0.735442	113.519929	0.007777	8.3
1644	-0.000000	113.480892	0.000000	10.0
1645	-0.945782	113.441891	0.006442	10.4
1646	-0.702189	113.402925	0.007957	10.1
1647	-0.003268	113.363995	0.000031	14.1
1648	-0.002048	113.325101	0.000274	9.2
1649	-0.163481	113.286242	0.003237	8.6
1650	-0.000000	113.247419	0.000000	9.5
1651	-0.002073	113.208631	0.000048	11.2
1652	-0.344000	113.169879	0.003012	9.6
1653	-0.000000	113.131162	0.000000	11.2
1654	-0.004987	113.092480	0.000388	9.2
1655	-0.680606	113.053833	0.006503	14.6
1656	-0.559241	113.015222	0.006721	11.6
1657	-0.011383	112.976646	0.000313	10.7
1658	-0.636476	112.938105	0.005285	15.4
1659	-0.003977	112.899599	0.000681	9.6
1660	-0.491871	112.861128	0.003878	10.6
1661	-1.035815	112.822692	0.010561	8.1
1662	-0.766884	112.784291	0.005284	10.0
1663	-0.007300	112.745924	0.000156	14.2
1664	-0.996416	112.707593	0.007016	10.5
1665	-0.446827	112.669296	0.003383	11.9
1666	-0.687747	112.631034	0.007338	15.5
1667	-0.950340	112.592806	0.006921	10.3
1668	-0.000000	112.554613	0.000000	12.3
1669	-0.000094	112.516455	0.000002	10.5
1670	-0.299190	112.478331	0.002172	14.3
1671	-1.034377	112.440241	0.007219	12.4
1672	-0.497112	112.402186	0.003092	15.5
1673	-0.091274	112.364165	0.001624	13.2
1674	-0.540528	112.326179	0.006781	13.2
1675	-0.586110	112.288227	0.005966	13.1
1676	-0.485965	112.250309	0.005778	19.2
1677	-0.532781	112.212425	0.009105	15.4
1678	-0.457049	112.174575	0.008585	13.6
1679	-0.173415	112.136759	0.004456	18.4
1680	-0.000000	112.098977	0.000000	13.7
1681	-0.851021	112.061229	0.005277	13.7
1682	-0.000000	112.023515	0.000000	17.0
1683	-1.089287	111.985834	0.007195	13.7
1684	-0.859465	111.948188	0.008262	14.6
1685	-0.023641	111.910575	0.001933	14.6
1686	-0.704161	111.872996	0.004699	12.5
1687	-0.826280	111.835450	0.008668	11.0
1688	-0.342768	111.797939	0.003381	20.7
1689	-0.844262	111.760460	0.009701	9.8
1690	-0.714587	111.723015	0.005959	11.8
1691	-0.181894	111.685604	0.003906	11.0
1692	-0.804907	111.648226	0.005465	12.4
1693	-0.286618	111.610881	0.005466	14.8
1694	-0.592848	111.573570	0.005096	16.1
1695	-0.925106	111.536292	0.007602	14.7
1696	-0.784193	111.499047	0.004406	16.2
1697	-0.000000	111.461835	0.000000	12.4
1698	-0.000000	111.424656	0.000000	25.1
1699	-0.008187	111.387510	0.000064	18.6
1700	-0.565583	111.350398	0.009606	12.8
1701	-0.210575	111.313318	0.002117	19.2
1702	-0.012890	111.276271	0.000588	15.9
1703	-0.809416	111.239257	0.007210	15.3
1704	-0.732974	111.202276	0.007024	18.8
1705	-0.593419	111.165328	0.008901	14.3
1706	-0.778650	111.128412	0.006518	14.1
1707	-0.894558	111.091529	0.007581	23.8
1708	-0.000000	111.054679	0.000000	15.6
1709	-0.926780	111.017861	0.006308	14.2
1710	-0.782772	110.981076	0.010524	18.4
1711	-0.956828	110.944323	0.006253	12.6
1712	-0.833486	110.907603	0.007057	10.7
1713	-0.402785	110.870915	0.007154	8.6
1714	-0.000000	110.834259	0.000000	13.0
1715	-0.355537	110.797636	0.004262	9.4
1716	-0.838043	110.761045	0.005246	8.8
1717	-0.000000	110.724486	0.000000	8.8
1718	-0.919774	110.687959	0.007545	11.2
1719	-0.732542	110.651465	0.005546	11.5
1720	-0.000000	110.615002	0.000000	9.6
1721	-0.496868	110.578572	0.005006	12.2
1722	-0.639373	110.542173	0.004844	10.1
1723	-0.447107	110.505807	0.005081	11.7
1724	-1.028315	110.469472	0.006953	8.4
1725	-0.000000	110.433169	0.000000	8.7
1726	-0.729565	110.396898	0.006101	10.5
1727	-0.951156	110.360659	0.006770	18.2
1728	-0.375059	110.324451	0.004763	9.3
1729	-0.896499	110.288276	0.005750	8.5
1730	-0.961921	110.252131	0.006910	10.3
1731	-0.029361	110.216019	0.002307	10.3
1732	-0.909756	110.179937	0.007292	10.9
1733	-0.794680	110.143888	0.006063	8.8
1734	-0.000000	110.107869	0.000000	8.7
1735	-0.000000	110.071882	0.000000	9.3
1736	-0.457657	110.035927	0.004431	12.2
1737	-0.836232	110.000003	0.009751	10.8
1738	-0.000000	109.964110	0.000000	10.6
1739	-0.526495	109.928248	0.005000	8.7
1740	-0.000000	109.892417	0.000000	13.8
1741	-0.000000	109.856618	0.000000	9.4
1742	-0.573297	109.820850	0.005665	9.5
1743	-0.187386	109.785112	0.002692	11.2
1744	-0.018277	109.749406	0.001909	13.7
1745	-0.070312	109.713730	0.003202	8.7
1746	-0.001411	109.678086	0.000360	8.8
1747	-0.259307	109.642472	0.005133	8.7
1748	-0.055288	109.606890	0.000957	11.4
1749	-0.093474	109.571337	0.002476	9.9
1750	-0.331555	109.535816	0.006195	8.5
1751	-0.453226	109.500326	0.004884	8.5
1752	-0.506963	109.464866	0.006896	9.1
1753	-0.931645	109.429436	0.008151	25.2
1754	-0.704286	109.394038	0.005290	10.1
1755	-0.000000	109.358669	0.000000	9.9
1756	-0.000000	109.323331	0.000000	15.0
1757	-0.000000	109.288024	0.000000	49.1
1758	-0.221966	109.252747	0.003806	21.3
1759	-0.817553	109.217501	0.007979	13.5
1760	-0.064466	109.182284	0.000509	16.1
1761	-0.033175	109.147098	0.001305	8.9
1762	-0.322715	109.111942	0.009473	8.6
1763	-0.002429	109.076817	0.000043	8.3
1764	-0.677449	109.041721	0.006875	16.5
1765	-0.182994	109.006656	0.001685	14.9
1766	-0.715825	108.971620	0.006517	8.3
1767	-0.474110	108.936615	0.005333	8.3
1768	-0.399863	108.901640	0.004586	14.5
1769	-0.202690	108.866694	0.002758	11.0
1770	-0.029358	108.831779	0.002280	8.2
1771	-0.705864	108.796893	0.004283	8.4
1772	-0.222586	108.762037	0.003420	8.8
1773	-0.531031	108.727211	0.003877	12.6
1774	-0.400315	108.692415	0.003614	9.4
1775	-0.688628	108.657648	0.005727	8.2
1776	-0.886215	108.622911	0.006559	8.2
1777	-0.000000	108.588203	0.000000	11.1
1778	-0.668306	108.553525	0.005789	9.3
1779	-0.843781	108.518877	0.005809	8.4
1780	-0.093881	108.484258	0.003001	9.5
1781	-0.043395	108.449668	0.000654	13.4
1782	-0.904964	108.415108	0.005492	8.7
1783	-0.013672	108.380578	0.000526	9.4
1784	-0.000000	108.346076	0.000000	9.6
1785	-0.000000	108.311604	0.000000	8.9
1786	-0.088118	108.277161	0.002617	16.5
1787	-0.000000	108.242747	0.000000	9.7
1788	-0.888615	108.208363	0.007475	8.2
1789	-1.006584	108.174007	0.006587	8.7
1790	-0.018026	108.139681	0.000262	11.9
1791	-0.000000	108.105383	0.000000	13.1
1792	-0.971923	108.071115	0.008760	8.2
1793	-0.731252	108.036875	0.009115	8.3
1794	-0.119630	108.002665	0.003733	13.8
1795	-0.770741	107.968483	0.011233	9.0
1796	-0.984923	107.934330	0.009870	13.0
1797	-0.631623	107.900206	0.003909	9.5
1798	-0.000000	107.866111	0.000000	11.4
1799	-0.726908	107.832044	0.007141	10.5
1800	-0.691441	107.798007	0.005829	8.7
1801	-0.848248	107.763997	0.013605	8.7
1802	-0.898438	107.730017	0.007861	12.3
1803	-0.000000	107.696065	0.000000	9.6
1804	-0.922748	107.662141	0.006129	11.8
1805	-0.745310	107.628246	0.008112	8.8
1806	-0.821635	107.594379	0.005725	12.1
1807	-0.692872	107.560541	0.007145	13.6
1808	-1.203075	107.526731	0.013878	9.0
1809	-0.000000	107.492949	0.000000	9.1
1810	-0.002078	107.459196	0.000319	12.1
1811	-1.023970	107.425471	0.007169	10.7
1812	-0.617676	107.391774	0.005745	11.9
1813	-0.496603	107.358106	0.004385	10.1
1814	-0.924158	107.324465	0.010291	13.8
1815	-0.712611	107.290853	0.005380	9.1
1816	-0.216073	107.257268	0.003416	10.7
1817	-0.486146	107.223712	0.006760	8.8
1818	-0.550636	107.190184	0.006346	11.1
1819	-0.755983	107.156683	0.005909	10.6
1820	-0.108917	107.123211	0.001208	9.5
1821	-0.000000	107.089766	0.000000	10.6
1822	-0.739192	107.056349	0.005449	9.7
1823	-0.000000	107.022960	0.000000	16.1
1824	-0.000000	106.989599	0.000000	8.6
1825	-0.387801	106.956265	0.005006	8.8
1826	-0.794569	106.922960	0.005520	9.1
1827	-0.507510	106.889681	0.007995	11.5
1828	-0.990530	106.856431	0.008132	10.8
1829	-0.590163	106.823208	0.003240	10.6
1830	-0.831421	106.790012	0.007243	10.3
1831	-0.699583	106.756844	0.006307	13.8
1832	-0.406729	106.723703	0.006256	8.5
1833	-0.801633	106.690590	0.006505	8.7
1834	-0.174965	106.657505	0.004916	8.6
1835	-0.220111	106.624446	0.004435	12.6
1836	-0.661085	106.591415	0.005777	10.8
1837	-0.563496	106.558411	0.005586	9.2
1838	-0.651761	106.525435	0.004998	8.9
1839	-0.462123	106.492485	0.004770	11.7
1840	-0.496796	106.459563	0.004599	13.1
1841	-0.957515	106.426668	0.007350	11.5
1842	-0.960509	106.393800	0.005602	9.1
1843	-0.496448	106.360959	0.003214	11.7
1844	-0.854558	106.328145	0.005327	10.3
1845	-0.737369	106.295358	0.006262	15.4
1846	-1.006642	106.262598	0.012204	9.3
1847	-0.484164	106.229865	0.006498	17.4
1848	-0.000000	106.197158	0.000000	11.0
1849	-1.052749	106.164479	0.009410	9.3
1850	-0.038986	106.131826	0.001300	8.4
1851	-0.000000	106.099201	0.000000	10.4
1852	-0.000007	106.066602	0.000005	12.6
1853	-0.000000	106.034029	0.000000	8.4
1854	-1.087912	106.001483	0.008997	8.6
1855	-0.636185	105.968964	0.009206	9.4
1856	-0.777845	105.936472	0.006444	15.2
1857	-0.000000	105.904006	0.000000	8.9
1858	-0.000000	105.871566	0.000000	8.1
1859	-0.466267	105.839153	0.006176	8.2
1860	-0.000000	105.806767	0.000000	12.3
1861	-0.427860	105.774407	0.005035	12.2
1862	-0.047925	105.742073	0.001483	9.8
1863	-0.000000	105.709766	0.000000	8.3
1864	-0.327052	105.677485	0.004215	11.2
1865	-0.954611	105.645230	0.005991	11.0
1866	-0.923672	105.613001	0.005061	8.8
1867	-0.821694	105.580799	0.005241	8.2
1868	-0.790584	105.548623	0.004706	9.3
1869	-0.917382	105.516473	0.005503	11.3
1870	-0.532802	105.484349	0.006052	8.4
1871	-0.500085	105.452251	0.004995	9.6
1872	-0.904177	105.420179	0.009730	8.4
1873	-1.081300	105.388133	0.006748	18.3
1874	-0.000000	105.356113	0.000000	8.7
1875	-0.045615	105.324119	0.001597	8.4
1876	-1.133112	105.292151	0.009909	8.5
1877	-0.682776	105.260209	0.008713	8.3
1878	-0.445055	105.228293	0.007025	18.3
1879	-0.000000	105.196402	0.000000	7.9
1880	-0.790201	105.164537	0.005183	9.9
1881	-0.157818	105.132698	0.002674	8.4
1882	-0.716679	105.100885	0.006035	14.9
1883	-0.834290	105.069097	0.013950	9.4
1884	-0.018690	105.037335	0.000617	7.5
1885	-0.753509	105.005598	0.006131	8.2
1886	-0.795954	104.973887	0.005338	11.4
1887	-0.210063	104.942202	0.001971	8.5
1888	-0.002638	104.910542	0.000047	10.0
1889	-0.264157	104.878907	0.003959	8.1
1890	-0.286172	104.847298	0.006559	8.3
1891	-0.005426	104.815715	0.000830	15.7
1892	-0.921369	104.784156	0.006508	8.4
1893	-0.600065	104.752623	0.006326	8.6
1894	-0.635664	104.721116	0.008382	8.1
1895	-0.000000	104.689633	0.000000	11.8
1896	-0.985915	104.658176	0.012593	8.2
1897	-0.747464	104.626744	0.004519	9.6
1898	-0.180736	104.595337	0.001727	8.3
1899	-0.890943	104.563955	0.004618	8.6
1900	-0.421317	104.532599	0.007072	13.2
1901	-0.000000	104.501267	0.000000	9.1
1902	-0.605468	104.469960	0.007155	10.2
1903	-0.603278	104.438679	0.004462	8.4
1904	-0.821619	104.407422	0.004302	11.7
1905	-0.720853	104.376191	0.004955	9.3
1906	-0.189897	104.344984	0.002982	7.8
1907	-1.065928	104.313802	0.009253	8.1
1908	-0.560254	104.282645	0.005014	8.3
1909	-1.017232	104.251513	0.010360	13.6
1910	-0.000000	104.220405	0.000000	9.5
1911	-0.000037	104.189323	0.000023	8.2
1912	-0.651134	104.158265	0.009236	8.2
1913	-0.000000	104.127231	0.000000	12.3
1914	-0.042786	104.096222	0.001140	8.5
1915	-0.716260	104.065238	0.007541	8.2
1916	-0.213361	104.034279	0.003899	9.4
1917	-0.018058	104.003344	0.001204	8.3
1918	-0.000000	103.972433	0.000000	13.2
1919	-1.005675	103.941547	0.006411	9.7
1920	-0.832024	103.910686	0.005743	8.1
1921	-0.341075	103.879849	0.002490	8.1
1922	-0.146684	103.849036	0.002928	11.5
1923	-0.593412	103.818248	0.004588	8.2
1924	-0.490702	103.787484	0.003951	9.6
1925	-0.000000	103.756744	0.000000	8.5
1926	-0.073442	103.726029	0.003505	8.4
1927	-0.905012	103.695338	0.009640	14.7
1928	-0.000000	103.664671	0.000000	8.5
1929	-0.268632	103.634028	0.004398	8.4
1930	-0.000000	103.603409	0.000000	8.3
1931	-0.858059	103.572814	0.006527	11.1
1932	-0.710922	103.542244	0.005518	8.5
1933	-0.512263	103.511698	0.004698	9.7
1934	-0.867199	103.481175	0.012387	8.1
1935	-1.029414	103.450677	0.007371	8.4
1936	-0.471998	103.420202	0.002531	12.8
1937	-0.000000	103.389752	0.000000	8.2
1938	-0.000000	103.359325	0.000000	9.6
1939	-0.739537	103.328922	0.006947	8.1
1940	-0.000000	103.298543	0.000000	11.3
1941	-0.846312	103.268188	0.003907	9.3
1942	-0.769872	103.237857	0.008097	9.0
1943	-0.846452	103.207549	0.007932	8.3
1944	-0.000000	103.177265	0.000000	8.2
1945	-0.630359	103.147005	0.002777	12.9
1946	-0.000000	103.116768	0.000000	8.4
1947	-0.000000	103.086556	0.000000	9.5
1948	-0.115371	103.056366	0.003109	8.1
1949	-0.487654	103.026200	0.005075	11.3
1950	-0.595720	102.996058	0.004400	9.8
1951	-0.805008	102.965939	0.005203	8.2
1952	-0.868456	102.935844	0.006210	8.4
1953	-0.992633	102.905772	0.007013	8.4
1954	-0.756597	102.875724	0.005430	13.3
1955	-1.055389	102.845699	0.008358	10.3
1956	-0.000592	102.815697	0.000010	8.3
1957	-0.755883	102.785719	0.004978	8.8
1958	-0.000000	102.755764	0.000000	11.7
1959	-0.337810	102.725832	0.005368	7.9
1960	-0.937969	102.695924	0.009381	8.1
1961	-0.000000	102.666038	0.000000	9.3
1962	-0.847793	102.636176	0.006025	9.9
1963	-0.942837	102.606337	0.008886	13.0
1964	-0.765710	102.576521	0.005547	9.4
1965	-0.000000	102.546728	0.000000	8.3
1966	-0.893790	102.516959	0.005134	8.2
1967	-0.090995	102.487212	0.001584	11.1
1968	-0.000000	102.457488	0.000000	8.3
1969	-0.000000	102.427788	0.000000	9.7
1970	-0.000000	102.398110	0.000000	8.3
1971	-0.629738	102.368455	0.005814	8.4
1972	-0.876544	102.338823	0.007048	13.9
1973	-0.519162	102.309214	0.006580	8.5
1974	-0.789062	102.279628	0.006481	8.2
1975	-0.199347	102.250064	0.002503	8.2
1976	-0.615447	102.220524	0.007461	11.6
1977	-0.248137	102.191006	0.002356	8.2
1978	-0.576741	102.161511	0.003521	9.7
1979	-0.112664	102.132038	0.002867	8.1
1980	-0.906497	102.102588	0.006192	8.5
1981	-0.912067	102.073161	0.007915	13.0
1982	-1.075549	102.043757	0.007035	8.6
1983	-0.738696	102.014375	0.004818	9.3
1984	-0.000000	101.985015	0.000000	8.2
1985	-0.000000	101.955678	0.000000	10.8
1986	-0.051480	101.926364	0.002012	11.2
1987	-0.000000	101.897072	0.000000	9.1
1988	-0.627182	101.867802	0.006046	8.1
1989	-0.188105	101.838555	0.002290	8.7
1990	-0.283660	101.809330	0.006736	12.5
1991	-0.669757	101.780128	0.004989	10.3
1992	-0.808188	101.750948	0.007631	8.4
1993	-1.090121	101.721790	0.008585	8.5
1994	-0.872295	101.692654	0.005919	11.6
1995	-0.130788	101.663541	0.004473	9.4
1996	-0.052227	101.634450	0.001930	8.2
1997	-0.378716	101.605381	0.004739	8.1
1998	-0.112176	101.576335	0.000883	7.5
1999	-0.312393	101.547310	0.002060	12.0
