1:ItNr	2:Metric	3:StepSize	4:||Gradient||	Time[ms]
0	0.000000	627.201626	0.000000	962.3
1	-0.941767	623.504937	0.007336	15.1
2	-0.783009	619.865785	0.006170	14.2
3	-0.324453	616.282728	0.004850	13.1
4	-0.375325	612.754375	0.005800	17.3
5	0.000000	609.279381	0.000000	12.6
6	-0.000000	605.856447	0.000000	12.3
7	-0.696874	602.484317	0.004601	15.6
8	-0.558259	599.161779	0.008217	13.6
9	-0.000197	595.887656	0.000016	11.2
10	-0.790483	592.660813	0.011337	18.9
11	0.000000	589.480151	0.000000	11.9
12	-0.419176	586.344606	0.007134	11.6
13	0.000000	583.253145	0.000000	16.2
14	-0.604549	580.204771	0.006529	13.8
15	-0.269298	577.198517	0.004827	11.7
16	-0.332730	574.233444	0.003665	14.1
17	-0.433486	571.308645	0.005432	18.7
18	-0.001233	568.423237	0.000040	13.9
19	-0.608181	565.576365	0.007139	14.2
20	-0.000004	562.767201	0.000003	13.2
21	-0.797960	559.994938	0.006452	16.5
22	-0.746915	557.258797	0.005906	15.3
23	-0.828919	554.558018	0.006790	14.7
24	-0.648296	551.891865	0.005366	12.2
25	-0.788585	549.259621	0.008817	14.8
26	-0.520318	546.660592	0.006060	14.9
27	0.000000	544.094102	0.000000	12.5
28	-0.427641	541.559494	0.006647	13.3
29	-0.144209	539.056129	0.001781	13.6
30	-0.237288	536.583387	0.006211	14.0
31	-0.591648	534.140663	0.006406	12.6
32	-0.029073	531.727370	0.001543	17.6
33	-0.051890	529.342935	0.001439	12.2
34	-0.488451	526.986802	0.005739	12.4
35	-0.734752	524.658430	0.005802	15.6
36	-0.003974	522.357290	0.000149	13.8
37	-0.497695	520.082868	0.005845	11.5
38	-0.401480	517.834665	0.006476	17.5
39	-1.025227	515.612193	0.013754	11.9
40	-0.884164	513.414976	0.008473	12.0
41	-0.412732	511.242551	0.007139	12.8
42	-0.404030	509.094468	0.004766	16.3
43	-0.000368	506.970285	0.000019	14.0
44	-0.692689	504.869574	0.006533	11.8
45	-0.662678	502.791916	0.006302	19.5
46	-0.714835	500.736903	0.006074	12.0
47	0.000000	498.704137	0.000000	11.7
48	-0.539874	496.693228	0.006985	16.3
49	-0.512597	494.703798	0.004807	13.9
50	0.000000	492.735476	0.000000	11.6
51	-0.000218	490.787900	0.000106	13.0
52	-0.078782	488.860718	0.001702	16.1
53	-0.412616	486.953585	0.005045	12.8
54	-0.700712	485.066164	0.008406	14.5
55	-0.661901	483.198126	0.005930	15.3
56	0.000000	481.349149	0.000000	14.5
57	0.000000	479.518920	0.000000	11.5
58	0.000000	477.707132	0.000000	17.3
59	-0.316529	475.913485	0.004441	13.8
60	0.000000	474.137684	0.000000	13.4
61	-0.000000	472.379445	0.000001	16.2
62	-0.402687	470.638485	0.005565	13.0
63	0.000000	468.914531	0.000000	12.0
64	-0.539924	467.207315	0.004598	16.0
65	-0.849666	465.516573	0.007947	14.2
66	-0.691281	463.842050	0.005833	12.3
67	-0.696762	462.183494	0.011253	13.2
68	-0.826693	460.540658	0.007055	14.3
69	-0.009007	458.913303	0.000130	14.2
70	-0.536703	457.301192	0.003596	12.5
71	-0.620471	455.704096	0.005673	17.6
72	-0.802669	454.121787	0.009778	12.8
73	-0.156814	452.554045	0.002216	13.4
74	-0.648858	451.000653	0.006045	16.1
75	-0.538874	449.461399	0.006293	13.7
76	-0.166676	447.936075	0.002205	11.9
77	0.000000	446.424477	0.000000	17.8
78	-0.107863	444.926406	0.001619	14.0
79	-0.028123	443.441666	0.001046	11.7
80	0.000000	441.970065	0.000000	19.8
81	0.000000	440.511415	0.000000	11.8
82	-0.199315	439.065533	0.003063	11.6
83	-0.342377	437.632238	0.005070	14.9
84	-0.811515	436.211351	0.006639	15.1
85	0.000000	434.802701	0.000000	13.7
86	-0.180268	433.406117	0.002102	11.7
87	-0.402815	432.021430	0.005480	20.1
88	0.000000	430.648479	0.000000	12.0
89	-0.018929	429.287101	0.000854	12.1
90	-0.410285	427.937140	0.006025	16.5
91	-0.830608	426.598440	0.007564	13.5
92	-0.751743	425.270849	0.006690	11.9
93	0.000000	423.954220	0.000000	13.2
94	0.000000	422.648404	0.000000	17.3
95	-0.570201	421.353259	0.010040	13.3
96	-0.321481	420.068643	0.002666	13.3
97	-0.050657	418.794419	0.001063	15.4
98	-0.324144	417.530451	0.004015	13.8
99	-0.054547	416.276604	0.001713	11.7
100	-0.000001	415.032748	0.000001	16.2
101	-0.492228	413.798754	0.005819	14.5
102	-0.377084	412.574495	0.006965	12.3
103	-0.793637	411.359849	0.006142	17.0
104	-0.450709	410.154691	0.004647	12.7
105	-0.800071	408.958904	0.005660	12.0
106	-0.025576	407.772368	0.001909	12.5
107	-0.731973	406.594968	0.009225	18.6
108	-0.579437	405.426590	0.005237	12.2
109	0.000000	404.267122	0.000000	12.4
110	0.000000	403.116456	0.000000	16.9
111	-0.422373	401.974481	0.008081	13.3
112	-0.329651	400.841093	0.004174	11.8
113	-0.654682	399.716187	0.004670	17.7
114	-0.309144	398.599660	0.004230	14.5
115	-0.872703	397.491411	0.007834	11.9
116	-0.237605	396.391342	0.004318	16.6
117	0.000000	395.299353	0.000000	13.7
118	0.000000	394.215350	0.000000	12.0
119	-0.200831	393.139238	0.002836	13.1
120	-0.733129	392.070924	0.005116	14.9
121	-0.114266	391.010316	0.001988	13.6
122	-0.867523	389.957325	0.008373	14.0
123	0.000000	388.911862	0.000000	16.2
124	0.000000	387.873839	0.000000	13.9
125	-0.000000	386.843173	0.000000	13.5
126	0.000000	385.819777	0.000000	18.6
127	-0.179316	384.803569	0.003906	12.2
128	-0.639514	383.794468	0.007702	13.2
129	-0.709750	382.792393	0.005764	15.6
130	-0.014597	381.797264	0.000943	13.6
131	0.000000	380.809005	0.000000	11.9
132	-0.000000	379.827537	0.000000	16.4
133	-0.832648	378.852786	0.005935	14.6
134	-0.787637	377.884678	0.005700	12.0
135	-0.044003	376.923138	0.001790	13.2
136	-0.933683	375.968095	0.010551	14.6
137	-0.529003	375.019479	0.007595	13.9
138	-0.741917	374.077218	0.004758	13.1
139	-0.200349	373.141244	0.004301	17.7
140	-0.640401	372.211489	0.007055	12.2
141	-0.028374	371.287887	0.000612	12.3
142	-0.915126	370.370370	0.008543	15.9
143	-0.823512	369.458876	0.005528	13.9
144	-0.009489	368.553338	0.000341	11.8
145	-0.424151	367.653696	0.007117	16.4
146	-0.472343	366.759885	0.009199	15.4
147	-0.037729	365.871846	0.001112	12.2
148	-0.815145	364.989518	0.006973	13.2
149	-0.458428	364.112841	0.005581	13.6
150	-0.393643	363.241757	0.004747	14.8
151	0.000000	362.376208	0.000000	13.3
152	-0.522393	361.516137	0.005245	17.0
153	-0.245633	360.661488	0.003607	12.4
154	0.000000	359.812206	0.000000	12.3
155	-0.000017	358.968236	0.000001	15.4
156	-0.390014	358.129524	0.004802	13.5
157	-0.638593	357.296018	0.003985	11.8
158	-0.662310	356.467665	0.006118	18.1
159	-0.453169	355.644414	0.004432	12.0
160	-0.553815	354.826213	0.006015	13.3
161	0.000000	354.013012	0.000000	15.5
162	-0.000082	353.204763	0.000020	13.6
163	0.000000	352.401415	0.000000	14.7
164	0.000000	351.602922	0.000000	15.2
165	-0.828249	350.809235	0.008985	15.3
166	-0.731281	350.020308	0.005407	14.1
167	0.000000	349.236095	0.000000	14.8
168	0.000000	348.456550	0.000000	12.7
169	-0.580237	347.681627	0.006318	12.4
170	-0.900687	346.911283	0.008934	13.7
171	0.000000	346.145474	0.000000	17.4
172	-0.863320	345.384157	0.008361	16.6
173	0.000000	344.627288	0.000000	15.4
174	-0.483028	343.874826	0.006477	14.9
175	-0.756811	343.126729	0.003964	16.9
176	-0.486255	342.382957	0.005562	17.8
177	-0.635246	341.643469	0.005000	15.9
178	-0.058018	340.908224	0.003507	13.5
179	0.000000	340.177184	0.000000	14.3
180	-0.867003	339.450309	0.010088	13.3
181	-0.470675	338.727561	0.007302	15.4
182	-0.483558	338.008902	0.006981	19.9
183	-0.593493	337.294295	0.004906	12.0
184	-0.739238	336.583703	0.005730	12.9
185	-0.288427	335.877089	0.003414	15.4
186	-0.668564	335.174416	0.004650	16.6
187	-0.369616	334.475651	0.004360	14.8
188	0.000000	333.780756	0.000000	15.3
189	-0.578877	333.089698	0.006491	16.2
190	0.000000	332.402443	0.000000	14.3
191	-0.870858	331.718955	0.007744	15.5
192	-0.649128	331.039203	0.005738	17.8
193	-0.768917	330.363153	0.005416	12.3
194	-0.000000	329.690771	0.000000	15.1
195	-0.834302	329.022027	0.006958	12.0
196	0.000000	328.356888	0.000000	15.0
197	-0.375864	327.695322	0.008288	15.9
198	-0.757895	327.037299	0.006861	14.1
199	-0.525753	326.382787	0.006095	14.1
200	-0.679456	325.731758	0.012892	15.0
201	-0.059220	325.084179	0.000913	17.1
202	-0.792745	324.440023	0.004633	14.3
203	-0.837241	323.799258	0.008472	15.9
204	-0.121910	323.161858	0.002951	14.2
205	-0.938565	322.527792	0.006758	13.9
206	-0.960139	321.897034	0.011465	14.6
207	-0.667808	321.269554	0.006584	14.6
208	-0.737963	320.645325	0.010387	13.4
209	-0.502404	320.024320	0.005541	14.0
210	-0.493229	319.406512	0.006416	18.3
211	-0.164115	318.791875	0.002027	14.3
212	-0.204228	318.180381	0.006192	15.7
213	-0.019268	317.572005	0.000211	12.0
214	0.000000	316.966721	0.000000	15.5
215	-0.801565	316.364504	0.007276	17.1
216	-0.409757	315.765329	0.006952	13.7
217	-0.735088	315.169170	0.006304	12.6
218	-0.576618	314.576003	0.005931	14.0
219	-0.552620	313.985804	0.007581	17.8
220	-0.758494	313.398548	0.008119	14.5
221	-1.118932	312.814213	0.011026	15.4
222	-0.137329	312.232773	0.002463	11.6
223	-0.000340	311.654207	0.000019	15.3
224	0.000000	311.078491	0.000000	13.9
225	0.000000	310.505602	0.000000	17.2
226	-0.286459	309.935518	0.002784	13.2
227	0.000000	309.368217	0.000000	13.2
228	-0.058811	308.803676	0.000981	17.9
229	-0.000000	308.241874	0.000000	14.4
230	-0.204697	307.682789	0.004269	15.1
231	-0.959138	307.126400	0.006535	11.5
232	-0.799421	306.572687	0.009986	16.0
233	-0.950575	306.021627	0.011232	13.9
234	-0.464737	305.473201	0.005912	15.8
235	-0.772019	304.927388	0.008860	13.3
236	-0.757040	304.384168	0.008549	14.9
237	-0.478605	303.843521	0.003401	17.2
238	-0.957664	303.305427	0.006834	14.1
239	-0.372113	302.769867	0.005863	15.7
240	-0.175165	302.236821	0.002692	11.8
241	-0.308445	301.706270	0.004376	15.1
242	-0.977671	301.178196	0.009359	13.9
243	-0.660230	300.652580	0.005155	17.5
244	0.000000	300.129402	0.000000	13.5
245	-0.624103	299.608645	0.005301	15.8
246	-0.473572	299.090291	0.003791	15.0
247	-0.490846	298.574321	0.006654	15.4
248	-0.398490	298.060718	0.005333	17.0
249	-0.010120	297.549465	0.000108	14.8
250	-0.915590	297.040543	0.010732	14.9
251	-0.754071	296.533936	0.006611	15.5
252	-0.677192	296.029626	0.008476	15.0
253	-0.046878	295.527597	0.002207	15.6
254	-0.694413	295.027832	0.007812	19.0
255	0.000000	294.530315	0.000000	15.1
256	-0.000000	294.035028	0.000000	11.5
257	0.000000	293.541956	0.000000	14.2
258	-0.000000	293.051083	0.000000	17.6
259	-0.191435	292.562393	0.002588	14.8
260	-0.402693	292.075870	0.004892	14.6
261	-0.491903	291.591498	0.007448	16.0
262	-0.892152	291.109263	0.007438	12.0
263	-0.915657	290.629149	0.009710	13.9
264	-0.467856	290.151140	0.005137	12.9
265	-0.000484	289.675222	0.000147	13.9
266	-0.206538	289.201380	0.003842	12.8
267	-0.799017	288.729600	0.007507	16.4
268	-0.614094	288.259866	0.006402	12.3
269	-0.861748	287.792165	0.006155	11.7
270	0.000000	287.326481	0.000000	16.3
271	0.000000	286.862802	0.000000	13.8
272	-0.368117	286.401113	0.004961	11.7
273	-1.057391	285.941400	0.010622	13.4
274	0.000000	285.483649	0.000000	18.2
275	0.000000	285.027847	0.000000	13.3
276	-0.510213	284.573981	0.003307	12.6
277	-0.256858	284.122037	0.002801	15.7
278	0.000000	283.672002	0.000000	13.7
279	-1.001832	283.223863	0.008510	11.7
280	-0.915886	282.777607	0.006401	16.3
281	-0.322058	282.333221	0.003142	14.4
282	-0.932474	281.890692	0.007928	15.2
283	-0.660449	281.450008	0.005949	14.4
284	-0.443407	281.011157	0.003430	12.4
285	-0.710599	280.574125	0.008340	14.3
286	-0.045558	280.138901	0.002154	13.3
287	-0.025832	279.705473	0.000889	16.4
288	-0.703519	279.273829	0.005825	12.2
289	0.000000	278.843956	0.000000	12.1
290	-0.061918	278.415844	0.001330	15.7
291	-0.509220	277.989479	0.006633	13.6
292	-1.003328	277.564851	0.009925	11.7
293	-0.611244	277.141949	0.006241	18.5
294	0.000000	276.720761	0.000000	14.8
295	0.000000	276.301275	0.000000	12.7
296	-0.455991	275.883480	0.004963	13.4
297	-0.708803	275.467366	0.005370	12.8
298	-0.424935	275.052922	0.003994	13.7
299	-0.655528	274.640136	0.005138	12.9
300	-0.378693	274.228998	0.003044	17.6
301	-0.059748	273.819497	0.003484	12.0
302	-0.036041	273.411623	0.000944	11.6
303	-0.593692	273.005365	0.006985	17.7
304	-0.581755	272.600712	0.006572	12.8
305	-0.266057	272.197655	0.004194	12.0
306	-0.644830	271.796184	0.006652	15.4
307	-0.866366	271.396287	0.006114	14.4
308	-0.214757	270.997956	0.003075	11.6
309	-0.846415	270.601180	0.007312	13.2
310	-0.326996	270.205949	0.003303	14.8
311	-0.535008	269.812254	0.009183	14.0
312	-0.129887	269.420085	0.002513	12.7
313	-0.690291	269.029432	0.004761	18.6
314	-0.934460	268.640287	0.008284	12.0
315	-0.691676	268.252638	0.005967	11.6
316	-0.854655	267.866478	0.006188	17.3
317	0.000000	267.481796	0.000000	13.6
318	-0.270746	267.098584	0.004142	11.9
319	-0.761867	266.716833	0.005013	16.3
320	-0.613929	266.336533	0.009273	14.5
321	-0.898947	265.957676	0.007846	11.8
322	-0.475703	265.580253	0.005995	13.1
323	-0.536855	265.204254	0.006164	14.6
324	-0.250912	264.829672	0.003165	15.0
325	0.000000	264.456497	0.000000	13.7
326	0.000000	264.084721	0.000000	16.5
327	-0.285511	263.714335	0.003779	12.3
328	-0.970467	263.345332	0.007911	12.1
329	-0.570310	262.977702	0.005352	14.8
330	-0.516048	262.611438	0.004375	14.4
331	-0.858715	262.246531	0.006736	11.7
332	0.000000	261.882973	0.000000	16.3
333	-0.443341	261.520756	0.003158	14.5
334	-1.101169	261.159871	0.012395	11.7
335	-0.627969	260.800312	0.004412	16.3
336	-0.466704	260.442070	0.004444	13.2
337	-0.753026	260.085137	0.005819	12.0
338	-0.783451	259.729505	0.008520	13.0
339	-0.669050	259.375167	0.006359	18.1
340	-0.676518	259.022116	0.005958	12.1
341	-0.001861	258.670343	0.000046	12.1
342	-0.537196	258.319841	0.003266	15.9
343	-0.588967	257.970602	0.007996	13.8
344	-0.717127	257.622620	0.005652	12.1
345	-0.005546	257.275887	0.000102	18.0
346	-0.872438	256.930396	0.009583	12.2
347	-0.218497	256.586139	0.003529	11.8
348	-0.481026	256.243109	0.005993	13.9
349	-0.657102	255.901300	0.006151	15.9
350	-0.636971	255.560703	0.005254	13.8
351	-0.029482	255.221313	0.001008	11.9
352	0.000000	254.883122	0.000000	20.0
353	-0.078086	254.546124	0.001649	12.3
354	-0.186301	254.210311	0.002580	13.0
355	-0.006859	253.875677	0.000310	14.8
356	-0.422701	253.542215	0.005375	13.8
357	-0.642808	253.209918	0.007662	11.9
358	-0.790397	252.878781	0.005421	16.6
359	-0.664533	252.548795	0.008270	14.5
360	-0.147678	252.219956	0.002609	12.2
361	-0.648558	251.892255	0.005698	12.8
362	-0.258016	251.565688	0.004099	14.5
363	-0.046585	251.240247	0.003124	14.1
364	-0.354061	250.915926	0.005193	12.2
365	-0.688277	250.592720	0.008649	18.2
366	-0.002398	250.270621	0.000231	12.1
367	-0.872328	249.949624	0.008168	11.5
368	-0.394421	249.629723	0.005281	16.4
369	-0.208267	249.310911	0.003771	13.6
370	-0.733266	248.993182	0.006736	11.9
371	-0.354012	248.676531	0.002920	14.5
372	-0.933525	248.360952	0.007311	16.5
373	-0.464693	248.046438	0.005107	11.9
374	-0.827725	247.732984	0.007234	12.8
375	-0.930941	247.420584	0.007548	15.9
376	-0.732260	247.109233	0.008249	13.9
377	0.000000	246.798924	0.000000	12.1
378	-0.569527	246.489652	0.007819	17.5
379	0.000000	246.181412	0.000000	14.6
380	-0.531972	245.874197	0.007396	11.9
381	-0.707655	245.568002	0.005126	16.4
382	0.000000	245.262822	0.000000	13.2
383	-0.453489	244.958652	0.004086	12.0
384	-0.621453	244.655485	0.003557	13.6
385	-0.786076	244.353317	0.005662	18.3
386	-0.277664	244.052142	0.005186	12.5
387	-0.485402	243.751955	0.004358	14.0
388	-0.786115	243.452750	0.009140	15.0
389	0.000000	243.154523	0.000000	13.1
390	-0.689102	242.857268	0.006612	12.3
391	-0.491322	242.560980	0.004600	18.9
392	-0.113198	242.265654	0.002846	14.0
393	-0.810987	241.971285	0.006577	12.7
394	-0.746936	241.677868	0.007860	19.2
395	-0.479624	241.385397	0.005303	12.2
396	-0.337622	241.093869	0.004264	12.2
397	0.000000	240.803278	0.000000	16.5
398	-0.626242	240.513619	0.005854	13.6
399	-0.501916	240.224887	0.006077	11.9
400	-0.022008	239.937077	0.000986	17.1
401	-0.812861	239.650186	0.006325	14.7
402	-0.867325	239.364207	0.006235	12.2
403	-0.005929	239.079136	0.001631	13.0
404	0.000000	238.794969	0.000000	14.5
405	-0.000000	238.511701	0.000000	14.0
406	0.000000	238.229327	0.000000	13.5
407	-0.734010	237.947843	0.006764	18.3
408	-0.000000	237.667244	0.000000	11.9
409	-0.015636	237.387526	0.001610	11.7
410	0.000000	237.108684	0.000000	16.5
411	0.000000	236.830714	0.000000	13.0
412	0.000000	236.553610	0.000000	12.0
413	-0.773808	236.277370	0.006267	13.0
414	-0.013622	236.001989	0.001195	19.8
415	-0.854341	235.727461	0.008534	12.2
416	-0.620304	235.453784	0.006064	12.4
417	0.000000	235.180952	0.000000	15.6
418	-0.742242	234.908962	0.008367	13.7
419	-0.600588	234.637809	0.006560	11.9
420	-0.008592	234.367488	0.000000	16.4
421	-0.841502	234.097997	0.006461	14.6
422	0.000000	233.829331	0.000000	12.2
423	0.000000	233.561485	0.000000	13.1
424	-0.840418	233.294456	0.006920	15.2
425	-0.456170	233.028239	0.004540	13.8
426	-0.925285	232.762831	0.008864	12.2
427	-0.612639	232.498228	0.006451	18.1
428	0.000000	232.234425	0.000000	11.3
429	-0.405546	231.971419	0.007544	11.6
430	-0.034344	231.709205	0.000975	16.4
431	-0.777589	231.447781	0.007607	13.6
432	0.000000	231.187141	0.000000	11.7
433	0.000000	230.927283	0.000000	13.1
434	-0.804033	230.668202	0.006569	17.5
435	-0.744483	230.409895	0.010154	12.0
436	-0.609430	230.152358	0.005650	12.8
437	-0.879139	229.895587	0.008161	15.9
438	-0.399722	229.639578	0.004790	13.7
439	-0.878493	229.384329	0.007215	11.9
440	-0.504269	229.129834	0.005630	19.0
441	-0.665083	228.876091	0.004729	12.6
442	-0.844553	228.623096	0.005302	12.3
443	-0.042982	228.370846	0.001759	13.5
444	-0.358573	228.119336	0.003790	15.4
445	-0.264247	227.868563	0.002963	13.7
446	-0.585516	227.618525	0.004950	12.8
447	-0.000159	227.369216	0.000013	17.8
448	-0.715745	227.120635	0.006435	12.0
449	-0.808124	226.872777	0.006887	12.9
450	-0.552336	226.625638	0.004886	15.0
451	-0.050354	226.379217	0.001083	13.7
452	-0.323020	226.133509	0.005516	15.2
453	0.000000	225.888510	0.000000	16.5
454	-0.301532	225.644218	0.004424	14.9
455	-0.870461	225.400630	0.009058	13.4
456	-0.417087	225.157741	0.006522	14.2
457	-0.636897	224.915549	0.004095	12.9
458	0.000000	224.674051	0.000000	12.3
459	-0.790328	224.433242	0.006541	18.0
460	-0.344505	224.193121	0.006192	14.1
461	-0.000000	223.953684	0.000000	11.9
462	0.000000	223.714927	0.000000	19.2
463	0.000000	223.476848	0.000000	12.3
464	-0.724444	223.239444	0.007089	11.6
465	-0.720140	223.002710	0.006416	12.8
466	-0.441514	222.766645	0.007170	16.5
467	-0.660077	222.531245	0.006182	13.6
468	-0.651006	222.296508	0.004611	12.2
469	-0.629432	222.062429	0.004794	20.4
470	-0.284310	221.829007	0.003810	12.4
471	-0.544531	221.596238	0.005734	12.1
472	-0.869751	221.364119	0.006303	17.5
473	-0.434070	221.132647	0.005747	12.9
474	0.000000	220.901820	0.000000	12.0
475	-0.049156	220.671634	0.001669	15.7
476	-0.637147	220.442086	0.006387	14.8
477	-0.461283	220.213174	0.004553	12.1
478	-0.333511	219.984895	0.004207	13.0
479	-0.736048	219.757246	0.004974	14.3
480	-0.707496	219.530224	0.008100	13.4
481	-0.573531	219.303826	0.007721	12.2
482	-0.665503	219.078050	0.005004	18.8
483	0.000000	218.852893	0.000000	12.1
484	-0.004166	218.628352	0.000537	11.6
485	-0.128711	218.404424	0.000927	17.9
486	-0.649988	218.181106	0.006906	13.7
487	0.000000	217.958397	0.000000	12.1
488	-0.678386	217.736292	0.005986	16.8
489	-0.250926	217.514790	0.003968	14.5
490	-0.034737	217.293888	0.001790	12.1
491	-0.000015	217.073584	0.000004	13.2
492	-0.603261	216.853873	0.006557	14.3
493	-0.182454	216.634755	0.003215	14.1
494	-0.159093	216.416227	0.001814	12.6
495	0.000000	216.198285	0.000000	16.2
496	-0.114730	215.980927	0.001788	14.7
497	-0.896054	215.764151	0.007841	11.8
498	-0.217087	215.547955	0.003011	20.6
499	-0.680188	215.332335	0.006908	12.8
500	-0.627916	215.117289	0.005977	12.2
501	-0.668798	214.902815	0.006625	16.1
502	-0.095084	214.688911	0.002247	14.6
503	-0.953446	214.475573	0.005277	13.2
504	-0.816395	214.262800	0.005110	19.4
505	0.000000	214.050588	0.000000	11.7
506	-0.081929	213.838936	0.001334	12.3
507	-0.158732	213.627842	0.002446	19.4
508	-0.730558	213.417302	0.005966	11.7
509	-0.494302	213.207314	0.006015	12.2
510	-0.640446	212.997877	0.006116	17.3
511	-0.718262	212.788987	0.010120	14.5
512	-0.385112	212.580642	0.004746	11.6
513	-0.034000	212.372841	0.001995	18.1
514	0.000000	212.165581	0.000000	12.2
515	-0.792951	211.958859	0.005213	11.5
516	-0.961465	211.752673	0.007402	13.0
517	-0.344774	211.547021	0.005927	15.8
518	-0.052882	211.341902	0.002830	14.1
519	-0.000658	211.137311	0.000072	12.0
520	0.000000	210.933248	0.000000	19.2
521	-0.786348	210.729710	0.006854	12.1
522	-1.039502	210.526695	0.008813	11.9
523	-0.345655	210.324200	0.004419	16.8
524	-0.184294	210.122224	0.003220	13.8
525	-0.260359	209.920765	0.002766	11.8
526	-0.907669	209.719820	0.006127	18.5
527	-0.000013	209.519387	0.000009	12.1
528	-0.206292	209.319463	0.002229	11.7
529	-0.118789	209.120048	0.002109	12.9
530	-0.187724	208.921139	0.003265	16.4
531	-0.625736	208.722733	0.003464	14.1
532	-0.725763	208.524829	0.006120	12.0
533	0.000000	208.327425	0.000000	19.1
534	-0.688356	208.130518	0.005685	12.2
535	-0.652482	207.934107	0.006693	11.7
536	0.000000	207.738189	0.000000	16.9
537	0.000000	207.542762	0.000000	12.7
538	-0.000761	207.347825	0.000022	13.2
539	0.000000	207.153376	0.000000	16.6
540	-0.648076	206.959412	0.006249	14.7
541	0.000000	206.765932	0.000000	12.9
542	-0.483076	206.572933	0.003922	13.7
543	-0.799956	206.380414	0.005743	12.8
544	-0.021529	206.188373	0.000476	14.2
545	-0.430546	205.996807	0.004571	13.0
546	-0.533811	205.805716	0.006283	17.2
547	-0.523557	205.615096	0.005824	12.9
548	0.000000	205.424946	0.000000	12.3
549	-0.523398	205.235265	0.005298	15.8
550	-0.774667	205.046050	0.007691	13.3
551	-0.734972	204.857299	0.005232	12.1
552	-0.594210	204.669011	0.005023	16.5
553	-0.838541	204.481184	0.007168	14.5
554	-0.499349	204.293816	0.008176	12.3
555	-0.803268	204.106905	0.007856	12.9
556	-0.945095	203.920449	0.007330	14.5
557	-0.418927	203.734447	0.006327	14.2
558	0.000000	203.548896	0.000000	11.3
559	-0.786357	203.363795	0.008034	18.8
560	-0.912554	203.179143	0.006906	12.2
561	-0.693958	202.994937	0.008060	11.6
562	0.000000	202.811176	0.000000	15.7
563	-0.645266	202.627857	0.004407	13.6
564	-0.257733	202.444980	0.003873	11.9
565	-0.876789	202.262543	0.006991	14.0
566	-0.109497	202.080543	0.001818	16.8
567	-0.747714	201.898979	0.006327	11.8
568	-0.371231	201.717849	0.003525	12.9
569	-0.682989	201.537153	0.005357	15.8
570	-0.533724	201.356887	0.005081	14.0
571	-0.006014	201.177050	0.001072	11.9
572	0.000000	200.997642	0.000000	18.6
573	-0.885351	200.818659	0.006906	12.3
574	-0.535003	200.640100	0.006680	12.3
575	-0.424923	200.461965	0.007039	17.2
576	0.000000	200.284250	0.000000	13.7
577	-0.644776	200.106955	0.006821	13.4
578	-0.821018	199.930078	0.005832	14.8
579	-0.000388	199.753617	0.000008	16.4
580	-0.008292	199.577571	0.000374	13.1
581	-0.004373	199.401938	0.000257	14.0
582	-0.682691	199.226717	0.004945	15.1
583	-0.785627	199.051905	0.006629	14.5
584	-0.253793	198.877502	0.005845	14.8
585	0.000000	198.703506	0.000000	15.8
586	-0.418041	198.529916	0.005612	12.6
587	-0.514243	198.356729	0.006342	13.8
588	-0.435055	198.183944	0.006462	18.9
589	-0.264453	198.011560	0.002774	13.6
590	-0.427412	197.839576	0.006153	15.9
591	-0.138839	197.667989	0.002677	17.6
592	0.000000	197.496798	0.000000	13.2
593	-0.666854	197.326002	0.007781	19.9
594	-0.000208	197.155600	0.000116	12.6
595	-0.507891	196.985589	0.004689	12.9
596	-0.230521	196.815969	0.002479	14.6
597	-0.498674	196.646738	0.006953	14.9
598	-0.738684	196.477894	0.005098	15.9
599	0.000000	196.309436	0.000000	18.0
600	-0.001379	196.141363	0.000050	15.9
601	-0.887700	195.973673	0.006666	12.9
602	-0.993749	195.806365	0.007746	15.3
603	0.000000	195.639437	0.000000	15.5
604	-0.364020	195.472888	0.003586	14.0
605	-0.875554	195.306717	0.007685	17.0
606	-0.039193	195.140922	0.000509	13.4
607	0.000000	194.975501	0.000000	13.4
608	-0.000000	194.810454	0.000000	15.0
609	-0.759942	194.645779	0.005243	14.9
610	-0.913521	194.481475	0.007839	12.5
611	-0.570977	194.317540	0.006356	14.3
612	-0.574905	194.153973	0.004242	16.5
613	-0.145618	193.990773	0.002611	12.3
614	0.000000	193.827938	0.000000	13.2
615	0.000000	193.665467	0.000000	15.0
616	0.000000	193.503358	0.000000	14.5
617	-0.825114	193.341611	0.005611	12.5
618	-0.070527	193.180224	0.002929	18.3
619	-0.284965	193.019196	0.006036	12.2
620	-0.308458	192.858525	0.002962	11.8
621	-0.288525	192.698210	0.003881	17.5
622	-0.825354	192.538251	0.006934	12.7
623	-0.004401	192.378644	0.000056	12.6
624	-0.593453	192.219391	0.006040	16.5
625	-0.744348	192.060488	0.007613	15.5
626	-0.586402	191.901935	0.009816	13.0
627	-0.432111	191.743730	0.005660	15.6
628	-0.130638	191.585873	0.002340	12.7
629	-0.631387	191.428362	0.006632	14.6
630	-0.730873	191.271196	0.005521	14.9
631	0.000000	191.114374	0.000000	16.2
632	-0.974624	190.957893	0.007966	13.3
633	-0.720522	190.801755	0.007081	16.1
634	-0.501797	190.645956	0.007321	15.8
635	-0.903562	190.490495	0.007338	12.7
636	-0.030718	190.335373	0.000243	13.9
637	-0.617300	190.180587	0.006237	13.7
638	-0.596075	190.026136	0.005573	14.7
639	-0.000000	189.872019	0.000000	15.1
640	0.000000	189.718235	0.000000	16.6
641	-0.675742	189.564782	0.005841	12.9
642	-0.045651	189.411661	0.000654	14.0
643	-0.639298	189.258868	0.007448	17.4
644	-0.402202	189.106404	0.003846	13.7
645	-0.144940	188.954267	0.002204	15.8
646	-0.828486	188.802456	0.005646	12.9
647	-0.727421	188.650969	0.004936	13.2
648	-0.732868	188.499807	0.006225	14.6
649	0.000000	188.348967	0.000000	16.5
650	-0.224675	188.198448	0.002955	13.5
651	-0.254362	188.048250	0.004224	14.2
652	-0.768487	187.898371	0.004678	16.7
653	-0.062450	187.748810	0.002412	13.2
654	-0.515969	187.599566	0.006855	13.9
655	0.000000	187.450638	0.000000	13.2
656	-0.612803	187.302025	0.004835	14.0
657	0.000000	187.153725	0.000000	14.8
658	-0.830160	187.005739	0.007256	16.7
659	-0.654988	186.858064	0.007874	12.2
660	-0.802800	186.710699	0.008559	14.4
661	-0.371296	186.563645	0.004813	16.4
662	0.000000	186.416898	0.000000	13.2
663	0.000000	186.270459	0.000000	14.3
664	-0.728057	186.124326	0.004736	15.2
665	-0.479271	185.978499	0.005258	15.4
666	-0.901409	185.832976	0.005904	14.5
667	-0.560808	185.687756	0.006414	16.3
668	-0.846476	185.542838	0.006813	13.3
669	-0.798099	185.398222	0.006236	14.7
670	-0.934461	185.253906	0.007461	13.8
671	0.000000	185.109889	0.000000	13.3
672	-0.709712	184.966170	0.005726	14.4
673	0.000000	184.822748	0.000000	15.6
674	0.000000	184.679623	0.000000	13.8
675	-0.380928	184.536792	0.005341	14.6
676	-0.569637	184.394256	0.006382	16.2
677	-0.358800	184.252013	0.003526	12.4
678	0.000000	184.110062	0.000000	13.5
679	-0.736010	183.968403	0.005452	14.5
680	-0.928082	183.827034	0.007826	13.2
681	-0.355200	183.685954	0.004716	12.5
682	-0.496683	183.545163	0.004297	18.2
683	-0.023572	183.404658	0.000707	11.7
684	-0.110503	183.264441	0.002439	11.8
685	-0.604926	183.124509	0.005914	16.3
686	-0.404055	182.984861	0.006370	13.4
687	-0.636747	182.845497	0.007596	12.7
688	0.000000	182.706416	0.000000	13.2
689	0.000000	182.567616	0.000000	17.3
690	0.000000	182.429098	0.000000	12.0
691	-0.462857	182.290859	0.004850	12.2
692	-0.356436	182.152899	0.002772	16.2
693	-0.620998	182.015217	0.008391	13.7
694	-0.471324	181.877813	0.005272	12.1
695	0.000000	181.740684	0.000000	16.5
696	-0.459205	181.603832	0.004767	14.6
697	0.000000	181.467253	0.000000	11.9
698	-0.256537	181.330948	0.003382	13.2
699	-0.262628	181.194916	0.003551	14.5
700	-0.652415	181.059155	0.007194	14.3
701	0.000000	180.923666	0.000000	12.3
702	-0.964309	180.788446	0.007970	17.6
703	0.000000	180.653496	0.000000	12.7
704	-0.780161	180.518814	0.008496	11.7
705	-0.201879	180.384399	0.003113	17.2
706	-0.161848	180.250251	0.003797	13.2
707	-0.845668	180.116369	0.008224	12.9
708	-0.839660	179.982752	0.004991	16.7
709	-0.483888	179.849398	0.007074	14.4
710	-0.633423	179.716308	0.006172	12.4
711	-0.693680	179.583480	0.006298	13.0
712	-0.646916	179.450913	0.007299	14.3
713	-0.611610	179.318607	0.005848	13.6
714	-0.638659	179.186561	0.007763	11.6
715	-0.561939	179.054774	0.004193	18.8
716	-0.840559	178.923245	0.005189	11.9
717	-0.141348	178.791973	0.003203	11.8
718	-0.630989	178.660958	0.007844	15.9
719	-0.551711	178.530199	0.005689	13.9
720	-0.969735	178.399694	0.007673	11.9
721	0.000000	178.269444	0.000000	14.0
722	-0.454809	178.139447	0.005372	17.3
723	-0.467667	178.009702	0.006391	12.0
724	-0.043531	177.880209	0.000951	12.3
725	-0.335020	177.750967	0.003966	15.1
726	-0.596057	177.621975	0.005892	14.0
727	-0.602103	177.493232	0.003968	12.1
728	-0.202549	177.364738	0.003313	18.8
729	-0.570288	177.236492	0.007978	12.2
730	-0.907036	177.108492	0.004944	11.7
731	-0.843087	176.980739	0.009195	16.3
732	-0.048985	176.853231	0.001534	13.7
733	-0.671834	176.725968	0.006887	11.6
734	-0.431660	176.598949	0.004639	13.1
735	-0.099076	176.472173	0.002650	18.5
736	-0.608717	176.345639	0.006227	12.0
737	-0.264544	176.219348	0.003533	12.2
738	0.000000	176.093296	0.000000	16.0
739	-0.447060	175.967486	0.005915	13.8
740	-0.197501	175.841914	0.003081	11.6
741	-0.697061	175.716581	0.005762	19.2
742	0.000000	175.591486	0.000000	12.1
743	-0.410668	175.466629	0.005281	11.8
744	-0.768582	175.342008	0.005573	12.8
745	0.000000	175.217622	0.000000	16.2
746	-0.647275	175.093472	0.008250	13.6
747	-0.296471	174.969556	0.003118	12.1
748	-0.881356	174.845873	0.006478	20.1
749	-0.908989	174.722423	0.007362	12.1
750	-0.854289	174.599206	0.005431	12.3
751	-0.013928	174.476220	0.000745	17.5
752	-0.624249	174.353464	0.006862	13.3
753	-0.072936	174.230939	0.001143	12.3
754	-0.451308	174.108643	0.003211	16.6
755	-0.136281	173.986576	0.003150	14.8
756	-0.823133	173.864737	0.005356	12.9
757	-0.067387	173.743124	0.002453	13.9
758	-0.297060	173.621739	0.003895	11.8
759	0.000000	173.500579	0.000000	14.0
760	-0.225537	173.379645	0.003761	13.3
761	0.000000	173.258935	0.000000	17.1
762	-0.853824	173.138449	0.007894	12.5
763	-0.049234	173.018186	0.000991	15.3
764	-0.458637	172.898146	0.007167	15.0
765	-0.422417	172.778327	0.004521	12.7
766	-0.817768	172.658730	0.008180	12.3
767	-0.037403	172.539353	0.000417	17.6
768	-0.563258	172.420196	0.004915	14.0
769	0.000000	172.301258	0.000000	12.2
770	-0.538746	172.182539	0.005519	19.8
771	-0.298620	172.064037	0.002876	12.3
772	-0.404164	171.945753	0.005551	11.8
773	-0.802615	171.827686	0.007622	16.6
774	-0.596159	171.709834	0.007136	15.0
775	0.000000	171.592198	0.000000	13.2
776	-0.773436	171.474776	0.004672	14.0
777	-0.066230	171.357568	0.003431	14.8
778	-0.372364	171.240574	0.005054	12.1
779	0.000000	171.123793	0.000000	13.1
780	-0.688406	171.007223	0.006546	14.7
781	-0.650496	170.890865	0.007019	14.0
782	-0.004184	170.774718	0.000083	12.2
783	0.000000	170.658782	0.000000	17.7
784	-0.425287	170.543055	0.006704	12.2
785	-0.013633	170.427537	0.001721	12.6
786	-0.026612	170.312227	0.000842	14.5
787	-0.793381	170.197125	0.007327	13.8
788	-0.069676	170.082231	0.002412	11.9
789	-0.766159	169.967543	0.006263	16.3
790	-0.806735	169.853061	0.009004	15.1
791	-0.137030	169.738784	0.002033	11.7
792	-0.920975	169.624713	0.007962	14.3
793	0.000000	169.510845	0.000000	14.6
794	-0.271518	169.397181	0.004034	12.0
795	-0.378297	169.283720	0.003170	13.0
796	-0.530805	169.170462	0.004976	18.7
797	0.000000	169.057405	0.000000	13.6
798	-0.731922	168.944549	0.004949	12.2
799	0.000000	168.831895	0.000000	15.9
800	-0.702828	168.719440	0.005282	16.8
801	0.000000	168.607185	0.000000	13.6
802	-0.035043	168.495129	0.000401	14.8
803	-0.416742	168.383271	0.004858	13.6
804	-0.007964	168.271611	0.000673	13.6
805	-0.807648	168.160148	0.005400	18.8
806	-0.673135	168.048882	0.006340	12.5
807	-0.633160	167.937812	0.005710	12.1
808	-0.848704	167.826938	0.006405	16.1
809	-0.664139	167.716258	0.005864	13.9
810	-0.335211	167.605773	0.003883	12.0
811	-0.772622	167.495482	0.006963	18.2
812	-0.707667	167.385384	0.007228	11.8
813	-0.051439	167.275479	0.001674	12.1
814	-0.659873	167.165766	0.005289	12.5
815	-0.830035	167.056245	0.006631	16.0
816	-0.110649	166.946915	0.000997	14.0
817	0.000000	166.837776	0.000000	11.9
818	-0.878833	166.728826	0.007116	19.2
819	0.000000	166.620067	0.000000	12.3
820	-0.855771	166.511496	0.005188	11.8
821	0.000000	166.403113	0.000000	17.6
822	0.000000	166.294919	0.000000	12.8
823	-0.589832	166.186912	0.005511	12.3
824	-0.887379	166.079091	0.005916	15.1
825	-0.418880	165.971458	0.003207	14.6
826	-0.468126	165.864009	0.005600	11.8
827	-0.021823	165.756747	0.000253	14.0
828	-0.774105	165.649669	0.005539	13.9
829	-0.171217	165.542775	0.002361	13.7
830	-0.000000	165.436065	0.000000	12.5
831	-0.401949	165.329538	0.005895	18.4
832	-0.998763	165.223194	0.009919	12.5
833	-0.004852	165.117032	0.000079	12.1
834	-0.543063	165.011052	0.006774	16.1
835	-0.915311	164.905253	0.008670	13.6
836	0.000000	164.799635	0.000000	11.4
837	-0.793774	164.694197	0.007301	16.0
838	-0.793555	164.588939	0.006548	13.9
839	-0.211980	164.483859	0.003701	12.2
840	-0.001198	164.378959	0.000032	13.4
841	-0.767545	164.274237	0.006750	14.9
842	-0.041596	164.169692	0.001842	13.4
843	-0.379689	164.065325	0.004932	12.7
844	-0.588384	163.961135	0.006250	19.0
845	-0.617828	163.857120	0.006732	12.1
846	-0.799933	163.753282	0.006515	12.0
847	-0.150874	163.649619	0.002370	16.5
848	-0.000002	163.546130	0.000003	13.1
849	-0.752623	163.442816	0.004178	11.9
850	-0.276664	163.339676	0.003624	16.0
851	-0.783596	163.236709	0.005068	13.2
852	-0.642503	163.133915	0.005888	12.1
853	-0.000000	163.031294	0.000000	13.3
854	0.000000	162.928844	0.000000	15.5
855	0.000000	162.826566	0.000000	13.2
856	0.000000	162.724459	0.000000	12.3
857	0.000000	162.622523	0.000000	19.9
858	-0.885984	162.520757	0.005256	12.4
859	-0.324943	162.419160	0.004598	11.7
860	-0.659391	162.317733	0.008858	16.9
861	-0.855253	162.216474	0.006369	13.4
862	0.000000	162.115383	0.000000	11.9
863	-0.642345	162.014461	0.005015	13.5
864	0.000000	161.913705	0.000000	18.4
865	-0.000000	161.813117	0.000000	12.3
866	0.000000	161.712695	0.000000	13.5
867	-0.450672	161.612439	0.007140	14.9
868	-0.798639	161.512349	0.005833	13.6
869	-0.775209	161.412424	0.007215	11.8
870	0.000000	161.312663	0.000000	18.3
871	-0.000141	161.213067	0.000025	12.2
872	-0.329885	161.113635	0.004749	11.7
873	-0.530319	161.014366	0.005075	13.1
874	-0.663425	160.915260	0.004981	15.8
875	0.000000	160.816316	0.000000	13.1
876	-0.886049	160.717535	0.007143	12.3
877	-0.719203	160.618915	0.005601	19.9
878	-0.811132	160.520456	0.007869	12.8
879	-0.522647	160.422158	0.005155	13.4
880	-0.545423	160.324021	0.006338	16.0
881	-0.998378	160.226043	0.008457	13.4
882	-0.863409	160.128225	0.006170	14.7
883	-0.010240	160.030566	0.000114	16.9
884	-0.016076	159.933066	0.001526	15.5
885	-0.183940	159.835723	0.004157	14.6
886	-0.476120	159.738539	0.006780	16.8
887	-0.564011	159.641512	0.005763	13.2
888	-0.775013	159.544642	0.005932	15.0
889	-0.800896	159.447929	0.004803	17.8
890	-0.687622	159.351372	0.004223	13.3
891	-0.361308	159.254971	0.005466	14.4
892	-0.138649	159.158725	0.002563	12.8
893	-0.270900	159.062634	0.004239	15.0
894	-0.379986	158.966697	0.004642	14.7
895	-0.000025	158.870915	0.000042	18.0
896	-0.410072	158.775286	0.003902	12.7
897	-0.710371	158.679811	0.005761	14.6
898	0.000000	158.584489	0.000000	17.7
899	-0.004049	158.489319	0.000235	12.9
900	-0.870607	158.394302	0.006653	14.7
901	0.000000	158.299436	0.000000	13.0
902	-0.531042	158.204721	0.005805	14.6
903	-0.815330	158.110158	0.009039	14.5
904	-0.915199	158.015745	0.007296	16.4
905	-0.657012	157.921482	0.008349	12.4
906	-0.128283	157.827369	0.002705	14.5
907	-0.424818	157.733406	0.004037	15.7
908	-0.185250	157.639591	0.002869	13.1
909	-0.503300	157.545925	0.005372	17.1
910	-0.317812	157.452408	0.004833	12.2
911	-0.657219	157.359038	0.006976	14.8
912	-0.668602	157.265816	0.007404	16.4
913	-0.773869	157.172741	0.005223	17.7
914	-0.393384	157.079813	0.004395	14.4
915	-0.000001	156.987031	0.000000	16.1
916	-0.464562	156.894395	0.004491	15.2
917	-0.442499	156.801904	0.004273	12.8
918	-0.325343	156.709559	0.004868	15.0
919	-0.024304	156.617359	0.000254	13.5
920	-0.753055	156.525304	0.004120	14.3
921	-0.779239	156.433392	0.005909	15.2
922	-0.201470	156.341624	0.003876	15.7
923	-0.507084	156.250000	0.005959	13.0
924	-0.328757	156.158519	0.003428	14.6
925	-0.413253	156.067180	0.004760	17.0
926	-0.021172	155.975984	0.002785	12.6
927	0.000000	155.884930	0.000000	14.8
928	-0.752442	155.794017	0.004732	14.8
929	-0.912418	155.703246	0.006321	13.8
930	-0.376939	155.612615	0.004314	15.4
931	-0.496351	155.522125	0.004079	15.1
932	-0.805182	155.431775	0.007738	12.3
933	-0.780253	155.341565	0.007288	15.0
934	-0.791214	155.251495	0.005022	16.1
935	-0.512082	155.161563	0.005699	13.2
936	-0.950926	155.071771	0.008586	14.7
937	-0.714394	154.982117	0.006337	12.1
938	-0.636588	154.892601	0.005612	14.8
939	-0.815976	154.803222	0.005229	14.2
940	-0.376009	154.713981	0.005080	16.1
941	0.000000	154.624878	0.000000	12.3
942	-0.881339	154.535910	0.005206	14.6
943	-0.000027	154.447080	0.000034	15.1
944	-0.287973	154.358385	0.003706	13.8
945	-0.497101	154.269826	0.006867	14.7
946	-0.151033	154.181402	0.002021	17.0
947	-0.477760	154.093114	0.004117	14.9
948	-0.729919	154.004960	0.007395	14.7
949	-0.279484	153.916940	0.004460	17.3
950	0.000000	153.829054	0.000000	13.8
951	0.000000	153.741303	0.000000	13.9
952	-0.275207	153.653684	0.004795	18.8
953	-0.801575	153.566198	0.005216	13.0
954	-0.056210	153.478846	0.002800	13.7
955	-0.785055	153.391625	0.006265	16.3
956	0.000000	153.304537	0.000000	14.0
957	-0.729211	153.217580	0.005429	14.0
958	0.000000	153.130755	0.000000	16.5
959	-0.616783	153.044061	0.003892	14.7
960	0.000000	152.957498	0.000000	13.0
961	-0.856348	152.871065	0.007183	18.0
962	-0.480211	152.784762	0.006569	12.7
963	-0.764009	152.698589	0.004841	13.2
964	-0.574867	152.612545	0.005865	18.0
965	-0.658935	152.526631	0.006400	12.5
966	-0.740950	152.440845	0.008609	13.6
967	0.000000	152.355188	0.000000	16.2
968	-0.456927	152.269660	0.003677	14.7
969	-0.428619	152.184259	0.004876	13.0
970	-0.329482	152.098986	0.004408	17.2
971	0.000000	152.013840	0.000000	12.6
972	-0.567700	151.928821	0.006175	11.8
973	-1.029330	151.843928	0.007069	17.6
974	-0.739784	151.759163	0.007465	13.6
975	0.000000	151.674523	0.000000	12.7
976	-0.592817	151.590009	0.006459	17.8
977	-0.807371	151.505620	0.006742	14.5
978	-0.022059	151.421357	0.001281	12.8
979	-0.719377	151.337218	0.005347	19.3
980	0.000000	151.253204	0.000000	12.8
981	-0.302228	151.169314	0.005243	15.0
982	0.000000	151.085549	0.000000	14.1
983	-0.249762	151.001907	0.003000	13.6
984	-0.648727	150.918388	0.006998	21.6
985	-0.743783	150.834992	0.006430	29.4
986	0.000000	150.751719	0.000000	30.1
987	-0.671014	150.668569	0.006934	33.9
988	-0.768500	150.585541	0.008385	28.6
989	-0.607191	150.502634	0.005600	25.6
990	-0.573117	150.419849	0.005906	17.7
991	0.000000	150.337186	0.000000	14.4
992	0.000000	150.254644	0.000000	17.9
993	0.000000	150.172222	0.000000	16.5
994	-0.703271	150.089921	0.006016	14.7
995	-0.318049	150.007740	0.002740	18.2
996	-0.318944	149.925679	0.003401	14.8
997	-0.690420	149.843737	0.005056	15.4
998	-0.150368	149.761915	0.003152	21.1
999	-0.001110	149.680212	0.000036	16.7
1000	-0.699058	149.598627	0.005478	16.4
1001	-0.872238	149.517161	0.007361	21.1
1002	0.000000	149.435814	0.000000	15.3
1003	0.000000	149.354584	0.000000	12.5
1004	-0.315928	149.273472	0.004592	14.6
1005	-0.903905	149.192477	0.006334	15.8
1006	-0.692803	149.111599	0.007042	13.1
1007	-0.887425	149.030838	0.007335	14.3
1008	-0.523702	148.950194	0.007224	12.7
1009	-0.873400	148.869666	0.006319	14.4
1010	0.000000	148.789253	0.000000	14.1
1011	-0.656075	148.708957	0.008133	16.5
1012	-0.206219	148.628776	0.003215	12.3
1013	-0.000000	148.548710	0.000000	14.4
1014	-0.806898	148.468759	0.005120	13.4
1015	-0.815274	148.388923	0.006217	14.9
1016	0.000000	148.309201	0.000000	13.8
1017	-0.554494	148.229594	0.006696	14.5
1018	-0.801916	148.150100	0.005110	15.6
1019	0.000000	148.070719	0.000000	13.7
1020	-0.045926	147.991452	0.001522	18.3
1021	-0.085486	147.912298	0.000512	11.5
1022	-0.285795	147.833257	0.004768	12.8
1023	-0.749937	147.754329	0.004665	16.6
1024	-0.801304	147.675512	0.004380	14.4
1025	-0.005221	147.596808	0.000126	13.4
1026	-0.526901	147.518216	0.006762	15.9
1027	-0.868069	147.439735	0.008135	15.7
1028	-0.666160	147.361365	0.004870	12.7
1029	-0.941893	147.283106	0.006266	19.7
1030	-0.818287	147.204958	0.007592	12.2
1031	-0.000182	147.126920	0.000023	13.7
1032	0.000000	147.048993	0.000000	15.6
1033	-0.001608	146.971175	0.000050	13.4
1034	-0.229386	146.893468	0.003229	12.2
1035	0.000000	146.815869	0.000000	17.1
1036	-0.820522	146.738380	0.005826	15.2
1037	-0.861118	146.661000	0.006654	13.3
1038	-0.380322	146.583729	0.003859	19.6
1039	-0.816868	146.506566	0.005806	12.1
1040	-0.007888	146.429511	0.000031	14.4
1041	-0.516017	146.352565	0.006761	15.1
1042	-0.464293	146.275726	0.004805	14.6
1043	-0.417487	146.198994	0.005698	13.3
1044	-0.789088	146.122370	0.008856	16.3
1045	0.000000	146.045853	0.000000	14.7
1046	-0.923222	145.969442	0.005717	13.0
1047	-0.534026	145.893139	0.005350	17.9
1048	0.000000	145.816941	0.000000	13.0
1049	-0.717575	145.740849	0.004583	13.0
1050	-0.222910	145.664863	0.005225	21.4
1051	-0.295556	145.588983	0.004274	14.3
1052	-0.906969	145.513208	0.008948	14.0
1053	-0.956871	145.437538	0.005582	14.2
1054	0.000000	145.361973	0.000000	14.4
1055	-0.004165	145.286513	0.000078	14.6
1056	0.000000	145.211157	0.000000	16.1
1057	-0.685702	145.135905	0.005682	12.5
1058	-0.675041	145.060757	0.005956	13.8
1059	0.000000	144.985712	0.000000	18.1
1060	-0.449342	144.910771	0.004485	12.5
1061	-0.339704	144.835934	0.004724	13.9
1062	-0.026776	144.761199	0.003871	15.3
1063	-0.419687	144.686567	0.002395	14.2
1064	-0.504322	144.612037	0.004929	13.3
1065	-0.709991	144.537610	0.007045	18.4
1066	0.000000	144.463285	0.000000	12.8
1067	-0.241924	144.389062	0.003243	13.5
1068	-0.667101	144.314940	0.005885	18.5
1069	-0.620767	144.240920	0.007805	12.7
1070	-0.222363	144.167001	0.003806	13.8
1071	-0.000000	144.093182	0.000000	15.7
1072	-0.597899	144.019465	0.007922	16.2
1073	-0.465005	143.945848	0.005389	13.6
1074	0.000000	143.872331	0.000000	15.3
1075	-0.488145	143.798914	0.005367	14.5
1076	-0.043412	143.725597	0.001254	14.4
1077	-0.807386	143.652380	0.004702	17.7
1078	-0.516323	143.579262	0.003570	12.4
1079	-0.511532	143.506243	0.007912	12.6
1080	-0.935717	143.433323	0.007586	16.6
1081	0.000000	143.360502	0.000000	13.6
1082	-0.077589	143.287780	0.001728	12.3
1083	-0.352807	143.215155	0.004731	17.4
1084	-0.767602	143.142629	0.006382	14.5
1085	-0.773890	143.070201	0.005211	12.5
1086	-0.501914	142.997870	0.004922	19.9
1087	0.000000	142.925637	0.000000	12.3
1088	-0.538704	142.853501	0.009222	13.2
1089	-0.713284	142.781462	0.004447	16.8
1090	-0.336270	142.709519	0.003294	13.9
1091	-0.313088	142.637674	0.004648	12.0
1092	0.000000	142.565924	0.000000	17.7
1093	0.000000	142.494271	0.000000	14.6
1094	0.000000	142.422714	0.000000	12.5
1095	-0.217527	142.351252	0.002338	20.4
1096	-0.225721	142.279886	0.003617	13.1
1097	-0.000061	142.208616	0.000003	13.1
1098	-0.794714	142.137440	0.007781	19.5
1099	-1.007262	142.066360	0.009314	12.5
1100	-0.990938	141.995374	0.010348	13.7
1101	-0.595081	141.924483	0.005868	17.2
1102	-0.720060	141.853685	0.005764	13.9
1103	-0.018963	141.782983	0.001434	15.3
1104	-0.933235	141.712373	0.008359	15.5
1105	0.000000	141.641858	0.000000	15.2
1106	-0.389849	141.571436	0.004709	14.1
1107	0.000000	141.501108	0.000000	18.2
1108	-0.007139	141.430872	0.001572	12.6
1109	-0.085845	141.360730	0.002286	13.9
1110	-0.001659	141.290680	0.000057	18.5
1111	-0.366472	141.220722	0.003848	12.5
1112	-0.036818	141.150857	0.000652	13.9
1113	-0.828792	141.081084	0.005670	15.3
1114	-0.613485	141.011403	0.007268	14.3
1115	0.000000	140.941813	0.000000	13.3
1116	-0.000000	140.872315	0.000000	17.8
1117	-0.936870	140.802909	0.006544	15.5
1118	-1.041598	140.733593	0.007067	14.3
1119	-0.135299	140.664369	0.002201	19.0
1120	0.000000	140.595235	0.000000	12.9
1121	0.000000	140.526192	0.000000	13.0
1122	0.000000	140.457239	0.000000	18.5
1123	0.000000	140.388376	0.000000	13.6
1124	-0.743409	140.319603	0.005338	14.0
1125	-0.463286	140.250920	0.007945	15.5
1126	-0.823888	140.182326	0.007034	14.7
1127	0.000000	140.113822	0.000000	14.3
1128	0.000000	140.045407	0.000000	15.4
1129	-0.473148	139.977081	0.005916	16.3
1130	0.000000	139.908844	0.000000	15.0
1131	-0.597829	139.840696	0.003550	17.5
1132	0.000000	139.772635	0.000000	12.9
1133	-0.611089	139.704664	0.007245	15.0
1134	0.000000	139.636780	0.000000	13.8
1135	-0.736813	139.568984	0.005491	14.1
1136	-0.732746	139.501276	0.008042	14.1
1137	-0.467703	139.433655	0.006924	14.4
1138	-0.929845	139.366122	0.010355	15.7
1139	0.000000	139.298676	0.000000	14.9
1140	-0.575193	139.231317	0.007304	17.2
1141	-0.775056	139.164045	0.005260	13.6
1142	-0.710854	139.096859	0.006245	14.9
1143	-0.597761	139.029760	0.007423	13.2
1144	0.000000	138.962747	0.000000	13.7
1145	-0.291354	138.895820	0.001962	14.0
1146	-0.883047	138.828978	0.005527	14.5
1147	-0.053588	138.762223	0.001929	15.3
1148	0.000000	138.695553	0.000000	13.9
1149	-0.000000	138.628969	0.000000	16.6
1150	-0.724491	138.562469	0.007138	12.3
1151	-0.606943	138.496055	0.004309	13.9
1152	-0.766106	138.429725	0.007415	16.3
1153	-0.694790	138.363481	0.008678	14.7
1154	-0.872240	138.297320	0.007003	13.9
1155	-0.858793	138.231244	0.006249	16.1
1156	-0.714000	138.165252	0.006646	15.2
1157	-0.905348	138.099344	0.007580	13.3
1158	-0.511304	138.033520	0.006652	19.1
1159	-0.643394	137.967779	0.005982	12.4
1160	-0.000000	137.902122	0.000000	13.4
1161	-0.419717	137.836548	0.003522	16.2
1162	-0.896153	137.771057	0.005266	14.3
1163	-0.784274	137.705649	0.005331	13.5
1164	-0.491469	137.640324	0.005420	16.6
1165	-0.373026	137.575081	0.003110	15.0
1166	-0.358962	137.509921	0.004406	14.4
1167	0.000000	137.444842	0.000000	18.4
1168	-0.749370	137.379846	0.004448	13.3
1169	-0.462422	137.314932	0.006002	14.8
1170	-0.501866	137.250100	0.006973	19.1
1171	-0.468453	137.185349	0.004880	22.6
1172	-0.872266	137.120680	0.006524	14.2
1173	0.000000	137.056092	0.000000	12.9
1174	-0.498544	136.991585	0.004729	14.2
1175	-0.464118	136.927158	0.004365	13.8
1176	-0.350115	136.862813	0.004084	14.1
1177	-0.479714	136.798548	0.005473	13.6
1178	-0.633287	136.734363	0.004578	16.9
1179	-0.956018	136.670259	0.007642	11.8
1180	-0.080143	136.606235	0.001794	13.5
1181	-0.730025	136.542291	0.007650	15.5
1182	-0.056165	136.478426	0.002187	13.6
1183	-0.000937	136.414641	0.000258	12.7
1184	-0.690104	136.350936	0.003743	17.8
1185	-0.773425	136.287310	0.005853	15.2
1186	-0.333114	136.223763	0.003035	14.3
1187	-0.601914	136.160295	0.006199	17.3
1188	-0.214559	136.096905	0.003510	12.6
1189	-0.604366	136.033594	0.004476	13.8
1190	0.000000	135.970362	0.000000	19.1
1191	-0.704875	135.907208	0.006714	12.3
1192	-0.650588	135.844133	0.003738	13.5
1193	-0.966001	135.781135	0.006926	15.5
1194	-0.572586	135.718215	0.004628	13.6
1195	-0.126034	135.655373	0.003322	13.0
1196	-0.356454	135.592608	0.004409	18.6
1197	-0.061793	135.529921	0.002822	13.0
1198	0.000000	135.467311	0.000000	12.8
1199	-0.001524	135.404778	0.000050	17.6
1200	-0.776509	135.342322	0.005673	12.5
1201	-0.518567	135.279942	0.005467	12.9
1202	-0.014144	135.217640	0.000177	16.6
1203	-0.305366	135.155413	0.002644	13.5
1204	-0.017437	135.093263	0.000584	12.6
1205	-0.115090	135.031190	0.001148	19.1
1206	-0.702477	134.969192	0.007209	13.2
1207	-0.897384	134.907270	0.006360	13.2
1208	-0.630259	134.845424	0.005192	19.3
1209	-0.135266	134.783653	0.002465	12.5
1210	-0.888499	134.721958	0.005885	16.6
1211	-0.082899	134.660338	0.002151	17.6
1212	-0.796706	134.598793	0.005445	12.7
1213	-0.941515	134.537323	0.007152	14.2
1214	-0.762529	134.475927	0.006568	14.3
1215	-0.587202	134.414607	0.005254	14.6
1216	-0.656541	134.353361	0.008973	13.4
1217	-0.851932	134.292189	0.008827	18.0
1218	-0.776472	134.231092	0.005136	13.3
1219	-0.255115	134.170068	0.001568	13.6
1220	-0.858446	134.109119	0.007438	16.4
1221	-0.788959	134.048243	0.005282	13.3
1222	-0.488015	133.987441	0.005505	12.6
1223	-0.854543	133.926713	0.007468	16.3
1224	-0.401637	133.866057	0.004135	14.5
1225	-0.001206	133.805475	0.000160	11.0
1226	-0.243225	133.744966	0.003628	19.7
1227	0.000000	133.684530	0.000000	13.1
1228	-0.856778	133.624167	0.007060	12.8
1229	0.000000	133.563877	0.000000	14.4
1230	-0.540884	133.503658	0.006242	14.7
1231	-0.325193	133.443513	0.004827	13.9
1232	-0.725737	133.383439	0.006564	14.0
1233	-0.668233	133.323437	0.006641	17.4
1234	-0.831114	133.263508	0.006610	13.0
1235	0.000000	133.203650	0.000000	13.0
1236	-0.700013	133.143864	0.006352	19.0
1237	-0.861390	133.084149	0.006420	12.7
1238	0.000000	133.024506	0.000000	12.9
1239	-0.721505	132.964934	0.004752	16.4
1240	-0.778063	132.905433	0.006581	14.1
1241	-0.744569	132.846003	0.005614	13.9
1242	0.000000	132.786643	0.000000	16.9
1243	-0.792548	132.727355	0.005408	13.1
1244	-0.627687	132.668137	0.004581	13.0
1245	-0.179935	132.608989	0.002855	17.0
1246	-0.572101	132.549912	0.005260	19.6
1247	-0.429641	132.490904	0.003285	17.5
1248	-0.600499	132.431967	0.006547	16.3
1249	0.000000	132.373100	0.000000	13.1
1250	-0.928463	132.314302	0.006705	15.7
1251	-0.481495	132.255574	0.005913	47.4
1252	-0.673161	132.196916	0.004184	20.3
1253	-0.603638	132.138326	0.005742	13.5
1254	-0.599428	132.079806	0.006501	21.8
1255	0.000000	132.021355	0.000000	14.1
1256	-0.702914	131.962973	0.004894	16.2
1257	-0.512916	131.904660	0.006083	15.6
1258	-0.339604	131.846415	0.005654	14.3
1259	-0.715511	131.788239	0.007223	17.4
1260	-0.662434	131.730131	0.008131	16.7
1261	-0.000379	131.672092	0.000028	14.5
1262	-0.627433	131.614121	0.008598	17.5
1263	-0.893949	131.556217	0.006687	16.5
1264	-0.334631	131.498382	0.003510	14.7
1265	-0.345291	131.440614	0.006444	17.4
1266	-0.838755	131.382914	0.007222	17.1
1267	-0.787016	131.325282	0.004696	13.8
1268	0.000000	131.267717	0.000000	25.3
1269	-0.699571	131.210219	0.005640	18.6
1270	-0.517686	131.152788	0.007081	12.7
1271	-0.000038	131.095424	0.000003	16.1
1272	-0.030034	131.038127	0.003041	16.1
1273	-0.105489	130.980897	0.001815	13.0
1274	-0.010887	130.923733	0.001135	14.7
1275	-0.682527	130.866636	0.004605	13.3
1276	-0.145204	130.809605	0.001711	13.4
1277	-0.378073	130.752641	0.004621	14.3
1278	-0.000000	130.695742	0.000000	15.6
1279	0.000000	130.638910	0.000000	12.5
1280	-0.620864	130.582143	0.006249	14.3
1281	-0.829438	130.525442	0.005356	17.4
1282	-0.470128	130.468807	0.004186	12.7
1283	-0.740750	130.412237	0.005340	14.0
1284	0.000000	130.355733	0.000000	15.1
1285	0.000000	130.299294	0.000000	13.6
1286	-0.412027	130.242920	0.005299	13.4
1287	-1.056615	130.186611	0.008365	16.5
1288	-0.021630	130.130366	0.001355	14.3
1289	0.000000	130.074187	0.000000	13.7
1290	0.000000	130.018072	0.000000	18.5
1291	-0.137103	129.962022	0.001889	12.0
1292	-0.212707	129.906036	0.004960	13.1
1293	0.000000	129.850114	0.000000	16.2
1294	-0.025502	129.794257	0.001309	14.4
1295	-0.776403	129.738463	0.005697	13.2
1296	-0.781183	129.682734	0.007553	16.0
1297	-0.093795	129.627068	0.002326	14.3
1298	-0.371335	129.571466	0.005346	13.5
1299	-0.302784	129.515927	0.004182	18.6
1300	-0.153466	129.460452	0.002534	12.6
1301	-0.051515	129.405040	0.001865	14.4
1302	-0.761982	129.349692	0.009565	17.2
1303	-0.842762	129.294406	0.006617	12.4
1304	-0.838011	129.239183	0.005223	13.4
1305	-0.735133	129.184024	0.006012	16.2
1306	-0.032510	129.128927	0.001358	13.9
1307	-0.723719	129.073892	0.004675	13.0
1308	-0.512953	129.018921	0.005932	19.4
1309	-0.603002	128.964011	0.007410	12.5
1310	-0.730064	128.909164	0.006719	13.4
1311	-0.683247	128.854379	0.005785	16.9
1312	-0.034099	128.799656	0.001031	13.2
1313	0.000000	128.744995	0.000000	13.3
1314	0.000000	128.690396	0.000000	16.6
1315	-0.506989	128.635858	0.004616	14.9
1316	-0.204611	128.581382	0.004304	13.1
1317	-0.616339	128.526968	0.006742	15.9
1318	-0.691449	128.472615	0.005411	15.6
1319	-0.002169	128.418323	0.000048	12.9
1320	-0.774131	128.364092	0.006293	18.5
1321	-0.431962	128.309922	0.004399	12.0
1322	-0.073362	128.255814	0.000969	13.0
1323	-0.653788	128.201766	0.004792	16.4
1324	-0.008270	128.147778	0.000085	14.4
1325	-0.257036	128.093852	0.002874	14.0
1326	-0.633962	128.039985	0.005652	15.7
1327	-0.000000	127.986180	0.000000	15.4
1328	-0.447700	127.932434	0.006110	13.1
1329	-0.547016	127.878749	0.005844	18.8
1330	-0.000155	127.825123	0.000004	12.6
1331	0.000000	127.771558	0.000000	13.3
1332	0.000000	127.718052	0.000000	15.6
1333	0.000000	127.664606	0.000000	14.8
1334	-0.094355	127.611220	0.001442	13.3
1335	-0.396980	127.557893	0.003643	15.7
1336	-0.797738	127.504625	0.006264	15.1
1337	0.000000	127.451417	0.000000	13.6
1338	-0.703098	127.398268	0.006819	19.5
1339	-0.231716	127.345178	0.002756	12.0
1340	0.000000	127.292147	0.000000	15.6
1341	-0.356095	127.239175	0.003424	20.5
1342	-0.619708	127.186261	0.006789	13.1
1343	-0.915377	127.133407	0.006320	14.2
1344	0.000000	127.080610	0.000000	14.3
1345	-0.432436	127.027872	0.004167	15.3
1346	-0.709834	126.975193	0.005864	14.6
1347	-0.525857	126.922572	0.007278	15.9
1348	-0.164639	126.870008	0.002647	13.1
1349	-0.821957	126.817503	0.006595	14.1
1350	-0.979176	126.765056	0.008492	17.6
1351	-0.776924	126.712667	0.006088	12.2
1352	-0.539136	126.660335	0.006079	13.8
1353	-0.436538	126.608061	0.006073	15.1
1354	-0.203745	126.555844	0.003936	14.2
1355	-0.004300	126.503685	0.000000	13.0
1356	-0.100673	126.451583	0.002276	16.4
1357	-0.561472	126.399538	0.004617	15.1
1358	0.000000	126.347550	0.000000	13.2
1359	-0.594287	126.295619	0.006054	18.4
1360	-0.639831	126.243745	0.007601	12.6
1361	0.000000	126.191928	0.000000	12.8
1362	0.000000	126.140168	0.000000	15.8
1363	-0.707251	126.088464	0.006992	14.5
1364	-0.682886	126.036817	0.006956	12.7
1365	0.000000	125.985226	0.000000	15.8
1366	-0.086322	125.933691	0.002106	14.9
1367	-0.001233	125.882212	0.000139	11.3
1368	-0.007196	125.830790	0.000103	20.3
1369	-0.743470	125.779423	0.004721	13.3
1370	0.000000	125.728113	0.000000	11.8
1371	-0.000473	125.676858	0.000040	16.5
1372	-0.864442	125.625659	0.005937	13.8
1373	-0.035998	125.574515	0.001426	13.1
1374	-0.661107	125.523427	0.005575	16.6
1375	-0.526254	125.472394	0.004785	14.9
1376	-0.876361	125.421417	0.007211	14.1
1377	-0.545802	125.370495	0.006301	18.9
1378	-0.763632	125.319628	0.004983	12.5
1379	0.000000	125.268815	0.000000	14.6
1380	-0.134685	125.218058	0.002486	15.1
1381	-0.777107	125.167356	0.006100	14.8
1382	-0.097585	125.116708	0.002086	14.9
1383	-0.525113	125.066115	0.005663	15.7
1384	-0.405743	125.015576	0.002614	13.1
1385	-0.766717	124.965092	0.005041	14.5
1386	-0.710439	124.914662	0.005622	16.7
1387	-0.255933	124.864287	0.004197	13.7
1388	-0.453723	124.813965	0.004967	16.1
1389	-0.013293	124.763698	0.001246	12.1
1390	-0.244267	124.713485	0.003356	15.7
1391	-0.694777	124.663325	0.006990	14.0
1392	0.000000	124.613219	0.000000	15.6
1393	-0.497498	124.563167	0.006159	13.0
1394	-0.696962	124.513168	0.005000	14.4
1395	-0.590465	124.463223	0.006113	16.1
1396	-0.136549	124.413332	0.002597	12.7
1397	0.000000	124.363493	0.000000	13.8
1398	-0.463773	124.313708	0.004500	14.3
1399	-0.963463	124.263976	0.007559	14.2
1400	-0.785369	124.214297	0.004473	14.1
1401	-0.000000	124.164671	0.000000	16.4
1402	-0.828942	124.115097	0.006030	12.0
1403	-0.388618	124.065577	0.003849	13.7
1404	0.000000	124.016109	0.000000	16.5
1405	-0.509365	123.966693	0.004883	13.7
1406	-0.838509	123.917330	0.006951	12.9
1407	-0.542765	123.868020	0.006726	19.8
1408	0.000000	123.818762	0.000000	17.7
1409	-0.706122	123.769556	0.006560	17.2
1410	-0.483324	123.720402	0.004083	13.7
1411	-0.747895	123.671300	0.006724	12.5
1412	-0.397017	123.622250	0.004271	14.1
1413	0.000000	123.573252	0.000000	16.6
1414	0.000000	123.524305	0.000000	11.8
1415	-0.068342	123.475411	0.001771	15.3
1416	-0.445743	123.426568	0.005795	15.1
1417	-0.468825	123.377776	0.005934	13.6
1418	-0.657891	123.329036	0.005318	12.8
1419	-0.581486	123.280347	0.007123	16.7
1420	-0.001870	123.231709	0.000507	14.7
1421	-0.794462	123.183122	0.005558	13.8
1422	0.000000	123.134587	0.000000	18.5
1423	0.000000	123.086102	0.000000	13.5
1424	-0.166405	123.037669	0.001896	13.9
1425	-0.721314	122.989286	0.005716	17.1
1426	-0.847338	122.940954	0.008206	13.0
1427	-0.844782	122.892672	0.008484	13.1
1428	-0.818730	122.844441	0.007015	16.4
1429	-0.338473	122.796261	0.003579	14.5
1430	-0.675315	122.748130	0.004997	13.4
1431	-0.792868	122.700050	0.005879	16.1
1432	-0.825825	122.652021	0.007345	15.1
1433	0.000000	122.604041	0.000000	14.0
1434	-0.808258	122.556111	0.005409	18.9
1435	-0.716350	122.508232	0.004893	12.2
1436	-0.889628	122.460402	0.005631	13.2
1437	-0.224781	122.412622	0.002139	15.7
1438	0.000000	122.364891	0.000000	14.9
1439	-0.384396	122.317210	0.004608	13.2
1440	0.000000	122.269579	0.000000	15.9
1441	0.000000	122.221997	0.000000	15.1
1442	-0.001076	122.174465	0.000039	12.4
1443	-0.444109	122.126981	0.005379	19.3
1444	-0.576119	122.079547	0.005087	12.1
1445	-0.426923	122.032162	0.006808	12.7
1446	-0.053631	121.984826	0.002702	16.4
1447	-0.455510	121.937539	0.004956	14.1
1448	0.000000	121.890301	0.000000	13.1
1449	-0.000918	121.843112	0.000527	17.6
1450	-0.084211	121.795971	0.002405	16.6
1451	-0.293774	121.748879	0.004437	13.7
1452	-0.614245	121.701835	0.005669	17.1
1453	-0.820626	121.654840	0.007673	12.3
1454	-0.028472	121.607893	0.000190	14.0
1455	-0.064935	121.560994	0.001913	16.0
1456	0.000000	121.514144	0.000000	13.3
1457	-0.000039	121.467342	0.000004	12.9
1458	-0.818104	121.420588	0.006341	17.5
1459	-0.434547	121.373882	0.006399	14.3
1460	-0.922891	121.327223	0.008447	13.4
1461	-0.536158	121.280613	0.003717	17.7
1462	0.000000	121.234050	0.000000	16.3
1463	-0.618276	121.187535	0.004478	14.7
1464	0.000000	121.141067	0.000000	16.3
1465	-0.566230	121.094647	0.006171	12.8
1466	-0.694371	121.048274	0.005585	13.9
1467	-0.419751	121.001949	0.007408	14.6
1468	-0.455668	120.955671	0.003783	14.9
1469	-0.689434	120.909440	0.004613	13.5
1470	0.000000	120.863256	0.000000	15.2
1471	0.000000	120.817119	0.000000	15.0
1472	-0.880362	120.771029	0.008939	13.3
1473	-0.796366	120.724986	0.006608	16.8
1474	-0.628557	120.678990	0.005398	12.2
1475	0.000000	120.633040	0.000000	14.5
1476	-0.403077	120.587137	0.004187	14.9
1477	-0.014403	120.541281	0.000368	14.0
1478	-0.870556	120.495471	0.007308	12.6
1479	-0.911337	120.449707	0.006611	18.4
1480	-0.710997	120.403990	0.006015	11.7
1481	-0.514126	120.358319	0.004495	12.0
1482	-0.414173	120.312694	0.005233	17.9
1483	-0.695214	120.267115	0.005843	12.6
1484	0.000000	120.221582	0.000000	11.9
1485	-0.757433	120.176096	0.007562	15.8
1486	-0.716444	120.130655	0.005347	14.6
1487	-0.850514	120.085260	0.006173	12.0
1488	-0.770615	120.039910	0.005399	13.2
1489	-1.060305	119.994606	0.007787	14.9
1490	-0.741723	119.949348	0.006464	13.5
1491	-0.138198	119.904135	0.003037	12.5
1492	-0.835378	119.858968	0.006762	17.0
1493	-0.371250	119.813846	0.006492	14.6
1494	-0.702515	119.768769	0.005660	12.2
1495	-0.491113	119.723738	0.004424	23.1
1496	-0.844050	119.678752	0.005223	11.7
1497	-0.371493	119.633810	0.004907	13.3
1498	-0.006096	119.588914	0.000186	14.1
1499	-0.721898	119.544062	0.007052	13.3
1500	-0.417647	119.499256	0.005898	12.3
1501	-0.926273	119.454494	0.007214	16.7
1502	-0.008687	119.409777	0.000064	14.7
1503	-0.815333	119.365104	0.005832	11.9
1504	-0.779568	119.320476	0.007092	19.8
1505	-1.012293	119.275893	0.006291	11.7
1506	-0.390302	119.231353	0.006592	11.9
1507	-0.943466	119.186859	0.008117	16.4
1508	-0.760240	119.142408	0.007071	13.4
1509	-0.545473	119.098002	0.004094	11.8
1510	0.000000	119.053639	0.000000	13.2
1511	-0.061137	119.009321	0.001796	14.8
1512	-0.792269	118.965047	0.005670	13.5
1513	-0.033078	118.920816	0.002651	12.5
1514	-0.734539	118.876630	0.005208	16.7
1515	-0.866414	118.832487	0.005944	14.6
1516	-0.804233	118.788388	0.004748	12.4
1517	-0.110683	118.744332	0.002215	20.3
1518	-0.120692	118.700320	0.003540	12.0
1519	0.000000	118.656352	0.000000	12.5
1520	-0.305636	118.612427	0.003863	15.9
1521	0.000000	118.568545	0.000000	13.2
1522	-0.005945	118.524706	0.000098	12.1
1523	-0.000076	118.480911	0.000004	16.9
1524	-0.782782	118.437159	0.007183	14.8
1525	-0.000000	118.393450	0.000000	12.1
1526	-0.025224	118.349784	0.001280	14.2
1527	-1.013982	118.306160	0.010056	13.6
1528	-0.231226	118.262580	0.004122	13.5
1529	-0.788454	118.219042	0.005985	12.6
1530	0.000000	118.175548	0.000000	18.9
1531	-0.683980	118.132095	0.006896	11.9
1532	-0.006583	118.088686	0.000155	12.1
1533	-0.003074	118.045319	0.000063	16.7
1534	-0.972905	118.001994	0.008015	13.1
1535	-0.000508	117.958712	0.000035	12.3
1536	-0.460080	117.915472	0.004422	16.6
1537	-0.942572	117.872274	0.007031	14.7
1538	-0.368215	117.829118	0.006607	11.9
1539	-0.000003	117.786005	0.000000	13.3
1540	-0.867188	117.742933	0.006915	15.1
1541	-0.158282	117.699904	0.001699	13.2
1542	-0.923551	117.656916	0.006730	13.6
1543	-0.514677	117.613971	0.004411	17.2
1544	-0.384940	117.571067	0.004253	11.9
1545	0.000000	117.528205	0.000000	11.6
1546	-0.695824	117.485384	0.006042	16.4
1547	-0.743916	117.442605	0.006790	13.1
1548	-0.427725	117.399867	0.004120	12.2
1549	-0.772859	117.357171	0.005460	13.6
1550	0.000000	117.314517	0.000000	18.5
1551	-0.005385	117.271903	0.000079	12.1
1552	-0.819947	117.229331	0.007353	12.6
1553	-0.004512	117.186800	0.000183	15.9
1554	-0.830160	117.144311	0.007134	13.3
1555	-0.309415	117.101862	0.004084	12.2
1556	-0.731050	117.059454	0.006666	17.6
1557	0.000000	117.017087	0.000000	11.9
1558	-0.741331	116.974762	0.005724	11.7
1559	-0.658295	116.932476	0.007349	15.5
1560	-0.860134	116.890232	0.006772	13.8
1561	0.000000	116.848028	0.000000	12.3
1562	-0.761608	116.805865	0.004854	13.6
1563	-0.004040	116.763743	0.000111	16.8
1564	-0.407809	116.721661	0.005845	12.1
1565	-0.001051	116.679619	0.000077	11.9
1566	-0.611688	116.637618	0.006349	15.4
1567	-0.816490	116.595657	0.005059	13.5
1568	-0.288189	116.553736	0.003771	12.1
1569	-0.956189	116.511855	0.006019	19.3
1570	-0.679123	116.470015	0.006933	12.0
1571	-0.694080	116.428214	0.006095	12.8
1572	-0.000001	116.386454	0.000000	13.5
1573	-0.871112	116.344733	0.006126	15.4
1574	0.000000	116.303052	0.000000	14.2
1575	-0.693078	116.261412	0.004299	11.8
1576	-0.588793	116.219810	0.004820	19.8
1577	-0.375149	116.178249	0.003292	12.2
1578	-0.971797	116.136727	0.006412	12.8
1579	-0.012391	116.095245	0.000777	15.8
1580	-0.561590	116.053802	0.005987	13.3
1581	-0.495516	116.012398	0.005714	12.1
1582	-0.782568	115.971034	0.007614	16.5
1583	0.000000	115.929710	0.000000	14.7
1584	0.000000	115.888424	0.000000	12.3
1585	-0.000000	115.847178	0.000000	13.4
1586	-0.493617	115.805970	0.005026	14.4
1587	-0.159994	115.764802	0.001750	13.1
1588	-0.506574	115.723673	0.004853	12.6
1589	-0.026704	115.682583	0.002060	18.5
1590	-0.246294	115.641532	0.002181	11.9
1591	-0.003610	115.600519	0.000352	11.7
1592	-0.000000	115.559546	0.000000	15.8
1593	-0.702543	115.518610	0.006859	13.3
1594	0.000000	115.477714	0.000000	12.3
1595	-0.249928	115.436856	0.003764	13.2
1596	-0.177955	115.396037	0.003582	17.9
1597	-0.849131	115.355256	0.007650	11.9
1598	-0.660370	115.314514	0.006876	12.8
1599	-0.412792	115.273810	0.004395	15.9
1600	-0.354585	115.233144	0.004717	13.2
1601	-0.414592	115.192517	0.004739	12.0
1602	-0.892389	115.151927	0.007595	18.9
1603	-0.663781	115.111376	0.005261	11.9
1604	0.000000	115.070863	0.000000	11.1
1605	-0.694594	115.030388	0.006193	12.2
1606	-0.650034	114.989951	0.006813	15.7
1607	-0.858837	114.949551	0.005955	14.5
1608	-0.196435	114.909190	0.002342	12.3
1609	-1.021276	114.868866	0.009471	19.9
1610	-0.539796	114.828580	0.005971	12.1
1611	-0.782757	114.788332	0.005470	12.0
1612	-0.578322	114.748121	0.004488	16.1
1613	-0.713358	114.707948	0.008185	12.9
1614	-0.744106	114.667812	0.006045	12.7
1615	-0.804495	114.627714	0.007608	17.5
1616	-0.477288	114.587653	0.003752	11.9
1617	-0.772857	114.547629	0.008315	12.0
1618	-0.168254	114.507643	0.003269	12.3
1619	-0.400128	114.467693	0.004582	15.1
1620	-0.902210	114.427781	0.007648	14.6
1621	-0.523459	114.387907	0.005907	12.5
1622	-0.955236	114.348069	0.006469	20.2
1623	-1.017872	114.308268	0.010043	11.9
1624	-0.000000	114.268504	0.000000	12.5
1625	-0.878590	114.228777	0.008699	17.5
1626	-0.862064	114.189086	0.005609	13.0
1627	-0.709925	114.149433	0.005202	12.1
1628	-0.009108	114.109816	0.000398	15.5
1629	-0.883285	114.070235	0.007871	14.6
1630	-0.706782	114.030692	0.006085	12.3
1631	-0.706361	113.991185	0.006704	14.2
1632	-0.924626	113.951714	0.006418	15.4
1633	-0.563392	113.912280	0.004859	13.2
1634	0.000000	113.872882	0.000000	12.9
1635	-0.387095	113.833521	0.004496	17.7
1636	-0.485525	113.794195	0.006361	11.7
1637	-0.817771	113.754906	0.005726	11.9
1638	-0.000046	113.715653	0.000004	18.0
1639	-0.875696	113.676437	0.006850	12.9
1640	-0.862544	113.637256	0.006230	11.8
1641	-0.826303	113.598111	0.007713	15.9
1642	-0.783549	113.559002	0.007648	15.1
1643	-0.453113	113.519929	0.006499	12.2
1644	-0.707522	113.480892	0.006927	13.5
1645	-0.000635	113.441891	0.000023	14.5
1646	0.000000	113.402925	0.000000	14.7
1647	-0.884373	113.363995	0.006502	15.2
1648	-0.811955	113.325101	0.006341	15.1
1649	-0.027508	113.286242	0.001643	12.8
1650	-0.406386	113.247419	0.004335	12.9
1651	0.000000	113.208631	0.000000	16.8
1652	-0.570501	113.169879	0.004719	11.9
1653	-0.806363	113.131162	0.004508	11.8
1654	-0.645913	113.092480	0.005183	17.2
1655	-0.648127	113.053833	0.007541	13.4
1656	-0.000000	113.015222	0.000000	12.5
1657	0.000000	112.976646	0.000000	18.9
1658	-0.614071	112.938105	0.004774	12.0
1659	-0.024818	112.899599	0.000914	13.0
1660	-0.942490	112.861128	0.005248	13.3
1661	-0.855809	112.822692	0.006442	15.3
1662	0.000000	112.784291	0.000000	13.3
1663	-0.576405	112.745924	0.007623	11.8
1664	-0.241839	112.707593	0.004277	19.0
1665	-0.436801	112.669296	0.007302	11.9
1666	-0.830593	112.631034	0.005116	12.0
1667	-0.104186	112.592806	0.002443	12.8
1668	-0.650613	112.554613	0.007351	15.9
1669	-0.781060	112.516455	0.006136	14.8
1670	-0.789802	112.478331	0.004818	13.1
1671	-0.567533	112.440241	0.006420	19.0
1672	-0.394120	112.402186	0.004536	11.9
1673	-0.850146	112.364165	0.009185	12.5
1674	-0.468265	112.326179	0.006564	16.2
1675	-0.236691	112.288227	0.004398	13.6
1676	-0.362753	112.250309	0.004051	12.2
1677	-0.877057	112.212425	0.008610	16.5
1678	-0.540643	112.174575	0.004310	14.9
1679	-0.855544	112.136759	0.005323	11.9
1680	-0.000000	112.098977	0.000000	13.3
1681	-0.807678	112.061229	0.005719	14.6
1682	-0.775815	112.023515	0.005546	13.6
1683	-0.431069	111.985834	0.005478	13.4
1684	-0.890921	111.948188	0.006262	18.6
1685	-0.943407	111.910575	0.007673	12.5
1686	-0.142818	111.872996	0.002481	13.2
1687	0.000000	111.835450	0.000000	15.7
1688	-0.465717	111.797939	0.004717	14.6
1689	-0.507702	111.760460	0.006126	14.2
1690	-0.693426	111.723015	0.007156	15.9
1691	-0.056266	111.685604	0.003884	14.6
1692	0.000000	111.648226	0.000000	14.6
1693	-0.780423	111.610881	0.005887	17.6
1694	-0.647797	111.573570	0.005428	13.3
1695	-0.603904	111.536292	0.005648	14.2
1696	-0.115534	111.499047	0.001285	18.7
1697	0.000000	111.461835	0.000000	12.6
1698	-0.738819	111.424656	0.003944	13.8
1699	-0.553677	111.387510	0.006653	15.0
1700	-0.930980	111.350398	0.009384	15.5
1701	-0.575561	111.313318	0.005124	14.8
1702	0.000000	111.276271	0.000000	14.6
1703	0.000000	111.239257	0.000000	14.5
1704	-0.695255	111.202276	0.006237	13.6
1705	-0.997842	111.165328	0.007340	18.1
1706	-0.166351	111.128412	0.002036	12.4
1707	-0.058650	111.091529	0.002198	13.8
1708	0.000000	111.054679	0.000000	15.5
1709	-0.582476	111.017861	0.006627	13.9
1710	-0.677751	110.981076	0.006549	13.8
1711	-0.000003	110.944323	0.000000	15.5
1712	-0.046998	110.907603	0.000878	15.2
1713	-0.826434	110.870915	0.007202	14.8
1714	-1.014043	110.834259	0.006807	17.3
1715	0.000000	110.797636	0.000000	12.4
1716	-0.759181	110.761045	0.005440	13.4
1717	-0.510440	110.724486	0.005494	16.9
1718	-0.600738	110.687959	0.005126	14.9
1719	-0.862851	110.651465	0.005111	13.5
1720	-0.000000	110.615002	0.000000	15.1
1721	-0.741566	110.578572	0.005673	14.5
1722	-0.831636	110.542173	0.006521	13.9
1723	0.000000	110.505807	0.000000	18.1
1724	-0.078199	110.469472	0.001731	12.9
1725	-0.543591	110.433169	0.004427	12.7
1726	-0.676984	110.396898	0.005961	18.2
1727	-0.844128	110.360659	0.009287	13.6
1728	-0.010388	110.324451	0.000270	13.4
1729	-0.711148	110.288276	0.005638	16.0
1730	-0.841682	110.252131	0.006220	14.1
1731	-0.577939	110.216019	0.004896	13.1
1732	-0.777956	110.179937	0.007288	18.3
1733	-0.717215	110.143888	0.006116	12.3
1734	-0.872059	110.107869	0.006276	12.5
1735	-0.377833	110.071882	0.004609	19.4
1736	-0.410020	110.035927	0.004587	13.4
1737	-0.812991	110.000003	0.008272	13.6
1738	-0.798465	109.964110	0.006740	15.5
1739	-0.719495	109.928248	0.006032	13.7
1740	-0.781249	109.892417	0.007677	12.2
1741	-0.012491	109.856618	0.000153	18.7
1742	-0.915841	109.820850	0.007253	11.7
1743	-0.807996	109.785112	0.006177	11.8
1744	0.000000	109.749406	0.000000	15.6
1745	0.000000	109.713730	0.000000	13.3
1746	0.000000	109.678086	0.000000	12.2
1747	-0.344899	109.642472	0.005688	13.1
1748	-0.522629	109.606890	0.006040	17.9
1749	-0.311818	109.571337	0.003183	11.9
1750	-0.894933	109.535816	0.007106	12.7
1751	-0.941481	109.500326	0.007363	15.2
1752	-0.446965	109.464866	0.005021	13.9
1753	0.000000	109.429436	0.000000	12.8
1754	0.000000	109.394038	0.000000	17.1
1755	-0.951381	109.358669	0.006189	15.3
1756	-0.802852	109.323331	0.005668	12.9
1757	-0.088371	109.288024	0.001239	18.5
1758	-0.112287	109.252747	0.003228	12.3
1759	-0.692654	109.217501	0.004638	12.9
1760	-0.914919	109.182284	0.008585	17.4
1761	0.000000	109.147098	0.000000	14.7
1762	-0.785844	109.111942	0.005639	14.1
1763	-0.798445	109.076817	0.008457	16.1
1764	0.000000	109.041721	0.000000	15.1
1765	-0.922491	109.006656	0.007174	13.4
1766	-0.859325	108.971620	0.006829	18.2
1767	-0.094290	108.936615	0.001377	12.8
1768	-0.389934	108.901640	0.003702	14.0
1769	-0.763797	108.866694	0.006192	14.6
1770	-0.555198	108.831779	0.003622	14.2
1771	-0.826339	108.796893	0.006754	13.7
1772	-0.060414	108.762037	0.001043	15.1
1773	-0.007452	108.727211	0.000166	15.3
1774	-0.955998	108.692415	0.006993	12.8
1775	-0.003185	108.657648	0.000701	18.9
1776	-0.458643	108.622911	0.005108	12.1
1777	-0.883245	108.588203	0.006377	13.0
1778	-0.209151	108.553525	0.003724	16.0
1779	0.000000	108.518877	0.000000	14.0
1780	-0.009038	108.484258	0.000181	12.0
1781	0.000000	108.449668	0.000000	17.5
1782	-0.700121	108.415108	0.006017	15.1
1783	-0.193939	108.380578	0.002632	12.9
1784	-0.795081	108.346076	0.007315	19.0
1785	0.000000	108.311604	0.000000	12.3
1786	-0.477875	108.277161	0.006035	13.4
1787	-0.569352	108.242747	0.004708	15.6
1788	-0.196462	108.208363	0.002742	14.0
1789	-0.680565	108.174007	0.004396	13.1
1790	-0.775968	108.139681	0.004220	16.1
1791	-0.367395	108.105383	0.006589	15.4
1792	-0.044111	108.071115	0.001336	17.0
1793	-0.916632	108.036875	0.006548	18.5
1794	-0.544129	108.002665	0.005894	12.7
1795	-0.000014	107.968483	0.000002	16.6
1796	-0.016555	107.934330	0.000360	16.4
1797	-0.003435	107.900206	0.000069	12.8
1798	-0.613905	107.866111	0.006002	17.0
1799	-0.362514	107.832044	0.003808	19.9
1800	-0.983253	107.798007	0.008258	12.4
1801	0.000000	107.763997	0.000000	18.5
1802	0.000000	107.730017	0.000000	12.8
1803	-0.907112	107.696065	0.006663	12.3
1804	-0.763196	107.662141	0.003964	14.3
1805	-0.672433	107.628246	0.006600	14.6
1806	-0.524494	107.594379	0.006209	14.8
1807	-0.873509	107.560541	0.006665	13.5
1808	-0.829529	107.526731	0.005312	17.6
1809	0.000000	107.492949	0.000000	11.8
1810	0.000000	107.459196	0.000000	12.4
1811	-0.000000	107.425471	0.000000	16.0
1812	0.000000	107.391774	0.000000	13.6
1813	-0.774091	107.358106	0.005499	12.4
1814	-0.477370	107.324465	0.005171	18.2
1815	-0.246111	107.290853	0.004486	15.0
1816	-0.460296	107.257268	0.004958	13.6
1817	-0.818455	107.223712	0.006242	19.0
1818	-0.884791	107.190184	0.006924	12.7
1819	0.000000	107.156683	0.000000	14.2
1820	-0.434872	107.123211	0.005807	17.0
1821	-0.000078	107.089766	0.000004	14.5
1822	-0.427709	107.056349	0.004280	14.2
1823	-0.036584	107.022960	0.001180	16.4
1824	-0.407542	106.989599	0.003941	14.6
1825	0.000000	106.956265	0.000000	14.3
1826	-0.687964	106.922960	0.007069	17.5
1827	-0.631433	106.889681	0.005999	13.8
1828	-0.747225	106.856431	0.005254	14.9
1829	-0.000630	106.823208	0.000104	16.9
1830	-0.513219	106.790012	0.006014	13.3
1831	-0.406105	106.756844	0.004574	13.9
1832	-0.363704	106.723703	0.004124	12.8
1833	-0.597080	106.690590	0.007394	13.4
1834	-0.000000	106.657505	0.000000	13.2
1835	-0.641340	106.624446	0.005027	18.4
1836	-0.513044	106.591415	0.004412	12.2
1837	-0.429974	106.558411	0.005843	12.9
1838	-0.211879	106.525435	0.004241	15.5
1839	-0.027431	106.492485	0.002154	13.5
1840	-0.844947	106.459563	0.006943	12.0
1841	-0.649674	106.426668	0.006188	16.4
1842	-0.624379	106.393800	0.006016	14.8
1843	-0.891347	106.360959	0.006369	12.0
1844	-0.882716	106.328145	0.006818	13.2
1845	-0.713584	106.295358	0.006521	14.8
1846	-0.028925	106.262598	0.001033	13.4
1847	-0.780955	106.229865	0.007225	12.7
1848	-0.012832	106.197158	0.000323	17.9
1849	0.000000	106.164479	0.000000	11.8
1850	-0.027747	106.131826	0.001693	12.0
1851	-0.511783	106.099201	0.006252	16.7
1852	-0.589744	106.066602	0.006494	13.3
1853	-0.554306	106.034029	0.006362	12.0
1854	-0.471867	106.001483	0.005255	16.2
1855	-0.615919	105.968964	0.005076	14.7
1856	-0.779982	105.936472	0.006223	12.1
1857	-0.890875	105.904006	0.005286	13.4
1858	-0.890154	105.871566	0.006595	14.8
1859	-0.000212	105.839153	0.000010	13.3
1860	0.000000	105.806767	0.000000	12.7
1861	-0.106803	105.774407	0.001324	18.0
1862	-0.414408	105.742073	0.004921	11.8
1863	0.000000	105.709766	0.000000	12.9
1864	-0.054521	105.677485	0.002815	17.4
1865	-0.376672	105.645230	0.006911	12.9
1866	-0.147045	105.613001	0.003252	12.0
1867	-0.537628	105.580799	0.005016	15.8
1868	0.000000	105.548623	0.000000	14.7
1869	-0.686258	105.516473	0.005467	11.9
1870	-0.729468	105.484349	0.007249	13.1
1871	-0.842888	105.452251	0.006266	14.7
1872	-0.768191	105.420179	0.005890	14.1
1873	-0.879315	105.388133	0.006475	12.8
1874	-0.829724	105.356113	0.007966	17.5
1875	-0.007270	105.324119	0.000164	11.9
1876	-0.000202	105.292151	0.000010	11.8
1877	0.000000	105.260209	0.000000	16.5
1878	-0.162733	105.228293	0.003686	13.7
1879	-0.786458	105.196402	0.006352	11.8
1880	-0.962925	105.164537	0.006450	13.0
1881	-0.837593	105.132698	0.005536	18.0
1882	-0.699004	105.100885	0.004812	12.1
1883	-0.666317	105.069097	0.005574	12.9
1884	-0.583546	105.037335	0.005757	15.6
1885	-0.770366	105.005598	0.004944	13.2
1886	-0.047458	104.973887	0.001385	12.1
1887	-0.699736	104.942202	0.005975	16.8
1888	-0.351176	104.910542	0.003237	14.4
1889	-0.573374	104.878907	0.006918	11.9
1890	0.000000	104.847298	0.000000	14.3
1891	-0.302775	104.815715	0.003322	12.9
1892	-0.723734	104.784156	0.004801	13.9
1893	-0.668045	104.752623	0.005292	14.2
1894	-0.354930	104.721116	0.003862	17.4
1895	-0.000003	104.689633	0.000008	12.4
1896	-0.889314	104.658176	0.007291	14.0
1897	-0.351677	104.626744	0.004134	15.0
1898	-0.000056	104.595337	0.000003	13.6
1899	-0.690188	104.563955	0.006819	12.1
1900	-0.776544	104.532599	0.008289	17.4
1901	-0.404481	104.501267	0.004473	14.7
1902	-0.847963	104.469960	0.008549	11.8
1903	-0.997484	104.438679	0.007148	20.5
1904	-1.132931	104.407422	0.008944	12.2
1905	-0.466650	104.376191	0.005921	12.3
1906	-0.092950	104.344984	0.001392	15.6
1907	-0.538676	104.313802	0.004613	13.5
1908	-0.644388	104.282645	0.006693	14.5
1909	-0.628250	104.251513	0.006258	16.2
1910	0.000000	104.220405	0.000000	15.2
1911	0.000000	104.189323	0.000000	15.8
1912	-0.279303	104.158265	0.004234	15.7
1913	-0.000000	104.127231	0.000000	17.3
1914	0.000000	104.096222	0.000000	14.6
1915	0.000000	104.065238	0.000000	18.5
1916	-0.409576	104.034279	0.005238	15.1
1917	-0.369174	104.003344	0.004140	14.7
1918	0.000000	103.972433	0.000000	15.8
1919	-0.002260	103.941547	0.000062	15.8
1920	-0.039472	103.910686	0.000933	14.9
1921	0.000000	103.879849	0.000000	20.2
1922	-0.506445	103.849036	0.005948	14.8
1923	-0.693445	103.818248	0.006963	14.6
1924	-0.156274	103.787484	0.002428	16.3
1925	-0.696483	103.756744	0.005935	16.6
1926	-0.000000	103.726029	0.000000	12.4
1927	-0.063941	103.695338	0.001409	17.1
1928	-0.624416	103.664671	0.004090	15.4
1929	-0.773475	103.634028	0.005457	14.9
1930	-1.090843	103.603409	0.008627	17.1
1931	-1.004432	103.572814	0.006650	14.7
1932	-0.006270	103.542244	0.000134	14.2
1933	-0.017511	103.511698	0.000185	15.3
1934	-0.000000	103.481175	0.000000	16.4
1935	-0.237072	103.450677	0.004506	14.8
1936	-0.658375	103.420202	0.004772	16.3
1937	0.000000	103.389752	0.000000	17.9
1938	-0.385068	103.359325	0.004838	14.7
1939	0.000000	103.328922	0.000000	20.1
1940	-0.004360	103.298543	0.000196	14.6
1941	-0.884009	103.268188	0.005663	15.0
1942	-0.890499	103.237857	0.004731	17.7
1943	-0.047785	103.207549	0.001937	15.2
1944	-0.936009	103.177265	0.005162	14.9
1945	-0.489147	103.147005	0.003639	17.9
1946	-0.047400	103.116768	0.001064	15.2
1947	-0.004129	103.086556	0.000000	15.1
1948	-0.200494	103.056366	0.002415	18.0
1949	0.000000	103.026200	0.000000	12.0
1950	-0.679223	102.996058	0.005394	15.6
1951	-0.576648	102.965939	0.006078	13.8
1952	-0.477470	102.935844	0.006612	16.5
1953	0.000000	102.905772	0.000000	14.2
1954	-0.551145	102.875724	0.006049	17.6
1955	-0.608896	102.845699	0.007912	16.6
1956	-0.521971	102.815697	0.003206	19.2
1957	-0.394317	102.785719	0.004950	25.6
1958	-0.758162	102.755764	0.007173	24.6
1959	0.000000	102.725832	0.000000	32.4
1960	-0.944310	102.695924	0.007913	19.6
1961	-0.003248	102.666038	0.000053	29.5
1962	-0.989106	102.636176	0.007761	19.7
1963	-0.592226	102.606337	0.005632	24.2
1964	-0.836118	102.576521	0.005952	26.6
1965	-0.030707	102.546728	0.000274	27.8
1966	-0.277912	102.516959	0.004181	18.5
1967	-0.779496	102.487212	0.007403	28.4
1968	0.000000	102.457488	0.000000	28.9
1969	-0.813318	102.427788	0.005254	25.0
1970	-0.683410	102.398110	0.005862	18.1
1971	0.000000	102.368455	0.000000	23.8
1972	-0.774993	102.338823	0.005509	38.4
1973	-0.614311	102.309214	0.006743	21.6
1974	-0.736975	102.279628	0.006740	30.8
1975	-0.001641	102.250064	0.000036	30.5
1976	-0.572282	102.220524	0.007830	34.5
1977	-0.735120	102.191006	0.004291	25.1
1978	-0.969116	102.161511	0.005465	20.8
1979	0.000000	102.132038	0.000000	19.4
1980	-0.000054	102.102588	0.000004	23.2
1981	-0.394504	102.073161	0.005902	16.8
1982	-0.000000	102.043757	0.000000	17.6
1983	-0.976301	102.014375	0.006314	22.4
1984	0.000000	101.985015	0.000000	19.2
1985	-0.006603	101.955678	0.000138	17.6
1986	-0.797200	101.926364	0.007225	26.5
1987	0.000000	101.897072	0.000000	20.4
1988	-0.006518	101.867802	0.001246	18.5
1989	-0.167586	101.838555	0.001126	17.5
1990	-0.035852	101.809330	0.000383	23.7
1991	-0.000112	101.780128	0.000003	17.3
1992	-1.133529	101.750948	0.008851	15.5
1993	0.000000	101.721790	0.000000	17.5
1994	-0.008590	101.692654	0.000541	16.9
1995	-0.784424	101.663541	0.005321	14.0
1996	-0.736172	101.634450	0.006504	18.2
1997	0.000000	101.605381	0.000000	16.2
1998	-0.764236	101.576335	0.005755	15.8
1999	0.000000	101.547310	0.000000	18.3
