1:ItNr	2:Metric	3a:Time	3b:StepSize	4:||Gradient||	Time[ms]
0	-0.532228	0.000000	12.487692	0.012924	2363
1	-0.530271	0.000000	12.487692	0.007006	11
2	-0.546347	0.999987	11.920076	0.016025	11
3	-0.529025	1.999987	11.401812	0.011637	11
4	-0.544778	1.095350	11.868630	0.010524	11
5	-0.538534	2.095350	11.354733	0.012721	11
6	-0.535075	1.190712	11.817626	0.009425	11
7	-0.545764	0.394117	12.257647	0.008829	11
8	-0.532060	1.392362	11.711205	0.009346	12
9	-0.565163	0.487725	12.204248	0.008433	11
10	-0.546665	1.487435	11.661692	0.009929	11
11	-0.557966	0.587053	12.148093	0.008131	12
12	-0.539393	0.000000	12.487692	0.016523	11
13	-0.528416	1.000000	11.920070	0.010465	11
14	-0.557070	1.999967	11.401822	0.012462	11
15	-0.572380	1.095329	11.868641	0.012106	11
16	-0.559849	2.095329	11.354743	0.014086	10
17	-0.580191	1.198090	11.813698	0.010740	12
18	-0.521944	2.198089	11.304446	0.015257	14
19	-0.572172	1.293451	11.763165	0.012924	11
20	-0.571280	0.528748	12.180993	0.011682	11
21	-0.557184	1.528748	11.640307	0.010673	11
22	-0.538172	2.528748	11.145580	0.015050	11
23	-0.543393	3.528482	10.691307	0.005944	11
24	-0.552403	2.624866	11.100234	0.013545	11
25	-0.551430	3.624193	10.649751	0.011204	12
26	-0.552677	4.292924	10.368178	0.011262	12
27	-0.551476	3.388286	10.752766	0.007691	14
28	-0.540968	4.388275	10.329238	0.010166	12
29	-0.529071	5.202184	10.008384	0.010475	10
30	-0.530506	4.466731	10.297416	0.010781	10
31	-0.532596	3.569078	10.673641	0.009744	14
32	-0.553986	4.568974	10.256240	0.010149	11
33	-0.532588	3.710763	10.612442	0.013459	11
34	-0.533918	4.709062	10.200354	0.016162	11
35	-0.554658	5.709062	9.818448	0.012850	11
36	-0.562839	4.804424	10.162658	0.011796	11
37	-0.544824	3.899787	10.531879	0.019392	12
38	-0.562932	4.899787	10.125239	0.015082	11
39	-0.549525	3.995149	10.491697	0.008960	11
40	-0.526715	3.090538	10.885665	0.008260	11
41	-0.543680	4.087873	10.452920	0.012212	14
42	-0.569123	3.183235	10.843939	0.004521	11
43	-0.548083	3.999400	10.489913	0.007873	11
44	-0.577987	3.137015	10.864705	0.015219	11
45	-0.552915	2.299133	11.255420	0.008864	11
46	-0.533729	1.394495	11.710089	0.006573	12
47	-0.533893	0.497168	12.198888	0.011503	11
48	-0.529287	1.487212	11.661807	0.011264	14
49	-0.562515	2.486968	11.165406	0.010047	10
50	-0.557151	1.582331	11.612687	0.010782	11
51	-0.554074	2.582317	11.120262	0.010632	10
52	-0.532748	1.677679	11.563861	0.014360	10
53	-0.559124	0.773041	12.044323	0.010152	11
54	-0.528112	0.000000	12.487692	0.009931	11
55	-0.553113	0.000000	12.487692	0.013398	12
56	-0.556966	0.000000	12.487692	0.016823	11
57	-0.533830	0.999999	11.920070	0.009772	11
58	-0.547441	0.095361	12.431242	0.006422	12
59	-0.541093	0.000000	12.487692	0.010660	12
60	-0.527429	0.521336	12.185188	0.010136	11
61	-0.561130	0.000000	12.487692	0.010883	11
62	-0.561527	0.999734	11.920214	0.008419	10
63	-0.558202	0.095096	12.431398	0.007859	11
64	-0.543560	0.000000	12.487692	0.011651	12
65	-0.537364	0.999779	11.920189	0.017092	11
66	-0.552540	1.999779	11.401915	0.012587	11
67	-0.560420	1.095141	11.868742	0.012394	11
68	-0.546981	0.190504	12.375427	0.014534	11
69	-0.504912	0.000000	12.487692	0.012555	14
70	-0.538858	0.000000	12.487692	0.016803	10
71	-0.541191	0.166658	12.389369	0.005680	11
72	-0.545542	1.166109	11.830743	0.005913	11
73	-0.549796	1.724652	11.539958	0.011838	11
74	-0.540769	2.716984	11.057120	0.011214	12
75	-0.555062	1.812346	11.495597	0.012818	11
76	-0.550272	0.907709	11.970286	0.008655	14
77	-0.541253	1.907660	11.447766	0.014791	11
78	-0.553789	2.907222	10.969134	0.009102	11
79	-0.537956	2.002584	11.400525	0.017509	11
80	-0.532508	3.002584	10.925554	0.009621	11
81	-0.548758	4.002584	10.488577	0.015986	11
82	-0.591942	4.584029	10.250205	0.010799	12
83	-0.546881	5.584028	9.864627	0.010794	11
84	-0.563518	6.584028	9.507006	0.018909	11
85	-0.558794	5.679390	9.829367	0.010240	11
86	-0.548467	6.679390	9.474252	0.010963	12
87	-0.566808	7.672601	9.146067	0.010465	11
88	-0.564983	8.672600	8.837835	0.015076	10
89	-0.557836	9.672599	8.549700	0.011053	11
90	-0.573436	8.767961	8.809523	0.011222	11
91	-0.549613	9.767925	8.523211	0.010799	12
92	-0.552195	8.863288	8.781402	0.010017	11
93	-0.546610	7.958653	9.055723	0.011278	11
94	-0.565780	8.958653	8.753449	0.008751	11
95	-0.542588	8.054016	9.026000	0.008129	10
96	-0.530369	8.895958	8.771806	0.014396	14
97	-0.555791	7.991337	9.045513	0.007978	11
98	-0.549421	8.991299	8.743920	0.012228	11
99	-0.573296	9.260271	8.666199	0.012537	11
100	-0.544522	9.224161	8.676553	0.013581	11
101	-0.522002	10.223857	8.398755	0.011835	11
102	-0.516140	11.223857	8.138117	0.010097	12
103	-0.553576	11.944373	7.960131	0.008425	12
104	-0.558101	12.944348	7.725632	0.017724	11
105	-0.545632	12.039710	7.937162	0.010631	11
106	-0.580923	11.135073	8.160602	0.009783	11
107	-0.561780	12.003771	7.945805	0.014823	11
108	-0.539124	12.899862	7.735770	0.007751	10
109	-0.548238	11.995226	7.947863	0.009315	12
110	-0.539539	11.090876	8.171841	0.012997	11
111	-0.531469	10.556605	8.310195	0.015843	10
112	-0.543449	9.651968	8.555455	0.007664	11
113	-0.524491	10.340151	8.367590	0.007179	14
114	-0.553919	11.086244	8.173021	0.007243	11
115	-0.557487	12.065511	7.930969	0.015458	11
116	-0.535671	11.170113	8.151713	0.009285	10
117	-0.529458	12.170113	7.905958	0.013159	11
118	-0.553132	11.385235	8.097565	0.010671	12
119	-0.540841	10.480597	8.330259	0.008123	11
120	-0.547188	11.475234	8.075124	0.009813	11
121	-0.543158	10.570804	8.306457	0.009721	11
122	-0.559226	9.666201	8.551484	0.011894	11
123	-0.556778	10.661677	8.282617	0.013449	13
124	-0.542027	11.661677	8.029028	0.014061	11
125	-0.558187	11.926601	7.964428	0.013892	11
126	-0.521380	11.021963	8.189427	0.009428	11
127	-0.521974	10.931569	8.212610	0.010649	12
128	-0.545845	11.931569	7.963226	0.007384	11
129	-0.523042	12.925986	7.729813	0.009254	12
130	-0.522217	12.268236	7.882640	0.013575	12
131	-0.549241	13.268236	7.652612	0.010027	11
132	-0.549459	14.268236	7.435629	0.009332	11
133	-0.537946	13.364285	7.631223	0.012268	11
134	-0.569124	12.459647	7.837546	0.011361	11
135	-0.557853	11.667756	8.027534	0.008105	11
136	-0.546613	11.933673	7.962718	0.014044	11
137	-0.543476	11.029035	8.187619	0.004490	11
138	-0.530879	12.028964	7.939744	0.008414	11
139	-0.529534	11.132582	8.161234	0.009521	11
140	-0.541865	10.891289	8.222983	0.010477	14
141	-0.537306	9.986929	8.462973	0.006806	11
142	-0.535285	9.082292	8.717472	0.011738	11
143	-0.533893	8.177654	8.987752	0.011265	11
144	-0.555582	9.177654	8.689924	0.014832	11
145	-0.529712	10.177654	8.411202	0.010739	12
146	-0.546999	11.177653	8.149803	0.007679	11
147	-0.549214	10.273023	8.385551	0.013613	11
148	-0.529704	11.273023	8.125720	0.020152	11
149	-0.551009	12.273023	7.881506	0.014075	11
150	-0.563120	11.368385	8.101780	0.008165	15
151	-0.519992	12.368385	7.858982	0.019275	11
152	-0.572665	13.368385	7.630313	0.017584	11
153	-0.558760	14.368385	7.414575	0.008392	11
154	-0.548266	13.463747	7.609200	0.009624	11
155	-0.560544	12.560019	7.814106	0.008904	12
156	-0.552540	11.655527	8.030540	0.011497	12
157	-0.596546	10.751360	8.259222	0.009241	13
158	-0.552047	9.866750	8.495923	0.011447	11
159	-0.539718	8.962112	8.752438	0.009607	11
160	-0.533728	9.962111	8.469756	0.008297	11
161	-0.561453	10.962109	8.204763	0.008893	11
162	-0.546036	10.058139	8.443569	0.012258	12
163	-0.542054	11.058139	8.180186	0.010508	12
164	-0.553396	12.058139	7.932737	0.010291	10
165	-0.537282	11.490418	8.071350	0.011670	11
166	-0.555838	10.620549	8.293390	0.010891	12
167	-0.524960	11.620548	8.039152	0.013018	12
168	-0.518007	12.610491	7.802371	0.012164	11
169	-0.537666	11.707048	8.017891	0.013373	11
170	-0.572428	12.375057	7.857411	0.011523	11
171	-0.558502	13.375049	7.628834	0.010978	11
172	-0.557817	12.470433	7.835021	0.008848	12
173	-0.532082	13.018900	7.708701	0.007645	10
174	-0.571893	14.018867	7.488578	0.013984	11
175	-0.559175	13.122692	7.685253	0.008192	11
176	-0.572192	14.122692	7.466442	0.010740	11
177	-0.547515	13.535385	7.593416	0.008200	11
178	-0.546352	14.532407	7.380348	0.008147	14
179	-0.566935	13.627811	7.573148	0.010545	11
180	-0.517185	14.626823	7.360789	0.017722	11
181	-0.531458	15.621085	7.160944	0.010517	10
182	-0.542427	14.716447	7.342319	0.012315	12
183	-0.545093	15.716446	7.142345	0.009066	11
184	-0.573785	14.811861	7.322756	0.008786	11
185	-0.562300	13.907223	7.512529	0.010439	14
186	-0.559249	13.035300	7.704987	0.014052	11
187	-0.590152	14.035291	7.485068	0.011717	11
188	-0.544982	15.035291	7.277353	0.014791	11
189	-0.537248	14.185672	7.453077	0.012042	11
190	-0.529347	15.185672	7.247110	0.009968	11
191	-0.539184	16.185672	7.052220	0.007638	11
192	-0.517513	16.929538	6.913913	0.008720	12
193	-0.546226	17.929370	6.736342	0.014049	11
194	-0.543089	17.024732	6.896604	0.009975	11
195	-0.532018	18.024732	6.719880	0.007161	10
196	-0.539167	18.304629	6.672027	0.013368	14
197	-0.553292	19.304624	6.506488	0.008215	10
198	-0.556912	20.278634	6.352960	0.011652	11
199	-0.550694	20.929192	6.254390	0.008442	11
200	-0.541635	20.024566	6.392305	0.009027	11
201	-0.569868	21.024565	6.240196	0.007975	11
202	-0.559386	20.119927	6.377480	0.010206	11
203	-0.559000	20.904001	6.258150	0.010861	11
204	-0.544933	21.902835	6.112452	0.007342	11
205	-0.556850	21.476943	6.173738	0.006615	11
206	-0.539592	20.576877	6.307389	0.005402	11
207	-0.549715	21.543620	6.164062	0.008411	14
208	-0.559849	21.478528	6.173508	0.010358	9
209	-0.506959	22.432120	6.037963	0.013919	11
210	-0.543337	23.087369	5.948224	0.010461	11
211	-0.563265	22.199419	6.070487	0.011188	12
212	-0.548426	23.199414	5.933145	0.010842	11
213	-0.551418	24.199414	5.801879	0.012082	11
214	-0.535811	25.199413	5.676296	0.006968	12
215	-0.544284	24.298751	5.789156	0.007924	12
216	-0.535059	25.298262	5.664177	0.009493	11
217	-0.535910	26.298254	5.544423	0.008208	11
218	-0.577361	27.297043	5.429764	0.011660	11
219	-0.541681	28.297043	5.319620	0.009006	11
220	-0.553735	27.392484	5.419055	0.013559	11
221	-0.550330	28.392484	5.309341	0.010418	12
222	-0.579972	29.387211	5.204526	0.011834	10
223	-0.550814	28.484246	5.299495	0.007399	11
224	-0.571500	29.484244	5.194522	0.013473	11
225	-0.550751	28.637631	5.283119	0.005995	11
226	-0.536256	29.637631	5.178788	0.010212	12
227	-0.576199	30.637631	5.078497	0.007136	11
228	-0.542574	29.732994	5.169053	0.009151	11
229	-0.561894	28.831722	5.262542	0.008549	11
230	-0.540940	29.831722	5.159013	0.012063	12
231	-0.531129	30.694194	5.072940	0.016656	11
232	-0.553941	31.694194	4.976668	0.012826	12
233	-0.524753	30.789895	5.063566	0.017496	12
234	-0.563514	30.037147	5.138248	0.016668	11
235	-0.548242	31.036648	5.039555	0.013879	11
236	-0.547258	32.029748	4.945178	0.009483	11
237	-0.535231	33.029748	4.853651	0.009369	11
238	-0.534797	32.133058	4.935563	0.011777	11
239	-0.543132	31.388230	5.005734	0.008757	11
240	-0.537862	32.387748	4.912017	0.011585	12
241	-0.541818	31.483110	4.996684	0.008215	11
242	-0.559861	32.483110	4.903259	0.012186	11
243	-0.552862	31.578472	4.987622	0.011231	12
244	-0.555437	32.578472	4.894532	0.008607	10
245	-0.545511	33.578472	4.804853	0.008928	11
246	-0.526512	33.391442	4.821375	0.009079	10
247	-0.560305	34.390738	4.734393	0.011186	11
248	-0.530217	35.390738	4.650436	0.010925	11
249	-0.558324	36.390738	4.569405	0.009286	12
250	-0.564408	35.566405	4.635994	0.013451	11
251	-0.552798	34.667031	4.710895	0.010997	11
252	-0.536184	35.667031	4.627762	0.007304	11
253	-0.550974	35.373602	4.651850	0.011425	11
254	-0.545290	34.468964	4.727716	0.008419	11
255	-0.528089	33.953177	4.772090	0.009278	12
256	-0.510471	33.048627	4.851955	0.017420	11
257	-0.524541	32.143992	4.934547	0.008489	11
258	-0.553298	33.143992	4.843410	0.014003	10
259	-0.548191	34.143618	4.755610	0.007025	11
260	-0.543687	35.143551	4.670911	0.009221	9
261	-0.547128	36.142207	4.589279	0.010741	12
262	-0.537068	36.964241	4.524195	0.016277	12
263	-0.543950	36.064907	4.595496	0.013699	11
264	-0.543347	35.160269	4.669521	0.008393	11
265	-0.531664	34.255632	4.745969	0.009647	11
266	-0.524002	34.023414	4.765999	0.013653	11
267	-0.548812	33.290812	4.830311	0.012245	11
268	-0.542990	34.290812	4.742950	0.014081	11
269	-0.560852	35.290812	4.658692	0.011847	10
270	-0.548756	36.290812	4.577375	0.007351	11
271	-0.560645	37.288745	4.499008	0.015577	11
272	-0.547689	38.287602	4.423210	0.011379	11
273	-0.563867	39.287602	4.349842	0.007289	14
274	-0.541177	38.465844	4.409952	0.009938	11
275	-0.559437	39.369276	4.343957	0.011623	11
276	-0.550945	40.369273	4.273173	0.010739	11
277	-0.533090	39.670796	4.322368	0.017170	11
278	-0.578901	38.842296	4.382210	0.011378	11
279	-0.525326	37.939029	4.449370	0.006963	11
280	-0.512674	37.035173	4.518665	0.015690	14
281	-0.567472	38.035173	4.442124	0.013690	11
282	-0.536420	39.035173	4.368131	0.010660	11
283	-0.565316	40.035173	4.296564	0.013941	11
284	-0.561569	39.130536	4.361204	0.008421	11
285	-0.546051	40.117614	4.290768	0.006256	11
286	-0.517935	39.212980	4.355233	0.010943	11
287	-0.534298	40.212980	4.284084	0.014149	11
288	-0.560881	41.032388	4.227494	0.009117	12
289	-0.556743	42.032388	4.160425	0.005900	11
290	-0.552974	41.369252	4.204661	0.007909	11
291	-0.536632	40.496389	4.264340	0.019050	13
292	-0.557524	39.591803	4.328003	0.013220	10
293	-0.552281	38.687631	4.393566	0.013342	11
294	-0.533451	39.687631	4.321169	0.012263	11
295	-0.561810	40.657315	4.253210	0.009709	11
296	-0.580503	41.657295	4.185331	0.008766	11
297	-0.514675	42.657286	4.119584	0.009121	11
298	-0.533003	43.657286	4.055870	0.007345	12
299	-0.520398	44.657286	3.994096	0.012679	11
300	-0.584132	43.752659	4.049896	0.011935	11
301	-0.577931	44.752659	3.988303	0.012927	11
302	-0.508433	43.848021	4.043940	0.008440	13
303	-0.528703	42.965898	4.099708	0.007927	11
304	-0.560109	43.965839	4.036607	0.021421	11
305	-0.552307	44.965839	3.975414	0.022452	11
306	-0.555971	45.965839	3.916049	0.013765	11
307	-0.545027	45.061201	3.969675	0.015262	11
308	-0.532691	44.156564	4.024791	0.011254	11
309	-0.555814	43.251926	4.081458	0.007182	13
310	-0.574005	42.347288	4.139744	0.009864	11
311	-0.574475	43.347259	4.075411	0.014310	11
312	-0.528959	44.347257	4.013046	0.009458	11
313	-0.557810	43.442650	4.069378	0.016087	11
314	-0.538156	42.538012	4.127317	0.010752	11
315	-0.542878	41.633374	4.186930	0.005700	11
316	-0.571473	41.510157	4.195183	0.011684	11
317	-0.540908	40.647462	4.253890	0.010135	12
318	-0.550625	41.647439	4.185990	0.013071	11
319	-0.580377	40.742801	4.247322	0.013608	11
320	-0.545893	39.838164	4.310477	0.008281	12
321	-0.564432	38.933526	4.375540	0.009665	11
322	-0.552667	38.028888	4.442597	0.011742	11
323	-0.555393	39.027016	4.368725	0.009433	11
324	-0.552236	40.024909	4.297287	0.012512	11
325	-0.547399	41.024907	4.228004	0.015316	11
326	-0.564659	42.024905	4.160919	0.008045	11
327	-0.544258	41.353470	4.205725	0.008537	11
328	-0.548355	40.909422	4.235890	0.008374	9
329	-0.554542	40.004925	4.298694	0.010162	11
330	-0.528446	39.100287	4.363399	0.012616	11
331	-0.565285	40.100173	4.291993	0.010093	11
332	-0.561271	39.195536	4.356495	0.009251	12
333	-0.524839	40.195536	4.285305	0.015322	11
334	-0.540326	41.195533	4.216405	0.012560	11
335	-0.550774	42.195533	4.149685	0.008942	11
336	-0.577352	43.195533	4.085043	0.014230	11
337	-0.515331	44.195533	4.022385	0.009992	11
338	-0.533445	45.195532	3.961620	0.013956	11
339	-0.522944	46.170122	3.904140	0.008491	14
340	-0.542972	47.081346	3.851885	0.007970	11
341	-0.528295	46.176709	3.903757	0.009276	11
342	-0.552130	47.176709	3.846497	0.007226	11
343	-0.552976	46.272358	3.898206	0.014413	11
344	-0.536162	47.272358	3.841108	0.013716	11
345	-0.560821	46.464052	3.887130	0.010104	11
346	-0.563645	45.559414	3.939962	0.009033	11
347	-0.556391	46.558615	3.881689	0.010271	11
348	-0.540591	47.543689	3.825903	0.009827	11
349	-0.554013	46.639052	3.877073	0.013437	11
350	-0.561728	47.639052	3.820588	0.009553	13
351	-0.553451	46.734414	3.871614	0.009846	11
352	-0.547321	47.734349	3.815291	0.015795	11
353	-0.546257	48.733731	3.760612	0.010568	11
354	-0.547676	49.733731	3.707447	0.009961	11
355	-0.563477	50.733678	3.655766	0.012925	11
356	-0.547397	49.829043	3.702458	0.008783	11
357	-0.527256	49.217808	3.734687	0.013552	9
358	-0.533088	48.473457	3.774701	0.008323	11
359	-0.547994	49.455093	3.722109	0.009294	11
360	-0.546164	48.732181	3.760696	0.011297	11
361	-0.535498	49.732015	3.707537	0.013278	12
362	-0.535822	48.827378	3.755569	0.013628	12
363	-0.531467	49.827378	3.702545	0.009435	11
364	-0.539496	48.922740	3.750447	0.008652	11
365	-0.567448	48.868732	3.753346	0.007005	12
366	-0.522120	49.163267	3.737590	0.008831	10
367	-0.569302	48.265642	3.786026	0.010644	10
368	-0.556382	47.361274	3.836112	0.011017	11
369	-0.563487	46.456636	3.887557	0.011214	14
370	-0.549962	45.551998	3.940401	0.010608	10
371	-0.552727	46.551998	3.882069	0.014825	11
372	-0.552037	45.811816	3.925077	0.007138	11
373	-0.542549	46.811790	3.867197	0.007618	11
374	-0.534759	45.907391	3.919470	0.009219	11
375	-0.526040	45.012997	3.972574	0.009653	12
376	-0.550108	45.725830	3.930135	0.012163	11
377	-0.554265	46.725507	3.872124	0.011854	11
378	-0.564290	47.725507	3.815782	0.009166	10
379	-0.548026	48.650494	3.765107	0.012321	11
380	-0.550364	47.745856	3.814652	0.012726	14
381	-0.522704	48.745856	3.759959	0.006280	11
382	-0.559003	49.628999	3.712944	0.010354	11
383	-0.552326	50.619623	3.661588	0.009405	11
384	-0.548094	49.728005	3.707747	0.007844	11
385	-0.540918	48.823653	3.755769	0.008947	11
386	-0.571132	47.919524	3.805040	0.010115	11
387	-0.590478	47.014887	3.855649	0.010429	13
388	-0.515312	47.999076	3.800653	0.008138	11
389	-0.551750	48.999076	3.746357	0.008455	11
390	-0.551474	49.996347	3.693733	0.010974	11
391	-0.530682	49.091710	3.741406	0.008863	11
392	-0.539912	48.187072	3.790326	0.008638	11
393	-0.561666	47.363308	3.835998	0.012072	11
394	-0.551927	48.362930	3.780716	0.008301	11
395	-0.549860	47.458292	3.830676	0.018559	12
396	-0.548547	48.458292	3.775525	0.008049	10
397	-0.541907	49.457279	3.721993	0.011566	11
398	-0.542835	48.552681	3.770402	0.013169	12
399	-0.545767	47.648043	3.820088	0.011613	12
400	-0.560379	48.648043	3.765239	0.011923	11
401	-0.575513	49.648043	3.711943	0.014095	11
402	-0.516304	50.648043	3.660135	0.010877	11
403	-0.552483	51.631031	3.610599	0.018155	11
404	-0.567612	52.631031	3.561563	0.009995	12
405	-0.537965	53.234224	3.532623	0.011573	11
406	-0.543631	53.960249	3.498408	0.008631	11
407	-0.560999	53.055674	3.541140	0.012204	11
408	-0.539925	52.151036	3.584933	0.020828	11
409	-0.539120	53.151036	3.536586	0.007485	11
410	-0.555829	52.246398	3.580265	0.010412	14
411	-0.529019	51.341760	3.625037	0.011716	11
412	-0.550134	52.148753	3.585044	0.006616	11
413	-0.565999	53.148753	3.536695	0.010054	11
414	-0.560375	52.245343	3.580317	0.008301	12
415	-0.558404	51.396124	3.622315	0.008350	11
416	-0.537705	52.248219	3.580176	0.010193	11
417	-0.544000	51.343582	3.624945	0.005025	14
418	-0.539513	52.343451	3.575528	0.010100	11
419	-0.564000	51.499753	3.617137	0.008976	11
420	-0.525332	50.595116	3.662841	0.011380	11
421	-0.579546	49.690478	3.709715	0.010831	11
422	-0.547086	50.634965	3.660804	0.013315	11
423	-0.555496	49.730331	3.707625	0.008361	11
424	-0.562680	50.730331	3.655936	0.015806	12
425	-0.535165	51.730247	3.605674	0.014916	11
426	-0.539753	50.825609	3.651087	0.011632	11
427	-0.543816	49.920971	3.697659	0.011266	11
428	-0.557545	49.016333	3.745434	0.009148	13
429	-0.535059	50.016333	3.692693	0.008269	11
430	-0.532062	49.111718	3.740338	0.012167	11
431	-0.544867	48.470218	3.774877	0.011362	11
432	-0.577184	49.470029	3.721320	0.015335	11
433	-0.548777	48.565391	3.769713	0.016641	12
434	-0.552172	49.565391	3.716291	0.013321	11
435	-0.574668	50.565350	3.664365	0.012204	11
436	-0.565308	49.662571	3.711180	0.015916	11
437	-0.542670	49.927022	3.697343	0.013376	11
438	-0.542975	49.022384	3.745110	0.011724	11
439	-0.577430	50.022306	3.692383	0.007500	15
440	-0.560019	49.316099	3.729466	0.012776	11
441	-0.580971	48.411469	3.778072	0.011634	11
442	-0.556200	47.661418	3.819343	0.006932	11
443	-0.556741	46.945984	3.859559	0.014267	12
444	-0.569716	47.945478	3.803607	0.011929	11
445	-0.549300	48.945463	3.749229	0.010279	11
446	-0.485429	49.945463	3.696382	0.013639	14
447	-0.548474	50.918379	3.646377	0.010146	11
448	-0.547103	51.918379	3.596371	0.007290	10
449	-0.544173	52.918306	3.547721	0.012153	11
450	-0.529720	52.013668	3.591677	0.010081	11
451	-0.540256	53.013635	3.543152	0.013436	11
452	-0.542811	54.013634	3.495918	0.005720	11
453	-0.529814	54.145335	3.489791	0.008268	11
454	-0.543886	53.411955	3.524185	0.009464	11
455	-0.595620	54.411709	3.477464	0.011754	9
456	-0.560679	55.410788	3.431996	0.010424	11
457	-0.518971	54.612460	3.468232	0.013169	14
458	-0.552969	55.317746	3.436180	0.012528	11
459	-0.506145	54.413108	3.477400	0.008628	11
460	-0.551319	54.997248	3.450671	0.009302	11
461	-0.537798	55.996348	3.405896	0.012810	11
462	-0.551764	56.774526	3.371818	0.010898	12
463	-0.545099	55.869888	3.411499	0.009624	11
464	-0.581403	54.965251	3.452125	0.010523	13
465	-0.574805	54.628028	3.467518	0.015524	11
466	-0.545610	55.628013	3.422267	0.008376	11
467	-0.551984	54.723375	3.463152	0.012747	11
468	-0.512599	55.723375	3.418014	0.014369	11
469	-0.535083	54.818745	3.458795	0.009947	11
470	-0.560978	55.818700	3.413772	0.007405	11
471	-0.548607	56.755350	3.372649	0.010229	11
472	-0.521487	55.870186	3.411486	0.011001	11
473	-0.517878	56.870186	3.367676	0.007085	12
474	-0.580970	55.965548	3.407259	0.015520	11
475	-0.531803	55.060911	3.447783	0.014365	12
476	-0.575527	56.060911	3.403042	0.008108	12
477	-0.567413	55.167976	3.442937	0.014884	11
478	-0.524639	54.263384	3.484318	0.010253	11
479	-0.544943	53.358828	3.526703	0.007892	11
480	-0.536690	52.457771	3.569963	0.010748	11
481	-0.570427	53.346699	3.527279	0.009426	11
482	-0.562421	54.346699	3.480465	0.011248	11
483	-0.540180	55.346699	3.434877	0.011455	11
484	-0.581827	56.346699	3.390468	0.015075	11
485	-0.502751	57.346699	3.347193	0.014636	11
486	-0.542752	56.442061	3.386293	0.008551	11
487	-0.535298	57.442059	3.343124	0.010940	13
488	-0.563483	56.538355	3.382088	0.012352	11
489	-0.542013	55.633717	3.422012	0.014199	11
490	-0.539724	56.633717	3.377933	0.008571	11
491	-0.560298	55.729080	3.417759	0.008804	12
492	-0.536192	55.458511	3.429854	0.007715	11
493	-0.555647	56.458510	3.385574	0.010820	12
494	-0.550823	57.458510	3.342423	0.009469	12
495	-0.584035	56.553872	3.381411	0.006768	11
496	-0.543956	57.553872	3.338365	0.011656	11
497	-0.551695	58.553868	3.296402	0.009972	11
498	-0.545764	59.553780	3.255484	0.012551	11
499	-0.551498	58.741073	3.288663	0.012789	11
