1:ItNr	2:Metric	3a:Time	3b:StepSize	4:||Gradient||	Time[ms]
0	-0.468571	0.000000	4.335405	0.013242	2456
1	-0.485117	0.000000	4.335405	0.016591	10
2	-0.468531	0.999999	4.138341	0.011844	12
3	-0.462030	1.999995	3.958414	0.015764	12
4	-0.474751	2.999915	3.793493	0.014119	12
5	-0.478580	3.999912	3.641753	0.011721	11
6	-0.475187	4.999912	3.501685	0.013314	11
7	-0.483351	4.051193	3.634298	0.012655	10
8	-0.469461	4.390330	3.585755	0.016288	12
9	-0.484110	5.389661	3.449969	0.007323	12
10	-0.452385	6.389217	3.324064	0.017428	12
11	-0.494102	5.418527	3.446199	0.016952	11
12	-0.507749	4.447816	3.577655	0.010958	12
13	-0.464376	3.477106	3.719537	0.014679	13
14	-0.485421	4.477104	3.573542	0.014987	12
15	-0.467512	5.316451	3.459566	0.011320	12
16	-0.460321	4.345929	3.592037	0.013390	12
17	-0.461237	3.375558	3.735033	0.016501	12
18	-0.461627	4.375558	3.587842	0.014701	12
19	-0.481145	5.375558	3.451813	0.006334	12
20	-0.465660	5.980689	3.374395	0.011172	12
21	-0.477289	6.915434	3.261404	0.006473	12
22	-0.468376	7.915214	3.148637	0.012922	12
23	-0.472390	8.674771	3.068044	0.018771	12
24	-0.465535	7.704106	3.171794	0.010880	12
25	-0.491787	8.704106	3.065014	0.011322	10
26	-0.466458	7.837613	3.157110	0.011905	12
27	-0.487958	8.816951	3.053414	0.014689	11
28	-0.471532	9.813696	2.954644	0.013050	12
29	-0.492318	8.878664	3.047108	0.017183	12
30	-0.454925	9.877138	2.948573	0.013617	11
31	-0.442002	10.877047	2.856083	0.011161	11
32	-0.466163	9.906337	2.945788	0.012531	12
33	-0.490870	8.938790	3.040988	0.019226	12
34	-0.468221	9.938784	2.942698	0.010656	12
35	-0.486374	10.938473	2.850591	0.010031	11
36	-0.475619	11.646430	2.788774	0.016206	12
37	-0.483491	12.154220	2.746061	0.015906	11
38	-0.460253	13.154220	2.665659	0.015666	12
39	-0.485926	12.719029	2.700063	0.008649	12
40	-0.481239	11.759203	2.779173	0.009580	12
41	-0.481519	12.737038	2.698622	0.011121	12
42	-0.501532	12.141582	2.747108	0.019494	12
43	-0.457550	11.170908	2.829995	0.010170	12
44	-0.467693	12.170908	2.744679	0.011781	12
45	-0.499590	13.170907	2.664357	0.011307	12
46	-0.468963	14.170747	2.588615	0.014007	12
47	-0.477524	15.170747	2.517048	0.016111	12
48	-0.486082	14.200054	2.586459	0.015528	11
49	-0.487520	13.338983	2.651316	0.010990	12
50	-0.465648	14.338983	2.576291	0.009102	12
51	-0.479339	13.368749	2.649020	0.019816	12
52	-0.472098	14.368749	2.574123	0.016183	12
53	-0.470841	15.195289	2.515341	0.010649	12
54	-0.493669	16.193862	2.447810	0.019327	12
55	-0.462896	15.223153	2.513406	0.017559	12
56	-0.490749	14.252442	2.582616	0.011810	12
57	-0.457054	13.293878	2.654803	0.014088	12
58	-0.480196	13.141084	2.666685	0.007900	12
59	-0.475582	12.278746	2.735785	0.011628	12
60	-0.469600	11.348382	2.814469	0.013317	11
61	-0.504237	12.346730	2.730208	0.013732	12
62	-0.468391	11.376431	2.812030	0.008774	12
63	-0.464345	11.357419	2.813683	0.009414	12
64	-0.472781	11.982550	2.760354	0.011240	11
65	-0.459095	12.710722	2.700728	0.016793	12
66	-0.481603	13.696455	2.624000	0.014720	12
67	-0.482015	14.696455	2.550492	0.006081	12
68	-0.493615	13.875173	2.610554	0.006959	12
69	-0.489074	13.157878	2.665374	0.012982	12
70	-0.484802	12.189190	2.743167	0.019296	12
71	-0.474667	11.224364	2.825300	0.014713	12
72	-0.470794	10.253654	2.913052	0.015781	12
73	-0.486107	9.282943	3.006429	0.017481	11
74	-0.471069	10.282943	2.910324	0.015702	12
75	-0.472408	11.282943	2.820174	0.014457	12
76	-0.464423	10.320953	2.906792	0.008261	12
77	-0.499987	11.313258	2.817528	0.010151	12
78	-0.496085	12.289570	2.734896	0.009544	12
79	-0.476683	11.318920	2.817034	0.009542	12
80	-0.506141	10.784582	2.864392	0.012543	12
81	-0.478924	9.903336	2.946074	0.011259	12
82	-0.493762	8.932627	3.041614	0.016513	12
83	-0.479601	8.692942	3.066167	0.011126	12
84	-0.497762	7.725972	3.169379	0.014146	12
85	-0.497009	6.853697	3.268633	0.015783	12
86	-0.511147	5.948668	3.378405	0.009762	12
87	-0.459007	4.977958	3.504645	0.014283	12
88	-0.469749	4.008186	3.640548	0.024854	12
89	-0.468194	3.037475	3.787565	0.008284	11
90	-0.469658	2.066765	3.946956	0.011484	12
91	-0.483882	1.170822	4.106456	0.016183	11
92	-0.501769	2.170817	3.929232	0.013626	12
93	-0.475572	3.170816	3.766671	0.015895	12
94	-0.483801	2.200105	3.924271	0.012538	12
95	-0.485363	1.235838	4.094449	0.009731	11
96	-0.482848	2.233994	3.918547	0.009108	11
97	-0.451485	3.233510	3.756926	0.010686	12
98	-0.483772	2.263133	3.913639	0.011345	12
99	-0.495301	1.314353	4.080042	0.012315	12
100	-0.490839	0.343643	4.265603	0.010663	12
101	-0.471527	0.000000	4.335405	0.012346	10
102	-0.489697	0.999998	4.138342	0.008180	11
103	-0.457296	0.032393	4.328728	0.009427	12
104	-0.497586	0.927441	4.152035	0.014916	12
105	-0.481036	0.000000	4.335405	0.011489	12
106	-0.467051	0.583538	4.218192	0.019689	12
107	-0.496596	1.579760	4.032085	0.018101	12
108	-0.481399	0.609049	4.213212	0.012545	11
109	-0.496561	0.000000	4.335405	0.009040	12
110	-0.479192	0.998826	4.138562	0.012209	12
111	-0.474297	1.955282	3.966124	0.019379	12
112	-0.455075	2.955250	3.800566	0.013608	12
113	-0.506813	1.984543	3.961075	0.012063	12
114	-0.486264	1.014383	4.135638	0.015240	12
115	-0.492356	2.014369	3.955942	0.013618	12
116	-0.483133	2.843737	3.818340	0.013679	11
117	-0.453548	1.873027	3.980387	0.012065	12
118	-0.484497	0.903296	4.156612	0.015184	12
119	-0.468752	0.000000	4.335405	0.009712	12
120	-0.483850	0.000000	4.335405	0.012479	11
121	-0.482463	1.000000	4.138341	0.010073	12
122	-0.473419	1.993760	3.959488	0.009975	12
123	-0.484615	1.430272	4.058957	0.019230	12
124	-0.464639	2.430270	3.885722	0.011265	11
125	-0.478469	1.459560	4.053664	0.012442	12
126	-0.479716	0.488894	4.236770	0.014649	11
127	-0.472240	0.000000	4.335405	0.007761	12
128	-0.486394	0.000000	4.335405	0.006445	12
129	-0.444803	0.987838	4.140630	0.011211	12
130	-0.468215	1.028078	4.133066	0.016568	12
131	-0.465769	2.028078	3.953587	0.009765	12
132	-0.472557	1.057367	4.127578	0.010551	11
133	-0.470162	0.086739	4.317572	0.013401	11
134	-0.470654	0.000000	4.335405	0.009798	11
135	-0.474706	0.781203	4.179912	0.010871	12
136	-0.480181	0.000000	4.335405	0.008021	12
137	-0.485854	0.940725	4.149521	0.008306	10
138	-0.481838	1.939772	3.968806	0.011562	10
139	-0.461877	0.989216	4.140371	0.011522	10
140	-0.491431	0.018529	4.331583	0.009679	12
141	-0.461313	1.009582	4.136539	0.006112	12
142	-0.495987	0.554991	4.223778	0.008126	12
143	-0.507345	1.171907	4.106255	0.012711	12
144	-0.479447	0.203874	4.293720	0.007157	12
145	-0.481026	0.000000	4.335405	0.010948	12
146	-0.509717	0.000000	4.335405	0.010277	12
147	-0.518006	0.000000	4.335405	0.017003	12
148	-0.466394	0.486829	4.237177	0.012637	12
149	-0.491656	0.000000	4.335405	0.011273	11
150	-0.454219	0.000000	4.335405	0.010779	10
151	-0.477706	0.999761	4.138386	0.012518	10
152	-0.480586	0.643037	4.206596	0.016085	10
153	-0.475307	0.000000	4.335405	0.018848	12
154	-0.483842	1.000000	4.138341	0.014750	12
155	-0.475075	2.000000	3.958413	0.016444	12
156	-0.454917	1.029289	4.132839	0.010509	12
157	-0.498189	0.082449	4.318450	0.015471	12
158	-0.498696	0.000000	4.335405	0.008817	12
159	-0.484490	0.999997	4.138342	0.010914	12
160	-0.487978	0.194385	4.295643	0.010364	12
161	-0.487858	0.000000	4.335405	0.014989	12
162	-0.472714	1.000000	4.138341	0.009063	12
163	-0.478294	0.034852	4.328222	0.016640	11
164	-0.440247	0.000000	4.335405	0.012859	12
165	-0.479667	0.999998	4.138342	0.011549	12
166	-0.481597	1.999761	3.958454	0.012767	11
167	-0.477786	1.029178	4.132860	0.011424	11
168	-0.492084	2.029155	3.953402	0.009797	12
169	-0.489562	1.058446	4.127376	0.015585	12
170	-0.465522	0.087738	4.317367	0.018132	12
171	-0.492043	0.000000	4.335405	0.012822	12
172	-0.461101	0.999395	4.138455	0.008012	12
173	-0.479910	1.998070	3.958746	0.010406	11
174	-0.474794	2.479478	3.877578	0.009408	11
175	-0.483326	3.474000	3.720009	0.014660	11
176	-0.478878	2.505056	3.873358	0.013620	12
177	-0.460276	1.626237	4.023802	0.009616	12
178	-0.476773	2.626175	3.853502	0.013541	12
179	-0.476324	1.966880	3.964122	0.021042	11
180	-0.499582	2.964324	3.799127	0.013504	11
181	-0.476716	1.993615	3.959513	0.010687	12
182	-0.466256	1.022904	4.134037	0.017351	12
183	-0.467833	0.317345	4.270865	0.015436	12
184	-0.485591	0.000000	4.335405	0.011566	12
185	-0.470072	0.999811	4.138377	0.012308	12
186	-0.499743	1.951735	3.966737	0.016867	11
187	-0.476253	2.941784	3.802704	0.016283	12
188	-0.476729	3.941784	3.650240	0.026817	12
189	-0.481675	4.907514	3.514174	0.010902	11
190	-0.488163	3.937692	3.650839	0.016612	11
191	-0.495746	2.967684	3.798594	0.013390	12
192	-0.492228	2.256493	3.914756	0.013571	12
193	-0.450540	3.256491	3.753367	0.013664	12
194	-0.481381	4.255410	3.604911	0.018287	11
195	-0.486283	5.255410	3.467609	0.015384	12
196	-0.457784	4.284699	3.600735	0.016729	12
197	-0.470527	3.313989	3.744491	0.016579	12
198	-0.490101	4.313989	3.596569	0.009874	12
199	-0.475724	5.313986	3.459890	0.015380	12
200	-0.483820	5.158134	3.480505	0.011998	12
201	-0.491957	6.158134	3.352348	0.010205	12
202	-0.485119	6.765838	3.278976	0.010833	11
203	-0.480177	6.253916	3.340566	0.008795	12
204	-0.468408	6.619631	3.296333	0.015620	12
205	-0.482410	7.573937	3.186243	0.017361	10
206	-0.440320	6.655663	3.292038	0.011191	11
207	-0.498795	7.655663	3.177156	0.020693	12
208	-0.484169	8.655663	3.070021	0.014725	12
209	-0.471548	9.655663	2.969876	0.007662	12
210	-0.488471	10.655522	2.876070	0.010050	12
211	-0.468099	10.897454	2.854256	0.017276	12
212	-0.469082	10.201535	2.917918	0.008106	12
213	-0.474270	11.152242	2.831638	0.010882	12
214	-0.496881	10.198872	2.918167	0.008128	12
215	-0.475099	11.198439	2.827575	0.008364	12
216	-0.492327	12.002333	2.758699	0.017574	12
217	-0.499406	11.056092	2.840131	0.012164	12
218	-0.488678	12.056092	2.754213	0.012541	12
219	-0.479858	13.056092	2.673340	0.011246	12
220	-0.485911	12.484593	2.718967	0.013632	13
221	-0.479347	13.383397	2.647892	0.015701	12
222	-0.458253	12.412687	2.724818	0.010514	12
223	-0.506869	13.403975	2.646308	0.010671	12
224	-0.478535	14.403974	2.571562	0.009502	12
225	-0.479310	13.433462	2.644042	0.015478	12
226	-0.487634	14.100061	2.593828	0.014713	12
227	-0.490909	15.100061	2.521977	0.008997	12
228	-0.480189	16.100061	2.453999	0.013774	12
229	-0.485007	16.408006	2.433797	0.016901	12
230	-0.461115	17.403767	2.370692	0.009759	12
231	-0.482697	16.433059	2.432168	0.017353	12
232	-0.432373	15.556698	2.490474	0.012992	12
233	-0.469506	14.585988	2.558409	0.009800	12
234	-0.466177	13.622802	2.629582	0.010480	12
235	-0.487258	12.835674	2.690755	0.009107	12
236	-0.461713	11.865858	2.770155	0.009557	12
237	-0.468839	12.865829	2.688359	0.010000	12
238	-0.460975	11.895566	2.767653	0.009731	12
239	-0.457835	12.853765	2.689317	0.013658	12
240	-0.485852	11.895149	2.767688	0.007656	12
241	-0.471011	11.590463	2.793563	0.008196	12
242	-0.473543	10.621474	2.879167	0.010536	12
243	-0.452320	11.531452	2.798630	0.016539	12
244	-0.489556	12.393849	2.726356	0.008484	12
245	-0.451968	13.385037	2.647765	0.014127	12
246	-0.466275	14.216987	2.585216	0.011396	12
247	-0.468829	13.413382	2.645584	0.013028	10
248	-0.464639	14.407088	2.571336	0.013623	12
249	-0.501767	13.437747	2.643713	0.013831	12
250	-0.486557	14.437701	2.569114	0.013843	11
251	-0.451807	13.548709	2.635222	0.012723	12
252	-0.472664	12.590535	2.710392	0.014652	12
253	-0.489930	11.620143	2.791021	0.018086	12
254	-0.474113	10.649432	2.876624	0.007700	12
255	-0.485233	9.682228	2.967304	0.016784	12
256	-0.480458	8.740539	3.061259	0.012749	12
257	-0.464759	9.737354	2.961983	0.013279	10
258	-0.468513	8.766665	3.058573	0.015371	13
259	-0.497583	8.027881	3.136416	0.015328	12
260	-0.468874	9.027277	3.032027	0.010917	10
261	-0.494795	8.056567	3.133319	0.017059	11
262	-0.492502	9.056567	3.029072	0.012816	12
263	-0.467271	8.085857	3.130164	0.013772	12
264	-0.448419	9.085857	3.026123	0.019941	12
265	-0.473606	10.085857	2.928776	0.013152	12
266	-0.464079	11.082745	2.837772	0.015553	12
267	-0.504261	12.064267	2.753532	0.008917	12
268	-0.468331	11.093558	2.836816	0.011921	10
269	-0.472968	12.058675	2.753997	0.007376	12
270	-0.469878	11.108526	2.835493	0.008621	11
271	-0.464859	12.103314	2.750284	0.015050	12
272	-0.486413	12.414807	2.724646	0.007430	12
273	-0.465277	11.518154	2.799775	0.011515	12
274	-0.485053	10.547725	2.885898	0.010660	12
275	-0.482712	11.545965	2.797382	0.007899	11
276	-0.500721	11.748101	2.780116	0.014323	12
277	-0.479973	11.330571	2.816019	0.012203	12
278	-0.477738	11.976871	2.760829	0.011500	12
279	-0.493984	12.976844	2.679575	0.010644	12
280	-0.494444	13.973877	2.603186	0.012228	12
281	-0.468152	13.007852	2.677132	0.015945	12
282	-0.493966	12.037141	2.755793	0.017642	12
283	-0.466635	11.066622	2.839199	0.007756	12
284	-0.456795	12.051627	2.754585	0.009978	10
285	-0.485792	12.924469	2.683712	0.011789	11
286	-0.477690	13.919515	2.607239	0.008092	12
287	-0.505396	13.968010	2.603623	0.011924	12
288	-0.454777	14.782083	2.544388	0.010154	12
289	-0.475417	15.189637	2.515734	0.011296	12
290	-0.508186	16.179693	2.448743	0.009941	12
291	-0.478237	17.179522	2.384616	0.020077	12
292	-0.455365	16.209038	2.446812	0.018059	12
293	-0.483206	17.209038	2.382774	0.010342	11
294	-0.476075	16.238328	2.444887	0.012448	12
295	-0.473490	17.203701	2.383107	0.011969	12
296	-0.471607	18.203546	2.322328	0.013395	10
297	-0.468048	17.232835	2.381291	0.009369	12
298	-0.504070	18.232830	2.320595	0.006273	11
299	-0.479403	18.298150	2.316738	0.014006	10
300	-0.492506	17.344021	2.374386	0.007648	12
301	-0.472665	18.341893	2.314162	0.011270	12
302	-0.491928	19.341401	2.256826	0.008514	12
303	-0.480175	18.411788	2.310058	0.007903	12
304	-0.483609	19.192191	2.265204	0.012479	12
305	-0.484216	20.189708	2.210346	0.013937	12
306	-0.454566	19.219003	2.263694	0.012754	12
307	-0.446726	20.044164	2.218184	0.013774	11
308	-0.501167	19.073599	2.271907	0.007882	12
309	-0.500126	20.073580	2.216595	0.007097	12
310	-0.470667	20.242841	2.207498	0.009511	12
311	-0.472133	21.190084	2.157936	0.010959	12
312	-0.490205	21.584155	2.137967	0.009214	11
313	-0.461443	22.427494	2.096449	0.013857	11
314	-0.471462	23.297412	2.055278	0.012200	12
315	-0.480792	24.297393	2.009906	0.012565	11
316	-0.485250	25.205900	1.970387	0.014799	12
317	-0.481493	24.765793	1.989335	0.018440	10
318	-0.461981	23.797605	2.032330	0.012776	12
319	-0.466813	24.797605	1.987953	0.012359	12
320	-0.491259	23.826895	2.031002	0.018276	12
321	-0.472441	24.825730	1.986733	0.010670	12
322	-0.463485	24.627439	1.995367	0.010579	12
323	-0.478626	23.656806	2.038738	0.012857	11
324	-0.489694	24.632519	1.995145	0.015045	11
325	-0.488343	23.674679	2.037922	0.012758	12
326	-0.456494	24.574310	1.997694	0.013169	12
327	-0.496496	23.705933	2.036497	0.008113	10
328	-0.485023	22.735293	2.081694	0.012146	12
329	-0.442229	23.086009	2.065134	0.009549	12
330	-0.467247	23.249727	2.057493	0.010188	12
331	-0.457701	22.470998	2.094350	0.005738	12
332	-0.458894	21.514168	2.141486	0.016007	12
333	-0.487198	20.543464	2.191524	0.012968	12
334	-0.449258	19.572753	2.243957	0.015313	12
335	-0.476886	18.602149	2.298954	0.010549	12
336	-0.489422	19.602142	2.242333	0.017318	12
337	-0.459041	18.631431	2.297255	0.013211	12
338	-0.459995	19.619985	2.241348	0.013737	13
339	-0.477688	19.045428	2.273506	0.009561	13
340	-0.479687	19.163627	2.266815	0.011651	11
341	-0.491396	18.192916	2.322958	0.015809	12
342	-0.465367	17.234471	2.381189	0.014070	12
343	-0.493791	18.234471	2.320498	0.015073	12
344	-0.484405	17.264648	2.379311	0.010970	11
345	-0.495857	16.293937	2.441241	0.013645	12
346	-0.476017	15.364367	2.503646	0.008013	12
347	-0.462521	16.278482	2.442254	0.012289	12
348	-0.500684	15.309022	2.507462	0.014983	12
349	-0.470195	15.731661	2.478611	0.013108	12
350	-0.494060	16.731660	2.412921	0.014574	12
351	-0.508219	15.770443	2.475997	0.010115	12
352	-0.474054	15.121657	2.520469	0.024950	11
353	-0.466039	14.150946	2.590073	0.009773	11
354	-0.446760	13.239651	2.659008	0.013690	11
355	-0.475355	12.268947	2.736591	0.012174	11
356	-0.472375	13.203247	2.661838	0.009749	11
357	-0.498354	14.203246	2.586225	0.017743	11
358	-0.490952	13.245226	2.658575	0.011712	11
359	-0.473697	12.274515	2.736133	0.013755	12
360	-0.486905	13.274508	2.656304	0.018383	11
361	-0.476037	14.274490	2.581001	0.020118	9
362	-0.512409	15.274490	2.509849	0.005984	10
363	-0.477878	16.271979	2.442680	0.015673	11
364	-0.491036	17.271974	2.378856	0.012031	11
365	-0.475766	16.309211	2.440242	0.014809	11
366	-0.472351	17.265146	2.379280	0.015009	11
367	-0.483855	16.294435	2.441209	0.008377	11
368	-0.506071	17.293867	2.377496	0.012028	11
369	-0.487182	17.140327	2.387067	0.009763	11
370	-0.468505	18.140325	2.326079	0.007644	11
371	-0.491163	18.039572	2.332083	0.014633	11
372	-0.477824	17.068871	2.391547	0.009383	11
373	-0.463752	18.068859	2.330334	0.009864	11
374	-0.477723	19.054827	2.272972	0.008823	11
375	-0.483419	18.107049	2.328059	0.014477	11
376	-0.481435	18.969410	2.277830	0.010331	12
377	-0.487370	19.969410	2.222231	0.016931	12
378	-0.477744	20.968463	2.169331	0.021413	12
379	-0.464718	21.952616	2.119627	0.015836	12
380	-0.465857	22.952616	2.071401	0.009809	12
381	-0.490020	23.952455	2.025329	0.015919	12
382	-0.474145	24.952441	1.981255	0.008542	12
383	-0.489075	23.981742	2.024010	0.018378	11
384	-0.461901	23.011113	2.068648	0.014196	12
385	-0.487159	23.998997	2.023234	0.008235	12
386	-0.463860	23.033725	2.067586	0.013521	12
387	-0.494996	24.033723	2.021674	0.011144	12
388	-0.468495	24.974970	1.980284	0.008752	11
389	-0.494445	25.905664	1.940992	0.011679	11
390	-0.494917	26.193920	1.929136	0.014309	11
391	-0.486209	27.193920	1.889108	0.018783	11
392	-0.493286	28.193920	1.850706	0.009087	11
393	-0.477509	27.223305	1.887957	0.011731	11
394	-0.483968	28.081108	1.854960	0.011783	11
395	-0.492537	27.111521	1.892343	0.009903	11
396	-0.483633	26.144144	1.931173	0.012136	11
397	-0.472767	25.173434	1.971772	0.015719	11
398	-0.462601	24.204641	2.014030	0.012502	11
399	-0.472241	23.254905	2.057252	0.010254	11
400	-0.486164	23.949140	2.025478	0.008762	11
401	-0.467618	22.978612	2.070177	0.016648	11
402	-0.465693	23.971620	2.024466	0.020496	11
403	-0.481628	24.971620	1.980429	0.015516	11
404	-0.463210	25.971616	1.938266	0.011660	11
405	-0.462505	25.000906	1.979168	0.010903	11
406	-0.489428	24.038050	2.021480	0.019559	11
407	-0.509258	23.067339	2.066009	0.014620	12
408	-0.496061	22.096628	2.112544	0.019728	12
409	-0.475441	22.637802	2.086345	0.011317	12
410	-0.456110	22.326632	2.101329	0.014750	12
411	-0.492881	23.326630	2.053923	0.009677	11
412	-0.486798	24.018913	2.022339	0.007390	12
413	-0.474553	24.346884	2.007712	0.012502	12
414	-0.458098	23.625333	2.040175	0.011945	13
415	-0.478151	22.654726	2.085536	0.009765	13
416	-0.455641	23.654692	2.038834	0.015171	13
417	-0.504738	24.568171	1.997963	0.011789	12
418	-0.460168	23.597463	2.041450	0.006043	11
419	-0.486268	22.725954	2.082139	0.012772	13
420	-0.488277	22.613355	2.087514	0.008791	12
421	-0.455870	21.650545	2.134639	0.015173	12
422	-0.465973	22.217430	2.106639	0.015417	12
423	-0.477754	21.246719	2.155043	0.016656	12
424	-0.480258	20.280354	2.205492	0.009830	12
425	-0.490238	19.312723	2.258431	0.010878	12
426	-0.483775	18.439538	2.308432	0.020618	12
427	-0.472781	19.439474	2.251352	0.010305	12
428	-0.474303	18.471792	2.306546	0.011947	12
429	-0.434633	19.471792	2.249555	0.008766	12
430	-0.501678	20.468028	2.195511	0.010627	12
431	-0.486987	21.401357	2.147184	0.012112	12
432	-0.504309	22.401356	2.097711	0.016592	12
433	-0.476496	21.430665	2.145701	0.007507	12
434	-0.488764	20.460269	2.195922	0.016964	12
435	-0.456214	21.418249	2.146329	0.017598	12
436	-0.468599	20.447539	2.196596	0.011824	12
437	-0.481801	21.447530	2.144848	0.010036	12
438	-0.471592	20.476820	2.195045	0.006665	12
439	-0.488608	21.354246	2.149572	0.018247	12
440	-0.471100	20.383535	2.199993	0.017988	12
441	-0.469105	19.412825	2.252837	0.015801	11
442	-0.465954	18.442114	2.308282	0.010392	12
443	-0.486753	17.471406	2.366524	0.008549	12
444	-0.477294	16.515267	2.426839	0.012742	12
445	-0.496774	15.847548	2.470816	0.016060	12
446	-0.475515	16.847356	2.405545	0.011822	12
447	-0.469258	15.876645	2.468866	0.007037	12
448	-0.500995	16.874856	2.403798	0.020840	12
449	-0.484079	15.913854	2.466378	0.010471	12
450	-0.481909	14.943144	2.532987	0.020510	12
451	-0.492214	14.106520	2.593350	0.011539	12
452	-0.490567	13.415334	2.645434	0.014266	12
453	-0.492873	13.328553	2.652122	0.016823	12
454	-0.483879	12.358266	2.729264	0.017298	12
455	-0.474556	13.358266	2.649828	0.018894	12
456	-0.496143	12.415902	2.724556	0.009186	12
457	-0.483804	13.409917	2.645851	0.009394	12
458	-0.482173	12.439210	2.722657	0.013170	12
459	-0.477697	11.471485	2.803799	0.020829	11
460	-0.459997	12.471473	2.720033	0.011609	12
461	-0.488172	11.500763	2.801273	0.010390	12
462	-0.488887	10.530099	2.887511	0.008370	12
463	-0.483307	10.504761	2.889833	0.010489	12
464	-0.464432	11.290995	2.819470	0.013302	12
465	-0.485785	10.332265	2.905743	0.011073	12
466	-0.483835	11.332246	2.815873	0.012890	12
467	-0.485809	12.176550	2.744213	0.017184	12
468	-0.484799	11.205840	2.826925	0.014545	12
469	-0.461806	10.235133	2.914779	0.009742	12
470	-0.462820	11.148036	2.832008	0.013983	12
471	-0.477244	11.249638	2.823086	0.010484	12
472	-0.489810	10.278931	2.910697	0.011110	12
473	-0.467904	9.308235	3.003920	0.014385	12
474	-0.475107	10.276605	2.910914	0.006310	12
475	-0.491510	9.306060	3.004135	0.008918	12
476	-0.483395	9.535216	2.981590	0.010772	12
477	-0.488992	10.535174	2.887046	0.007207	10
478	-0.486686	10.675943	2.874216	0.008077	12
479	-0.501757	10.912218	2.852936	0.014627	10
480	-0.488290	11.382369	2.811515	0.010920	12
481	-0.492266	12.347770	2.730123	0.013567	12
482	-0.496974	11.612860	2.791644	0.009486	11
483	-0.480162	11.595758	2.793109	0.019956	11
484	-0.471632	10.625440	2.878806	0.009571	12
485	-0.485487	9.654730	2.969966	0.014984	12
486	-0.457955	10.382725	2.901071	0.019058	11
487	-0.490187	11.382415	2.811511	0.016040	11
488	-0.473060	10.411705	2.898394	0.006373	12
489	-0.461984	9.448161	2.990115	0.007890	12
490	-0.455294	8.787147	3.056470	0.017833	12
491	-0.480961	7.820210	3.159016	0.011579	11
492	-0.496723	6.849500	3.269125	0.007913	12
493	-0.475838	7.484722	3.196222	0.015595	11
494	-0.465473	8.484720	3.087820	0.013309	11
495	-0.473307	7.514009	3.192940	0.009320	12
496	-0.485893	7.003442	3.251154	0.012760	12
497	-0.474486	7.887737	3.151632	0.009860	12
498	-0.485661	8.887737	3.046183	0.014053	10
499	-0.464938	7.918781	3.148248	0.007641	12
