1:ItNr	2:Metric	3:StepSize	4:||Gradient||	Time[ms]
0	-0.059568	627.201626	0.000547	1039
1	-1.040462	623.504937	0.007736	29
2	-0.000020	619.865785	0.000004	29
3	-0.099230	616.282728	0.007090	27
4	-0.534217	612.754375	0.011891	28
5	-1.298597	609.279381	0.012292	27
6	-0.088247	605.856447	0.001850	29
7	-0.000004	602.484317	0.000002	29
8	-1.207181	599.161779	0.008367	29
9	-0.000002	595.887656	0.000001	29
10	-0.752766	592.660813	0.010253	29
11	-0.476796	589.480151	0.012230	29
12	-1.268836	586.344606	0.011532	29
13	-0.581751	583.253145	0.012107	29
14	-0.529885	580.204771	0.003891	29
15	-0.359741	577.198517	0.004245	29
16	-0.903757	574.233444	0.010740	28
17	-0.082355	571.308645	0.001038	29
18	-0.310386	568.423237	0.013443	29
19	-0.151669	565.576365	0.007460	29
20	-1.131942	562.767201	0.006443	29
21	-0.153901	559.994938	0.004633	29
22	-0.580242	557.258797	0.008926	29
23	-0.000000	554.558018	0.000000	29
24	-0.000037	551.891865	0.000007	28
25	-0.573222	549.259621	0.013251	27
26	-0.192232	546.660592	0.003479	30
27	-0.616055	544.094102	0.006093	29
28	-0.000000	541.559494	0.000000	25
29	-0.000008	539.056129	0.000003	29
30	-1.075901	536.583387	0.008536	28
31	-1.137076	534.140663	0.013733	29
32	-0.486135	531.727370	0.014314	29
33	-0.336414	529.342935	0.006768	29
34	-0.000011	526.986802	0.000002	28
35	-0.506865	524.658430	0.011064	29
36	-0.000256	522.357290	0.000056	29
37	-0.767847	520.082868	0.016097	29
38	-0.587057	517.834665	0.015802	28
39	-0.679841	515.612193	0.007981	30
40	-1.341079	513.414976	0.010435	25
41	-0.779027	511.242551	0.015169	29
42	-0.658104	509.094468	0.010773	28
43	-1.176563	506.970285	0.008836	29
44	-0.842441	504.869574	0.012896	29
45	-0.000000	502.791916	0.000000	29
46	-0.084619	500.736903	0.001055	29
47	-0.480889	498.704137	0.010787	29
48	-0.000000	496.693228	0.000000	27
49	-1.336813	494.703798	0.012553	29
50	-0.837563	492.735476	0.009454	29
51	-0.000000	490.787900	0.000000	25
52	-1.140991	488.860718	0.005585	28
53	-0.696504	486.953585	0.015446	30
54	-0.859390	485.066164	0.016557	29
55	-0.007343	483.198126	0.001059	29
56	-1.641862	481.349149	0.008529	29
57	-1.189613	479.518920	0.015257	28
58	-0.120027	477.707132	0.003515	30
59	-0.793451	475.913485	0.005492	29
60	-0.000345	474.137684	0.000079	29
61	-0.841949	472.379445	0.012763	29
62	-0.154971	470.638485	0.003873	25
63	-1.449364	468.914531	0.009691	29
64	-0.887225	467.207315	0.014661	29
65	-0.000000	465.516573	0.000000	23
66	-1.551879	463.842050	0.009710	29
67	-0.781069	462.183494	0.010923	29
68	-0.678441	460.540658	0.008682	29
69	-1.221996	458.913303	0.016070	29
70	-0.489753	457.301192	0.008353	29
71	-0.969399	455.704096	0.009998	29
72	-1.275402	454.121787	0.025534	30
73	-0.871138	452.554045	0.014327	26
74	-0.165209	451.000653	0.007219	29
75	-1.290548	449.461399	0.008925	28
76	-1.048346	447.936075	0.018835	29
77	-0.393493	446.424477	0.008583	29
78	-0.367937	444.926406	0.008728	29
79	-0.390196	443.441666	0.006892	29
80	-0.000000	441.970065	0.000000	22
81	-0.000000	440.511415	0.000000	26
82	-1.576551	439.065533	0.012367	27
83	-0.949589	437.632238	0.012273	29
84	-1.179718	436.211351	0.009447	29
85	-0.000000	434.802701	0.000000	25
86	-0.594505	433.406117	0.008502	29
87	-0.776589	432.021430	0.012719	29
88	-0.997457	430.648479	0.008388	29
89	-0.000000	429.287101	0.000000	22
90	-0.449257	427.937140	0.016097	29
91	-0.056558	426.598440	0.004590	29
92	-1.409488	425.270849	0.008174	29
93	-0.030554	423.954220	0.001531	28
94	-0.552195	422.648404	0.020001	27
95	-1.093151	421.353259	0.008796	29
96	-0.510034	420.068643	0.005528	29
97	-0.495621	418.794419	0.007146	24
98	-1.298711	417.530451	0.006581	29
99	-0.443517	416.276604	0.007415	29
100	-0.805171	415.032748	0.010044	29
101	-0.928287	413.798754	0.013187	27
102	-1.039936	412.574495	0.016830	29
103	-1.014652	411.359849	0.010662	27
104	-0.006360	410.154691	0.000074	26
105	-1.072795	408.958904	0.017378	29
106	-1.056739	407.772368	0.008240	27
107	-0.820604	406.594968	0.022068	28
108	-1.312188	405.426590	0.010857	29
109	-1.321899	404.267122	0.007818	29
110	-1.278366	403.116456	0.011097	29
111	-1.019179	401.974481	0.009919	25
112	-0.290591	400.841093	0.005580	22
113	-0.285029	399.716187	0.001225	29
114	-1.163173	398.599660	0.019973	30
115	-0.627533	397.491411	0.006463	29
116	-0.000000	396.391342	0.000000	24
117	-0.949770	395.299353	0.022460	28
118	-0.592811	394.215350	0.008668	29
119	-0.086807	393.139238	0.004254	27
120	-0.219337	392.070924	0.002823	29
121	-0.381407	391.010316	0.002044	28
122	-1.305205	389.957325	0.015946	26
123	-0.751190	388.911862	0.010112	30
124	-0.001445	387.873839	0.000234	29
125	-1.398506	386.843173	0.016017	29
126	-1.552779	385.819777	0.014125	29
127	-0.000000	384.803569	0.000000	29
128	-0.522658	383.794468	0.004503	30
129	-0.000000	382.792393	0.000000	27
130	-0.454156	381.797264	0.005892	30
131	-0.278486	380.809005	0.005247	29
132	-0.000000	379.827537	0.000000	29
133	-1.010790	378.852786	0.002492	28
134	-0.295922	377.884678	0.004380	29
135	-0.554676	376.923138	0.005191	29
136	-1.058621	375.968095	0.022132	29
137	-0.361703	375.019479	0.003255	29
138	-0.640454	374.077218	0.010856	29
139	-1.160629	373.141244	0.010778	28
140	-0.428818	372.211489	0.002112	29
141	-0.906097	371.287887	0.016675	29
142	-0.750413	370.370370	0.006841	29
143	-0.824744	369.458876	0.015774	29
144	-1.278428	368.553338	0.007832	28
145	-0.000477	367.653696	0.000095	28
146	-1.254615	366.759885	0.005763	29
147	-0.001013	365.871846	0.000163	29
148	-0.019096	364.989518	0.001236	28
149	-1.109536	364.112841	0.004189	29
150	-1.119261	363.241757	0.017133	29
151	-0.696644	362.376208	0.006719	29
152	-1.180608	361.516137	0.009771	29
153	-0.000000	360.661488	0.000000	26
154	-0.889744	359.812206	0.015882	29
155	-0.012915	358.968236	0.000498	30
156	-0.903918	358.129524	0.031035	29
157	-0.579526	357.296018	0.005814	29
158	-0.000000	356.467665	0.000000	27
159	-1.469335	355.644414	0.017541	28
160	-1.274971	354.826213	0.007317	30
161	-1.506404	354.013012	0.005481	27
162	-0.585739	353.204763	0.008522	27
163	-0.120993	352.401415	0.004116	30
164	-0.854591	351.602922	0.011319	29
165	-0.133212	350.809235	0.002755	29
166	-1.306378	350.020308	0.011853	30
167	-0.796434	349.236095	0.006042	27
168	-0.000000	348.456550	0.000000	25
169	-0.196248	347.681627	0.004759	25
170	-1.351334	346.911283	0.011041	28
171	-0.000000	346.145474	0.000000	29
172	-1.047812	345.384157	0.014390	29
173	-0.539961	344.627288	0.005830	29
174	-1.162355	343.874826	0.018605	29
175	-1.248214	343.126729	0.013471	28
176	-0.000001	342.382957	0.000000	27
177	-0.561733	341.643469	0.003980	30
178	-1.261254	340.908224	0.006772	29
179	-0.429078	340.177184	0.003360	28
180	-1.242926	339.450309	0.011375	29
181	-1.530440	338.727561	0.017555	29
182	-0.765428	338.008902	0.006874	29
183	-0.002652	337.294295	0.000401	29
184	-0.831800	336.583703	0.012479	28
185	-0.278379	335.877089	0.004946	29
186	-0.247528	335.174416	0.003997	29
187	-1.360888	334.475651	0.012473	29
188	-0.000000	333.780756	0.000000	29
189	-1.107026	333.089698	0.009173	27
190	-1.373482	332.402443	0.006796	29
191	-0.796477	331.718955	0.003220	29
192	-0.000013	331.039203	0.000003	28
193	-0.347057	330.363153	0.017144	29
194	-1.183239	329.690771	0.014099	29
195	-0.678041	329.022027	0.007599	29
196	-0.062274	328.356888	0.001499	29
197	-0.004675	327.695322	0.000564	27
198	-0.042614	327.037299	0.001844	29
199	-1.138004	326.382787	0.009001	29
200	-0.853352	325.731758	0.006626	29
201	-0.454759	325.084179	0.005080	29
202	-0.997097	324.440023	0.018581	28
203	-0.096537	323.799258	0.003247	28
204	-0.632124	323.161858	0.021151	29
205	-1.347904	322.527792	0.013139	29
206	-0.000872	321.897034	0.000162	28
207	-0.000000	321.269554	0.000000	29
208	-0.000661	320.645325	0.000100	29
209	-0.879923	320.024320	0.008654	29
210	-0.189454	319.406512	0.005622	27
211	-1.361058	318.791875	0.003818	29
212	-1.074614	318.180381	0.007972	28
213	-0.662268	317.572005	0.007139	29
214	-0.176816	316.966721	0.004218	28
215	-1.318028	316.364504	0.015362	25
216	-0.361875	315.765329	0.004006	31
217	-0.000000	315.169170	0.000000	29
218	-0.000000	314.576003	0.000000	26
219	-1.369810	313.985804	0.013395	29
220	-1.327541	313.398548	0.005372	30
221	-1.346623	312.814213	0.007674	30
222	-0.003802	312.232773	0.000524	26
223	-0.000099	311.654207	0.000017	29
224	-1.282217	311.078491	0.011111	30
225	-0.004713	310.505602	0.000697	28
226	-0.000003	309.935518	0.000001	29
227	-1.560784	309.368217	0.006859	29
228	-0.961980	308.803676	0.015379	29
229	-1.546326	308.241874	0.008570	29
230	-0.407991	307.682789	0.008592	29
231	-1.588682	307.126400	0.008155	30
232	-0.257259	306.572687	0.007094	28
233	-1.248776	306.021627	0.012272	30
234	-0.499989	305.473201	0.011233	28
235	-0.519659	304.927388	0.004849	29
236	-0.455707	304.384168	0.016102	28
237	-0.000000	303.843521	0.000000	25
238	-0.000000	303.305427	0.000000	26
239	-0.156920	302.769867	0.004250	29
240	-1.031145	302.236821	0.015264	28
241	-0.015065	301.706270	0.001151	26
242	-1.318901	301.178196	0.010799	29
243	-0.671926	300.652580	0.008692	29
244	-1.172706	300.129402	0.012735	29
245	-0.499599	299.608645	0.006921	29
246	-0.757569	299.090291	0.013968	29
247	-1.442519	298.574321	0.011913	29
248	-1.181322	298.060718	0.010443	29
249	-0.773525	297.549465	0.007088	29
250	-0.091377	297.040543	0.002394	28
251	-0.246018	296.533936	0.005629	30
252	-0.990264	296.029626	0.005402	29
253	-0.484231	295.527597	0.016397	29
254	-0.647254	295.027832	0.008006	27
255	-0.000002	294.530315	0.000000	27
256	-1.322838	294.035028	0.008767	29
257	-0.198267	293.541956	0.003411	27
258	-0.051356	293.051083	0.001386	29
259	-0.892555	292.562393	0.008452	28
260	-0.000000	292.075870	0.000000	25
261	-0.995684	291.591498	0.012793	29
262	-1.263134	291.109263	0.013838	29
263	-0.983273	290.629149	0.009287	27
264	-1.122652	290.151140	0.014738	28
265	-1.259704	289.675222	0.011379	29
266	-1.497776	289.201380	0.016980	28
267	-0.029190	288.729600	0.001174	29
268	-0.610046	288.259866	0.008668	27
269	-0.690212	287.792165	0.006052	27
270	-0.664049	287.326481	0.006105	30
271	-0.806830	286.862802	0.021201	29
272	-0.320454	286.401113	0.004939	30
273	-0.269809	285.941400	0.014108	29
274	-1.009254	285.483649	0.005333	27
275	-0.684504	285.027847	0.007913	30
276	-0.128377	284.573981	0.001988	29
277	-1.516868	284.122037	0.009215	29
278	-0.942675	283.672002	0.011354	28
279	-0.409961	283.223863	0.003031	29
280	-1.456972	282.777607	0.008596	29
281	-0.035134	282.333221	0.001433	29
282	-0.002131	281.890692	0.000323	26
283	-1.223923	281.450008	0.004208	29
284	-1.327617	281.011157	0.010459	29
285	-1.560840	280.574125	0.005204	29
286	-0.480645	280.138901	0.014964	26
287	-0.000143	279.705473	0.000026	28
288	-0.552901	279.273829	0.020216	27
289	-1.035892	278.843956	0.012634	29
290	-0.000000	278.415844	0.000000	27
291	-0.497142	277.989479	0.010068	28
292	-0.662061	277.564851	0.008419	25
293	-1.180440	277.141949	0.008450	27
294	-1.616254	276.720761	0.008329	29
295	-0.093153	276.301275	0.003859	30
296	-0.870193	275.883480	0.013078	29
297	-0.794860	275.467366	0.005028	30
298	-0.897459	275.052922	0.009244	29
299	-0.686338	274.640136	0.004326	28
300	-0.840295	274.228998	0.016257	29
301	-1.208691	273.819497	0.021122	29
302	-1.043919	273.411623	0.006849	29
303	-1.223640	273.005365	0.015863	29
304	-0.046518	272.600712	0.001560	27
305	-1.059113	272.197655	0.016024	30
306	-1.536709	271.796184	0.011721	29
307	-1.399619	271.396287	0.006497	26
308	-0.063701	270.997956	0.001523	27
309	-1.156998	270.601180	0.010142	29
310	-0.000000	270.205949	0.000000	29
311	-0.080476	269.812254	0.003048	27
312	-0.276551	269.420085	0.009957	28
313	-0.209475	269.029432	0.002291	29
314	-0.692301	268.640287	0.006616	26
315	-1.064469	268.252638	0.014071	28
316	-1.039912	267.866478	0.012307	29
317	-1.227740	267.481796	0.012273	28
318	-1.407556	267.098584	0.010260	29
319	-1.188433	266.716833	0.008263	28
320	-0.003884	266.336533	0.000433	29
321	-0.830868	265.957676	0.006244	28
322	-0.000000	265.580253	0.000000	29
323	-0.325656	265.204254	0.008669	27
324	-0.000000	264.829672	0.000000	24
325	-0.476022	264.456497	0.006143	28
326	-0.000001	264.084721	0.000000	29
327	-1.328910	263.714335	0.012394	28
328	-0.455862	263.345332	0.004045	29
329	-0.954116	262.977702	0.005236	29
330	-0.001998	262.611438	0.000282	28
331	-0.655691	262.246531	0.010799	29
332	-1.146326	261.882973	0.010309	29
333	-0.803767	261.520756	0.007328	29
334	-0.000026	261.159871	0.000006	24
335	-0.263443	260.800312	0.008300	29
336	-0.525271	260.442070	0.017996	30
337	-0.934988	260.085137	0.010492	29
338	-1.391154	259.729505	0.013610	29
339	-0.979197	259.375167	0.009086	30
340	-1.010365	259.022116	0.010744	28
341	-0.799696	258.670343	0.026387	28
342	-0.000000	258.319841	0.000000	25
343	-1.494993	257.970602	0.011168	29
344	-0.000011	257.622620	0.000003	29
345	-0.895895	257.275887	0.021126	29
346	-1.251091	256.930396	0.008998	30
347	-1.292910	256.586139	0.016678	29
348	-0.000000	256.243109	0.000000	29
349	-1.537603	255.901300	0.006559	29
350	-0.968309	255.560703	0.029334	30
351	-1.480179	255.221313	0.011929	29
352	-0.534280	254.883122	0.007763	30
353	-0.919822	254.546124	0.014823	29
354	-1.359133	254.210311	0.016011	27
355	-0.007794	253.875677	0.000652	28
356	-0.206134	253.542215	0.003168	26
357	-1.386649	253.209918	0.005570	29
358	-0.794587	252.878781	0.021273	29
359	-0.000000	252.548795	0.000000	24
360	-0.810875	252.219956	0.005056	27
361	-0.685249	251.892255	0.006899	29
362	-0.000457	251.565688	0.000084	29
363	-1.243889	251.240247	0.011066	29
364	-0.315108	250.915926	0.007736	29
365	-0.615923	250.592720	0.008718	27
366	-0.111230	250.270621	0.004710	29
367	-1.315268	249.949624	0.012411	29
368	-0.525806	249.629723	0.008571	29
369	-1.304853	249.310911	0.011056	27
370	-0.000044	248.993182	0.000010	25
371	-0.501090	248.676531	0.011787	29
372	-0.000000	248.360952	0.000000	28
373	-1.001754	248.046438	0.008435	29
374	-1.458911	247.732984	0.008326	30
375	-1.329403	247.420584	0.014135	27
376	-0.723326	247.109233	0.007690	29
377	-0.000000	246.798924	0.000000	29
378	-1.156318	246.489652	0.007490	28
379	-0.000027	246.181412	0.000006	29
380	-0.399263	245.874197	0.015521	29
381	-1.362560	245.568002	0.009412	29
382	-1.650523	245.262822	0.010263	28
383	-0.138742	244.958652	0.003083	29
384	-1.443202	244.655485	0.010453	27
385	-0.595884	244.353317	0.008506	29
386	-0.000000	244.052142	0.000000	28
387	-0.245866	243.751955	0.006965	26
388	-0.012445	243.452750	0.000837	29
389	-0.000000	243.154523	0.000000	26
390	-0.749481	242.857268	0.008765	29
391	-1.437586	242.560980	0.016989	29
392	-0.916956	242.265654	0.017741	26
393	-0.000780	241.971285	0.000141	29
394	-1.315671	241.677868	0.006198	29
395	-1.212726	241.385397	0.009111	28
396	-1.083874	241.093869	0.008435	28
397	-0.000000	240.803278	0.000000	27
398	-1.266719	240.513619	0.008198	28
399	-0.008890	240.224887	0.000906	29
400	-0.130177	239.937077	0.002733	28
401	-0.008341	239.650186	0.000510	29
402	-0.000000	239.364207	0.000000	29
403	-0.293593	239.079136	0.006723	29
404	-1.649931	238.794969	0.012151	28
405	-1.397123	238.511701	0.007503	29
406	-0.506213	238.229327	0.023748	29
407	-0.000000	237.947843	0.000000	29
408	-0.155120	237.667244	0.004844	29
409	-1.387854	237.387526	0.007509	30
410	-1.151380	237.108684	0.014624	29
411	-0.000000	236.830714	0.000000	25
412	-1.561999	236.553610	0.007292	27
413	-0.344961	236.277370	0.014726	29
414	-1.085445	236.001989	0.010663	29
415	-1.495791	235.727461	0.008759	29
416	-1.024364	235.453784	0.010441	29
417	-0.723962	235.180952	0.007624	29
418	-0.478361	234.908962	0.009438	28
419	-0.514778	234.637809	0.015501	29
420	-0.913465	234.367488	0.006925	30
421	-0.976787	234.097997	0.016214	29
422	-1.312667	233.829331	0.006744	29
423	-1.217970	233.561485	0.008419	30
424	-0.443053	233.294456	0.007753	29
425	-1.262920	233.028239	0.010460	29
426	-0.883898	232.762831	0.020645	28
427	-0.000000	232.498228	0.000000	30
428	-0.443392	232.234425	0.013383	30
429	-1.314762	231.971419	0.013920	29
430	-1.137015	231.709205	0.007224	29
431	-0.482518	231.447781	0.007714	29
432	-1.220110	231.187141	0.010579	29
433	-0.085862	230.927283	0.001529	27
434	-0.812315	230.668202	0.007437	28
435	-0.000000	230.409895	0.000000	23
436	-0.025122	230.152358	0.002070	29
437	-0.756523	229.895587	0.010405	26
438	-1.475750	229.639578	0.010209	29
439	-0.650945	229.384329	0.007707	29
440	-0.096134	229.129834	0.001833	26
441	-1.246426	228.876091	0.009283	30
442	-0.000000	228.623096	0.000000	30
443	-0.744078	228.370846	0.010784	29
444	-0.000110	228.119336	0.000015	30
445	-0.000000	227.868563	0.000000	29
446	-0.350615	227.618525	0.004403	27
447	-1.336697	227.369216	0.010358	30
448	-1.140732	227.120635	0.005451	31
449	-0.051696	226.872777	0.001586	27
450	-0.179964	226.625638	0.006267	26
451	-1.046794	226.379217	0.008881	29
452	-0.766362	226.133509	0.004134	32
453	-0.000000	225.888510	0.000000	24
454	-0.028816	225.644218	0.001852	28
455	-0.164081	225.400630	0.002905	29
456	-1.565517	225.157741	0.007565	29
457	-0.586311	224.915549	0.007514	26
458	-0.133717	224.674051	0.002175	29
459	-1.160966	224.433242	0.011261	24
460	-0.563447	224.193121	0.007435	28
461	-0.000000	223.953684	0.000000	29
462	-1.019721	223.714927	0.022230	29
463	-0.846001	223.476848	0.020751	28
464	-0.586498	223.239444	0.006819	29
465	-0.496689	223.002710	0.013152	29
466	-1.409087	222.766645	0.012320	29
467	-1.235874	222.531245	0.022447	29
468	-1.342525	222.296508	0.012754	27
469	-1.262179	222.062429	0.006044	29
470	-0.961118	221.829007	0.008347	26
471	-1.699506	221.596238	0.010763	29
472	-0.605605	221.364119	0.005409	28
473	-0.479762	221.132647	0.004208	29
474	-1.398548	220.901820	0.005603	27
475	-0.000000	220.671634	0.000000	28
476	-1.383272	220.442086	0.010988	29
477	-0.803494	220.213174	0.012307	24
478	-0.770115	219.984895	0.008792	29
479	-1.226503	219.757246	0.011006	28
480	-1.575257	219.530224	0.008869	28
481	-0.979351	219.303826	0.007781	29
482	-1.385184	219.078050	0.009555	29
483	-0.004072	218.852893	0.000473	29
484	-1.479156	218.628352	0.005119	28
485	-1.215426	218.404424	0.006764	29
486	-1.251427	218.181106	0.022837	28
487	-1.078492	217.958397	0.007775	27
488	-0.027730	217.736292	0.001335	28
489	-1.311293	217.514790	0.011961	28
490	-0.559757	217.293888	0.008309	29
491	-1.466127	217.073584	0.019267	29
492	-0.018947	216.853873	0.000678	29
493	-0.000000	216.634755	0.000000	26
494	-1.185590	216.416227	0.011082	29
495	-0.254120	216.198285	0.002454	30
496	-0.000000	215.980927	0.000000	22
497	-0.696734	215.764151	0.006380	29
498	-0.016228	215.547955	0.000983	27
499	-0.194721	215.332335	0.006109	29
500	-0.854057	215.117289	0.014638	29
501	-1.151264	214.902815	0.017373	29
502	-1.221938	214.688911	0.005639	31
503	-1.192758	214.475573	0.011264	29
504	-0.124883	214.262800	0.005126	29
505	-1.387098	214.050588	0.008449	29
506	-0.508011	213.838936	0.017547	28
507	-0.052210	213.627842	0.002465	29
508	-0.084163	213.417302	0.002630	28
509	-0.803151	213.207314	0.002100	29
510	-1.328333	212.997877	0.010546	29
511	-0.839792	212.788987	0.024973	28
512	-0.081268	212.580642	0.002420	29
513	-0.318700	212.372841	0.009033	28
514	-0.172905	212.165581	0.002555	27
515	-0.000000	211.958859	0.000000	28
516	-0.747155	211.752673	0.004732	26
517	-1.483413	211.547021	0.012598	29
518	-0.728206	211.341902	0.008286	29
519	-0.847071	211.137311	0.005474	29
520	-1.378144	210.933248	0.017515	28
521	-0.117245	210.729710	0.003867	29
522	-0.000064	210.526695	0.000015	29
523	-1.485940	210.324200	0.006091	29
524	-1.591417	210.122224	0.012839	31
525	-1.606585	209.920765	0.003863	29
526	-0.526713	209.719820	0.012117	29
527	-1.208075	209.519387	0.007060	29
528	-0.000000	209.319463	0.000000	22
529	-1.207424	209.120048	0.004927	27
530	-0.645786	208.921139	0.008689	29
531	-0.354815	208.722733	0.003810	29
532	-1.172569	208.524829	0.012543	29
533	-1.225315	208.327425	0.005988	29
534	-1.227443	208.130518	0.015052	29
535	-0.125478	207.934107	0.002475	29
536	-0.000000	207.738189	0.000000	23
537	-0.000000	207.542762	0.000000	27
538	-0.823520	207.347825	0.016414	28
539	-0.127283	207.153376	0.004247	29
540	-0.206799	206.959412	0.003614	26
541	-0.769583	206.765932	0.010806	29
542	-0.052777	206.572933	0.002127	29
543	-0.726072	206.380414	0.003461	27
544	-0.000000	206.188373	0.000000	27
545	-1.483376	205.996807	0.009660	26
546	-1.235143	205.805716	0.007174	29
547	-0.000000	205.615096	0.000000	27
548	-0.479414	205.424946	0.013921	29
549	-1.177989	205.235265	0.020001	29
550	-0.644287	205.046050	0.012951	27
551	-0.766801	204.857299	0.012198	29
552	-1.191480	204.669011	0.009484	30
553	-1.342778	204.481184	0.024939	29
554	-1.505450	204.293816	0.011770	27
555	-0.405704	204.106905	0.005729	28
556	-0.685792	203.920449	0.010906	28
557	-1.195698	203.734447	0.028002	29
558	-0.000000	203.548896	0.000000	25
559	-0.000000	203.363795	0.000000	29
560	-0.536375	203.179143	0.011771	29
561	-1.622366	202.994937	0.005959	29
562	-1.033784	202.811176	0.009140	29
563	-1.177934	202.627857	0.009654	27
564	-1.364894	202.444980	0.005603	28
565	-0.419745	202.262543	0.008618	28
566	-1.112561	202.080543	0.018956	29
567	-1.701278	201.898979	0.009004	29
568	-0.105296	201.717849	0.003481	29
569	-1.001697	201.537153	0.011791	29
570	-1.191543	201.356887	0.007556	30
571	-0.709108	201.177050	0.009407	30
572	-0.062763	200.997642	0.002898	29
573	-0.010367	200.818659	0.000508	31
574	-0.831824	200.640100	0.009869	30
575	-0.000000	200.461965	0.000000	29
576	-0.000059	200.284250	0.000010	29
577	-0.546290	200.106955	0.016402	30
578	-0.900602	199.930078	0.010613	28
579	-0.896387	199.753617	0.012074	30
580	-0.038302	199.577571	0.001152	29
581	-0.000000	199.401938	0.000000	29
582	-1.182497	199.226717	0.011875	27
583	-1.081838	199.051905	0.009416	29
584	-0.171095	198.877502	0.003276	30
585	-0.000001	198.703506	0.000000	22
586	-1.026835	198.529916	0.005400	29
587	-1.661817	198.356729	0.016273	28
588	-0.158571	198.183944	0.002707	30
589	-0.993712	198.011560	0.007429	29
590	-1.511812	197.839576	0.021610	29
591	-1.436959	197.667989	0.006492	27
592	-0.000000	197.496798	0.000000	30
593	-0.009272	197.326002	0.000750	29
594	-0.000000	197.155600	0.000000	29
595	-0.779154	196.985589	0.005785	29
596	0.000000	196.815969	0.000000	29
597	-0.411580	196.646738	0.005466	29
598	-1.402551	196.477894	0.015992	29
599	-0.235053	196.309436	0.003379	28
600	-0.316384	196.141363	0.007736	28
601	-0.133922	195.973673	0.001261	28
602	-0.704607	195.806365	0.006130	29
603	-0.822004	195.639437	0.007846	30
604	-1.508830	195.472888	0.008192	29
605	-1.000348	195.306717	0.004827	27
606	-1.443288	195.140922	0.014345	30
607	-0.000000	194.975501	0.000000	24
608	-1.262836	194.810454	0.009051	29
609	-0.579385	194.645779	0.007196	28
610	-1.143677	194.481475	0.008819	29
611	-0.386114	194.317540	0.004459	30
612	-0.000000	194.153973	0.000000	26
613	-0.670638	193.990773	0.004864	29
614	-0.510631	193.827938	0.006239	30
615	-0.682342	193.665467	0.013583	31
616	-0.803652	193.503358	0.005377	29
617	-0.000000	193.341611	0.000000	28
618	-1.181723	193.180224	0.010309	30
619	-0.149108	193.019196	0.003030	30
620	-0.880982	192.858525	0.008071	29
621	-0.693661	192.698210	0.014626	30
622	-0.496676	192.538251	0.013983	30
623	-1.450900	192.378644	0.009351	29
624	-0.000000	192.219391	0.000000	30
625	-1.278726	192.060488	0.010629	30
626	-1.443994	191.901935	0.010324	30
627	-0.000171	191.743730	0.000019	29
628	-1.587852	191.585873	0.011010	30
629	-0.357470	191.428362	0.007198	30
630	-1.341397	191.271196	0.009160	28
631	-1.066022	191.114374	0.012865	29
632	-1.018535	190.957893	0.011655	29
633	-0.923778	190.801755	0.010418	28
634	-1.416465	190.645956	0.006408	29
635	-0.596716	190.490495	0.009665	29
636	-0.326367	190.335373	0.011624	28
637	-0.723439	190.180587	0.018699	29
638	-0.339415	190.026136	0.003547	28
639	-0.804497	189.872019	0.006656	28
640	-0.000025	189.718235	0.000004	28
641	-0.829166	189.564782	0.007760	29
642	-0.000000	189.411661	0.000000	26
643	-1.244140	189.258868	0.007918	29
644	-0.000110	189.106404	0.000024	29
645	-1.643542	188.954267	0.013194	29
646	-0.051773	188.802456	0.002491	25
647	-1.103440	188.650969	0.012217	29
648	-0.096451	188.499807	0.001959	29
649	-0.168151	188.348967	0.003588	29
650	-1.578447	188.198448	0.013040	30
651	-1.450435	188.048250	0.009332	29
652	-1.358406	187.898371	0.008741	29
653	-0.008565	187.748810	0.001258	29
654	-0.749572	187.599566	0.007857	28
655	-0.776850	187.450638	0.008297	29
656	-0.608158	187.302025	0.024744	29
657	-1.134138	187.153725	0.009482	29
658	-0.790613	187.005739	0.003966	29
659	-0.769057	186.858064	0.025842	28
660	-0.889080	186.710699	0.026275	29
661	-0.000002	186.563645	0.000000	30
662	-0.847198	186.416898	0.013197	28
663	-1.547792	186.270459	0.005921	28
664	-1.426370	186.124326	0.010794	29
665	-1.329138	185.978499	0.009799	25
666	-1.266165	185.832976	0.012118	29
667	-1.103594	185.687756	0.017185	29
668	-1.608203	185.542838	0.009873	28
669	-0.000809	185.398222	0.000160	29
670	-0.051989	185.253906	0.002668	29
671	-0.109757	185.109889	0.004889	29
672	-1.395077	184.966170	0.011023	29
673	-0.519933	184.822748	0.004744	29
674	-0.789452	184.679623	0.019243	27
675	-0.000000	184.536792	0.000000	23
676	-0.000547	184.394256	0.000101	28
677	-0.652946	184.252013	0.016497	28
678	-0.004733	184.110062	0.000441	29
679	-0.877508	183.968403	0.005680	29
680	-1.045412	183.827034	0.018498	29
681	-0.165369	183.685954	0.002744	28
682	-1.062544	183.545163	0.007170	29
683	-0.242882	183.404658	0.003914	29
684	-0.842829	183.264441	0.008116	26
685	-1.356503	183.124509	0.011882	29
686	-1.139265	182.984861	0.008009	29
687	-0.109725	182.845497	0.004905	26
688	-0.438239	182.706416	0.009604	29
689	-0.568289	182.567616	0.009830	29
690	-1.238045	182.429098	0.013549	29
691	-0.019419	182.290859	0.000734	27
692	-0.000689	182.152899	0.000143	30
693	-0.556296	182.015217	0.006871	29
694	-0.710637	181.877813	0.008121	29
695	-1.095628	181.740684	0.008996	28
696	-1.110637	181.603832	0.004672	29
697	-1.081479	181.467253	0.014482	30
698	-0.000060	181.330948	0.000011	29
699	-0.787845	181.194916	0.009727	29
700	-0.938477	181.059155	0.008236	28
701	-0.006422	180.923666	0.000398	29
702	-1.251991	180.788446	0.008783	29
703	-0.759127	180.653496	0.023780	29
704	-0.930340	180.518814	0.005506	27
705	-1.130629	180.384399	0.008463	26
706	-1.034746	180.250251	0.004972	28
707	-0.419458	180.116369	0.004935	28
708	-1.272990	179.982752	0.009851	29
709	-1.290099	179.849398	0.014307	28
710	-1.651848	179.716308	0.009805	29
711	-1.003261	179.583480	0.008435	29
712	-0.694851	179.450913	0.025982	29
713	-1.049584	179.318607	0.018813	28
714	-0.000000	179.186561	0.000000	25
715	-1.003229	179.054774	0.013321	29
716	-0.748990	178.923245	0.009413	29
717	-0.134372	178.791973	0.004029	27
718	-1.362106	178.660958	0.005343	29
719	-0.691269	178.530199	0.011345	29
720	-0.879836	178.399694	0.012166	30
721	-0.642017	178.269444	0.006341	29
722	-0.716210	178.139447	0.005836	27
723	-1.231348	178.009702	0.008217	29
724	-1.443904	177.880209	0.006285	29
725	-1.039582	177.750967	0.011740	27
726	-0.736383	177.621975	0.007058	29
727	-0.000000	177.493232	0.000000	26
728	-0.912570	177.364738	0.007545	29
729	-0.060355	177.236492	0.002156	25
730	-0.429372	177.108492	0.005548	28
731	-0.000006	176.980739	0.000001	30
732	-1.325540	176.853231	0.009502	28
733	-1.396033	176.725968	0.007918	29
734	-0.875448	176.598949	0.006599	29
735	-0.406372	176.472173	0.006275	29
736	-0.135799	176.345639	0.002687	25
737	-0.538003	176.219348	0.015810	29
738	-1.259087	176.093296	0.008188	30
739	-0.801530	175.967486	0.006447	30
740	-0.734849	175.841914	0.006340	28
741	-1.037562	175.716581	0.008472	29
742	-0.930603	175.591486	0.014909	29
743	-0.071340	175.466629	0.003020	29
744	-0.218821	175.342008	0.002742	28
745	-0.610408	175.217622	0.007847	29
746	-1.178642	175.093472	0.015440	28
747	-1.553424	174.969556	0.015865	29
748	-1.146649	174.845873	0.020785	28
749	-1.018911	174.722423	0.008979	29
750	-0.966218	174.599206	0.005862	29
751	-1.122382	174.476220	0.008896	29
752	-1.184034	174.353464	0.010949	29
753	-0.000088	174.230939	0.000015	28
754	-0.000000	174.108643	0.000000	24
755	-1.531584	173.986576	0.010332	28
756	-0.505992	173.864737	0.005595	29
757	-0.495170	173.743124	0.012303	29
758	-1.179685	173.621739	0.007335	27
759	-0.922092	173.500579	0.008243	29
760	-0.944149	173.379645	0.006540	27
761	-0.611437	173.258935	0.007830	29
762	-0.169085	173.138449	0.001627	29
763	-0.000322	173.018186	0.000041	28
764	-1.099163	172.898146	0.007057	29
765	-1.343318	172.778327	0.009880	29
766	-0.000001	172.658730	0.000000	27
767	-1.368986	172.539353	0.009076	27
768	-0.009171	172.420196	0.000433	29
769	-1.092495	172.301258	0.014696	29
770	-1.106807	172.182539	0.009610	27
771	-0.000000	172.064037	0.000000	29
772	-1.188585	171.945753	0.005900	29
773	-1.373569	171.827686	0.009503	29
774	-0.392681	171.709834	0.009408	30
775	-0.018315	171.592198	0.001435	29
776	-1.369859	171.474776	0.010848	28
777	-0.590567	171.357568	0.005500	29
778	-1.017565	171.240574	0.003127	29
779	-0.076213	171.123793	0.003314	29
780	-1.255793	171.007223	0.006463	29
781	-0.753938	170.890865	0.005123	27
782	-1.126987	170.774718	0.004988	29
783	-1.456217	170.658782	0.011603	29
784	-0.019380	170.543055	0.001233	29
785	-0.351054	170.427537	0.005809	28
786	-1.316664	170.312227	0.015324	29
787	-1.170119	170.197125	0.008769	28
788	-1.053545	170.082231	0.016786	29
789	-1.303219	169.967543	0.007393	29
790	-1.376619	169.853061	0.009483	29
791	-1.101189	169.738784	0.021156	29
792	-1.287693	169.624713	0.010919	29
793	-0.042202	169.510845	0.001392	29
794	-1.067152	169.397181	0.008460	28
795	-1.283550	169.283720	0.013906	29
796	-0.287158	169.170462	0.005734	30
797	-0.824594	169.057405	0.007934	29
798	-1.203249	168.944549	0.010370	28
799	-0.000094	168.831895	0.000016	28
800	-1.047437	168.719440	0.006858	29
801	-0.579450	168.607185	0.012126	29
802	-1.406837	168.495129	0.013426	29
803	-1.251356	168.383271	0.013396	29
804	-0.563435	168.271611	0.007048	29
805	-0.802154	168.160148	0.009802	29
806	-0.741996	168.048882	0.008695	27
807	-0.157177	167.937812	0.001585	28
808	-1.295275	167.826938	0.013659	30
809	-1.380508	167.716258	0.013903	29
810	-1.309557	167.605773	0.021669	29
811	-1.234403	167.495482	0.006385	29
812	-1.536314	167.385384	0.003274	28
813	-0.000000	167.275479	0.000000	28
814	-0.261085	167.165766	0.004673	29
815	-0.596737	167.056245	0.006858	29
816	-0.925096	166.946915	0.025995	29
817	-1.323717	166.837776	0.010631	29
818	-1.208405	166.728826	0.009903	29
819	-0.729435	166.620067	0.006425	30
820	-0.000000	166.511496	0.000000	29
821	-0.000003	166.403113	0.000001	30
822	-0.000001	166.294919	0.000000	29
823	-0.608947	166.186912	0.023242	29
824	-0.345310	166.079091	0.005712	29
825	-0.746826	165.971458	0.008877	28
826	-0.377513	165.864009	0.006345	28
827	-0.814002	165.756747	0.008766	27
828	-1.156927	165.649669	0.011350	29
829	-1.203396	165.542775	0.006619	28
830	-0.996863	165.436065	0.010877	28
831	-1.352406	165.329538	0.006014	29
832	-0.451171	165.223194	0.010381	29
833	-1.031437	165.117032	0.021730	29
834	-0.618632	165.011052	0.008547	29
835	-0.905866	164.905253	0.008678	28
836	-1.030842	164.799635	0.005596	30
837	-1.473964	164.694197	0.008676	30
838	-1.525610	164.588939	0.007408	28
839	-1.325906	164.483859	0.008851	29
840	-0.000257	164.378959	0.000047	28
841	-0.176525	164.274237	0.004978	29
842	-0.504152	164.169692	0.014211	29
843	-0.731797	164.065325	0.006661	29
844	-1.603285	163.961135	0.012560	29
845	-0.000290	163.857120	0.000059	29
846	-0.000000	163.753282	0.000000	28
847	-1.463185	163.649619	0.014395	29
848	-1.110260	163.546130	0.005685	29
849	-0.833814	163.442816	0.011985	28
850	-0.000188	163.339676	0.000037	27
851	-0.537455	163.236709	0.005588	28
852	-0.000462	163.133915	0.000054	30
853	-0.087497	163.031294	0.002735	29
854	-1.355798	162.928844	0.004782	29
855	-0.000011	162.826566	0.000002	27
856	-0.731931	162.724459	0.007611	29
857	-1.139619	162.622523	0.009920	29
858	-0.000000	162.520757	0.000000	24
859	-0.351253	162.419160	0.004733	29
860	-0.063298	162.317733	0.002603	25
861	-1.296898	162.216474	0.016464	30
862	-1.394565	162.115383	0.013436	29
863	-0.970379	162.014461	0.006613	29
864	-1.324492	161.913705	0.006743	30
865	-0.078284	161.813117	0.002914	29
866	-0.962408	161.712695	0.017212	29
867	-0.000000	161.612439	0.000000	29
868	-0.000000	161.512349	0.000000	29
869	-0.056399	161.412424	0.002371	29
870	-1.040113	161.312663	0.006738	29
871	-0.004526	161.213067	0.000401	28
872	-1.225096	161.113635	0.023433	29
873	-0.883992	161.014366	0.011391	29
874	-0.904416	160.915260	0.018880	29
875	-0.909817	160.816316	0.009637	29
876	-0.663144	160.717535	0.009132	29
877	-0.000000	160.618915	0.000000	28
878	-0.296020	160.520456	0.003007	29
879	-0.000000	160.422158	0.000000	29
880	-0.719575	160.324021	0.006627	28
881	-0.036274	160.226043	0.002426	29
882	-1.093210	160.128225	0.020821	29
883	-1.209712	160.030566	0.010495	30
884	-0.000029	159.933066	0.000004	29
885	-1.537911	159.835723	0.009967	29
886	-1.636543	159.738539	0.008627	28
887	-1.506842	159.641512	0.006903	26
888	-0.127299	159.544642	0.001694	29
889	-1.603589	159.447929	0.013209	26
890	-1.070726	159.351372	0.015176	28
891	-1.163980	159.254971	0.007130	29
892	-0.234949	159.158725	0.003222	29
893	-0.005756	159.062634	0.000542	29
894	-0.000000	158.966697	0.000000	29
895	-1.407549	158.870915	0.013931	27
896	-0.819870	158.775286	0.010295	29
897	-0.286811	158.679811	0.006706	29
898	-0.848356	158.584489	0.015924	28
899	-0.865910	158.489319	0.006112	28
900	-1.308731	158.394302	0.015667	29
901	-0.000000	158.299436	0.000000	22
902	-1.239386	158.204721	0.021969	29
903	-0.853018	158.110158	0.008227	29
904	-0.017611	158.015745	0.000791	29
905	-0.974271	157.921482	0.005920	30
906	-0.256299	157.827369	0.004023	29
907	-0.075492	157.733406	0.002093	24
908	-0.791006	157.639591	0.011563	30
909	-1.204238	157.545925	0.020597	28
910	-0.788577	157.452408	0.003890	30
911	-1.238790	157.359038	0.007402	29
912	-0.000000	157.265816	0.000000	29
913	-1.435309	157.172741	0.010066	29
914	-0.101246	157.079813	0.002720	28
915	-0.000000	156.987031	0.000000	29
916	-0.000233	156.894395	0.000031	27
917	-1.524642	156.801904	0.004395	28
918	-1.237525	156.709559	0.016922	29
919	-0.593098	156.617359	0.010205	29
920	-1.443798	156.525304	0.021806	29
921	-0.897115	156.433392	0.008047	27
922	-0.494918	156.341624	0.014453	29
923	-0.000000	156.250000	0.000000	29
924	-0.903215	156.158519	0.010624	30
925	-0.383492	156.067180	0.007284	28
926	-0.000000	155.975984	0.000000	28
927	-0.994158	155.884930	0.015595	30
928	-0.069022	155.794017	0.001525	29
929	-0.817515	155.703246	0.009072	25
930	-1.467246	155.612615	0.010206	29
931	-0.611796	155.522125	0.007043	28
932	-0.691831	155.431775	0.005820	27
933	-0.000000	155.341565	0.000000	29
934	-1.131529	155.251495	0.021449	28
935	-1.369609	155.161563	0.020113	29
936	-1.248412	155.071771	0.021838	28
937	-1.108964	154.982117	0.010794	29
938	-0.781691	154.892601	0.007829	29
939	-1.562722	154.803222	0.012518	28
940	-0.000000	154.713981	0.000000	24
941	-1.428198	154.624878	0.011982	30
942	-1.375953	154.535910	0.010519	29
943	-0.000006	154.447080	0.000002	28
944	-0.694669	154.358385	0.007324	29
945	-1.240123	154.269826	0.017525	29
946	-0.000000	154.181402	0.000000	29
947	-1.051774	154.093114	0.005627	29
948	-0.835347	154.004960	0.009772	29
949	-0.000009	153.916940	0.000002	26
950	-1.533447	153.829054	0.010385	29
951	-0.000000	153.741303	0.000000	27
952	-0.473113	153.653684	0.007405	29
953	-0.485466	153.566198	0.019401	27
954	-0.166156	153.478846	0.003458	29
955	-1.292190	153.391625	0.009047	30
956	-0.641727	153.304537	0.007485	25
957	-1.308882	153.217580	0.018887	28
958	-1.513030	153.130755	0.008247	29
959	-0.000000	153.044061	0.000000	29
960	-1.055225	152.957498	0.012286	29
961	-0.000011	152.871065	0.000002	27
962	-0.007018	152.784762	0.000423	28
963	-0.000001	152.698589	0.000000	29
964	-0.772765	152.612545	0.021478	29
965	-1.288211	152.526631	0.012022	29
966	-1.562378	152.440845	0.010742	31
967	-0.517706	152.355188	0.013882	29
968	-1.075870	152.269660	0.008657	29
969	-0.073967	152.184259	0.003709	29
970	-1.409107	152.098986	0.008609	28
971	-0.000036	152.013840	0.000008	28
972	-0.884995	151.928821	0.011321	28
973	-0.449983	151.843928	0.007513	28
974	-0.000003	151.759163	0.000001	28
975	-1.360635	151.674523	0.010336	29
976	-1.434698	151.590009	0.010441	29
977	-0.000223	151.505620	0.000024	29
978	-0.000000	151.421357	0.000000	25
979	-1.198608	151.337218	0.007348	27
980	-0.045488	151.253204	0.002057	30
981	-1.425011	151.169314	0.010039	29
982	-1.182440	151.085549	0.009023	30
983	-0.945286	151.001907	0.009731	28
984	-1.561240	150.918388	0.005757	28
985	-0.008385	150.834992	0.000814	25
986	-0.000000	150.751719	0.000000	27
987	-0.719928	150.668569	0.019068	28
988	-1.500144	150.585541	0.010906	29
989	-0.855456	150.502634	0.013701	29
990	-0.741053	150.419849	0.006536	29
991	-1.088979	150.337186	0.005030	29
992	-1.288981	150.254644	0.013197	27
993	-0.379854	150.172222	0.008883	29
994	-1.514467	150.089921	0.009839	29
995	-0.696678	150.007740	0.014823	28
996	-0.553092	149.925679	0.012516	28
997	-0.000003	149.843737	0.000001	25
998	-1.395396	149.761915	0.014321	29
999	-1.277305	149.680212	0.008982	27
1000	-0.738794	149.598627	0.008845	29
1001	-0.638649	149.517161	0.011175	28
1002	-0.638090	149.435814	0.009529	29
1003	-0.000000	149.354584	0.000000	28
1004	-1.471103	149.273472	0.013068	29
1005	-0.000000	149.192477	0.000000	28
1006	-0.000008	149.111599	0.000002	30
1007	-0.284382	149.030838	0.003159	29
1008	-0.000000	148.950194	0.000000	29
1009	-0.566397	148.869666	0.010096	30
1010	-1.068924	148.789253	0.007017	31
1011	-0.045007	148.708957	0.002640	30
1012	-0.980693	148.628776	0.016869	30
1013	-0.000951	148.548710	0.000174	29
1014	-0.041437	148.468759	0.001578	31
1015	-0.000006	148.388923	0.000002	29
1016	-1.171553	148.309201	0.010021	28
1017	-0.292680	148.229594	0.004575	29
1018	-0.437543	148.150100	0.005615	30
1019	-1.262985	148.070719	0.009580	32
1020	-0.000003	147.991452	0.000001	29
1021	-1.202929	147.912298	0.010680	31
1022	-0.575003	147.833257	0.009166	30
1023	-0.423184	147.754329	0.012075	31
1024	-1.255105	147.675512	0.010142	30
1025	-1.218622	147.596808	0.008344	31
1026	-0.651878	147.518216	0.012418	29
1027	-1.333028	147.439735	0.010777	29
1028	-0.324291	147.361365	0.005751	28
1029	-1.446944	147.283106	0.007032	29
1030	-0.027860	147.204958	0.001411	28
1031	-0.588624	147.126920	0.010042	29
1032	-1.057644	147.048993	0.023329	28
1033	-0.788692	146.971175	0.009101	30
1034	-1.366561	146.893468	0.014385	29
1035	-0.654944	146.815869	0.008418	29
1036	-1.262981	146.738380	0.009066	28
1037	-0.926909	146.661000	0.018326	28
1038	-1.253003	146.583729	0.014724	28
1039	-1.442236	146.506566	0.011935	29
1040	-0.754175	146.429511	0.008838	29
1041	-0.000282	146.352565	0.000054	28
1042	-0.000000	146.275726	0.000000	21
1043	-1.451619	146.198994	0.012818	29
1044	-0.841440	146.122370	0.010163	26
1045	-1.086373	146.045853	0.013905	29
1046	-0.978806	145.969442	0.014471	28
1047	-1.053594	145.893139	0.009576	29
1048	-1.450298	145.816941	0.008513	28
1049	-1.148120	145.740849	0.008285	29
1050	-0.232182	145.664863	0.003998	29
1051	-0.894067	145.588983	0.004740	29
1052	-1.267625	145.513208	0.009274	29
1053	-1.255465	145.437538	0.017424	26
1054	-0.871936	145.361973	0.008502	26
1055	-0.271476	145.286513	0.006066	24
1056	-0.156564	145.211157	0.003878	29
1057	-0.179827	145.135905	0.005721	24
1058	-0.065546	145.060757	0.002699	28
1059	-0.005654	144.985712	0.000670	29
1060	-0.001893	144.910771	0.000297	29
1061	-0.023472	144.835934	0.001440	29
1062	-1.089152	144.761199	0.007599	28
1063	-1.344792	144.686567	0.011151	29
1064	-1.402338	144.612037	0.013973	28
1065	-1.037037	144.537610	0.009600	29
1066	-0.057986	144.463285	0.002838	29
1067	-1.238468	144.389062	0.018966	28
1068	-1.109252	144.314940	0.018237	28
1069	-0.689617	144.240920	0.005775	29
1070	-0.000231	144.167001	0.000037	28
1071	-0.634441	144.093182	0.008738	29
1072	-0.525634	144.019465	0.017832	29
1073	-1.465375	143.945848	0.004727	30
1074	-0.571843	143.872331	0.007429	29
1075	-0.000000	143.798914	0.000000	29
1076	-0.358731	143.725597	0.006644	28
1077	-1.404009	143.652380	0.013038	29
1078	-0.022151	143.579262	0.000878	29
1079	-0.567990	143.506243	0.010676	29
1080	-1.013524	143.433323	0.007175	28
1081	-1.629309	143.360502	0.007906	27
1082	-0.755463	143.287780	0.009015	28
1083	-1.259151	143.215155	0.007069	29
1084	-0.121733	143.142629	0.003273	26
1085	-1.033978	143.070201	0.005133	29
1086	0.000000	142.997870	0.000000	22
1087	-0.803503	142.925637	0.008759	29
1088	-1.385711	142.853501	0.010350	30
1089	-1.303463	142.781462	0.009607	28
1090	-1.297136	142.709519	0.009451	29
1091	-1.165024	142.637674	0.012460	29
1092	-0.810268	142.565924	0.013424	28
1093	-1.480331	142.494271	0.009835	29
1094	-0.784439	142.422714	0.006762	30
1095	-1.292381	142.351252	0.015043	29
1096	-0.902501	142.279886	0.008358	29
1097	-0.039458	142.208616	0.001362	27
1098	-0.804392	142.137440	0.009667	30
1099	-1.325299	142.066360	0.015364	31
1100	-0.000000	141.995374	0.000000	29
1101	-1.444659	141.924483	0.012404	30
1102	-1.163346	141.853685	0.004800	31
1103	-0.791186	141.782983	0.008242	30
1104	-0.915601	141.712373	0.009021	29
1105	-1.744910	141.641858	0.005364	30
1106	-0.003944	141.571436	0.000285	30
1107	-1.195705	141.501108	0.014317	28
1108	-1.118364	141.430872	0.014937	29
1109	-1.072585	141.360730	0.012319	29
1110	-0.954230	141.290680	0.008125	30
1111	-0.949858	141.220722	0.020881	30
1112	0.000000	141.150857	0.000000	23
1113	-0.000000	141.081084	0.000000	30
1114	-1.282421	141.011403	0.011781	30
1115	-0.001248	140.941813	0.000158	28
1116	-0.667745	140.872315	0.009293	30
1117	-1.165166	140.802909	0.019353	28
1118	-1.388285	140.733593	0.018708	27
1119	-0.583054	140.664369	0.004790	29
1120	-0.004788	140.595235	0.000615	29
1121	-1.371156	140.526192	0.009561	29
1122	-0.000000	140.457239	0.000000	26
1123	-0.477510	140.388376	0.005495	28
1124	-0.000000	140.319603	0.000000	31
1125	-0.484562	140.250920	0.005977	28
1126	-0.005240	140.182326	0.000454	28
1127	-0.693225	140.113822	0.006425	25
1128	-0.414952	140.045407	0.007841	29
1129	-0.944886	139.977081	0.007947	29
1130	-0.231290	139.908844	0.003933	30
1131	-1.105487	139.840696	0.011610	29
1132	-1.097355	139.772635	0.007209	30
1133	-0.439086	139.704664	0.006226	29
1134	-0.833248	139.636780	0.006802	30
1135	-1.086944	139.568984	0.018778	29
1136	-0.845310	139.501276	0.007586	30
1137	-1.359825	139.433655	0.013335	29
1138	-1.503593	139.366122	0.008576	27
1139	-0.899122	139.298676	0.018750	30
1140	-1.397480	139.231317	0.011094	29
1141	-0.925557	139.164045	0.008560	29
1142	-1.204451	139.096859	0.018763	29
1143	-0.750679	139.029760	0.011686	29
1144	-0.000000	138.962747	0.000000	28
1145	-1.163562	138.895820	0.009277	29
1146	-1.432943	138.828978	0.006615	29
1147	-0.959838	138.762223	0.008362	29
1148	-1.345334	138.695553	0.014148	28
1149	-1.377448	138.628969	0.017705	29
1150	-1.336482	138.562469	0.009296	29
1151	-1.150606	138.496055	0.005968	29
1152	-1.093203	138.429725	0.006840	29
1153	-1.348360	138.363481	0.023208	28
1154	-0.402273	138.297320	0.005842	29
1155	-0.000000	138.231244	0.000000	29
1156	-0.000000	138.165252	0.000000	28
1157	-0.612367	138.099344	0.008052	28
1158	-0.264569	138.033520	0.005420	29
1159	-0.128809	137.967779	0.003366	27
1160	-0.905045	137.902122	0.007358	28
1161	-0.007729	137.836548	0.000588	27
1162	-1.654911	137.771057	0.010352	28
1163	-1.399417	137.705649	0.014472	29
1164	-0.537707	137.640324	0.014169	29
1165	-0.874293	137.575081	0.007974	29
1166	-1.401634	137.509921	0.006760	29
1167	-0.000000	137.444842	0.000000	24
1168	-0.999079	137.379846	0.007815	28
1169	-0.239531	137.314932	0.003463	29
1170	-0.000000	137.250100	0.000000	28
1171	-1.502861	137.185349	0.004872	29
1172	-0.056556	137.120680	0.001937	30
1173	-1.344308	137.056092	0.007045	28
1174	-0.577040	136.991585	0.017194	29
1175	-1.134133	136.927158	0.008446	29
1176	-0.810833	136.862813	0.004393	28
1177	-0.570836	136.798548	0.013773	30
1178	-0.000000	136.734363	0.000000	29
1179	-0.028740	136.670259	0.001296	27
1180	-0.708015	136.606235	0.008747	29
1181	-0.000000	136.542291	0.000000	29
1182	-0.000509	136.478426	0.000079	24
1183	-0.000000	136.414641	0.000000	28
1184	-1.418431	136.350936	0.008780	29
1185	-1.179095	136.287310	0.008435	29
1186	-0.601431	136.223763	0.004316	29
1187	-0.808481	136.160295	0.010539	28
1188	-1.109748	136.096905	0.008780	27
1189	-0.000000	136.033594	0.000000	29
1190	-0.965354	135.970362	0.018736	29
1191	-0.832654	135.907208	0.006182	29
1192	-1.091938	135.844133	0.007920	28
1193	-1.634405	135.781135	0.006898	29
1194	-0.909183	135.718215	0.006149	30
1195	-1.312816	135.655373	0.016535	28
1196	-1.457789	135.592608	0.005321	29
1197	-1.035772	135.529921	0.010679	31
1198	-0.000000	135.467311	0.000000	26
1199	-0.000000	135.404778	0.000000	28
1200	-0.000000	135.342322	0.000000	28
1201	-0.003866	135.279942	0.000507	28
1202	-0.652157	135.217640	0.006335	28
1203	-0.612475	135.155413	0.007399	30
1204	-0.116011	135.093263	0.002689	29
1205	-0.550434	135.031190	0.018368	30
1206	-0.765358	134.969192	0.007436	29
1207	-1.380993	134.907270	0.010635	30
1208	-1.518475	134.845424	0.006747	30
1209	-0.673587	134.783653	0.004718	29
1210	-0.018182	134.721958	0.000719	29
1211	-0.323092	134.660338	0.006011	29
1212	-0.033288	134.598793	0.001712	29
1213	-0.002221	134.537323	0.000265	29
1214	-1.571192	134.475927	0.007182	29
1215	-0.258075	134.414607	0.004593	30
1216	-0.599273	134.353361	0.006257	29
1217	-1.295361	134.292189	0.004599	31
1218	-1.181429	134.231092	0.011558	29
1219	-1.163163	134.170068	0.007748	29
1220	-0.928297	134.109119	0.010897	30
1221	-1.308594	134.048243	0.007358	29
1222	-1.090821	133.987441	0.010522	30
1223	-1.014786	133.926713	0.010986	30
1224	-0.657169	133.866057	0.019817	30
1225	-1.300857	133.805475	0.009239	29
1226	-0.600418	133.744966	0.006195	29
1227	-1.226102	133.684530	0.013860	30
1228	-1.012239	133.624167	0.003063	29
1229	-1.186716	133.563877	0.012306	28
1230	-1.356691	133.503658	0.007241	30
1231	-1.279817	133.443513	0.025157	29
1232	-0.165169	133.383439	0.003540	29
1233	-1.161997	133.323437	0.013749	29
1234	-1.450448	133.263508	0.013641	30
1235	-0.187258	133.203650	0.006286	30
1236	-0.351678	133.143864	0.004011	30
1237	-0.037076	133.084149	0.001721	28
1238	-0.296843	133.024506	0.004716	30
1239	-0.734201	132.964934	0.008020	29
1240	-0.876932	132.905433	0.017383	31
1241	-0.733379	132.846003	0.004210	28
1242	-1.469290	132.786643	0.028034	31
1243	-0.063389	132.727355	0.002046	29
1244	-0.031755	132.668137	0.001556	26
1245	-1.446557	132.608989	0.006872	30
1246	-0.620388	132.549912	0.021387	30
1247	-0.000000	132.490904	0.000000	29
1248	-0.259107	132.431967	0.002895	29
1249	-1.519227	132.373100	0.007349	28
1250	-1.593392	132.314302	0.014085	31
1251	-0.000050	132.255574	0.000006	29
1252	-1.205599	132.196916	0.008785	29
1253	-0.380811	132.138326	0.007767	30
1254	-0.458181	132.079806	0.003439	30
1255	-1.099957	132.021355	0.012095	29
1256	-1.279086	131.962973	0.011340	30
1257	-1.299188	131.904660	0.012013	28
1258	-1.584732	131.846415	0.009120	30
1259	-0.672056	131.788239	0.012184	30
1260	-1.295137	131.730131	0.010635	29
1261	-1.393590	131.672092	0.013425	30
1262	-0.000000	131.614121	0.000000	31
1263	-1.147418	131.556217	0.002685	29
1264	-1.053460	131.498382	0.016436	29
1265	-1.342987	131.440614	0.011219	30
1266	-1.028164	131.382914	0.018966	30
1267	-1.401074	131.325282	0.011113	28
1268	-1.210223	131.267717	0.009798	29
1269	-1.332095	131.210219	0.014071	29
1270	-0.082252	131.152788	0.002311	30
1271	-1.176013	131.095424	0.022869	28
1272	-0.757885	131.038127	0.017951	29
1273	-1.207637	130.980897	0.016383	30
1274	-0.953401	130.923733	0.007454	30
1275	-0.111676	130.866636	0.003960	29
1276	-1.159366	130.809605	0.008755	29
1277	-0.732351	130.752641	0.008309	28
1278	-1.318225	130.695742	0.008758	30
1279	-0.659529	130.638910	0.004701	29
1280	-1.551913	130.582143	0.010282	28
1281	-1.355781	130.525442	0.002853	29
1282	-1.464264	130.468807	0.011424	29
1283	-1.563640	130.412237	0.006092	30
1284	-0.462459	130.355733	0.003673	29
1285	-1.592694	130.299294	0.014209	29
1286	-1.291543	130.242920	0.009423	28
1287	-0.814310	130.186611	0.019673	28
1288	-0.016144	130.130366	0.000572	28
1289	-0.592007	130.074187	0.006464	28
1290	-0.006326	130.018072	0.000363	29
1291	-0.700049	129.962022	0.008122	28
1292	-0.696119	129.906036	0.010107	28
1293	-0.752634	129.850114	0.014979	30
1294	-0.248536	129.794257	0.004482	29
1295	-0.617244	129.738463	0.008934	29
1296	-0.111828	129.682734	0.002184	30
1297	-1.301088	129.627068	0.005975	29
1298	-1.321185	129.571466	0.008356	29
1299	-0.771588	129.515927	0.025823	29
1300	-0.634995	129.460452	0.005392	29
1301	-0.870596	129.405040	0.021889	28
1302	-0.000764	129.349692	0.000140	29
1303	-0.000000	129.294406	0.000000	24
1304	-0.000227	129.239183	0.000040	23
1305	-1.067344	129.184024	0.006567	30
1306	-0.211957	129.128927	0.004099	30
1307	-0.000000	129.073892	0.000000	29
1308	-1.552285	129.018921	0.004960	29
1309	-0.343679	128.964011	0.007739	25
1310	-1.136198	128.909164	0.014183	29
1311	-1.015052	128.854379	0.009619	29
1312	-0.000000	128.799656	0.000000	27
1313	-1.507631	128.744995	0.015540	29
1314	-1.450618	128.690396	0.013168	29
1315	-1.277579	128.635858	0.006643	30
1316	-0.365282	128.581382	0.006695	29
1317	-1.207702	128.526968	0.012219	29
1318	-0.069758	128.472615	0.001388	30
1319	-1.170075	128.418323	0.007162	29
1320	-0.000000	128.364092	0.000000	27
1321	-0.000000	128.309922	0.000000	27
1322	-1.403835	128.255814	0.013512	28
1323	-1.220755	128.201766	0.019580	28
1324	-1.443556	128.147778	0.007611	27
1325	-1.018703	128.093852	0.010219	28
1326	-1.012162	128.039985	0.006532	29
1327	-0.994779	127.986180	0.008044	28
1328	-1.273809	127.932434	0.018048	28
1329	-0.389261	127.878749	0.020362	29
1330	-0.592120	127.825123	0.011542	29
1331	-0.000000	127.771558	0.000000	29
1332	-0.340009	127.718052	0.005460	29
1333	-0.833558	127.664606	0.006524	28
1334	-0.102507	127.611220	0.001767	29
1335	-1.256984	127.557893	0.006694	28
1336	-1.313880	127.504625	0.005760	29
1337	-1.398003	127.451417	0.008407	28
1338	-0.923346	127.398268	0.014156	27
1339	-1.078627	127.345178	0.005801	28
1340	-0.870041	127.292147	0.006486	29
1341	-0.920999	127.239175	0.009339	28
1342	-1.400823	127.186261	0.008604	30
1343	-0.679729	127.133407	0.013462	28
1344	-0.866197	127.080610	0.021777	28
1345	-0.324551	127.027872	0.005674	29
1346	-0.492494	126.975193	0.007357	29
1347	-1.315637	126.922572	0.008703	29
1348	-1.352014	126.870008	0.007116	30
1349	-0.746896	126.817503	0.005187	30
1350	-0.000003	126.765056	0.000001	30
1351	0.000000	126.712667	0.000000	30
1352	-0.827798	126.660335	0.006566	29
1353	-0.085117	126.608061	0.002916	30
1354	-0.000000	126.555844	0.000000	30
1355	-0.922241	126.503685	0.010038	29
1356	-1.111044	126.451583	0.008220	30
1357	-0.655111	126.399538	0.011344	31
1358	-1.111082	126.347550	0.011833	29
1359	-0.001360	126.295619	0.000176	30
1360	-0.720237	126.243745	0.012659	29
1361	-0.000048	126.191928	0.000010	30
1362	-0.161243	126.140168	0.003913	30
1363	-1.074535	126.088464	0.023519	30
1364	-0.738536	126.036817	0.007062	30
1365	-1.015054	125.985226	0.006638	29
1366	-1.622276	125.933691	0.009191	30
1367	-0.959332	125.882212	0.010140	30
1368	-0.460459	125.830790	0.011764	27
1369	-0.000022	125.779423	0.000004	29
1370	-1.507585	125.728113	0.009856	31
1371	-0.192819	125.676858	0.002715	30
1372	-0.000004	125.625659	0.000001	24
1373	-0.777313	125.574515	0.008568	30
1374	-0.000000	125.523427	0.000000	29
1375	-0.536870	125.472394	0.004746	30
1376	-0.873421	125.421417	0.008398	28
1377	-1.460394	125.370495	0.012253	30
1378	-1.472608	125.319628	0.012245	29
1379	-0.589404	125.268815	0.016732	29
1380	-1.342713	125.218058	0.008228	29
1381	-1.061523	125.167356	0.014291	29
1382	-1.217545	125.116708	0.013821	29
1383	-1.537342	125.066115	0.017687	28
1384	-0.000003	125.015576	0.000001	28
1385	-1.390921	124.965092	0.012525	27
1386	-1.508458	124.914662	0.010859	29
1387	-0.623216	124.864287	0.006857	27
1388	-0.184556	124.813965	0.004990	29
1389	-0.000001	124.763698	0.000000	28
1390	-0.379347	124.713485	0.008294	29
1391	-1.162996	124.663325	0.009162	28
1392	-0.477202	124.613219	0.005522	29
1393	-0.437147	124.563167	0.006568	29
1394	-1.451453	124.513168	0.006422	29
1395	-0.002453	124.463223	0.000287	28
1396	-1.649949	124.413332	0.009911	29
1397	-1.086626	124.363493	0.014142	28
1398	-1.059449	124.313708	0.013666	31
1399	-0.650632	124.263976	0.018070	27
1400	-0.000000	124.214297	0.000000	24
1401	-1.413235	124.164671	0.007004	28
1402	-1.261257	124.115097	0.009680	28
1403	-0.740825	124.065577	0.009325	29
1404	-0.529330	124.016109	0.010032	29
1405	-1.243380	123.966693	0.005625	28
1406	-1.254810	123.917330	0.008692	28
1407	-0.114324	123.868020	0.002240	29
1408	-1.440472	123.818762	0.009968	29
1409	-1.397159	123.769556	0.011336	28
1410	-0.000595	123.720402	0.000084	28
1411	-0.582216	123.671300	0.008267	29
1412	-1.063345	123.622250	0.008147	29
1413	-0.678999	123.573252	0.016000	30
1414	-1.483681	123.524305	0.007933	30
1415	-0.788352	123.475411	0.015170	29
1416	-0.019261	123.426568	0.001986	29
1417	-0.309929	123.377776	0.005370	29
1418	-0.239628	123.329036	0.003531	29
1419	-0.086752	123.280347	0.003549	29
1420	-0.360479	123.231709	0.005497	30
1421	-1.536660	123.183122	0.004013	29
1422	-0.447567	123.134587	0.002768	28
1423	-0.130744	123.086102	0.001895	29
1424	-0.508623	123.037669	0.002864	29
1425	-0.601089	122.989286	0.003526	29
1426	-1.504401	122.940954	0.005093	29
1427	-1.419134	122.892672	0.005041	28
1428	-0.018447	122.844441	0.001505	29
1429	-0.988465	122.796261	0.016202	29
1430	-0.000000	122.748130	0.000000	29
1431	-0.811245	122.700050	0.010407	28
1432	-1.229527	122.652021	0.007809	28
1433	-0.684036	122.604041	0.011881	28
1434	-0.000000	122.556111	0.000000	27
1435	-1.439289	122.508232	0.011335	28
1436	-0.354245	122.460402	0.005358	28
1437	-0.000000	122.412622	0.000000	26
1438	-1.043379	122.364891	0.007014	29
1439	-0.910723	122.317210	0.010064	29
1440	-0.000000	122.269579	0.000000	28
1441	-1.515438	122.221997	0.019046	28
1442	-0.815513	122.174465	0.004701	29
1443	0.000000	122.126981	0.000000	29
1444	-1.381610	122.079547	0.010966	29
1445	-1.066070	122.032162	0.009540	28
1446	-1.636076	121.984826	0.012717	28
1447	-0.004495	121.937539	0.000556	27
1448	-0.131610	121.890301	0.002120	28
1449	-0.592308	121.843112	0.012471	29
1450	-1.062752	121.795971	0.007901	28
1451	-0.066088	121.748879	0.002387	29
1452	-0.012084	121.701835	0.000970	29
1453	-1.422290	121.654840	0.017132	28
1454	-1.022253	121.607893	0.005714	29
1455	-0.314959	121.560994	0.006895	29
1456	-1.205569	121.514144	0.014685	29
1457	-0.000031	121.467342	0.000008	30
1458	-1.450069	121.420588	0.008842	29
1459	-0.000170	121.373882	0.000033	26
1460	-1.393752	121.327223	0.011148	29
1461	-0.476274	121.280613	0.008203	28
1462	-1.367146	121.234050	0.009539	29
1463	-1.436348	121.187535	0.012654	29
1464	-1.000917	121.141067	0.011707	29
1465	-0.992746	121.094647	0.012289	28
1466	-0.000000	121.048274	0.000000	24
1467	-0.151029	121.001949	0.002975	28
1468	-1.270623	120.955671	0.010950	29
1469	-1.083474	120.909440	0.011714	31
1470	-0.110205	120.863256	0.002129	28
1471	-0.806676	120.817119	0.009913	29
1472	-1.167703	120.771029	0.014760	29
1473	-0.776217	120.724986	0.008368	28
1474	-1.299081	120.678990	0.011841	30
1475	-0.000000	120.633040	0.000000	29
1476	-0.904620	120.587137	0.017056	29
1477	-1.240330	120.541281	0.013960	28
1478	-1.518483	120.495471	0.013584	29
1479	-0.671018	120.449707	0.007250	28
1480	-1.031263	120.403990	0.006753	29
1481	-1.145264	120.358319	0.010534	28
1482	-0.000000	120.312694	0.000000	29
1483	-1.487099	120.267115	0.010324	29
1484	-0.002224	120.221582	0.000221	29
1485	-0.002677	120.176096	0.000336	28
1486	-1.197877	120.130655	0.017175	29
1487	-1.372647	120.085260	0.011653	29
1488	-1.311119	120.039910	0.013269	29
1489	-1.521891	119.994606	0.007812	29
1490	-1.315912	119.949348	0.010089	28
1491	-0.198142	119.904135	0.003374	29
1492	-0.000255	119.858968	0.000035	29
1493	-0.554408	119.813846	0.005209	29
1494	-1.507324	119.768769	0.016852	30
1495	-1.118718	119.723738	0.014774	29
1496	-1.425535	119.678752	0.011499	27
1497	-0.523440	119.633810	0.007623	28
1498	-1.165325	119.588914	0.009160	29
1499	-0.576770	119.544062	0.009517	29
1500	-1.238219	119.499256	0.021829	28
1501	-0.000983	119.454494	0.000171	27
1502	-1.082642	119.409777	0.010174	28
1503	-0.543813	119.365104	0.014614	28
1504	-1.042725	119.320476	0.019388	30
1505	-1.007165	119.275893	0.005437	29
1506	-0.000000	119.231353	0.000000	28
1507	-0.841818	119.186859	0.014842	30
1508	-1.056502	119.142408	0.007248	29
1509	-1.122124	119.098002	0.008089	28
1510	-0.000000	119.053639	0.000000	23
1511	-1.408343	119.009321	0.007324	27
1512	-1.496306	118.965047	0.012673	29
1513	-1.112803	118.920816	0.005839	29
1514	-0.000000	118.876630	0.000000	28
1515	-1.038826	118.832487	0.009866	28
1516	-0.482663	118.788388	0.008001	30
1517	-0.577012	118.744332	0.014743	27
1518	-1.405886	118.700320	0.005263	29
1519	-1.186740	118.656352	0.013967	28
1520	-1.046759	118.612427	0.005495	29
1521	-1.216989	118.568545	0.014653	29
1522	-0.032873	118.524706	0.001362	28
1523	-1.419068	118.480911	0.007674	29
1524	-1.296615	118.437159	0.009462	28
1525	-1.263662	118.393450	0.007667	29
1526	-1.120968	118.349784	0.009822	31
1527	-1.318748	118.306160	0.012708	28
1528	-0.531329	118.262580	0.006177	28
1529	-1.467078	118.219042	0.012997	29
1530	-0.429180	118.175548	0.006067	29
1531	-1.590680	118.132095	0.009633	29
1532	-1.416532	118.088686	0.010518	29
1533	-1.559450	118.045319	0.010978	29
1534	-1.214573	118.001994	0.010045	29
1535	-0.011749	117.958712	0.000640	29
1536	-1.306374	117.915472	0.010875	29
1537	-1.225504	117.872274	0.005175	28
1538	-0.034693	117.829118	0.001123	29
1539	-0.594384	117.786005	0.010809	27
1540	-0.968100	117.742933	0.020964	26
1541	-1.039907	117.699904	0.008285	29
1542	-1.347199	117.656916	0.004035	29
1543	-0.242235	117.613971	0.003127	26
1544	-1.526919	117.571067	0.007917	29
1545	-1.248240	117.528205	0.004706	28
1546	-0.494262	117.485384	0.007036	29
1547	-1.400711	117.442605	0.016210	29
1548	-0.000089	117.399867	0.000021	30
1549	-1.238051	117.357171	0.013335	28
1550	-0.930008	117.314517	0.013974	29
1551	-0.867526	117.271903	0.013672	30
1552	-0.802629	117.229331	0.018097	29
1553	-0.003593	117.186800	0.000363	28
1554	-1.353829	117.144311	0.009167	29
1555	-0.034164	117.101862	0.002234	29
1556	-1.355494	117.059454	0.010708	27
1557	-1.446017	117.017087	0.010175	29
1558	-0.593757	116.974762	0.008194	28
1559	-0.227736	116.932476	0.003348	27
1560	-0.362789	116.890232	0.011332	29
1561	-0.781376	116.848028	0.007966	25
1562	-0.000007	116.805865	0.000002	28
1563	-0.243951	116.763743	0.003636	28
1564	-0.226843	116.721661	0.004362	30
1565	-0.230101	116.679619	0.003332	29
1566	-0.624081	116.637618	0.004089	29
1567	-0.557166	116.595657	0.016901	28
1568	-1.401341	116.553736	0.008785	29
1569	-1.329935	116.511855	0.020546	28
1570	-1.293004	116.470015	0.012338	29
1571	-0.000000	116.428214	0.000000	29
1572	-1.318553	116.386454	0.011008	29
1573	-0.688394	116.344733	0.006698	29
1574	-0.840234	116.303052	0.010776	28
1575	-1.433621	116.261412	0.010222	29
1576	-0.079176	116.219810	0.002271	28
1577	-1.272472	116.178249	0.003372	28
1578	-0.000041	116.136727	0.000008	28
1579	-0.297986	116.095245	0.002800	29
1580	-0.563872	116.053802	0.007350	28
1581	-0.676162	116.012398	0.006611	29
1582	-1.418343	115.971034	0.016035	29
1583	-1.635853	115.929710	0.015523	29
1584	-1.243637	115.888424	0.017949	28
1585	-1.393512	115.847178	0.016595	30
1586	-0.298076	115.805970	0.004525	28
1587	-0.000000	115.764802	0.000000	23
1588	-0.000000	115.723673	0.000000	28
1589	-0.963602	115.682583	0.007624	29
1590	-0.428469	115.641532	0.004693	30
1591	-0.942088	115.600519	0.008156	29
1592	-1.500056	115.559546	0.009972	29
1593	-0.001690	115.518610	0.000155	27
1594	-0.885527	115.477714	0.021448	29
1595	-1.350647	115.436856	0.004711	29
1596	-0.703365	115.396037	0.006311	28
1597	-0.124915	115.355256	0.004167	28
1598	-0.268888	115.314514	0.004143	29
1599	-1.506393	115.273810	0.005100	29
1600	-0.000000	115.233144	0.000000	29
1601	-0.121530	115.192517	0.002005	29
1602	-1.286262	115.151927	0.014366	30
1603	-0.000000	115.111376	0.000000	30
1604	-1.361243	115.070863	0.017915	28
1605	-1.656640	115.030388	0.007861	28
1606	-0.000001	114.989951	0.000000	29
1607	-0.873597	114.949551	0.008582	30
1608	-0.387281	114.909190	0.007666	26
1609	-1.214885	114.868866	0.011174	29
1610	-1.634646	114.828580	0.008663	29
1611	-0.898326	114.788332	0.015112	28
1612	-1.520915	114.748121	0.018864	29
1613	-1.386159	114.707948	0.015640	29
1614	-1.263069	114.667812	0.010154	29
1615	-0.407540	114.627714	0.004500	29
1616	-1.403766	114.587653	0.013917	30
1617	-1.075036	114.547629	0.011198	29
1618	-0.364674	114.507643	0.004174	29
1619	-1.250112	114.467693	0.010594	29
1620	-0.000000	114.427781	0.000000	29
1621	-0.000735	114.387907	0.000099	23
1622	-1.484969	114.348069	0.003466	29
1623	-1.427341	114.308268	0.013279	29
1624	-1.410779	114.268504	0.010178	29
1625	-0.656304	114.228777	0.007675	31
1626	-1.445174	114.189086	0.009450	29
1627	-1.009782	114.149433	0.012278	30
1628	-1.018668	114.109816	0.010662	28
1629	-0.006511	114.070235	0.000586	29
1630	-1.227690	114.030692	0.013031	30
1631	-0.000000	113.991185	0.000000	24
1632	-0.488066	113.951714	0.003568	29
1633	-0.465543	113.912280	0.018820	28
1634	-0.128546	113.872882	0.004341	27
1635	-1.063501	113.833521	0.008392	30
1636	-0.000000	113.794195	0.000000	29
1637	-0.344433	113.754906	0.005331	28
1638	-1.019652	113.715653	0.006253	30
1639	-0.745435	113.676437	0.011982	28
1640	-1.268250	113.637256	0.010992	29
1641	-1.487119	113.598111	0.012392	28
1642	-0.000000	113.559002	0.000000	29
1643	-0.000019	113.519929	0.000002	29
1644	-1.096140	113.480892	0.017016	29
1645	-0.972868	113.441891	0.026592	29
1646	-1.312772	113.402925	0.009169	28
1647	-0.000016	113.363995	0.000004	27
1648	-0.671553	113.325101	0.006354	29
1649	-1.374744	113.286242	0.007651	29
1650	-1.014695	113.247419	0.007298	26
1651	-1.332180	113.208631	0.011794	29
1652	-1.435818	113.169879	0.011956	29
1653	-1.284823	113.131162	0.020294	29
1654	-0.558536	113.092480	0.004758	30
1655	-0.780241	113.053833	0.005028	32
1656	-0.677479	113.015222	0.008707	30
1657	-0.942327	112.976646	0.014996	31
1658	-0.705949	112.938105	0.005035	24
1659	-1.259752	112.899599	0.010498	32
1660	-1.410054	112.861128	0.007663	29
1661	-0.028170	112.822692	0.001087	29
1662	-0.019253	112.784291	0.000748	24
1663	-0.000000	112.745924	0.000000	25
1664	-1.414337	112.707593	0.006262	29
1665	-0.368773	112.669296	0.006584	30
1666	-1.193785	112.631034	0.006116	29
1667	-1.309772	112.592806	0.009690	29
1668	-1.430347	112.554613	0.014323	29
1669	-0.000010	112.516455	0.000002	30
1670	-0.347211	112.478331	0.003199	29
1671	-0.048547	112.440241	0.001472	30
1672	-1.065994	112.402186	0.017504	28
1673	-0.000020	112.364165	0.000005	29
1674	-0.000000	112.326179	0.000000	26
1675	-1.573158	112.288227	0.009681	30
1676	-1.334770	112.250309	0.007574	29
1677	-0.613253	112.212425	0.007327	29
1678	-1.692247	112.174575	0.002739	28
1679	-0.321307	112.136759	0.004586	27
1680	-1.122044	112.098977	0.010274	29
1681	-1.032183	112.061229	0.010399	28
1682	-0.499690	112.023515	0.007830	29
1683	-0.000000	111.985834	0.000000	26
1684	-0.522382	111.948188	0.003112	29
1685	-1.301155	111.910575	0.011904	28
1686	-1.158314	111.872996	0.007269	27
1687	-1.077726	111.835450	0.012966	28
1688	-1.260788	111.797939	0.013889	29
1689	-0.415086	111.760460	0.003140	29
1690	-0.000000	111.723015	0.000000	26
1691	-0.511578	111.685604	0.003719	28
1692	-0.077016	111.648226	0.001942	29
1693	-0.000457	111.610881	0.000082	25
1694	-1.474702	111.573570	0.008435	29
1695	-0.308418	111.536292	0.003670	28
1696	-0.641754	111.499047	0.003236	29
1697	-1.304930	111.461835	0.010320	28
1698	-0.000000	111.424656	0.000000	29
1699	-0.009937	111.387510	0.000858	30
1700	-0.491804	111.350398	0.008366	29
1701	-1.170750	111.313318	0.005392	29
1702	-0.280803	111.276271	0.002978	28
1703	-0.012269	111.239257	0.000440	29
1704	-0.331223	111.202276	0.006985	28
1705	-1.245920	111.165328	0.007113	29
1706	-1.430121	111.128412	0.009445	28
1707	-1.092749	111.091529	0.005909	27
1708	-0.718571	111.054679	0.005824	32
1709	-1.266286	111.017861	0.009640	29
1710	-0.759846	110.981076	0.008218	27
1711	-1.725304	110.944323	0.009741	29
1712	-0.000000	110.907603	0.000000	27
1713	-0.000000	110.870915	0.000000	28
1714	-0.462309	110.834259	0.007989	29
1715	-1.541823	110.797636	0.015109	28
1716	-0.000000	110.761045	0.000000	29
1717	-0.929496	110.724486	0.007099	29
1718	-1.425998	110.687959	0.009859	29
1719	-1.183308	110.651465	0.009224	29
1720	-0.930051	110.615002	0.007707	30
1721	-0.719448	110.578572	0.008052	29
1722	-1.471949	110.542173	0.012026	29
1723	-0.000000	110.505807	0.000000	30
1724	-0.611411	110.469472	0.010002	29
1725	-0.024034	110.433169	0.001963	30
1726	-1.341414	110.396898	0.018784	29
1727	-0.750353	110.360659	0.021397	30
1728	-0.004078	110.324451	0.000628	30
1729	-1.428824	110.288276	0.010701	28
1730	-0.294574	110.252131	0.003864	29
1731	-0.653728	110.216019	0.016697	29
1732	-0.694243	110.179937	0.005974	29
1733	-1.292231	110.143888	0.009758	30
1734	-0.893117	110.107869	0.012842	29
1735	-1.308139	110.071882	0.010882	29
1736	-0.596382	110.035927	0.009764	27
1737	-0.310756	110.000003	0.006553	31
1738	-0.556542	109.964110	0.007591	30
1739	-1.329685	109.928248	0.005191	29
1740	-1.446112	109.892417	0.004340	28
1741	-0.912032	109.856618	0.007567	28
1742	-0.997167	109.820850	0.003638	28
1743	-1.012939	109.785112	0.017595	30
1744	-1.038823	109.749406	0.009010	29
1745	-0.900967	109.713730	0.006577	29
1746	-1.423321	109.678086	0.008015	24
1747	-0.019213	109.642472	0.000559	29
1748	-1.402236	109.606890	0.006901	28
1749	-0.481768	109.571337	0.005495	29
1750	-0.873914	109.535816	0.019922	28
1751	-0.000001	109.500326	0.000000	29
1752	-0.418897	109.464866	0.008165	29
1753	-0.000000	109.429436	0.000000	29
1754	-0.001197	109.394038	0.000176	27
1755	-1.265263	109.358669	0.014713	29
1756	-0.999706	109.323331	0.004186	29
1757	-1.361754	109.288024	0.004777	27
1758	-0.000180	109.252747	0.000035	29
1759	-0.842633	109.217501	0.006196	28
1760	-1.455020	109.182284	0.009100	28
1761	-0.656038	109.147098	0.005370	28
1762	-1.341166	109.111942	0.007642	29
1763	-0.000004	109.076817	0.000001	28
1764	-0.565029	109.041721	0.006639	29
1765	-1.536178	109.006656	0.007270	30
1766	-1.203950	108.971620	0.010480	28
1767	-1.170132	108.936615	0.006777	28
1768	-0.720854	108.901640	0.011956	29
1769	-1.353509	108.866694	0.010365	29
1770	-1.725802	108.831779	0.003328	28
1771	-1.278390	108.796893	0.012914	30
1772	-1.507634	108.762037	0.011857	27
1773	-0.000000	108.727211	0.000000	30
1774	-0.287701	108.692415	0.003729	28
1775	-0.000000	108.657648	0.000000	23
1776	-0.000000	108.622911	0.000000	29
1777	-0.642862	108.588203	0.010221	27
1778	-1.243210	108.553525	0.008116	30
1779	-0.699302	108.518877	0.007939	29
1780	-0.070422	108.484258	0.001564	30
1781	-0.602938	108.449668	0.008410	29
1782	-0.489824	108.415108	0.002356	29
1783	-1.435750	108.380578	0.018699	27
1784	-0.814379	108.346076	0.003979	29
1785	-0.024236	108.311604	0.001062	27
1786	-1.248473	108.277161	0.012362	28
1787	-1.451955	108.242747	0.007814	29
1788	-0.913219	108.208363	0.010882	29
1789	-1.456920	108.174007	0.015739	28
1790	-1.127898	108.139681	0.006910	29
1791	-0.190016	108.105383	0.002739	29
1792	-0.746854	108.071115	0.030044	27
1793	-0.520695	108.036875	0.004342	28
1794	-0.000000	108.002665	0.000000	27
1795	-0.606962	107.968483	0.009153	29
1796	-0.000257	107.934330	0.000050	29
1797	-0.000000	107.900206	0.000000	28
1798	-0.150515	107.866111	0.002700	30
1799	-0.270302	107.832044	0.002691	29
1800	-1.372987	107.798007	0.012412	29
1801	-1.413218	107.763997	0.006892	29
1802	-0.909534	107.730017	0.013847	29
1803	-0.161388	107.696065	0.003839	29
1804	-0.000001	107.662141	0.000000	29
1805	-1.210253	107.628246	0.008189	29
1806	-1.295048	107.594379	0.007147	27
1807	-0.820562	107.560541	0.007459	25
1808	-1.466369	107.526731	0.013854	28
1809	-1.330617	107.492949	0.010996	30
1810	-0.940007	107.459196	0.005916	29
1811	-0.000109	107.425471	0.000023	28
1812	-0.000156	107.391774	0.000017	29
1813	-1.355701	107.358106	0.007435	29
1814	-0.188899	107.324465	0.004980	28
1815	-1.096855	107.290853	0.012328	27
1816	-0.298501	107.257268	0.002792	29
1817	-0.686857	107.223712	0.006033	29
1818	-1.530208	107.190184	0.010826	28
1819	-0.000853	107.156683	0.000077	29
1820	-0.028287	107.123211	0.000776	29
1821	-1.053754	107.089766	0.002091	29
1822	-1.368396	107.056349	0.006081	29
1823	-1.295007	107.022960	0.011720	28
1824	-1.074781	106.989599	0.009553	30
1825	-0.893735	106.956265	0.005501	28
1826	-1.363623	106.922960	0.008788	29
1827	-1.413545	106.889681	0.007070	29
1828	-1.193416	106.856431	0.004910	27
1829	-0.037637	106.823208	0.002131	28
1830	-0.860139	106.790012	0.006556	29
1831	-0.442273	106.756844	0.008834	29
1832	-1.326067	106.723703	0.008375	30
1833	-0.042638	106.690590	0.001219	31
1834	-0.125313	106.657505	0.004451	29
1835	-1.178624	106.624446	0.013724	30
1836	-1.428978	106.591415	0.011681	26
1837	-1.289575	106.558411	0.012970	29
1838	-0.011307	106.525435	0.000556	26
1839	-1.604272	106.492485	0.013299	29
1840	-1.481754	106.459563	0.010436	29
1841	-0.004449	106.426668	0.000297	28
1842	-0.513045	106.393800	0.014913	29
1843	-0.776858	106.360959	0.010624	29
1844	-0.058850	106.328145	0.002663	27
1845	-0.480450	106.295358	0.004231	29
1846	-1.425269	106.262598	0.008676	27
1847	-1.342060	106.229865	0.005687	29
1848	-0.514467	106.197158	0.013910	27
1849	-0.949750	106.164479	0.011875	29
1850	-0.900468	106.131826	0.012313	29
1851	-0.388278	106.099201	0.003051	29
1852	-1.267214	106.066602	0.013865	29
1853	-1.326979	106.034029	0.010751	28
1854	-0.437601	106.001483	0.004711	28
1855	-0.413309	105.968964	0.003931	29
1856	-0.258876	105.936472	0.005512	29
1857	-1.150116	105.904006	0.006792	29
1858	-0.742095	105.871566	0.017622	27
1859	-0.798910	105.839153	0.019025	30
1860	-0.459849	105.806767	0.004934	27
1861	-0.746676	105.774407	0.006839	30
1862	-1.445456	105.742073	0.006726	28
1863	-1.271630	105.709766	0.007847	28
1864	-0.913754	105.677485	0.014589	28
1865	-1.162393	105.645230	0.019772	28
1866	-0.311798	105.613001	0.005982	29
1867	-0.089483	105.580799	0.003063	28
1868	-1.665716	105.548623	0.016464	29
1869	-0.000000	105.516473	0.000000	28
1870	-0.829006	105.484349	0.017714	29
1871	-0.461571	105.452251	0.008386	28
1872	-1.158120	105.420179	0.006913	29
1873	-1.080801	105.388133	0.025549	29
1874	-1.090686	105.356113	0.008036	28
1875	-0.945200	105.324119	0.014909	28
1876	-1.197093	105.292151	0.006863	29
1877	-0.328311	105.260209	0.003407	28
1878	-0.734298	105.228293	0.007860	29
1879	-1.157292	105.196402	0.017660	26
1880	-0.000000	105.164537	0.000000	28
1881	-1.508552	105.132698	0.013195	29
1882	-1.362448	105.100885	0.004028	28
1883	-0.977810	105.069097	0.011792	29
1884	-0.017548	105.037335	0.000609	30
1885	-0.033989	105.005598	0.001282	29
1886	-0.000000	104.973887	0.000000	24
1887	-1.003509	104.942202	0.005402	28
1888	-0.227953	104.910542	0.005392	30
1889	-0.938417	104.878907	0.006679	29
1890	-1.559093	104.847298	0.007902	28
1891	-1.459192	104.815715	0.010461	29
1892	-0.000752	104.784156	0.000143	28
1893	-1.259211	104.752623	0.013637	28
1894	-1.033420	104.721116	0.011300	29
1895	-1.455311	104.689633	0.011827	29
1896	-0.089076	104.658176	0.001763	29
1897	-0.388922	104.626744	0.006023	29
1898	-0.000000	104.595337	0.000000	28
1899	-0.328804	104.563955	0.003282	29
1900	-1.404312	104.532599	0.010108	28
1901	-0.157934	104.501267	0.002123	28
1902	-0.997598	104.469960	0.011225	29
1903	-1.215143	104.438679	0.011790	28
1904	-1.364902	104.407422	0.012788	27
1905	-0.000000	104.376191	0.000000	25
1906	-0.667696	104.344984	0.009626	28
1907	-1.246153	104.313802	0.006744	29
1908	-0.773892	104.282645	0.008900	29
1909	-1.349824	104.251513	0.007874	29
1910	-1.273470	104.220405	0.022077	29
1911	-0.690245	104.189323	0.012128	29
1912	-0.559732	104.158265	0.006379	25
1913	-0.000000	104.127231	0.000000	29
1914	-1.007459	104.096222	0.018088	29
1915	-1.420239	104.065238	0.004413	28
1916	-0.458308	104.034279	0.007282	28
1917	-0.000000	104.003344	0.000000	25
1918	-1.159550	103.972433	0.010033	29
1919	-0.121854	103.941547	0.004173	29
1920	-0.000126	103.910686	0.000022	29
1921	-1.214599	103.879849	0.009630	29
1922	-0.419637	103.849036	0.003401	29
1923	-0.000248	103.818248	0.000046	28
1924	-1.285349	103.787484	0.010941	28
1925	-0.370243	103.756744	0.003597	28
1926	-1.597822	103.726029	0.009001	29
1927	-0.778513	103.695338	0.017465	29
1928	-0.996716	103.664671	0.006163	29
1929	-0.357729	103.634028	0.005157	29
1930	-0.646721	103.603409	0.004726	29
1931	-0.336769	103.572814	0.006547	29
1932	-0.000000	103.542244	0.000000	24
1933	-1.507060	103.511698	0.007406	29
1934	-1.178382	103.481175	0.009223	29
1935	-1.150534	103.450677	0.024087	29
1936	-0.769197	103.420202	0.006086	29
1937	-1.148849	103.389752	0.006945	26
1938	-1.577830	103.359325	0.008904	29
1939	-1.316167	103.328922	0.007798	30
1940	-0.000000	103.298543	0.000000	21
1941	-0.066903	103.268188	0.001275	28
1942	-0.166676	103.237857	0.002683	29
1943	-1.377220	103.207549	0.027617	29
1944	-0.547991	103.177265	0.015368	29
1945	-0.704914	103.147005	0.011275	29
1946	-1.260195	103.116768	0.012537	28
1947	-1.560397	103.086556	0.013343	29
1948	-0.000000	103.056366	0.000000	28
1949	-1.038163	103.026200	0.008131	30
1950	-0.846510	102.996058	0.012562	30
1951	-1.325569	102.965939	0.005092	28
1952	-0.208135	102.935844	0.004646	31
1953	-0.954805	102.905772	0.004236	29
1954	-1.004136	102.875724	0.004136	29
1955	-1.360717	102.845699	0.005711	28
1956	-1.530817	102.815697	0.010272	29
1957	-0.008570	102.785719	0.000805	28
1958	-1.462690	102.755764	0.003293	29
1959	-1.472882	102.725832	0.003504	28
1960	-1.257717	102.695924	0.009186	29
1961	-1.247816	102.666038	0.004766	28
1962	-1.276651	102.636176	0.013766	27
1963	-1.357001	102.606337	0.018435	30
1964	-0.941530	102.576521	0.013120	29
1965	-0.463104	102.546728	0.006023	29
1966	-1.323823	102.516959	0.008734	29
1967	-1.243535	102.487212	0.009421	29
1968	-1.335120	102.457488	0.008766	29
1969	-0.000000	102.427788	0.000000	29
1970	-0.399852	102.398110	0.003074	29
1971	-1.340708	102.368455	0.011908	30
1972	-0.043590	102.338823	0.000958	29
1973	-1.192772	102.309214	0.013016	30
1974	-0.229190	102.279628	0.004850	29
1975	-0.527425	102.250064	0.007446	28
1976	-1.425538	102.220524	0.007936	28
1977	-1.357081	102.191006	0.023583	29
1978	-1.236783	102.161511	0.005470	29
1979	0.000000	102.132038	0.000000	24
1980	-0.871545	102.102588	0.006897	28
1981	-0.914156	102.073161	0.007616	30
1982	-1.338121	102.043757	0.002175	28
1983	-1.024971	102.014375	0.005991	29
1984	-0.000000	101.985015	0.000000	25
1985	-1.345367	101.955678	0.006070	28
1986	-0.000000	101.926364	0.000000	26
1987	-1.433522	101.897072	0.011987	28
1988	-0.000000	101.867802	0.000000	24
1989	-1.249864	101.838555	0.005908	28
1990	-1.173116	101.809330	0.015522	28
1991	-0.002756	101.780128	0.000330	27
1992	-1.569126	101.750948	0.011227	30
1993	-1.346420	101.721790	0.005999	28
1994	-0.296003	101.692654	0.003113	29
1995	-1.750632	101.663541	0.008811	28
1996	-1.491828	101.634450	0.012005	29
1997	-0.000015	101.605381	0.000003	29
1998	-1.531785	101.576335	0.014039	30
1999	-0.437232	101.547310	0.007088	30
