1:ItNr	2:Metric	3:StepSize	4:||Gradient||	Time[ms]
0	-0.811906	627.201626	0.011994	1088
1	-0.863797	623.504937	0.007139	34
2	-0.000000	619.865785	0.000000	33
3	-0.000000	616.282728	0.000000	27
4	-0.023295	612.754375	0.001471	31
5	-0.566614	609.279381	0.006428	31
6	-0.694384	605.856447	0.010899	31
7	-0.068566	602.484317	0.003124	31
8	-0.765291	599.161779	0.011152	31
9	-0.478799	595.887656	0.007312	32
10	-0.319499	592.660813	0.014396	31
11	-0.103568	589.480151	0.001046	32
12	-0.555089	586.344606	0.008336	31
13	-0.000000	583.253145	0.000000	32
14	-0.000000	580.204771	0.000000	31
15	-0.844836	577.198517	0.006520	31
16	-0.994905	574.233444	0.012105	31
17	-0.416677	571.308645	0.006413	32
18	-0.446880	568.423237	0.007477	31
19	-0.004564	565.576365	0.000614	31
20	-0.000052	562.767201	0.000008	31
21	-0.000000	559.994938	0.000000	31
22	-0.510741	557.258797	0.008441	31
23	-0.759064	554.558018	0.009208	31
24	-0.700341	551.891865	0.005670	31
25	-0.520828	549.259621	0.011767	31
26	-0.999523	546.660592	0.007162	31
27	-0.526388	544.094102	0.007604	32
28	-0.672110	541.559494	0.006268	34
29	-0.456171	539.056129	0.008670	31
30	-1.040576	536.583387	0.013952	31
31	-0.381235	534.140663	0.005188	31
32	-0.864558	531.727370	0.013765	31
33	-0.636668	529.342935	0.008049	31
34	-0.742912	526.986802	0.007464	31
35	-0.713105	524.658430	0.008098	31
36	-0.000000	522.357290	0.000000	32
37	-0.783525	520.082868	0.013976	30
38	-0.980662	517.834665	0.016107	31
39	-0.863479	515.612193	0.010669	30
40	-0.218528	513.414976	0.006107	32
41	-0.750776	511.242551	0.010187	31
42	-0.432547	509.094468	0.003877	31
43	-0.000000	506.970285	0.000000	31
44	-0.819641	504.869574	0.007851	31
45	-0.843203	502.791916	0.007952	31
46	-0.228589	500.736903	0.003648	31
47	-0.000000	498.704137	0.000000	30
48	-0.921738	496.693228	0.014463	30
49	-0.860683	494.703798	0.015575	30
50	-0.091843	492.735476	0.001836	30
51	-0.861123	490.787900	0.016622	32
52	-0.890825	488.860718	0.010112	30
53	-0.175316	486.953585	0.005384	31
54	-0.441451	485.066164	0.006424	31
55	-0.000000	483.198126	0.000000	26
56	-0.893612	481.349149	0.018316	31
57	-0.550245	479.518920	0.008338	31
58	-0.279370	477.707132	0.007288	31
59	-0.600425	475.913485	0.012918	31
60	-0.435442	474.137684	0.006273	31
61	-0.000000	472.379445	0.000000	31
62	-0.940213	470.638485	0.007106	30
63	-0.763017	468.914531	0.005401	31
64	-0.004466	467.207315	0.000050	31
65	-0.419291	465.516573	0.006342	31
66	-0.090685	463.842050	0.000834	31
67	-0.646752	462.183494	0.009495	31
68	-0.474775	460.540658	0.004928	30
69	-0.263107	458.913303	0.005914	31
70	-0.689155	457.301192	0.007842	30
71	-0.000000	455.704096	0.000000	32
72	-0.203069	454.121787	0.005833	32
73	-0.841425	452.554045	0.004966	31
74	-0.322483	451.000653	0.005899	31
75	-0.000000	449.461399	0.000000	30
76	-0.537462	447.936075	0.006900	31
77	-0.000000	446.424477	0.000000	30
78	-0.000000	444.926406	0.000000	31
79	-0.000000	443.441666	0.000000	27
80	-0.500835	441.970065	0.006676	31
81	-0.775271	440.511415	0.008869	32
82	-0.651735	439.065533	0.005966	30
83	-0.525548	437.632238	0.004900	31
84	-0.751625	436.211351	0.010977	31
85	-0.688385	434.802701	0.011653	31
86	-0.000000	433.406117	0.000000	31
87	-0.118260	432.021430	0.003988	31
88	-0.000000	430.648479	0.000000	31
89	-0.193765	429.287101	0.003263	31
90	-0.692047	427.937140	0.008436	31
91	-0.476297	426.598440	0.007052	30
92	-0.829596	425.270849	0.007041	31
93	-0.991879	423.954220	0.017609	31
94	-0.248434	422.648404	0.002896	31
95	-0.012409	421.353259	0.000448	30
96	-0.932923	420.068643	0.009146	31
97	-0.629025	418.794419	0.007438	31
98	-0.322541	417.530451	0.004641	31
99	-0.555445	416.276604	0.007622	30
100	-0.365818	415.032748	0.003898	30
101	-0.721109	413.798754	0.012209	31
102	-0.211005	412.574495	0.005539	31
103	-0.876785	411.359849	0.005657	32
104	-0.000000	410.154691	0.000000	30
105	-0.814162	408.958904	0.008841	30
106	-0.753623	407.772368	0.007723	31
107	-0.350250	406.594968	0.003774	32
108	-0.869808	405.426590	0.006249	30
109	-0.385192	404.267122	0.007532	29
110	-0.358018	403.116456	0.006887	31
111	-0.841666	401.974481	0.008708	30
112	-0.950959	400.841093	0.018996	31
113	-0.858370	399.716187	0.011042	31
114	-0.037726	398.599660	0.002212	32
115	-0.492657	397.491411	0.004557	31
116	-0.021881	396.391342	0.000597	30
117	-0.475246	395.299353	0.007211	30
118	-0.404017	394.215350	0.005568	31
119	-0.640930	393.139238	0.006679	30
120	-0.628642	392.070924	0.009106	31
121	-0.226879	391.010316	0.006561	31
122	-0.060085	389.957325	0.001036	31
123	-0.014848	388.911862	0.000729	31
124	-0.604724	387.873839	0.007094	30
125	-0.395497	386.843173	0.004781	31
126	-0.000019	385.819777	0.000024	32
127	-0.173465	384.803569	0.002223	29
128	-0.246852	383.794468	0.004564	30
129	-0.141041	382.792393	0.004614	33
130	-0.000000	381.797264	0.000000	24
131	-0.000000	380.809005	0.000000	31
132	-0.000000	379.827537	0.000000	24
133	-0.887652	378.852786	0.016822	31
134	-0.967416	377.884678	0.011007	31
135	-1.022970	376.923138	0.026055	31
136	-0.774415	375.968095	0.022239	30
137	-0.266185	375.019479	0.004044	30
138	-0.904984	374.077218	0.008625	30
139	-0.608556	373.141244	0.006092	31
140	-0.469837	372.211489	0.006102	32
141	-0.727627	371.287887	0.007027	33
142	-0.015797	370.370370	0.001095	31
143	-0.011170	369.458876	0.000448	32
144	-0.063113	368.553338	0.001192	31
145	-0.000000	367.653696	0.000000	31
146	-0.000000	366.759885	0.000000	29
147	-0.078695	365.871846	0.001788	32
148	-0.915858	364.989518	0.008545	32
149	-0.901967	364.112841	0.009446	31
150	-0.012120	363.241757	0.000473	31
151	-0.484380	362.376208	0.007689	33
152	-0.635323	361.516137	0.006969	30
153	-0.862054	360.661488	0.010137	31
154	-0.286116	359.812206	0.003069	31
155	-0.512200	358.968236	0.013903	30
156	-0.857234	358.129524	0.006332	31
157	-0.249475	357.296018	0.006261	30
158	-0.000000	356.467665	0.000000	28
159	-0.731535	355.644414	0.004890	31
160	-0.332279	354.826213	0.003059	31
161	-0.000607	354.013012	0.000016	31
162	-0.000000	353.204763	0.000000	32
163	-0.005854	352.401415	0.000579	30
164	-0.277661	351.602922	0.004660	31
165	-0.742459	350.809235	0.007324	30
166	-0.845281	350.020308	0.008379	32
167	-0.518757	349.236095	0.004118	31
168	-0.511379	348.456550	0.007508	31
169	-0.590253	347.681627	0.007213	31
170	-0.922264	346.911283	0.020883	31
171	-0.792023	346.145474	0.019094	30
172	-0.000000	345.384157	0.000000	32
173	-0.538643	344.627288	0.006800	31
174	-0.448467	343.874826	0.006873	31
175	-0.411916	343.126729	0.004064	30
176	-0.000000	342.382957	0.000000	29
177	-0.869298	341.643469	0.010977	32
178	-0.519280	340.908224	0.013933	32
179	-0.912604	340.177184	0.015595	30
180	-0.527240	339.450309	0.004434	31
181	-0.000000	338.727561	0.000000	31
182	-0.331330	338.008902	0.005007	30
183	-0.920013	337.294295	0.007959	31
184	-0.590552	336.583703	0.006651	31
185	-0.893852	335.877089	0.008776	31
186	-0.000000	335.174416	0.000000	32
187	-0.873451	334.475651	0.006731	31
188	-0.736391	333.780756	0.007184	32
189	-0.793096	333.089698	0.008936	31
190	-0.288993	332.402443	0.003111	32
191	-0.000000	331.718955	0.000000	28
192	-0.634550	331.039203	0.011811	32
193	-0.000000	330.363153	0.000000	31
194	-0.600769	329.690771	0.022743	32
195	-0.519603	329.022027	0.007828	28
196	-0.077553	328.356888	0.001184	31
197	-0.400072	327.695322	0.004869	32
198	-0.000000	327.037299	0.000000	32
199	-0.724113	326.382787	0.010571	31
200	-0.486519	325.731758	0.004781	31
201	-0.000000	325.084179	0.000000	31
202	-0.686979	324.440023	0.007438	32
203	-0.402411	323.799258	0.008186	30
204	-0.663154	323.161858	0.007487	31
205	-0.449653	322.527792	0.007403	31
206	-1.029281	321.897034	0.009470	32
207	-0.546420	321.269554	0.006711	29
208	-0.841231	320.645325	0.005970	31
209	-0.055767	320.024320	0.001271	32
210	-0.985857	319.406512	0.021693	32
211	-0.000239	318.791875	0.000133	31
212	-0.003780	318.180381	0.000664	30
213	-0.231354	317.572005	0.004664	31
214	-0.654299	316.966721	0.006606	32
215	-0.000000	316.364504	0.000000	27
216	-0.207998	315.765329	0.003194	31
217	-0.490572	315.169170	0.004826	31
218	-0.000000	314.576003	0.000000	29
219	-0.431214	313.985804	0.010456	32
220	-0.901562	313.398548	0.006877	31
221	-0.973370	312.814213	0.007230	31
222	-0.220180	312.232773	0.004394	32
223	-0.009873	311.654207	0.000461	30
224	-0.000000	311.078491	0.000000	29
225	-0.583754	310.505602	0.007189	31
226	-0.810718	309.935518	0.008488	32
227	-0.005962	309.368217	0.000592	32
228	-0.681794	308.803676	0.005723	31
229	-0.140786	308.241874	0.001888	28
230	-0.000000	307.682789	0.000000	32
231	-0.545975	307.126400	0.004863	30
232	-0.677343	306.572687	0.010473	31
233	-0.941521	306.021627	0.015352	31
234	-0.000000	305.473201	0.000000	28
235	-0.000010	304.927388	0.000005	30
236	-0.810370	304.384168	0.006384	31
237	-0.836963	303.843521	0.007706	30
238	-0.637091	303.305427	0.005626	31
239	-0.611850	302.769867	0.007238	31
240	-0.542992	302.236821	0.010733	32
241	-0.895796	301.706270	0.018624	32
242	-0.702735	301.178196	0.007823	31
243	-0.957894	300.652580	0.011456	29
244	-0.919194	300.129402	0.008893	31
245	-0.032701	299.608645	0.000606	28
246	-0.862620	299.090291	0.021358	29
247	-0.041122	298.574321	0.001750	31
248	-0.649361	298.060718	0.007820	29
249	-0.418216	297.549465	0.004375	31
250	-0.474667	297.040543	0.009818	30
251	-0.428992	296.533936	0.004720	31
252	-0.428023	296.029626	0.008482	31
253	-0.093514	295.527597	0.002540	32
254	-0.154248	295.027832	0.003182	31
255	-0.389870	294.530315	0.006640	31
256	-0.000000	294.035028	0.000000	29
257	-0.232620	293.541956	0.003587	31
258	-0.696444	293.051083	0.014838	31
259	-0.000000	292.562393	0.000000	28
260	-0.934150	292.075870	0.011517	30
261	-0.737075	291.591498	0.012043	30
262	-0.814929	291.109263	0.019525	31
263	-0.592303	290.629149	0.005466	31
264	-0.000000	290.151140	0.000000	30
265	-0.238283	289.675222	0.003595	31
266	-0.492300	289.201380	0.006943	31
267	-0.000000	288.729600	0.000000	27
268	-0.420630	288.259866	0.006594	31
269	-0.299478	287.792165	0.003432	31
270	-0.805248	287.326481	0.007103	30
271	-0.000000	286.862802	0.000000	31
272	-0.882405	286.401113	0.007743	31
273	-0.725070	285.941400	0.007378	30
274	-0.004573	285.483649	0.000084	30
275	-0.720870	285.027847	0.011698	31
276	-0.373282	284.573981	0.005047	31
277	-0.615610	284.122037	0.005406	31
278	-0.019167	283.672002	0.001619	32
279	-0.633897	283.223863	0.009253	30
280	-0.933689	282.777607	0.011781	31
281	-0.000012	282.333221	0.000002	31
282	-0.421863	281.890692	0.005299	31
283	-0.000000	281.450008	0.000000	31
284	-1.089453	281.011157	0.010974	31
285	-0.455690	280.574125	0.015202	31
286	-0.746821	280.138901	0.006227	31
287	-0.827208	279.705473	0.007577	30
288	-0.000000	279.273829	0.000000	31
289	-0.144340	278.843956	0.002500	31
290	-0.321945	278.415844	0.005325	29
291	-0.722090	277.989479	0.014752	30
292	-0.135500	277.564851	0.001544	31
293	-0.908934	277.141949	0.005451	31
294	-0.833105	276.720761	0.006306	31
295	-0.370061	276.301275	0.009274	30
296	-0.764788	275.883480	0.006752	31
297	-0.000000	275.467366	0.000000	31
298	-0.000003	275.052922	0.000000	31
299	-0.784369	274.640136	0.007306	31
300	-0.000000	274.228998	0.000000	31
301	-0.000000	273.819497	0.000000	31
302	-0.014892	273.411623	0.000203	31
303	-1.014526	273.005365	0.008801	30
304	-1.015243	272.600712	0.025651	30
305	-0.471288	272.197655	0.004922	32
306	-0.932808	271.796184	0.007414	31
307	-0.939658	271.396287	0.016029	30
308	-0.000000	270.997956	0.000000	31
309	-0.019214	270.601180	0.000251	31
310	-0.857628	270.205949	0.008520	31
311	-0.889533	269.812254	0.008741	31
312	-0.589889	269.420085	0.007130	31
313	-0.754387	269.029432	0.008955	31
314	-0.016865	268.640287	0.000236	29
315	-0.000000	268.252638	0.000000	27
316	-0.039346	267.866478	0.001350	26
317	-0.464740	267.481796	0.004741	26
318	-0.494666	267.098584	0.005429	27
319	-0.831143	266.716833	0.005508	29
320	-0.074484	266.336533	0.001180	31
321	-0.743533	265.957676	0.007936	27
322	-0.000000	265.580253	0.000000	27
323	-0.000000	265.204254	0.000000	27
324	-0.647837	264.829672	0.006907	26
325	-0.000000	264.456497	0.000000	28
326	-0.000000	264.084721	0.000000	26
327	-0.756169	263.714335	0.012930	27
328	-0.000000	263.345332	0.000000	27
329	-0.829717	262.977702	0.006730	29
330	-0.766134	262.611438	0.020125	28
331	-0.000000	262.246531	0.000000	31
332	-0.115839	261.882973	0.002146	27
333	-0.316405	261.520756	0.008238	26
334	-0.054568	261.159871	0.002056	26
335	-0.000000	260.800312	0.000000	25
336	-0.663669	260.442070	0.007897	29
337	-0.745143	260.085137	0.005368	26
338	-0.483955	259.729505	0.005395	27
339	-0.780170	259.375167	0.021440	27
340	-0.403390	259.022116	0.004414	26
341	-0.527688	258.670343	0.005594	26
342	-0.000000	258.319841	0.000000	25
343	-0.496455	257.970602	0.005783	28
344	-0.005361	257.622620	0.000092	23
345	-0.000000	257.275887	0.000000	25
346	-0.339378	256.930396	0.004053	26
347	-0.629087	256.586139	0.008194	27
348	-0.000000	256.243109	0.000000	30
349	-0.000184	255.901300	0.000003	26
350	-0.816365	255.560703	0.006753	26
351	-0.000000	255.221313	0.000000	27
352	-0.025640	254.883122	0.001684	27
353	-0.845974	254.546124	0.006600	25
354	-0.831979	254.210311	0.007341	26
355	-0.815749	253.875677	0.006512	27
356	-0.616964	253.542215	0.010926	27
357	-0.388653	253.209918	0.004223	26
358	-0.007369	252.878781	0.000139	26
359	-0.000000	252.548795	0.000000	27
360	-0.707365	252.219956	0.007541	31
361	-0.398000	251.892255	0.004828	31
362	-0.772699	251.565688	0.006399	26
363	-0.501077	251.240247	0.004310	28
364	-0.001249	250.915926	0.000018	26
365	-0.570929	250.592720	0.010718	27
366	-0.789523	250.270621	0.006468	26
367	-0.219079	249.949624	0.002522	23
368	-0.577231	249.629723	0.007645	26
369	-0.000000	249.310911	0.000000	32
370	-0.045961	248.993182	0.002776	28
371	-0.646455	248.676531	0.006974	27
372	-0.589270	248.360952	0.007292	26
373	-0.596049	248.046438	0.006418	25
374	-0.517672	247.732984	0.005675	27
375	-0.000112	247.420584	0.000014	27
376	-0.711705	247.109233	0.006201	26
377	-0.000000	246.798924	0.000000	26
378	-0.023364	246.489652	0.000695	23
379	-0.041369	246.181412	0.000653	30
380	-0.176536	245.874197	0.001883	31
381	-0.742008	245.568002	0.007404	26
382	-0.000000	245.262822	0.000000	25
383	-0.534125	244.958652	0.010211	27
384	-0.777167	244.655485	0.010646	26
385	-0.438580	244.353317	0.009410	25
386	-0.201825	244.052142	0.002803	27
387	-0.951735	243.751955	0.013059	28
388	-0.000000	243.452750	0.000000	23
389	-0.676473	243.154523	0.010530	28
390	-0.780560	242.857268	0.013816	25
391	-0.812989	242.560980	0.013701	26
392	-0.582925	242.265654	0.006719	25
393	-1.192174	241.971285	0.018174	25
394	-0.000000	241.677868	0.000000	27
395	-0.610322	241.385397	0.006578	29
396	-0.014428	241.093869	0.001142	26
397	-0.514788	240.803278	0.007350	27
398	-0.000000	240.513619	0.000000	24
399	-0.876214	240.224887	0.006484	27
400	-0.000000	239.937077	0.000000	23
401	-0.761230	239.650186	0.008168	26
402	-0.947304	239.364207	0.005931	26
403	-0.423609	239.079136	0.004756	27
404	-0.944704	238.794969	0.007229	27
405	-0.095061	238.511701	0.000980	28
406	-0.890130	238.229327	0.011242	27
407	-0.388490	237.947843	0.005589	29
408	-0.685293	237.667244	0.007065	27
409	-0.707361	237.387526	0.006574	27
410	-0.000000	237.108684	0.000000	26
411	-0.472360	236.830714	0.003758	30
412	-0.000000	236.553610	0.000000	27
413	-0.065956	236.277370	0.001888	28
414	-0.000000	236.001989	0.000000	26
415	-0.232772	235.727461	0.002109	26
416	-0.457207	235.453784	0.005685	26
417	-0.000027	235.180952	0.000040	28
418	-0.092332	234.908962	0.004153	27
419	-0.663088	234.637809	0.007770	25
420	-0.399155	234.367488	0.003936	27
421	-0.530660	234.097997	0.005845	27
422	-0.002789	233.829331	0.000722	27
423	-0.827585	233.561485	0.008284	28
424	-0.059704	233.294456	0.000959	26
425	-0.822565	233.028239	0.008109	26
426	-0.787811	232.762831	0.004855	32
427	-0.138956	232.498228	0.003687	31
428	-0.857399	232.234425	0.007141	31
429	-1.011318	231.971419	0.013768	31
430	-0.071860	231.709205	0.001780	32
431	-0.420525	231.447781	0.005083	31
432	-0.911831	231.187141	0.005292	31
433	-0.252984	230.927283	0.002910	32
434	-0.694467	230.668202	0.005775	31
435	-0.419625	230.409895	0.005959	31
436	-0.007569	230.152358	0.000068	31
437	-0.000000	229.895587	0.000000	33
438	-0.483837	229.639578	0.010441	31
439	-0.484011	229.384329	0.008589	31
440	-0.000000	229.129834	0.000000	32
441	-0.557729	228.876091	0.019792	30
442	-0.881306	228.623096	0.009315	31
443	-0.954922	228.370846	0.008751	30
444	-0.000000	228.119336	0.000000	31
445	-0.580552	227.868563	0.005976	30
446	-0.779294	227.618525	0.016572	32
447	-0.000000	227.369216	0.000000	31
448	-0.000000	227.120635	0.000000	31
449	-0.884760	226.872777	0.007626	30
450	-0.619495	226.625638	0.006779	31
451	-0.000000	226.379217	0.000000	31
452	-0.000673	226.133509	0.000205	29
453	-0.000000	225.888510	0.000000	30
454	-0.648358	225.644218	0.006442	31
455	-0.120491	225.400630	0.002416	31
456	-0.917542	225.157741	0.007139	31
457	-0.700761	224.915549	0.007928	31
458	-0.235091	224.674051	0.005142	31
459	-0.829186	224.433242	0.006348	31
460	-0.006253	224.193121	0.000390	31
461	-0.533129	223.953684	0.008849	32
462	-0.871472	223.714927	0.005927	30
463	-0.630897	223.476848	0.006424	31
464	-0.908812	223.239444	0.004662	31
465	-0.000000	223.002710	0.000000	26
466	-0.325822	222.766645	0.004795	31
467	-0.670856	222.531245	0.023469	32
468	-0.408105	222.296508	0.013130	33
469	-0.970560	222.062429	0.005333	32
470	-0.775012	221.829007	0.009265	32
471	-0.719813	221.596238	0.008160	32
472	-0.000000	221.364119	0.000000	31
473	-0.305670	221.132647	0.002841	31
474	-0.875851	220.901820	0.008795	31
475	-1.070936	220.671634	0.008716	31
476	-0.000004	220.442086	0.000001	30
477	-0.060579	220.213174	0.000571	31
478	-0.518025	219.984895	0.004376	30
479	-0.698089	219.757246	0.013755	31
480	-0.580911	219.530224	0.004618	31
481	-0.513439	219.303826	0.006772	31
482	-0.000000	219.078050	0.000000	32
483	-0.805005	218.852893	0.009700	32
484	-0.511051	218.628352	0.006580	31
485	-1.040769	218.404424	0.009221	31
486	-0.000000	218.181106	0.000000	30
487	-0.743497	217.958397	0.007461	31
488	-0.499036	217.736292	0.006013	31
489	-0.547425	217.514790	0.007742	31
490	-0.491259	217.293888	0.004431	31
491	-0.920589	217.073584	0.006160	31
492	-0.749176	216.853873	0.006516	31
493	-0.728670	216.634755	0.006280	31
494	-0.809208	216.416227	0.019404	32
495	-0.875835	216.198285	0.006122	30
496	-0.000000	215.980927	0.000000	32
497	-0.559951	215.764151	0.007385	32
498	-0.121057	215.547955	0.003722	31
499	-0.394989	215.332335	0.004907	31
500	-0.000000	215.117289	0.000000	31
501	-0.004487	214.902815	0.000083	31
502	-0.000000	214.688911	0.000000	32
503	-0.389263	214.475573	0.004944	30
504	-0.562936	214.262800	0.006701	31
505	-0.158174	214.050588	0.003211	30
506	-0.888882	213.838936	0.007969	30
507	-0.596620	213.627842	0.005098	31
508	-0.765451	213.417302	0.022115	31
509	-0.000000	213.207314	0.000000	31
510	-0.884468	212.997877	0.005762	32
511	-0.835636	212.788987	0.006264	30
512	-0.568039	212.580642	0.009018	31
513	-0.000000	212.372841	0.000000	31
514	-1.026725	212.165581	0.012847	32
515	-0.555239	211.958859	0.004421	30
516	-0.471111	211.752673	0.005300	31
517	-0.000000	211.547021	0.000000	31
518	-0.594877	211.341902	0.004341	32
519	-0.000000	211.137311	0.000000	30
520	-0.000000	210.933248	0.000000	31
521	-0.000000	210.729710	0.000000	32
522	-0.037213	210.526695	0.000949	32
523	-0.643419	210.324200	0.005872	34
524	-0.243684	210.122224	0.004019	32
525	-0.120110	209.920765	0.002404	32
526	-0.739338	209.719820	0.008735	31
527	-0.045998	209.519387	0.000714	31
528	-0.017369	209.319463	0.000177	32
529	-0.285065	209.120048	0.004866	31
530	-0.908315	208.921139	0.006428	31
531	-0.422037	208.722733	0.006559	31
532	-0.272099	208.524829	0.003419	32
533	-0.154829	208.327425	0.003847	31
534	-0.781695	208.130518	0.020120	32
535	-0.323684	207.934107	0.004758	32
536	-0.552335	207.738189	0.005156	36
537	-0.000000	207.542762	0.000000	32
538	-0.000000	207.347825	0.000000	26
539	-0.541446	207.153376	0.013755	31
540	-0.377496	206.959412	0.005683	31
541	-0.158408	206.765932	0.003027	31
542	-0.000000	206.572933	0.000000	32
543	-0.050577	206.380414	0.002005	31
544	-0.690659	206.188373	0.005789	31
545	-0.622229	205.996807	0.007916	31
546	-0.000000	205.805716	0.000000	31
547	-0.656561	205.615096	0.014082	33
548	-0.664955	205.424946	0.011565	31
549	-0.884379	205.235265	0.011585	31
550	-0.965204	205.046050	0.009795	31
551	-0.287394	204.857299	0.006066	31
552	-0.000000	204.669011	0.000000	31
553	-0.755530	204.481184	0.006575	32
554	-0.007869	204.293816	0.000557	31
555	-0.000001	204.106905	0.000000	32
556	-0.000000	203.920449	0.000000	30
557	-0.337724	203.734447	0.004193	31
558	-0.813506	203.548896	0.006595	31
559	-0.886457	203.363795	0.007670	31
560	-0.678138	203.179143	0.008014	31
561	-0.000000	202.994937	0.000000	26
562	-0.749071	202.811176	0.006821	31
563	-0.771236	202.627857	0.006602	31
564	-0.357955	202.444980	0.004863	30
565	-0.836773	202.262543	0.006894	31
566	-1.015927	202.080543	0.017847	31
567	-0.775146	201.898979	0.007599	33
568	-0.000315	201.717849	0.000121	31
569	-0.161365	201.537153	0.004448	31
570	-0.857836	201.356887	0.008281	32
571	-0.103754	201.177050	0.000936	26
572	-0.714782	200.997642	0.005004	31
573	-0.823500	200.818659	0.006805	30
574	-0.663893	200.640100	0.005803	32
575	-0.000000	200.461965	0.000000	31
576	-0.749696	200.284250	0.011488	31
577	-0.932427	200.106955	0.009178	31
578	-0.732110	199.930078	0.006943	31
579	-0.830297	199.753617	0.013476	30
580	-0.000000	199.577571	0.000000	32
581	-0.751029	199.401938	0.006110	31
582	-0.586813	199.226717	0.006550	31
583	-0.389177	199.051905	0.005947	31
584	-0.590599	198.877502	0.007859	31
585	-0.757104	198.703506	0.005584	32
586	-0.000000	198.529916	0.000000	27
587	-0.000000	198.356729	0.000000	32
588	-0.987191	198.183944	0.012207	31
589	-0.913476	198.011560	0.008685	31
590	-0.578230	197.839576	0.005843	31
591	-0.000000	197.667989	0.000000	31
592	-0.224005	197.496798	0.002910	30
593	-0.552422	197.326002	0.006610	32
594	-0.749799	197.155600	0.009778	31
595	-0.521345	196.985589	0.007641	31
596	-0.423221	196.815969	0.005028	31
597	-0.411770	196.646738	0.004920	32
598	-0.848868	196.477894	0.010954	31
599	-0.000212	196.309436	0.000019	31
600	-0.348206	196.141363	0.014747	31
601	-0.853721	195.973673	0.008662	31
602	-0.753750	195.806365	0.006804	31
603	-0.002533	195.639437	0.000046	31
604	-0.878045	195.472888	0.008162	32
605	-0.105154	195.306717	0.001549	30
606	-0.000000	195.140922	0.000000	31
607	-0.395793	194.975501	0.004138	31
608	-0.573772	194.810454	0.006489	32
609	-0.418104	194.645779	0.006684	30
610	-0.890085	194.481475	0.007180	31
611	-0.320110	194.317540	0.004311	31
612	-0.485490	194.153973	0.008232	31
613	-0.302642	193.990773	0.003663	31
614	-0.679997	193.827938	0.007854	31
615	-0.023442	193.665467	0.000398	25
616	-0.000000	193.503358	0.000000	31
617	-0.747631	193.341611	0.005375	30
618	-0.649263	193.180224	0.007043	31
619	-0.000000	193.019196	0.000000	31
620	-0.548884	192.858525	0.003719	30
621	-0.580824	192.698210	0.018400	32
622	-0.672991	192.538251	0.005974	31
623	-0.092342	192.378644	0.001392	30
624	-0.716351	192.219391	0.008224	31
625	-0.306051	192.060488	0.009017	30
626	-0.000000	191.901935	0.000000	27
627	-0.960262	191.743730	0.012415	31
628	-0.005080	191.585873	0.000568	31
629	-0.545044	191.428362	0.007184	32
630	-0.000000	191.271196	0.000000	30
631	-0.997600	191.114374	0.006970	31
632	-0.671788	190.957893	0.006610	30
633	-0.228518	190.801755	0.003065	31
634	-0.412308	190.645956	0.004780	31
635	-0.051652	190.490495	0.001395	31
636	-0.414962	190.335373	0.006331	31
637	-0.870564	190.180587	0.010159	31
638	-0.256582	190.026136	0.002990	32
639	-0.225734	189.872019	0.003250	30
640	-0.822555	189.718235	0.006970	31
641	-0.000000	189.564782	0.000000	31
642	-0.692959	189.411661	0.004018	32
643	-0.750402	189.258868	0.006106	30
644	-0.000018	189.106404	0.000015	31
645	-0.955155	188.954267	0.019035	31
646	-0.142820	188.802456	0.005264	31
647	-0.509783	188.650969	0.004595	31
648	-0.088310	188.499807	0.003537	31
649	-0.006365	188.348967	0.000072	31
650	-0.863182	188.198448	0.008070	29
651	-0.547152	188.048250	0.006764	30
652	-0.779605	187.898371	0.008142	31
653	-0.921312	187.748810	0.009284	31
654	-0.348997	187.599566	0.003429	31
655	-0.590074	187.450638	0.006166	30
656	-0.015584	187.302025	0.001678	31
657	-0.361349	187.153725	0.005135	31
658	-0.799354	187.005739	0.007216	31
659	-0.499811	186.858064	0.004791	32
660	-0.000000	186.710699	0.000000	31
661	-0.368912	186.563645	0.004109	31
662	-0.000000	186.416898	0.000000	31
663	-0.659188	186.270459	0.007720	31
664	-0.437024	186.124326	0.006260	30
665	-0.884552	185.978499	0.007109	31
666	-0.000000	185.832976	0.000000	31
667	-0.790025	185.687756	0.006254	31
668	-0.701197	185.542838	0.006572	31
669	-0.000000	185.398222	0.000000	31
670	-0.731516	185.253906	0.006150	31
671	-0.797942	185.109889	0.005985	31
672	-0.435313	184.966170	0.005789	30
673	-0.019226	184.822748	0.000824	31
674	-0.000000	184.679623	0.000000	30
675	-0.502587	184.536792	0.004054	32
676	-0.006285	184.394256	0.000823	31
677	-0.877629	184.252013	0.005766	31
678	-0.622947	184.110062	0.008009	31
679	-0.000000	183.968403	0.000000	31
680	-0.000000	183.827034	0.000000	32
681	-0.000000	183.685954	0.000000	31
682	-0.887580	183.545163	0.012962	31
683	-0.780591	183.404658	0.006490	31
684	-0.869379	183.264441	0.005693	32
685	-0.000000	183.124509	0.000000	31
686	-0.187741	182.984861	0.006698	31
687	-1.052457	182.845497	0.007449	31
688	-0.000000	182.706416	0.000000	32
689	-0.822759	182.567616	0.013146	30
690	-0.905647	182.429098	0.007966	32
691	-0.000080	182.290859	0.000044	32
692	-0.161224	182.152899	0.003223	31
693	-0.096347	182.015217	0.004780	32
694	-1.012712	181.877813	0.012157	29
695	-0.654436	181.740684	0.008802	31
696	-0.583322	181.603832	0.004676	31
697	-0.989059	181.467253	0.015022	32
698	-0.932036	181.330948	0.008473	30
699	-0.814792	181.194916	0.006138	31
700	-0.012211	181.059155	0.000624	30
701	-0.000000	180.923666	0.000000	31
702	-0.514857	180.788446	0.005765	31
703	-0.015872	180.653496	0.000490	32
704	-0.265013	180.518814	0.003450	31
705	-0.897415	180.384399	0.010360	32
706	-0.000000	180.250251	0.000000	30
707	-0.051610	180.116369	0.001499	31
708	-0.000000	179.982752	0.000000	31
709	-0.833035	179.849398	0.017103	32
710	-0.772747	179.716308	0.005456	31
711	-0.667773	179.583480	0.004516	32
712	-0.000000	179.450913	0.000000	31
713	-0.414966	179.318607	0.003321	31
714	-1.077891	179.186561	0.013608	30
715	-0.775446	179.054774	0.007483	31
716	-0.365861	178.923245	0.003759	32
717	-0.017429	178.791973	0.000179	31
718	-0.580201	178.660958	0.005375	30
719	-0.000000	178.530199	0.000000	31
720	-0.945260	178.399694	0.006810	31
721	-0.000000	178.269444	0.000000	31
722	-0.982222	178.139447	0.006144	32
723	-0.143878	178.009702	0.003071	30
724	-0.603833	177.880209	0.006338	31
725	-0.458693	177.750967	0.004048	31
726	-0.825537	177.621975	0.006873	32
727	-0.570766	177.493232	0.006185	33
728	-0.685249	177.364738	0.006172	32
729	-0.275214	177.236492	0.004711	31
730	-0.832629	177.108492	0.007857	30
731	-0.948601	176.980739	0.004572	31
732	-0.409172	176.853231	0.007793	31
733	-0.712352	176.725968	0.005344	31
734	-0.000086	176.598949	0.000003	31
735	-0.694455	176.472173	0.005177	31
736	-0.000000	176.345639	0.000000	30
737	-0.825987	176.219348	0.005409	30
738	-0.892734	176.093296	0.007676	31
739	-0.000000	175.967486	0.000000	31
740	-0.304915	175.841914	0.004473	31
741	-0.861205	175.716581	0.006844	31
742	-0.281355	175.591486	0.005568	32
743	-0.916822	175.466629	0.007553	31
744	-0.600727	175.342008	0.007126	31
745	-0.727303	175.217622	0.005807	31
746	-0.575604	175.093472	0.005407	31
747	-0.225036	174.969556	0.003767	29
748	-0.596395	174.845873	0.007548	31
749	-0.000000	174.722423	0.000000	28
750	-0.000000	174.599206	0.000000	31
751	-0.034166	174.476220	0.001997	31
752	-0.961629	174.353464	0.008740	31
753	-0.340894	174.230939	0.005076	31
754	-0.095646	174.108643	0.001303	31
755	-0.038811	173.986576	0.002520	32
756	-0.950703	173.864737	0.008492	32
757	-0.000000	173.743124	0.000000	31
758	-0.162521	173.621739	0.004506	31
759	-0.748275	173.500579	0.003691	31
760	-0.830516	173.379645	0.008220	29
761	-0.445268	173.258935	0.006305	30
762	-0.038582	173.138449	0.001237	32
763	-0.740590	173.018186	0.007926	30
764	-0.000000	172.898146	0.000000	31
765	-0.015453	172.778327	0.000280	29
766	-0.012565	172.658730	0.000670	31
767	-1.063623	172.539353	0.008682	30
768	-0.000000	172.420196	0.000000	31
769	-0.811290	172.301258	0.007849	31
770	-0.060197	172.182539	0.002035	29
771	-0.736195	172.064037	0.007566	30
772	-0.748036	171.945753	0.007694	31
773	-0.020167	171.827686	0.001098	31
774	-0.770279	171.709834	0.005298	32
775	-0.000000	171.592198	0.000000	31
776	-0.268677	171.474776	0.002850	30
777	-0.663240	171.357568	0.004830	31
778	-0.120345	171.240574	0.002815	32
779	-0.571695	171.123793	0.009381	31
780	-0.348527	171.007223	0.004929	30
781	-0.000000	170.890865	0.000000	29
782	-0.590531	170.774718	0.005266	31
783	-1.004687	170.658782	0.010668	33
784	-0.000000	170.543055	0.000000	31
785	-0.501858	170.427537	0.008576	31
786	-0.780897	170.312227	0.007154	31
787	-0.000000	170.197125	0.000000	32
788	-0.000000	170.082231	0.000000	31
789	-0.010679	169.967543	0.000340	29
790	-0.057402	169.853061	0.001582	31
791	-0.569102	169.738784	0.006700	31
792	-0.529090	169.624713	0.013652	31
793	-0.036674	169.510845	0.002046	31
794	-0.002347	169.397181	0.000079	31
795	-0.149347	169.283720	0.002914	31
796	-0.515202	169.170462	0.008861	31
797	-0.939177	169.057405	0.007553	31
798	-0.635931	168.944549	0.009362	31
799	-0.921047	168.831895	0.006776	32
800	-0.886343	168.719440	0.009818	32
801	-0.756192	168.607185	0.005557	31
802	-0.440352	168.495129	0.004366	31
803	-0.939626	168.383271	0.008637	31
804	-0.529155	168.271611	0.004032	32
805	-0.000000	168.160148	0.000000	31
806	-0.000003	168.048882	0.000000	32
807	-0.932064	167.937812	0.017144	31
808	-0.357555	167.826938	0.004791	31
809	-0.006509	167.716258	0.000195	34
810	-0.942261	167.605773	0.007105	32
811	-0.000000	167.495482	0.000000	31
812	-0.695841	167.385384	0.006228	31
813	-0.409089	167.275479	0.004150	32
814	-0.370606	167.165766	0.009575	30
815	-0.864236	167.056245	0.006391	32
816	-0.879410	166.946915	0.005251	31
817	-0.767769	166.837776	0.005476	31
818	-0.847131	166.728826	0.006740	30
819	-0.129000	166.620067	0.002448	31
820	-0.000000	166.511496	0.000000	30
821	-0.000000	166.403113	0.000000	32
822	-0.722798	166.294919	0.005058	30
823	-0.550443	166.186912	0.003785	31
824	-0.761356	166.079091	0.006249	32
825	-0.818462	165.971458	0.005750	31
826	-0.522095	165.864009	0.004098	32
827	-0.621183	165.756747	0.007130	31
828	-0.659697	165.649669	0.005905	33
829	-0.518979	165.542775	0.004665	31
830	-0.000000	165.436065	0.000000	32
831	-0.673462	165.329538	0.004661	33
832	-0.673518	165.223194	0.004603	33
833	-0.000000	165.117032	0.000000	32
834	-0.736434	165.011052	0.006460	31
835	-0.000000	164.905253	0.000000	31
836	-1.005862	164.799635	0.006124	31
837	-0.484164	164.694197	0.006426	31
838	-0.887545	164.588939	0.009152	32
839	-0.821309	164.483859	0.006651	31
840	-0.000000	164.378959	0.000000	26
841	-0.000000	164.274237	0.000000	32
842	-0.821262	164.169692	0.004683	31
843	-0.000000	164.065325	0.000000	31
844	-0.765641	163.961135	0.006083	32
845	-0.576761	163.857120	0.004554	31
846	-0.000000	163.753282	0.000000	29
847	-0.141936	163.649619	0.002312	30
848	-0.951337	163.546130	0.008886	29
849	-0.000000	163.442816	0.000000	24
850	-0.816101	163.339676	0.005831	30
851	-0.489897	163.236709	0.005448	33
852	-0.867054	163.133915	0.006977	33
853	-0.078606	163.031294	0.002150	32
854	-0.916643	162.928844	0.011425	30
855	-0.631171	162.826566	0.004718	31
856	-0.571502	162.724459	0.005848	31
857	-0.596303	162.622523	0.006438	30
858	-0.000000	162.520757	0.000000	31
859	-0.998440	162.419160	0.008473	31
860	-0.000000	162.317733	0.000000	25
861	-0.000000	162.216474	0.000000	23
862	-0.393389	162.115383	0.004078	30
863	-0.899936	162.014461	0.021822	31
864	-0.000000	161.913705	0.000000	31
865	-0.491457	161.813117	0.005806	31
866	-0.449429	161.712695	0.005361	31
867	-0.000000	161.612439	0.000000	31
868	-0.040943	161.512349	0.000367	31
869	-0.584382	161.412424	0.008741	32
870	-0.000000	161.312663	0.000000	29
871	-0.844492	161.213067	0.015247	31
872	-0.603043	161.113635	0.013072	31
873	-0.556460	161.014366	0.003527	32
874	-0.366231	160.915260	0.005425	31
875	-0.847523	160.816316	0.011083	31
876	-0.095279	160.717535	0.001329	31
877	-0.397951	160.618915	0.003781	31
878	-0.011992	160.520456	0.000161	30
879	-0.148957	160.422158	0.004115	30
880	-0.055405	160.324021	0.001263	32
881	-0.280177	160.226043	0.005033	30
882	-0.163985	160.128225	0.002940	30
883	-0.000000	160.030566	0.000000	31
884	-0.000000	159.933066	0.000000	31
885	-0.179064	159.835723	0.001936	31
886	-0.857438	159.738539	0.008840	31
887	-0.758665	159.641512	0.009972	30
888	-0.072232	159.544642	0.001423	31
889	-0.646059	159.447929	0.006048	31
890	-0.000000	159.351372	0.000000	32
891	-0.657433	159.254971	0.005382	30
892	-0.519158	159.158725	0.004033	31
893	-0.814846	159.062634	0.005885	31
894	-0.000000	158.966697	0.000000	31
895	-0.056030	158.870915	0.001523	30
896	-0.925825	158.775286	0.006885	31
897	-0.000000	158.679811	0.000000	29
898	-0.951196	158.584489	0.006298	31
899	-0.492382	158.489319	0.004847	29
900	-0.119189	158.394302	0.003376	31
901	-0.515569	158.299436	0.004755	30
902	-0.819892	158.204721	0.010833	31
903	-0.495382	158.110158	0.003477	31
904	-0.977071	158.015745	0.008072	31
905	-0.771615	157.921482	0.007273	31
906	-0.768864	157.827369	0.012801	32
907	-0.821090	157.733406	0.004047	31
908	-0.775708	157.639591	0.008071	31
909	-0.743736	157.545925	0.006082	31
910	-0.000000	157.452408	0.000000	28
911	-1.019409	157.359038	0.010973	32
912	-0.559321	157.265816	0.007286	31
913	-0.000000	157.172741	0.000000	31
914	-0.343385	157.079813	0.003607	29
915	-0.000000	156.987031	0.000000	32
916	-0.649852	156.894395	0.012040	31
917	-0.000000	156.801904	0.000000	30
918	-0.380100	156.709559	0.005815	31
919	-0.395316	156.617359	0.003217	33
920	-0.979529	156.525304	0.011716	32
921	-0.885052	156.433392	0.006116	31
922	-0.749722	156.341624	0.005032	31
923	-0.531551	156.250000	0.003710	31
924	-0.594687	156.158519	0.004840	30
925	-1.052800	156.067180	0.008204	31
926	-1.010154	155.975984	0.012287	31
927	-0.746749	155.884930	0.004353	32
928	-0.420771	155.794017	0.003635	30
929	-0.855880	155.703246	0.009768	31
930	-0.000000	155.612615	0.000000	31
931	-0.706454	155.522125	0.007060	31
932	-0.000000	155.431775	0.000000	33
933	-0.387024	155.341565	0.006191	33
934	-0.958629	155.251495	0.005679	32
935	-0.135178	155.161563	0.003962	32
936	-0.372300	155.071771	0.005421	31
937	-0.052219	154.982117	0.002191	32
938	-0.000000	154.892601	0.000000	32
939	-0.670177	154.803222	0.004688	32
940	-0.994589	154.713981	0.011677	31
941	-0.779735	154.624878	0.005281	31
942	-0.000000	154.535910	0.000000	31
943	-0.000886	154.447080	0.000181	32
944	-0.952342	154.358385	0.008178	31
945	-0.000044	154.269826	0.000003	31
946	-0.659563	154.181402	0.004902	32
947	-0.000000	154.093114	0.000000	32
948	-0.059870	154.004960	0.002866	31
949	-0.000000	153.916940	0.000000	31
950	-0.487600	153.829054	0.009311	31
951	-0.082448	153.741303	0.001973	31
952	-0.535878	153.653684	0.003620	31
953	-0.950342	153.566198	0.007907	31
954	-0.459177	153.478846	0.005142	31
955	-0.444658	153.391625	0.005014	30
956	-0.670709	153.304537	0.006603	31
957	-0.880818	153.217580	0.007331	31
958	-0.710693	153.130755	0.005876	30
959	-0.000000	153.044061	0.000000	31
960	-0.591681	152.957498	0.006853	31
961	-0.005564	152.871065	0.000107	31
962	-0.000000	152.784762	0.000000	31
963	-0.743587	152.698589	0.009329	33
964	-0.784093	152.612545	0.006318	30
965	-0.527804	152.526631	0.007120	31
966	-0.836891	152.440845	0.007812	31
967	-0.692710	152.355188	0.005848	31
968	-0.979253	152.269660	0.006931	31
969	-0.801465	152.184259	0.007032	31
970	-0.000000	152.098986	0.000000	31
971	-1.019839	152.013840	0.006166	32
972	-0.044648	151.928821	0.001051	30
973	-0.481131	151.843928	0.004523	31
974	-0.988077	151.759163	0.007236	31
975	-0.000000	151.674523	0.000000	32
976	-0.525847	151.590009	0.006412	31
977	-0.610593	151.505620	0.005729	31
978	-0.464029	151.421357	0.007123	31
979	-0.145617	151.337218	0.003225	31
980	-0.669660	151.253204	0.007810	30
981	-0.329907	151.169314	0.005555	31
982	-0.914824	151.085549	0.010378	30
983	-0.889185	151.001907	0.004807	32
984	-0.691631	150.918388	0.005394	31
985	-1.250627	150.834992	0.017457	30
986	-0.495197	150.751719	0.009215	30
987	-0.937322	150.668569	0.009073	30
988	-0.533103	150.585541	0.004638	30
989	-0.000000	150.502634	0.000000	31
990	-0.000000	150.419849	0.000000	26
991	-0.438818	150.337186	0.007292	32
992	-0.766831	150.254644	0.005589	31
993	-0.333519	150.172222	0.003454	31
994	-0.474051	150.089921	0.002959	31
995	-0.022775	150.007740	0.000159	31
996	-0.048319	149.925679	0.001097	31
997	-0.900459	149.843737	0.006786	30
998	-0.356337	149.761915	0.003076	31
999	-0.648204	149.680212	0.009650	31
1000	-0.662312	149.598627	0.007228	31
1001	-0.442147	149.517161	0.004301	30
1002	-0.000000	149.435814	0.000000	30
1003	-0.000000	149.354584	0.000000	30
1004	-0.000000	149.273472	0.000000	30
1005	-0.763377	149.192477	0.007822	30
1006	-0.000000	149.111599	0.000000	32
1007	-0.002214	149.030838	0.000074	31
1008	-0.000000	148.950194	0.000000	30
1009	-0.138452	148.869666	0.004690	30
1010	-0.119383	148.789253	0.001586	31
1011	-0.856662	148.708957	0.006745	31
1012	-0.285880	148.628776	0.009684	31
1013	-0.000429	148.548710	0.000069	31
1014	-0.289769	148.468759	0.002061	31
1015	-0.000000	148.388923	0.000000	31
1016	-0.722815	148.309201	0.006998	31
1017	-0.610607	148.229594	0.005063	32
1018	-0.000147	148.150100	0.000008	34
1019	-0.000000	148.070719	0.000000	32
1020	-0.894192	147.991452	0.005801	31
1021	-0.000003	147.912298	0.000001	31
1022	-0.997708	147.833257	0.007315	31
1023	-0.099602	147.754329	0.003038	32
1024	-0.000000	147.675512	0.000000	30
1025	-0.903194	147.596808	0.011336	28
1026	-0.000000	147.518216	0.000000	31
1027	-0.001311	147.439735	0.000120	31
1028	-0.750034	147.361365	0.006817	31
1029	-0.000000	147.283106	0.000000	31
1030	-0.000000	147.204958	0.000000	26
1031	-0.883171	147.126920	0.008406	31
1032	-0.508916	147.048993	0.005635	31
1033	-0.782616	146.971175	0.003953	32
1034	-0.152419	146.893468	0.004769	29
1035	-0.681606	146.815869	0.004586	31
1036	-0.651556	146.738380	0.006192	31
1037	-0.000000	146.661000	0.000000	31
1038	-0.797189	146.583729	0.005219	32
1039	-0.188029	146.506566	0.005223	31
1040	-0.025487	146.429511	0.000665	31
1041	-0.814440	146.352565	0.007151	30
1042	-1.004022	146.275726	0.010239	31
1043	-1.025012	146.198994	0.010729	31
1044	-0.965292	146.122370	0.005265	31
1045	-0.654210	146.045853	0.005475	31
1046	-0.535727	145.969442	0.005363	30
1047	-0.663823	145.893139	0.005208	31
1048	-1.000788	145.816941	0.012375	31
1049	-0.879985	145.740849	0.005586	31
1050	-0.500376	145.664863	0.004282	30
1051	-0.000000	145.588983	0.000000	31
1052	-0.769913	145.513208	0.005928	31
1053	-0.473747	145.437538	0.004943	31
1054	-0.004500	145.361973	0.000185	31
1055	-0.826433	145.286513	0.004380	29
1056	-0.386289	145.211157	0.006304	31
1057	-0.416091	145.135905	0.004916	31
1058	-0.413848	145.060757	0.009024	31
1059	-0.556221	144.985712	0.007005	31
1060	-0.000000	144.910771	0.000000	31
1061	-0.264323	144.835934	0.008073	31
1062	-0.603065	144.761199	0.006210	31
1063	-0.841881	144.686567	0.007822	31
1064	-0.956756	144.612037	0.008398	30
1065	-0.000000	144.537610	0.000000	31
1066	-0.487242	144.463285	0.003488	29
1067	-0.036198	144.389062	0.001252	31
1068	-0.780019	144.314940	0.008657	31
1069	-0.614149	144.240920	0.004017	31
1070	-0.147925	144.167001	0.003368	28
1071	-0.009357	144.093182	0.000185	31
1072	-0.707342	144.019465	0.005629	31
1073	-0.852524	143.945848	0.015722	31
1074	-0.259586	143.872331	0.004099	32
1075	-0.774728	143.798914	0.006999	31
1076	-0.953348	143.725597	0.005213	31
1077	-0.680948	143.652380	0.005995	31
1078	-0.946343	143.579262	0.012429	31
1079	-0.733005	143.506243	0.006453	30
1080	-0.716041	143.433323	0.008063	31
1081	-0.357127	143.360502	0.008000	31
1082	-0.870603	143.287780	0.006907	31
1083	-0.771134	143.215155	0.007715	31
1084	-0.520717	143.142629	0.004413	31
1085	-0.864552	143.070201	0.007757	31
1086	-0.708619	142.997870	0.009327	31
1087	-0.000000	142.925637	0.000000	31
1088	-0.709475	142.853501	0.011949	31
1089	-0.339007	142.781462	0.003884	32
1090	-0.914367	142.709519	0.009880	31
1091	-0.854976	142.637674	0.012532	31
1092	-0.367515	142.565924	0.003847	31
1093	-0.018713	142.494271	0.000906	31
1094	-0.135016	142.422714	0.004303	31
1095	-0.875235	142.351252	0.004543	31
1096	-0.000000	142.279886	0.000000	31
1097	-1.014974	142.208616	0.006163	30
1098	-0.000000	142.137440	0.000000	32
1099	-0.850752	142.066360	0.008789	31
1100	-0.087705	141.995374	0.003321	31
1101	-0.154989	141.924483	0.002880	31
1102	-0.711716	141.853685	0.005637	31
1103	-0.618520	141.782983	0.007197	31
1104	-0.739060	141.712373	0.005208	31
1105	-0.962640	141.641858	0.005726	31
1106	-0.000000	141.571436	0.000000	31
1107	-0.233139	141.501108	0.002612	31
1108	-0.491967	141.430872	0.007434	31
1109	-0.530765	141.360730	0.006074	30
1110	-0.000000	141.290680	0.000000	31
1111	-0.945322	141.220722	0.004742	30
1112	-0.508443	141.150857	0.005666	32
1113	-0.000000	141.081084	0.000000	30
1114	-0.923264	141.011403	0.006339	28
1115	-0.416820	140.941813	0.004821	30
1116	-0.584210	140.872315	0.004743	31
1117	-0.557162	140.802909	0.004943	30
1118	-0.339219	140.733593	0.003592	31
1119	-0.000000	140.664369	0.000000	30
1120	-0.586403	140.595235	0.006630	30
1121	-0.000000	140.526192	0.000000	31
1122	-0.391154	140.457239	0.006734	31
1123	-0.000000	140.388376	0.000000	31
1124	-0.486792	140.319603	0.005084	30
1125	-0.004011	140.250920	0.000033	31
1126	-0.701983	140.182326	0.006295	31
1127	-0.000000	140.113822	0.000000	30
1128	-0.381436	140.045407	0.003521	28
1129	-0.757606	139.977081	0.005789	31
1130	-0.000000	139.908844	0.000000	26
1131	-0.000000	139.840696	0.000000	32
1132	-0.463350	139.772635	0.005701	31
1133	-0.087812	139.704664	0.001361	31
1134	-0.353714	139.636780	0.004075	31
1135	-0.863858	139.568984	0.008312	30
1136	-0.000000	139.501276	0.000000	31
1137	-0.645015	139.433655	0.006900	31
1138	-0.918421	139.366122	0.006343	32
1139	-1.109909	139.298676	0.009353	31
1140	-0.661691	139.231317	0.005541	31
1141	-0.773628	139.164045	0.007993	31
1142	-0.568215	139.096859	0.004271	31
1143	-1.066272	139.029760	0.015686	30
1144	-0.000000	138.962747	0.000000	31
1145	-0.712321	138.895820	0.005080	31
1146	-0.000000	138.828978	0.000000	32
1147	-0.000000	138.762223	0.000000	31
1148	-0.288951	138.695553	0.002851	31
1149	-0.012819	138.628969	0.000310	30
1150	-0.974935	138.562469	0.007553	31
1151	-0.000000	138.496055	0.000000	31
1152	-0.764275	138.429725	0.008676	30
1153	-0.517890	138.363481	0.004846	31
1154	-0.000000	138.297320	0.000000	32
1155	-0.000000	138.231244	0.000000	31
1156	-0.092461	138.165252	0.002516	30
1157	-0.824932	138.099344	0.004305	31
1158	-0.008311	138.033520	0.000580	32
1159	-0.392558	137.967779	0.004491	31
1160	-0.000862	137.902122	0.000071	31
1161	-0.001332	137.836548	0.000040	29
1162	-0.000000	137.771057	0.000000	31
1163	-0.387607	137.705649	0.005276	30
1164	-0.783004	137.640324	0.007856	31
1165	-0.991559	137.575081	0.006974	31
1166	-0.963663	137.509921	0.010223	31
1167	-0.039898	137.444842	0.001212	31
1168	-0.840997	137.379846	0.004732	32
1169	-0.291646	137.314932	0.002934	31
1170	-0.706666	137.250100	0.009487	32
1171	-0.000000	137.185349	0.000000	32
1172	-0.498227	137.120680	0.005849	31
1173	-0.883036	137.056092	0.009258	31
1174	-0.567269	136.991585	0.005593	31
1175	-0.002053	136.927158	0.000116	31
1176	-0.000000	136.862813	0.000000	34
1177	-0.002442	136.798548	0.000090	35
1178	-1.001638	136.734363	0.014759	34
1179	-0.000000	136.670259	0.000000	28
1180	-1.080763	136.606235	0.018771	34
1181	-0.656648	136.542291	0.005287	34
1182	-0.452916	136.478426	0.006547	33
1183	-0.690564	136.414641	0.004407	33
1184	-0.595538	136.350936	0.005688	32
1185	-0.506166	136.287310	0.003230	36
1186	-0.937155	136.223763	0.009544	35
1187	-0.000598	136.160295	0.000011	36
1188	-0.370747	136.096905	0.006501	33
1189	-1.042106	136.033594	0.008349	33
1190	-0.940685	135.970362	0.005414	32
1191	-0.676346	135.907208	0.009238	32
1192	-0.000037	135.844133	0.000002	33
1193	-0.219134	135.781135	0.004331	32
1194	-0.019498	135.718215	0.000711	31
1195	-0.007222	135.655373	0.000229	31
1196	-0.943163	135.592608	0.005822	33
1197	-0.006949	135.529921	0.000308	33
1198	-0.789173	135.467311	0.005977	31
1199	-0.902772	135.404778	0.006246	30
1200	-0.690834	135.342322	0.009033	30
1201	-0.000000	135.279942	0.000000	31
1202	-0.005723	135.217640	0.000074	32
1203	-0.665144	135.155413	0.007325	33
1204	-0.000001	135.093263	0.000000	29
1205	-0.310871	135.031190	0.004413	32
1206	-0.313127	134.969192	0.004673	32
1207	-0.035147	134.907270	0.001401	30
1208	-0.659576	134.845424	0.008526	31
1209	-0.016079	134.783653	0.000222	31
1210	-0.000000	134.721958	0.000000	32
1211	-0.000000	134.660338	0.000000	24
1212	-0.215924	134.598793	0.002354	31
1213	-0.019272	134.537323	0.001332	31
1214	-0.906841	134.475927	0.006942	32
1215	-0.625213	134.414607	0.005941	30
1216	-0.944632	134.353361	0.006856	31
1217	-0.856145	134.292189	0.009094	31
1218	-1.043297	134.231092	0.015910	32
1219	-0.000000	134.170068	0.000000	30
1220	-0.001454	134.109119	0.000075	31
1221	-0.695743	134.048243	0.005622	32
1222	-0.463594	133.987441	0.006922	32
1223	-0.000000	133.926713	0.000000	30
1224	-1.014603	133.866057	0.008067	31
1225	-0.671326	133.805475	0.007339	35
1226	-0.000000	133.744966	0.000000	33
1227	-0.897206	133.684530	0.004589	38
1228	-0.000000	133.624167	0.000000	34
1229	-1.006506	133.563877	0.007207	35
1230	-0.488544	133.503658	0.007303	33
1231	-0.360041	133.443513	0.007515	33
1232	-0.000000	133.383439	0.000000	34
1233	-0.908089	133.323437	0.005185	32
1234	-0.723496	133.263508	0.006105	32
1235	-0.004601	133.203650	0.000166	29
1236	-0.975429	133.143864	0.008532	31
1237	-0.848591	133.084149	0.005166	32
1238	-0.000000	133.024506	0.000000	30
1239	-0.867937	132.964934	0.006819	32
1240	-0.511342	132.905433	0.006880	33
1241	-1.153362	132.846003	0.010160	32
1242	-0.000000	132.786643	0.000000	31
1243	-0.226329	132.727355	0.002235	31
1244	-0.741235	132.668137	0.006624	31
1245	-0.000000	132.608989	0.000000	31
1246	-0.577739	132.549912	0.005486	33
1247	-0.905235	132.490904	0.006548	30
1248	-0.597522	132.431967	0.005425	31
1249	-0.000000	132.373100	0.000000	33
1250	-0.843286	132.314302	0.007635	31
1251	-0.673119	132.255574	0.004816	33
1252	-0.778181	132.196916	0.007473	34
1253	-0.000000	132.138326	0.000000	31
1254	-0.000000	132.079806	0.000000	32
1255	-0.003699	132.021355	0.000117	32
1256	-0.917991	131.962973	0.009257	32
1257	-0.788518	131.904660	0.009175	33
1258	-0.000000	131.846415	0.000000	25
1259	-0.184726	131.788239	0.003251	35
1260	-0.667543	131.730131	0.006619	31
1261	-0.554792	131.672092	0.006769	31
1262	-0.000000	131.614121	0.000000	31
1263	-0.685255	131.556217	0.007838	33
1264	-0.731066	131.498382	0.009266	31
1265	-0.434628	131.440614	0.005467	31
1266	-0.095234	131.382914	0.001487	31
1267	-0.000000	131.325282	0.000000	31
1268	-0.000000	131.267717	0.000000	31
1269	-0.831874	131.210219	0.009323	30
1270	-0.557632	131.152788	0.008098	31
1271	-0.000000	131.095424	0.000000	31
1272	-0.000000	131.038127	0.000000	31
1273	-0.795093	130.980897	0.006089	31
1274	-0.927329	130.923733	0.010596	31
1275	-0.001298	130.866636	0.000404	31
1276	-0.806361	130.809605	0.012866	31
1277	-0.095570	130.752641	0.003106	29
1278	-0.908657	130.695742	0.006279	31
1279	-0.478711	130.638910	0.003547	31
1280	-0.946433	130.582143	0.008237	31
1281	-0.801459	130.525442	0.003636	31
1282	-0.000000	130.468807	0.000000	31
1283	-0.983713	130.412237	0.014899	31
1284	-0.068840	130.355733	0.001498	29
1285	-0.000000	130.299294	0.000000	31
1286	-0.659704	130.242920	0.004868	31
1287	-0.285683	130.186611	0.005994	30
1288	-0.748071	130.130366	0.007088	32
1289	-0.019186	130.074187	0.000933	31
1290	-1.058960	130.018072	0.005591	31
1291	-0.000000	129.962022	0.000000	29
1292	-0.568728	129.906036	0.003455	31
1293	-0.280147	129.850114	0.002963	31
1294	-0.165407	129.794257	0.003579	31
1295	-0.980988	129.738463	0.006990	31
1296	-0.787688	129.682734	0.006797	31
1297	-0.961339	129.627068	0.006490	31
1298	-0.948789	129.571466	0.005450	31
1299	-0.667609	129.515927	0.006598	31
1300	-0.303029	129.460452	0.003095	32
1301	-0.000000	129.405040	0.000000	31
1302	-0.710773	129.349692	0.005363	31
1303	-0.410519	129.294406	0.003855	31
1304	-0.000000	129.239183	0.000000	31
1305	-0.078613	129.184024	0.002049	31
1306	-0.000008	129.128927	0.000001	31
1307	-0.521642	129.073892	0.004082	31
1308	-0.878071	129.018921	0.009207	31
1309	-0.000000	128.964011	0.000000	31
1310	-0.848119	128.909164	0.005040	31
1311	-0.000925	128.854379	0.000019	31
1312	-0.000000	128.799656	0.000000	26
1313	-0.591246	128.744995	0.004947	31
1314	-0.000000	128.690396	0.000000	31
1315	-0.000000	128.635858	0.000000	32
1316	-0.745722	128.581382	0.006446	30
1317	-0.993229	128.526968	0.006784	30
1318	-0.296674	128.472615	0.003344	31
1319	-0.518146	128.418323	0.006227	31
1320	-0.910786	128.364092	0.008046	31
1321	-0.632445	128.309922	0.006084	34
1322	-0.913898	128.255814	0.005670	31
1323	-0.185227	128.201766	0.003153	31
1324	-0.055712	128.147778	0.002357	31
1325	-0.026059	128.093852	0.001178	31
1326	-0.763059	128.039985	0.006097	31
1327	-0.110093	127.986180	0.002502	31
1328	-0.927745	127.932434	0.005981	29
1329	-0.000000	127.878749	0.000000	31
1330	-0.000000	127.825123	0.000000	26
1331	-0.000000	127.771558	0.000000	31
1332	-0.432103	127.718052	0.005065	31
1333	-0.000869	127.664606	0.000127	31
1334	-0.534117	127.611220	0.004077	31
1335	-0.487243	127.557893	0.003599	31
1336	-0.000000	127.504625	0.000000	31
1337	-0.040564	127.451417	0.000563	30
1338	-0.508694	127.398268	0.004744	31
1339	-0.000000	127.345178	0.000000	31
1340	-0.223735	127.292147	0.003593	31
1341	-1.130322	127.239175	0.008243	31
1342	-0.497415	127.186261	0.005771	31
1343	-0.021814	127.133407	0.000652	31
1344	-0.559091	127.080610	0.006572	31
1345	-0.450781	127.027872	0.004513	31
1346	-0.871296	126.975193	0.008953	30
1347	-0.000000	126.922572	0.000000	29
1348	-0.464832	126.870008	0.006451	31
1349	-0.713170	126.817503	0.007479	31
1350	-0.257821	126.765056	0.004568	31
1351	-0.000000	126.712667	0.000000	31
1352	-0.000000	126.660335	0.000000	31
1353	-0.087186	126.608061	0.002160	31
1354	-0.051471	126.555844	0.002143	31
1355	-0.566906	126.503685	0.005733	30
1356	-0.570620	126.451583	0.005858	31
1357	-0.000000	126.399538	0.000000	32
1358	-0.000000	126.347550	0.000000	31
1359	-1.040561	126.295619	0.009096	31
1360	-0.036636	126.243745	0.000926	31
1361	-0.608994	126.191928	0.006139	31
1362	-0.780903	126.140168	0.006306	31
1363	-0.414627	126.088464	0.004944	31
1364	-0.514520	126.036817	0.005210	31
1365	-0.126725	125.985226	0.001191	28
1366	-0.615984	125.933691	0.007385	31
1367	-0.000000	125.882212	0.000000	31
1368	-0.109651	125.830790	0.004370	31
1369	-0.154888	125.779423	0.004210	31
1370	-0.587452	125.728113	0.006293	31
1371	-0.769294	125.676858	0.007467	31
1372	-0.547553	125.625659	0.005796	31
1373	-0.460480	125.574515	0.009388	31
1374	-0.859154	125.523427	0.005894	30
1375	-0.887964	125.472394	0.005615	32
1376	-0.179889	125.421417	0.002712	31
1377	-0.501019	125.370495	0.006068	31
1378	-0.000000	125.319628	0.000000	31
1379	-0.618823	125.268815	0.006711	31
1380	-0.000000	125.218058	0.000000	31
1381	-0.807971	125.167356	0.005934	31
1382	-0.936265	125.116708	0.012908	31
1383	-0.000000	125.066115	0.000000	31
1384	-0.739966	125.015576	0.007434	30
1385	-0.000000	124.965092	0.000000	31
1386	-0.015667	124.914662	0.000525	32
1387	-0.641040	124.864287	0.005758	31
1388	-0.921653	124.813965	0.007812	31
1389	-0.607488	124.763698	0.005912	31
1390	-0.299166	124.713485	0.003841	31
1391	-0.940642	124.663325	0.007126	31
1392	-0.919239	124.613219	0.004755	31
1393	-0.000000	124.563167	0.000000	31
1394	-0.521173	124.513168	0.003516	31
1395	-0.000000	124.463223	0.000000	31
1396	-0.000368	124.413332	0.000010	31
1397	-0.000000	124.363493	0.000000	31
1398	-0.010948	124.313708	0.000160	30
1399	-0.989979	124.263976	0.006426	30
1400	-0.000000	124.214297	0.000000	31
1401	-0.702276	124.164671	0.009652	31
1402	-0.707820	124.115097	0.008230	31
1403	-0.496315	124.065577	0.004655	31
1404	-0.000000	124.016109	0.000000	31
1405	-0.000000	123.966693	0.000000	31
1406	-0.725029	123.917330	0.008395	31
1407	-0.411185	123.868020	0.005524	30
1408	-0.522662	123.818762	0.008509	31
1409	-0.000000	123.769556	0.000000	31
1410	-0.000000	123.720402	0.000000	26
1411	-0.560238	123.671300	0.007133	31
1412	-0.506516	123.622250	0.003233	31
1413	-0.388677	123.573252	0.003988	31
1414	-0.255839	123.524305	0.007116	31
1415	-0.593150	123.475411	0.004524	31
1416	-0.822627	123.426568	0.007013	31
1417	-0.685237	123.377776	0.005047	31
1418	-0.000000	123.329036	0.000000	31
1419	-0.000000	123.280347	0.000000	31
1420	-0.212517	123.231709	0.005175	31
1421	-0.928113	123.183122	0.014233	31
1422	-0.762575	123.134587	0.008721	31
1423	-0.881505	123.086102	0.005881	31
1424	-0.348127	123.037669	0.003491	31
1425	-0.807533	122.989286	0.003986	31
1426	-0.039337	122.940954	0.001525	31
1427	-0.678567	122.892672	0.004473	31
1428	-0.496609	122.844441	0.008469	31
1429	-0.792659	122.796261	0.010819	31
1430	-0.896897	122.748130	0.005870	32
1431	-0.878135	122.700050	0.008784	31
1432	-0.000000	122.652021	0.000000	32
1433	-1.056283	122.604041	0.006681	31
1434	-0.915485	122.556111	0.006967	31
1435	-0.347387	122.508232	0.005072	31
1436	-0.000000	122.460402	0.000000	29
1437	-0.022378	122.412622	0.001406	31
1438	-0.285581	122.364891	0.004647	31
1439	-0.563201	122.317210	0.004709	31
1440	-0.424582	122.269579	0.005033	31
1441	-0.017928	122.221997	0.000173	29
1442	-0.601082	122.174465	0.006869	31
1443	-0.538846	122.126981	0.006967	30
1444	-0.093744	122.079547	0.002063	31
1445	-0.000000	122.032162	0.000000	31
1446	-0.857463	121.984826	0.006595	31
1447	-0.660656	121.937539	0.006124	31
1448	-0.902076	121.890301	0.009446	31
1449	-0.000000	121.843112	0.000000	31
1450	-0.653033	121.795971	0.006708	31
1451	-0.000586	121.748879	0.000011	31
1452	-0.798924	121.701835	0.004032	31
1453	-0.000000	121.654840	0.000000	31
1454	-0.501102	121.607893	0.005862	32
1455	-0.064330	121.560994	0.001433	31
1456	-0.043655	121.514144	0.001055	31
1457	-0.682943	121.467342	0.004835	31
1458	-0.950313	121.420588	0.009299	30
1459	-0.980592	121.373882	0.008143	30
1460	-1.004136	121.327223	0.007392	30
1461	-1.189407	121.280613	0.013098	32
1462	-0.510004	121.234050	0.006892	31
1463	-0.923500	121.187535	0.005482	31
1464	-0.161292	121.141067	0.002326	32
1465	-0.356407	121.094647	0.004319	31
1466	-0.000000	121.048274	0.000000	31
1467	-0.849784	121.001949	0.006267	31
1468	-0.035059	120.955671	0.001938	30
1469	-0.877994	120.909440	0.009386	30
1470	-0.373978	120.863256	0.003960	31
1471	-0.888878	120.817119	0.006937	28
1472	-0.581182	120.771029	0.004577	31
1473	-0.787954	120.724986	0.006749	31
1474	-0.294123	120.678990	0.003224	31
1475	-0.718100	120.633040	0.007692	31
1476	-0.000000	120.587137	0.000000	31
1477	-1.164382	120.541281	0.010872	31
1478	-0.884277	120.495471	0.006728	30
1479	-0.437553	120.449707	0.005954	30
1480	-0.001504	120.403990	0.000276	31
1481	-0.545391	120.358319	0.003859	31
1482	-0.843040	120.312694	0.004745	31
1483	-0.850139	120.267115	0.005692	31
1484	-0.061251	120.221582	0.000617	26
1485	-0.630632	120.176096	0.007232	31
1486	-0.029436	120.130655	0.000460	31
1487	-0.000940	120.085260	0.000074	30
1488	-0.130346	120.039910	0.002859	35
1489	-1.056722	119.994606	0.008339	33
1490	-0.000000	119.949348	0.000000	30
1491	-0.184276	119.904135	0.005366	31
1492	-0.127131	119.858968	0.001805	35
1493	-0.836168	119.813846	0.006475	34
1494	-1.000525	119.768769	0.007383	37
1495	-0.097620	119.723738	0.002888	34
1496	-0.955143	119.678752	0.008003	34
1497	-0.033470	119.633810	0.001109	31
1498	-0.054211	119.588914	0.000749	33
1499	-0.640332	119.544062	0.005253	34
1500	-0.073748	119.499256	0.002381	32
1501	-1.029689	119.454494	0.005330	38
1502	-0.108934	119.409777	0.002382	35
1503	-1.046241	119.365104	0.007616	34
1504	-0.061348	119.320476	0.002601	32
1505	-0.816621	119.275893	0.006581	31
1506	-0.280734	119.231353	0.005379	32
1507	-1.043279	119.186859	0.007118	31
1508	-0.000000	119.142408	0.000000	31
1509	-0.155475	119.098002	0.003785	31
1510	-0.000000	119.053639	0.000000	32
1511	-0.557302	119.009321	0.006392	31
1512	-0.008461	118.965047	0.000132	32
1513	-0.000113	118.920816	0.000024	31
1514	-0.562103	118.876630	0.005922	33
1515	-0.000000	118.832487	0.000000	32
1516	-0.000000	118.788388	0.000000	31
1517	-0.751763	118.744332	0.006719	31
1518	-0.002569	118.700320	0.000456	32
1519	-1.046874	118.656352	0.010298	32
1520	-0.936876	118.612427	0.007052	32
1521	-0.423965	118.568545	0.004270	32
1522	-0.149496	118.524706	0.003455	32
1523	-0.554363	118.480911	0.004365	31
1524	-0.286369	118.437159	0.001910	31
1525	-0.515846	118.393450	0.004582	30
1526	-0.000000	118.349784	0.000000	31
1527	-0.707964	118.306160	0.005776	31
1528	-0.613082	118.262580	0.007011	31
1529	-0.027452	118.219042	0.000597	31
1530	-0.000000	118.175548	0.000000	31
1531	-0.000000	118.132095	0.000000	28
1532	-0.505356	118.088686	0.005089	30
1533	-0.000000	118.045319	0.000000	28
1534	-0.789306	118.001994	0.008006	31
1535	-1.020484	117.958712	0.010176	29
1536	-0.820867	117.915472	0.007787	31
1537	-1.025985	117.872274	0.007361	31
1538	-0.000000	117.829118	0.000000	31
1539	-0.195635	117.786005	0.002094	31
1540	-0.953712	117.742933	0.004941	31
1541	-0.569217	117.699904	0.003902	30
1542	-0.848312	117.656916	0.005478	31
1543	-0.356296	117.613971	0.004696	31
1544	-0.359013	117.571067	0.003624	31
1545	-0.938403	117.528205	0.008447	31
1546	-0.000000	117.485384	0.000000	31
1547	-0.028217	117.442605	0.001387	31
1548	-0.617793	117.399867	0.005780	31
1549	-0.522437	117.357171	0.004916	31
1550	-0.310808	117.314517	0.003461	31
1551	-0.000000	117.271903	0.000000	30
1552	-0.000000	117.229331	0.000000	31
1553	-0.000000	117.186800	0.000000	31
1554	-1.004610	117.144311	0.011251	31
1555	-0.923163	117.101862	0.006453	31
1556	-0.491837	117.059454	0.004833	31
1557	-0.491274	117.017087	0.004140	31
1558	-0.927100	116.974762	0.007092	31
1559	-0.000000	116.932476	0.000000	30
1560	-0.000000	116.890232	0.000000	30
1561	-1.018944	116.848028	0.008933	31
1562	-0.000000	116.805865	0.000000	31
1563	-0.630465	116.763743	0.007072	30
1564	-0.402715	116.721661	0.007634	31
1565	-0.613851	116.679619	0.004352	31
1566	-0.168904	116.637618	0.002056	31
1567	-0.830210	116.595657	0.009185	31
1568	-0.703715	116.553736	0.004419	30
1569	-0.911996	116.511855	0.007407	31
1570	-0.411072	116.470015	0.005654	31
1571	-0.000000	116.428214	0.000000	30
1572	-0.504603	116.386454	0.005220	30
1573	-0.002241	116.344733	0.000241	31
1574	-0.857917	116.303052	0.005589	31
1575	-0.000000	116.261412	0.000000	25
1576	-0.836058	116.219810	0.007251	31
1577	-0.271573	116.178249	0.005940	32
1578	-0.000000	116.136727	0.000000	31
1579	-0.000000	116.095245	0.000000	31
1580	-0.959969	116.053802	0.006968	31
1581	-0.347264	116.012398	0.005841	31
1582	-0.000000	115.971034	0.000000	30
1583	-0.539264	115.929710	0.004524	31
1584	-0.917164	115.888424	0.008779	31
1585	-0.110213	115.847178	0.001344	31
1586	-0.676276	115.805970	0.006965	31
1587	-0.101586	115.764802	0.003272	31
1588	-0.601617	115.723673	0.004500	31
1589	-0.898277	115.682583	0.005124	31
1590	-0.000000	115.641532	0.000000	29
1591	-1.082061	115.600519	0.008334	31
1592	-0.029157	115.559546	0.001305	31
1593	-0.727666	115.518610	0.006650	30
1594	-0.893624	115.477714	0.005976	31
1595	-0.468924	115.436856	0.006724	32
1596	-0.998635	115.396037	0.006601	32
1597	-0.025762	115.355256	0.001044	31
1598	-0.000000	115.314514	0.000000	35
1599	-0.231792	115.273810	0.003719	34
1600	-0.000000	115.233144	0.000000	36
1601	-0.859549	115.192517	0.007895	33
1602	-0.000634	115.151927	0.000688	34
1603	-0.000000	115.111376	0.000000	36
1604	-0.189748	115.070863	0.005490	34
1605	-0.000000	115.030388	0.000000	32
1606	-0.527305	114.989951	0.006960	34
1607	-0.760693	114.949551	0.005995	33
1608	-0.934745	114.909190	0.010194	31
1609	-0.622254	114.868866	0.009883	33
1610	-0.993573	114.828580	0.007440	32
1611	-0.632585	114.788332	0.006680	32
1612	-0.862476	114.748121	0.006449	32
1613	-0.000000	114.707948	0.000000	28
1614	-0.775591	114.667812	0.007358	31
1615	-1.045611	114.627714	0.009910	32
1616	-0.481073	114.587653	0.004198	32
1617	-0.414761	114.547629	0.004786	32
1618	-0.848689	114.507643	0.006043	32
1619	-0.772603	114.467693	0.005887	33
1620	-0.994366	114.427781	0.005848	32
1621	-0.312522	114.387907	0.004238	31
1622	-0.864258	114.348069	0.006025	36
1623	-1.020127	114.308268	0.006287	31
1624	-0.568984	114.268504	0.005824	33
1625	-0.820853	114.228777	0.006366	31
1626	-0.821259	114.189086	0.007665	33
1627	-0.765558	114.149433	0.006480	31
1628	-0.686974	114.109816	0.005727	30
1629	-0.105885	114.070235	0.002248	31
1630	-0.449724	114.030692	0.004817	29
1631	-0.484844	113.991185	0.004313	33
1632	-0.838222	113.951714	0.007105	32
1633	-0.213574	113.912280	0.004281	33
1634	-0.773476	113.872882	0.006105	32
1635	-0.000009	113.833521	0.000005	33
1636	-0.760857	113.794195	0.005631	32
1637	-0.979930	113.754906	0.005689	32
1638	-0.588002	113.715653	0.005003	33
1639	-0.000000	113.676437	0.000000	31
1640	-0.007745	113.637256	0.000166	33
1641	-0.804545	113.598111	0.005764	31
1642	-0.784961	113.559002	0.004933	32
1643	-0.734272	113.519929	0.007563	31
1644	-0.000000	113.480892	0.000000	34
1645	-0.950346	113.441891	0.007271	31
1646	-0.703452	113.402925	0.007116	32
1647	-0.003263	113.363995	0.000038	31
1648	-0.002856	113.325101	0.000334	27
1649	-0.163557	113.286242	0.002730	31
1650	-0.000000	113.247419	0.000000	31
1651	-0.002298	113.208631	0.000045	29
1652	-0.345162	113.169879	0.004083	31
1653	-0.000000	113.131162	0.000000	30
1654	-0.005082	113.092480	0.000457	31
1655	-0.678178	113.053833	0.006745	31
1656	-0.561432	113.015222	0.007187	31
1657	-0.013726	112.976646	0.000286	29
1658	-0.635401	112.938105	0.005754	31
1659	-0.004155	112.899599	0.000877	31
1660	-0.495683	112.861128	0.004050	31
1661	-1.053850	112.822692	0.009491	31
1662	-0.779536	112.784291	0.005031	31
1663	-0.008458	112.745924	0.000144	28
1664	-1.015826	112.707593	0.007784	31
1665	-0.449205	112.669296	0.003526	31
1666	-0.688949	112.631034	0.006899	29
1667	-0.956860	112.592806	0.006179	30
1668	-0.000000	112.554613	0.000000	32
1669	-0.000096	112.516455	0.000002	31
1670	-0.298561	112.478331	0.002084	31
1671	-1.052793	112.440241	0.006345	31
1672	-0.499704	112.402186	0.003874	31
1673	-0.086134	112.364165	0.001655	30
1674	-0.544604	112.326179	0.005931	32
1675	-0.589787	112.288227	0.005772	31
1676	-0.460892	112.250309	0.004723	31
1677	-0.539842	112.212425	0.007590	31
1678	-0.458342	112.174575	0.007364	28
1679	-0.165738	112.136759	0.003628	31
1680	-0.000000	112.098977	0.000000	31
1681	-0.851675	112.061229	0.005090	31
1682	-0.000000	112.023515	0.000000	31
1683	-1.090689	111.985834	0.006650	31
1684	-0.866674	111.948188	0.008253	31
1685	-0.023460	111.910575	0.001598	31
1686	-0.687455	111.872996	0.004767	30
1687	-0.823471	111.835450	0.009557	31
1688	-0.338976	111.797939	0.003559	31
1689	-0.837257	111.760460	0.007615	31
1690	-0.716658	111.723015	0.006236	31
1691	-0.181969	111.685604	0.003485	31
1692	-0.812414	111.648226	0.005346	31
1693	-0.290393	111.610881	0.006152	31
1694	-0.596162	111.573570	0.005346	31
1695	-0.930180	111.536292	0.007666	31
1696	-0.784144	111.499047	0.004192	31
1697	-0.000000	111.461835	0.000000	27
1698	-0.000000	111.424656	0.000000	29
1699	-0.008213	111.387510	0.000063	31
1700	-0.564266	111.350398	0.008609	31
1701	-0.210876	111.313318	0.001943	29
1702	-0.013139	111.276271	0.000500	31
1703	-0.807366	111.239257	0.007472	31
1704	-0.739484	111.202276	0.007340	31
1705	-0.602589	111.165328	0.008240	31
1706	-0.792528	111.128412	0.006185	31
1707	-0.901026	111.091529	0.007799	31
1708	-0.000000	111.054679	0.000000	31
1709	-0.935472	111.017861	0.006341	31
1710	-0.801364	110.981076	0.008365	31
1711	-0.952250	110.944323	0.006089	31
1712	-0.848480	110.907603	0.006929	31
1713	-0.411205	110.870915	0.006495	32
1714	-0.000000	110.834259	0.000000	32
1715	-0.362597	110.797636	0.004272	30
1716	-0.832230	110.761045	0.005734	31
1717	-0.000000	110.724486	0.000000	31
1718	-0.919353	110.687959	0.007470	31
1719	-0.735517	110.651465	0.005456	31
1720	-0.000000	110.615002	0.000000	31
1721	-0.501777	110.578572	0.004372	31
1722	-0.642369	110.542173	0.004215	31
1723	-0.449813	110.505807	0.005083	31
1724	-1.035948	110.469472	0.007079	31
1725	-0.000000	110.433169	0.000000	31
1726	-0.736776	110.396898	0.006024	31
1727	-0.941976	110.360659	0.005835	31
1728	-0.382458	110.324451	0.004800	31
1729	-0.901401	110.288276	0.005223	31
1730	-0.977802	110.252131	0.006696	31
1731	-0.028627	110.216019	0.002396	31
1732	-0.927868	110.179937	0.007226	32
1733	-0.801612	110.143888	0.006179	31
1734	-0.000000	110.107869	0.000000	31
1735	-0.000000	110.071882	0.000000	31
1736	-0.479499	110.035927	0.004825	30
1737	-0.867400	110.000003	0.010242	31
1738	-0.000000	109.964110	0.000000	34
1739	-0.530766	109.928248	0.004837	32
1740	-0.000000	109.892417	0.000000	31
1741	-0.000000	109.856618	0.000000	33
1742	-0.580001	109.820850	0.005870	33
1743	-0.186188	109.785112	0.002677	32
1744	-0.019078	109.749406	0.002066	33
1745	-0.069394	109.713730	0.003456	33
1746	-0.001158	109.678086	0.000297	33
1747	-0.266087	109.642472	0.004367	34
1748	-0.055040	109.606890	0.000751	32
1749	-0.094721	109.571337	0.001869	33
1750	-0.336457	109.535816	0.005290	33
1751	-0.458722	109.500326	0.005203	34
1752	-0.472888	109.464866	0.006151	34
1753	-0.948366	109.429436	0.006970	34
1754	-0.696482	109.394038	0.005435	34
1755	-0.000000	109.358669	0.000000	26
1756	-0.000000	109.323331	0.000000	33
1757	-0.000000	109.288024	0.000000	34
1758	-0.222053	109.252747	0.002925	32
1759	-0.833887	109.217501	0.007575	31
1760	-0.064565	109.182284	0.000722	33
1761	-0.033709	109.147098	0.001089	31
1762	-0.325615	109.111942	0.007940	32
1763	-0.002826	109.076817	0.000032	31
1764	-0.688164	109.041721	0.005537	31
1765	-0.184485	109.006656	0.001977	31
1766	-0.720900	108.971620	0.006352	31
1767	-0.458981	108.936615	0.005340	31
1768	-0.406262	108.901640	0.004578	31
1769	-0.203362	108.866694	0.002195	30
1770	-0.029097	108.831779	0.002369	31
1771	-0.707831	108.796893	0.004778	31
1772	-0.228684	108.762037	0.005562	31
1773	-0.532978	108.727211	0.003645	34
1774	-0.402345	108.692415	0.003569	31
1775	-0.691213	108.657648	0.005629	31
1776	-0.881178	108.622911	0.005446	32
1777	-0.000000	108.588203	0.000000	29
1778	-0.672464	108.553525	0.005779	31
1779	-0.864685	108.518877	0.005929	30
1780	-0.093633	108.484258	0.002791	31
1781	-0.043073	108.449668	0.000682	30
1782	-0.908278	108.415108	0.005679	30
1783	-0.015277	108.380578	0.000558	28
1784	-0.000000	108.346076	0.000000	31
1785	-0.000000	108.311604	0.000000	31
1786	-0.089468	108.277161	0.001845	31
1787	-0.000000	108.242747	0.000000	31
1788	-0.898634	108.208363	0.006967	31
1789	-1.018518	108.174007	0.006464	31
1790	-0.019699	108.139681	0.000136	30
1791	-0.000000	108.105383	0.000000	31
1792	-0.986090	108.071115	0.007877	31
1793	-0.745081	108.036875	0.008749	31
1794	-0.121051	108.002665	0.003712	30
1795	-0.773149	107.968483	0.009435	31
1796	-1.011133	107.934330	0.009316	32
1797	-0.636055	107.900206	0.003976	32
1798	-0.000000	107.866111	0.000000	31
1799	-0.719294	107.832044	0.006696	31
1800	-0.696742	107.798007	0.005444	31
1801	-0.851469	107.763997	0.010047	31
1802	-0.907853	107.730017	0.007659	30
1803	-0.000000	107.696065	0.000000	31
1804	-0.941195	107.662141	0.006347	30
1805	-0.752495	107.628246	0.008332	31
1806	-0.827670	107.594379	0.005721	31
1807	-0.712803	107.560541	0.006940	31
1808	-1.238040	107.526731	0.011661	31
1809	-0.000000	107.492949	0.000000	31
1810	-0.002059	107.459196	0.000420	30
1811	-1.030925	107.425471	0.007528	31
1812	-0.628665	107.391774	0.005877	31
1813	-0.498900	107.358106	0.003973	31
1814	-0.946749	107.324465	0.008358	31
1815	-0.719976	107.290853	0.005344	31
1816	-0.221244	107.257268	0.002816	30
1817	-0.489950	107.223712	0.006250	31
1818	-0.561265	107.190184	0.006193	31
1819	-0.761596	107.156683	0.005595	30
1820	-0.121760	107.123211	0.001158	28
1821	-0.000000	107.089766	0.000000	31
1822	-0.745970	107.056349	0.004778	31
1823	-0.000000	107.022960	0.000000	26
1824	-0.000000	106.989599	0.000000	31
1825	-0.389454	106.956265	0.004228	32
1826	-0.806500	106.922960	0.004903	31
1827	-0.517602	106.889681	0.007012	31
1828	-1.000114	106.856431	0.008025	28
1829	-0.592609	106.823208	0.003378	31
1830	-0.854235	106.790012	0.007298	31
1831	-0.716016	106.756844	0.007141	31
1832	-0.410537	106.723703	0.005981	33
1833	-0.818728	106.690590	0.006254	31
1834	-0.172252	106.657505	0.004451	31
1835	-0.217831	106.624446	0.004548	32
1836	-0.668479	106.591415	0.006127	31
1837	-0.563453	106.558411	0.005127	31
1838	-0.665500	106.525435	0.005064	32
1839	-0.462880	106.492485	0.004543	31
1840	-0.497092	106.459563	0.004545	30
1841	-0.960862	106.426668	0.007393	31
1842	-0.963907	106.393800	0.005323	31
1843	-0.497892	106.360959	0.003919	30
1844	-0.866611	106.328145	0.005451	31
1845	-0.744885	106.295358	0.006189	31
1846	-1.008718	106.262598	0.011816	31
1847	-0.492171	106.229865	0.006737	29
1848	-0.000000	106.197158	0.000000	31
1849	-1.068028	106.164479	0.008640	32
1850	-0.039265	106.131826	0.001170	31
1851	-0.000000	106.099201	0.000000	32
1852	-0.000007	106.066602	0.000005	29
1853	-0.000000	106.034029	0.000000	32
1854	-1.121677	106.001483	0.008775	33
1855	-0.607538	105.968964	0.007379	31
1856	-0.779429	105.936472	0.006906	31
1857	-0.000000	105.904006	0.000000	25
1858	-0.000000	105.871566	0.000000	31
1859	-0.472652	105.839153	0.006074	31
1860	-0.000000	105.806767	0.000000	31
1861	-0.430404	105.774407	0.004236	32
1862	-0.051212	105.742073	0.001262	32
1863	-0.000000	105.709766	0.000000	32
1864	-0.332112	105.677485	0.003944	31
1865	-0.972958	105.645230	0.005675	31
1866	-0.928253	105.613001	0.005193	29
1867	-0.845469	105.580799	0.005296	31
1868	-0.792230	105.548623	0.004808	30
1869	-0.918536	105.516473	0.005410	31
1870	-0.535474	105.484349	0.005470	30
1871	-0.505309	105.452251	0.005251	30
1872	-0.911706	105.420179	0.009046	30
1873	-1.101963	105.388133	0.007833	31
1874	-0.000000	105.356113	0.000000	30
1875	-0.044716	105.324119	0.001718	30
1876	-1.154875	105.292151	0.008825	30
1877	-0.682602	105.260209	0.008013	30
1878	-0.453510	105.228293	0.007404	31
1879	-0.000000	105.196402	0.000000	27
1880	-0.814501	105.164537	0.005204	31
1881	-0.158046	105.132698	0.002537	29
1882	-0.725570	105.100885	0.004838	31
1883	-0.849031	105.069097	0.011121	31
1884	-0.020748	105.037335	0.000581	27
1885	-0.748629	105.005598	0.005845	30
1886	-0.810656	104.973887	0.004506	31
1887	-0.212177	104.942202	0.001954	30
1888	-0.002665	104.910542	0.000041	31
1889	-0.270036	104.878907	0.003711	31
1890	-0.292921	104.847298	0.006538	30
1891	-0.005776	104.815715	0.000911	30
1892	-0.921761	104.784156	0.006550	31
1893	-0.605231	104.752623	0.005720	30
1894	-0.641482	104.721116	0.007526	34
1895	-0.000000	104.689633	0.000000	31
1896	-0.981922	104.658176	0.011982	31
1897	-0.743200	104.626744	0.004989	31
1898	-0.181199	104.595337	0.001929	31
1899	-0.897113	104.563955	0.004760	31
1900	-0.428166	104.532599	0.005440	31
1901	-0.000000	104.501267	0.000000	31
1902	-0.611563	104.469960	0.007327	31
1903	-0.618836	104.438679	0.003607	32
1904	-0.819290	104.407422	0.004409	32
1905	-0.728954	104.376191	0.005143	31
1906	-0.183287	104.344984	0.002610	32
1907	-1.064754	104.313802	0.007385	32
1908	-0.561702	104.282645	0.004828	31
1909	-1.008122	104.251513	0.008762	31
1910	-0.000000	104.220405	0.000000	31
1911	-0.000087	104.189323	0.000021	31
1912	-0.598868	104.158265	0.007565	31
1913	-0.000000	104.127231	0.000000	31
1914	-0.043158	104.096222	0.001227	31
1915	-0.725265	104.065238	0.006401	31
1916	-0.207093	104.034279	0.003014	31
1917	-0.017948	104.003344	0.001196	30
1918	-0.000000	103.972433	0.000000	31
1919	-1.007600	103.941547	0.007882	31
1920	-0.840443	103.910686	0.005807	31
1921	-0.340574	103.879849	0.002692	31
1922	-0.145666	103.849036	0.002798	32
1923	-0.593338	103.818248	0.004852	31
1924	-0.492996	103.787484	0.003193	31
1925	-0.000000	103.756744	0.000000	29
1926	-0.073368	103.726029	0.002911	31
1927	-0.898740	103.695338	0.008626	31
1928	-0.000000	103.664671	0.000000	32
1929	-0.268895	103.634028	0.004327	31
1930	-0.000000	103.603409	0.000000	31
1931	-0.860344	103.572814	0.006696	32
1932	-0.712958	103.542244	0.005277	31
1933	-0.519406	103.511698	0.004754	31
1934	-0.865647	103.481175	0.009614	31
1935	-1.022559	103.450677	0.006365	31
1936	-0.472268	103.420202	0.002484	32
1937	-0.000000	103.389752	0.000000	32
1938	-0.000000	103.359325	0.000000	32
1939	-0.744630	103.328922	0.006867	30
1940	-0.000000	103.298543	0.000000	30
1941	-0.851105	103.268188	0.003941	31
1942	-0.777314	103.237857	0.008298	30
1943	-0.845274	103.207549	0.007500	30
1944	-0.000000	103.177265	0.000000	31
1945	-0.628903	103.147005	0.002900	31
1946	-0.000000	103.116768	0.000000	31
1947	-0.000000	103.086556	0.000000	29
1948	-0.115480	103.056366	0.003013	31
1949	-0.491036	103.026200	0.003731	31
1950	-0.599737	102.996058	0.004111	31
1951	-0.789644	102.965939	0.005929	31
1952	-0.875031	102.935844	0.005760	31
1953	-0.993805	102.905772	0.007352	31
1954	-0.760186	102.875724	0.005527	31
1955	-1.054777	102.845699	0.009347	31
1956	-0.000613	102.815697	0.000010	31
1957	-0.763450	102.785719	0.006188	31
1958	-0.000000	102.755764	0.000000	31
1959	-0.360366	102.725832	0.006385	30
1960	-0.962750	102.695924	0.008249	31
1961	-0.000000	102.666038	0.000000	30
1962	-0.851283	102.636176	0.005395	31
1963	-0.945916	102.606337	0.008267	30
1964	-0.764099	102.576521	0.005233	31
1965	-0.000000	102.546728	0.000000	31
1966	-0.897093	102.516959	0.004929	31
1967	-0.089704	102.487212	0.001909	31
1968	-0.000000	102.457488	0.000000	31
1969	-0.000000	102.427788	0.000000	31
1970	-0.000000	102.398110	0.000000	30
1971	-0.635647	102.368455	0.005977	31
1972	-0.879800	102.338823	0.006424	31
1973	-0.526661	102.309214	0.005980	31
1974	-0.767286	102.279628	0.004903	31
1975	-0.201467	102.250064	0.002468	31
1976	-0.623829	102.220524	0.007536	30
1977	-0.252449	102.191006	0.003943	30
1978	-0.576412	102.161511	0.003939	31
1979	-0.114959	102.132038	0.002870	31
1980	-0.913339	102.102588	0.006139	31
1981	-0.922735	102.073161	0.006522	31
1982	-1.089704	102.043757	0.008044	31
1983	-0.748784	102.014375	0.004751	30
1984	-0.000000	101.985015	0.000000	31
1985	-0.000000	101.955678	0.000000	27
1986	-0.051759	101.926364	0.002083	31
1987	-0.000000	101.897072	0.000000	31
1988	-0.633161	101.867802	0.005191	31
1989	-0.190104	101.838555	0.002231	30
1990	-0.286508	101.809330	0.005974	31
1991	-0.673981	101.780128	0.005099	31
1992	-0.813462	101.750948	0.006919	31
1993	-1.102893	101.721790	0.007468	31
1994	-0.873022	101.692654	0.005333	30
1995	-0.129860	101.663541	0.004456	31
1996	-0.051564	101.634450	0.002105	31
1997	-0.389607	101.605381	0.004033	31
1998	-0.123296	101.576335	0.001004	26
1999	-0.312274	101.547310	0.001943	31
