1:ItNr	2:Metric	3:StepSize	4:||Gradient||	Time[ms]
0	-0.089798	627.201626	0.003869	996
1	-0.757581	623.504937	0.018371	29
2	-0.000000	619.865785	0.000000	30
3	-0.592617	616.282728	0.019595	30
4	-0.000000	612.754375	0.000000	30
5	-0.013733	609.279381	0.001476	29
6	-0.987328	605.856447	0.007984	30
7	-0.892481	602.484317	0.014914	30
8	-0.272741	599.161779	0.000980	29
9	-0.000000	595.887656	0.000000	23
10	-0.481040	592.660813	0.011044	28
11	-0.005198	589.480151	0.000836	30
12	-0.814690	586.344606	0.017770	30
13	-0.662167	583.253145	0.017740	29
14	-0.625560	580.204771	0.002544	32
15	-0.000000	577.198517	0.000000	32
16	-0.659835	574.233444	0.008483	30
17	-0.708192	571.308645	0.026705	31
18	-0.000002	568.423237	0.000001	30
19	-0.572898	565.576365	0.018701	29
20	-0.039210	562.767201	0.002521	28
21	-0.002362	559.994938	0.000426	26
22	-0.866856	557.258797	0.005364	28
23	-1.038414	554.558018	0.007829	29
24	-0.819240	551.891865	0.006239	29
25	-0.928053	549.259621	0.010329	30
26	-0.430754	546.660592	0.006785	29
27	-0.838613	544.094102	0.010689	29
28	-0.045834	541.559494	0.000820	30
29	-0.000496	539.056129	0.000102	29
30	-1.103847	536.583387	0.012613	28
31	-0.462661	534.140663	0.012151	30
32	-0.274496	531.727370	0.002989	29
33	-0.970595	529.342935	0.028181	29
34	-1.057978	526.986802	0.018741	29
35	-0.997650	524.658430	0.014756	29
36	-0.629800	522.357290	0.016095	28
37	-0.550174	520.082868	0.014823	29
38	-0.730137	517.834665	0.011573	28
39	-0.000000	515.612193	0.000000	29
40	-0.853588	513.414976	0.013379	30
41	-0.786284	511.242551	0.011543	29
42	-0.884562	509.094468	0.026845	29
43	-0.846556	506.970285	0.010084	29
44	-0.115907	504.869574	0.003242	30
45	-0.965583	502.791916	0.009883	29
46	-0.071678	500.736903	0.002901	30
47	-0.966165	498.704137	0.011924	30
48	-0.542824	496.693228	0.014857	30
49	-0.634838	494.703798	0.003947	29
50	-0.000000	492.735476	0.000000	29
51	-0.689798	490.787900	0.008456	29
52	-0.769857	488.860718	0.034952	29
53	-1.028890	486.953585	0.008105	29
54	-0.524284	485.066164	0.006672	27
55	-0.573124	483.198126	0.010094	28
56	-0.598654	481.349149	0.009276	29
57	-0.715579	479.518920	0.014694	30
58	-0.319695	477.707132	0.002418	29
59	-0.899646	475.913485	0.007481	27
60	-0.000177	474.137684	0.000063	29
61	-1.035841	472.379445	0.026226	29
62	-0.000000	470.638485	0.000000	27
63	-0.947584	468.914531	0.013207	28
64	-1.038706	467.207315	0.008650	29
65	-0.574589	465.516573	0.013444	29
66	-0.000000	463.842050	0.000000	24
67	-0.553578	462.183494	0.007645	29
68	-1.144051	460.540658	0.025673	29
69	-0.000002	458.913303	0.000001	29
70	-1.006768	457.301192	0.011996	29
71	-0.594981	455.704096	0.039261	28
72	-0.761591	454.121787	0.008511	29
73	-0.000638	452.554045	0.000096	28
74	-0.000000	451.000653	0.000000	28
75	-0.808626	449.461399	0.010112	30
76	-0.000000	447.936075	0.000000	26
77	-0.347771	446.424477	0.006721	29
78	-0.000000	444.926406	0.000000	29
79	-0.272404	443.441666	0.005532	29
80	-0.914470	441.970065	0.012800	29
81	-0.309535	440.511415	0.006922	29
82	-0.845534	439.065533	0.007506	29
83	-0.000000	437.632238	0.000000	29
84	-0.761574	436.211351	0.005271	30
85	-0.273019	434.802701	0.004707	30
86	-0.390282	433.406117	0.005340	29
87	-0.561547	432.021430	0.007790	29
88	-0.796824	430.648479	0.011169	27
89	-0.000000	429.287101	0.000000	30
90	-0.633521	427.937140	0.012367	31
91	-1.074499	426.598440	0.009237	28
92	-0.787990	425.270849	0.006928	30
93	-1.149670	423.954220	0.023280	29
94	-0.618031	422.648404	0.006346	29
95	-1.041987	421.353259	0.010764	29
96	-0.562029	420.068643	0.008562	30
97	-0.673113	418.794419	0.005072	29
98	-0.085696	417.530451	0.003224	31
99	-0.000000	416.276604	0.000000	30
100	-0.991980	415.032748	0.008568	29
101	-0.812461	413.798754	0.010695	29
102	-0.544104	412.574495	0.017186	30
103	-0.926743	411.359849	0.016283	30
104	-0.637648	410.154691	0.010741	31
105	-1.044506	408.958904	0.018765	29
106	-0.641791	407.772368	0.014612	29
107	-0.791984	406.594968	0.014510	31
108	-0.448984	405.426590	0.010726	30
109	-0.872820	404.267122	0.011459	30
110	-0.000000	403.116456	0.000000	31
111	-0.000000	401.974481	0.000000	29
112	-0.435184	400.841093	0.004200	30
113	-0.528712	399.716187	0.008001	31
114	-0.922838	398.599660	0.005498	31
115	-0.557180	397.491411	0.009182	31
116	-0.320644	396.391342	0.006263	29
117	-0.000000	395.299353	0.000000	24
118	-1.013835	394.215350	0.009253	31
119	-1.054934	393.139238	0.009652	30
120	-0.544512	392.070924	0.013134	30
121	-0.000000	391.010316	0.000000	30
122	-0.517968	389.957325	0.010032	30
123	-0.000000	388.911862	0.000000	31
124	-1.177835	387.873839	0.039027	29
125	-0.718568	386.843173	0.005402	31
126	-0.549528	385.819777	0.008802	30
127	-0.733588	384.803569	0.009784	31
128	-0.668692	383.794468	0.005706	28
129	-0.930599	382.792393	0.012802	29
130	-0.095338	381.797264	0.005220	29
131	-0.855777	380.809005	0.013870	28
132	-0.000000	379.827537	0.000000	29
133	-0.919285	378.852786	0.011112	29
134	-0.797544	377.884678	0.006735	30
135	-0.194468	376.923138	0.004739	29
136	-0.476486	375.968095	0.004669	29
137	-0.061714	375.019479	0.003379	28
138	-0.495011	374.077218	0.004575	29
139	-0.759630	373.141244	0.004551	30
140	-0.000000	372.211489	0.000000	30
141	-0.012470	371.287887	0.001040	25
142	-0.191632	370.370370	0.004106	30
143	-1.145210	369.458876	0.012044	29
144	-0.121577	368.553338	0.002242	29
145	-0.663528	367.653696	0.009153	29
146	-0.068811	366.759885	0.001611	29
147	-0.592720	365.871846	0.005552	29
148	-0.928133	364.989518	0.006906	29
149	-0.614560	364.112841	0.003971	29
150	-0.903944	363.241757	0.011750	28
151	-0.817073	362.376208	0.004347	28
152	-0.002697	361.516137	0.000213	29
153	-0.742060	360.661488	0.005639	28
154	-0.881969	359.812206	0.012242	29
155	-0.064288	358.968236	0.001628	28
156	-0.622573	358.129524	0.012899	27
157	-0.687846	357.296018	0.009422	29
158	-0.229091	356.467665	0.005069	29
159	-0.149222	355.644414	0.004134	27
160	-0.138525	354.826213	0.002879	29
161	-1.035214	354.013012	0.013145	27
162	-0.000238	353.204763	0.000014	29
163	-0.000000	352.401415	0.000000	30
164	-0.994818	351.602922	0.015809	29
165	-1.050730	350.809235	0.012271	28
166	-0.177104	350.020308	0.002927	28
167	-0.812738	349.236095	0.012634	27
168	-0.022555	348.456550	0.000654	30
169	-1.073411	347.681627	0.007015	31
170	-0.000000	346.911283	0.000000	30
171	-0.873287	346.145474	0.010580	30
172	-1.107858	345.384157	0.005853	31
173	-0.400491	344.627288	0.004705	30
174	-0.955344	343.874826	0.023101	31
175	-1.022710	343.126729	0.019955	33
176	-0.935363	342.382957	0.009087	32
177	-1.179416	341.643469	0.015771	30
178	-0.583247	340.908224	0.011100	31
179	-0.619934	340.177184	0.004822	30
180	-0.143161	339.450309	0.003096	30
181	-0.229773	338.727561	0.003899	31
182	-0.914926	338.008902	0.009864	29
183	-0.640372	337.294295	0.003334	30
184	-0.877279	336.583703	0.011656	29
185	-0.922268	335.877089	0.031516	31
186	-0.876429	335.174416	0.005020	29
187	-0.067992	334.475651	0.002645	29
188	-0.373194	333.780756	0.013340	31
189	-0.726447	333.089698	0.015332	29
190	-0.929783	332.402443	0.007415	29
191	-0.000000	331.718955	0.000000	23
192	-0.862213	331.039203	0.025337	28
193	-0.000000	330.363153	0.000000	30
194	-0.231658	329.690771	0.003773	30
195	-0.557896	329.022027	0.010048	29
196	-1.039486	328.356888	0.023303	29
197	-0.000638	327.695322	0.000111	28
198	-0.282800	327.037299	0.004017	28
199	-0.966544	326.382787	0.010102	28
200	-0.544346	325.731758	0.008123	29
201	-0.041911	325.084179	0.001772	30
202	-0.058119	324.440023	0.002766	29
203	-0.000000	323.799258	0.000000	28
204	-1.041353	323.161858	0.010138	28
205	-0.071918	322.527792	0.001064	28
206	-0.523194	321.897034	0.006871	29
207	-0.000099	321.269554	0.000026	29
208	-1.023479	320.645325	0.022900	29
209	-0.622394	320.024320	0.007379	28
210	-1.187407	319.406512	0.055317	29
211	-1.178509	318.791875	0.017427	28
212	-0.919958	318.180381	0.028910	29
213	-1.104031	317.572005	0.005460	29
214	-0.000000	316.966721	0.000000	29
215	-0.073971	316.364504	0.001484	29
216	-0.000000	315.765329	0.000000	28
217	-0.225186	315.169170	0.003181	28
218	-0.009380	314.576003	0.000629	29
219	-0.001134	313.985804	0.000046	29
220	-1.223798	313.398548	0.016578	29
221	-0.653486	312.814213	0.007485	28
222	-0.424499	312.232773	0.003751	30
223	-1.177056	311.654207	0.020775	30
224	-0.173015	311.078491	0.006166	29
225	0.000000	310.505602	0.000000	30
226	-0.777772	309.935518	0.011712	29
227	-0.000000	309.368217	0.000000	23
228	-1.159177	308.803676	0.022937	29
229	-0.550495	308.241874	0.013600	29
230	-0.113517	307.682789	0.004292	27
231	-0.000026	307.126400	0.000011	29
232	-0.054690	306.572687	0.002182	29
233	-0.754916	306.021627	0.018070	29
234	-0.307203	305.473201	0.003177	27
235	-0.900595	304.927388	0.009458	29
236	-0.980153	304.384168	0.021429	29
237	-0.196722	303.843521	0.004452	29
238	-0.536843	303.305427	0.011161	29
239	-0.394965	302.769867	0.005954	29
240	-0.018177	302.236821	0.000871	29
241	-0.831881	301.706270	0.011959	30
242	-0.846298	301.178196	0.005869	29
243	-0.549232	300.652580	0.009020	28
244	-0.334421	300.129402	0.005313	29
245	-0.697389	299.608645	0.016550	28
246	-1.002142	299.090291	0.012428	27
247	-1.162118	298.574321	0.008959	28
248	-0.000002	298.060718	0.000001	29
249	-0.000000	297.549465	0.000000	28
250	-0.055737	297.040543	0.002205	31
251	-0.630527	296.533936	0.009844	30
252	-0.249759	296.029626	0.004078	29
253	-0.744442	295.527597	0.008846	29
254	-0.000000	295.027832	0.000000	29
255	-0.601262	294.530315	0.004923	28
256	-0.755384	294.035028	0.008453	29
257	-0.702562	293.541956	0.007832	28
258	-1.088141	293.051083	0.010130	29
259	-0.981087	292.562393	0.014018	29
260	-0.000000	292.075870	0.000000	29
261	-0.912167	291.591498	0.008502	29
262	-0.701911	291.109263	0.008062	29
263	-0.095531	290.629149	0.002383	29
264	-0.048295	290.151140	0.002791	27
265	-0.720592	289.675222	0.013072	29
266	-0.755930	289.201380	0.008184	29
267	-0.563217	288.729600	0.006018	29
268	-0.074591	288.259866	0.002726	28
269	-1.102122	287.792165	0.009295	29
270	-0.470847	287.326481	0.008295	28
271	-0.799030	286.862802	0.010154	29
272	-0.326276	286.401113	0.003967	28
273	-0.840320	285.941400	0.010132	29
274	-0.831724	285.483649	0.010985	29
275	-0.001264	285.027847	0.000117	30
276	-0.972595	284.573981	0.020082	28
277	-0.652606	284.122037	0.005393	29
278	-0.409595	283.672002	0.007660	28
279	-0.000000	283.223863	0.000000	28
280	-0.982847	282.777607	0.018808	29
281	-0.000000	282.333221	0.000000	29
282	-0.226187	281.890692	0.003968	29
283	-0.000000	281.450008	0.000000	29
284	-0.690657	281.011157	0.006756	29
285	-0.405519	280.574125	0.010467	29
286	-0.735950	280.138901	0.010325	30
287	-0.780049	279.705473	0.012040	29
288	-1.104677	279.273829	0.014330	30
289	-0.557133	278.843956	0.005887	29
290	-0.207994	278.415844	0.004330	29
291	-0.000000	277.989479	0.000000	29
292	-0.850123	277.564851	0.012262	28
293	-0.979308	277.141949	0.011118	29
294	-1.000573	276.720761	0.009570	29
295	-1.036401	276.301275	0.012691	29
296	-0.000000	275.883480	0.000000	29
297	-0.544412	275.467366	0.010454	28
298	-0.987457	275.052922	0.016373	29
299	-0.890789	274.640136	0.005591	28
300	-0.145185	274.228998	0.001908	28
301	-0.957162	273.819497	0.009133	29
302	-0.581242	273.411623	0.005705	28
303	-0.000000	273.005365	0.000000	24
304	-0.292131	272.600712	0.005686	29
305	-0.000000	272.197655	0.000000	29
306	-0.000000	271.796184	0.000000	24
307	-0.000159	271.396287	0.000047	27
308	-0.002267	270.997956	0.000099	29
309	-0.000000	270.601180	0.000000	29
310	-0.000000	270.205949	0.000000	29
311	-0.638552	269.812254	0.010615	29
312	-0.576428	269.420085	0.007740	29
313	-0.642925	269.029432	0.009755	30
314	-0.000000	268.640287	0.000000	27
315	-0.714904	268.252638	0.011604	29
316	-0.281964	267.866478	0.006362	29
317	-0.136183	267.481796	0.005784	29
318	-0.900675	267.098584	0.006316	27
319	-0.942706	266.716833	0.006581	29
320	-0.388194	266.336533	0.005950	29
321	-0.000000	265.957676	0.000000	29
322	-1.049266	265.580253	0.012799	29
323	-0.200416	265.204254	0.003013	28
324	-0.825793	264.829672	0.007795	28
325	-0.782222	264.456497	0.007308	29
326	-1.039603	264.084721	0.015611	30
327	-0.506149	263.714335	0.008730	29
328	-0.000000	263.345332	0.000000	29
329	-0.001128	262.977702	0.000133	29
330	-1.009532	262.611438	0.018928	29
331	-0.357673	262.246531	0.005274	29
332	-0.700010	261.882973	0.005003	30
333	-0.520556	261.520756	0.010339	29
334	-0.847263	261.159871	0.007448	29
335	-0.213678	260.800312	0.004551	29
336	-1.225067	260.442070	0.017238	31
337	-0.530177	260.085137	0.007870	29
338	-0.315944	259.729505	0.009021	29
339	-0.093926	259.375167	0.000613	30
340	-0.000000	259.022116	0.000000	28
341	-0.000000	258.670343	0.000000	29
342	-1.141287	258.319841	0.006583	30
343	-1.033334	257.970602	0.012147	29
344	-1.006217	257.622620	0.009525	30
345	-1.001580	257.275887	0.024220	30
346	-0.954663	256.930396	0.005899	31
347	-1.019880	256.586139	0.030904	30
348	-0.000000	256.243109	0.000000	29
349	-0.832306	255.901300	0.012618	29
350	-0.086525	255.560703	0.003525	25
351	-0.788907	255.221313	0.016273	29
352	-0.708463	254.883122	0.005251	30
353	-0.785779	254.546124	0.017401	29
354	-0.000941	254.210311	0.000090	30
355	-0.677509	253.875677	0.004674	30
356	-0.548254	253.542215	0.008117	31
357	-1.036620	253.209918	0.013361	29
358	-0.000001	252.878781	0.000000	28
359	-0.192676	252.548795	0.004210	30
360	-0.000608	252.219956	0.000044	30
361	-0.042633	251.892255	0.002045	29
362	-0.828384	251.565688	0.011082	31
363	-0.884792	251.240247	0.007148	29
364	-0.967957	250.915926	0.015753	30
365	-0.857028	250.592720	0.015602	30
366	-0.037068	250.270621	0.000359	31
367	-0.539802	249.949624	0.007321	30
368	-0.022695	249.629723	0.001377	30
369	-0.109761	249.310911	0.005611	32
370	-0.723899	248.993182	0.007448	28
371	-0.711000	248.676531	0.007346	30
372	-0.000000	248.360952	0.000000	25
373	-0.980214	248.046438	0.012342	29
374	-0.000070	247.732984	0.000012	29
375	-0.000947	247.420584	0.000094	29
376	-1.156977	247.109233	0.035851	28
377	-0.962633	246.798924	0.004089	29
378	-0.000000	246.489652	0.000000	29
379	-0.011481	246.181412	0.001249	29
380	-0.000000	245.874197	0.000000	28
381	-1.158606	245.568002	0.005750	29
382	-0.846268	245.262822	0.005627	30
383	-0.005953	244.958652	0.000925	28
384	-1.046823	244.655485	0.013056	27
385	-0.000000	244.353317	0.000000	29
386	-0.540536	244.052142	0.009277	29
387	-0.262004	243.751955	0.005324	28
388	-0.242359	243.452750	0.007768	28
389	-0.140107	243.154523	0.002900	28
390	-0.742285	242.857268	0.007819	29
391	-1.186610	242.560980	0.035609	29
392	-0.263289	242.265654	0.006529	29
393	-0.212664	241.971285	0.004862	28
394	-0.045408	241.677868	0.002059	29
395	-0.826247	241.385397	0.006975	29
396	-0.973934	241.093869	0.010096	33
397	-0.173723	240.803278	0.005388	30
398	-0.400011	240.513619	0.008363	29
399	-0.803798	240.224887	0.008730	29
400	-1.053501	239.937077	0.006069	29
401	-1.048109	239.650186	0.012887	29
402	-0.837434	239.364207	0.011572	29
403	-0.039981	239.079136	0.001583	29
404	-1.026316	238.794969	0.014207	29
405	-1.066337	238.511701	0.031760	28
406	-0.134950	238.229327	0.003403	29
407	-0.014254	237.947843	0.001187	29
408	-0.000000	237.667244	0.000000	25
409	-0.476575	237.387526	0.008020	29
410	-0.779165	237.108684	0.007456	28
411	-0.740749	236.830714	0.006590	29
412	-0.378107	236.553610	0.002680	29
413	-0.964761	236.277370	0.013955	29
414	-1.000703	236.001989	0.058872	29
415	-0.791498	235.727461	0.009124	29
416	-0.708486	235.453784	0.008024	29
417	-0.719739	235.180952	0.006260	29
418	-0.048984	234.908962	0.000341	29
419	-0.847616	234.637809	0.010683	29
420	-0.622235	234.367488	0.005255	29
421	-0.980419	234.097997	0.044649	29
422	-0.344943	233.829331	0.004210	30
423	-0.000000	233.561485	0.000000	28
424	-0.849216	233.294456	0.010435	30
425	-0.803455	233.028239	0.005955	29
426	-0.016420	232.762831	0.000460	30
427	-0.957819	232.498228	0.015814	29
428	-0.517906	232.234425	0.006078	29
429	-1.010414	231.971419	0.018632	29
430	-0.815450	231.709205	0.003636	29
431	-0.139279	231.447781	0.003119	30
432	-0.898340	231.187141	0.007223	29
433	-0.292755	230.927283	0.004164	29
434	-1.233017	230.668202	0.019952	29
435	-0.698201	230.409895	0.009282	29
436	-0.987420	230.152358	0.009017	30
437	-0.024915	229.895587	0.002472	29
438	-0.958514	229.639578	0.017480	28
439	-0.340877	229.384329	0.008120	29
440	-0.055202	229.129834	0.001737	29
441	-0.006652	228.876091	0.000726	29
442	-0.023612	228.623096	0.000822	29
443	-0.344844	228.370846	0.000858	29
444	-0.609981	228.119336	0.004334	29
445	-0.907930	227.868563	0.008791	28
446	-1.089264	227.618525	0.014233	28
447	-0.000536	227.369216	0.000097	30
448	-0.197256	227.120635	0.002681	29
449	-0.000000	226.872777	0.000000	30
450	-0.004923	226.625638	0.000208	27
451	-0.876920	226.379217	0.012465	30
452	-0.424351	226.133509	0.003507	29
453	-0.000000	225.888510	0.000000	26
454	-0.251417	225.644218	0.004590	28
455	-0.702401	225.400630	0.024729	29
456	-0.000000	225.157741	0.000000	29
457	-0.951147	224.915549	0.023900	29
458	-0.821463	224.674051	0.008925	29
459	-0.000000	224.433242	0.000000	29
460	-0.124445	224.193121	0.002027	29
461	-1.004223	223.953684	0.003920	29
462	-0.901163	223.714927	0.005822	29
463	-0.343295	223.476848	0.003966	29
464	-0.000014	223.239444	0.000002	29
465	-1.196500	223.002710	0.007609	30
466	-0.000000	222.766645	0.000000	29
467	-0.138805	222.531245	0.004544	26
468	-0.803285	222.296508	0.017547	29
469	-1.065958	222.062429	0.030086	30
470	-0.539411	221.829007	0.008501	28
471	-0.639585	221.596238	0.005041	29
472	-0.953744	221.364119	0.005053	29
473	-0.796781	221.132647	0.004744	29
474	-0.872759	220.901820	0.007084	30
475	-0.925349	220.671634	0.016870	29
476	-1.015136	220.442086	0.010885	29
477	-0.000000	220.213174	0.000000	27
478	-0.109057	219.984895	0.002762	29
479	-0.140626	219.757246	0.003993	29
480	-0.880230	219.530224	0.010491	30
481	-0.000000	219.303826	0.000000	28
482	-0.000000	219.078050	0.000000	29
483	-0.000029	218.852893	0.000009	29
484	-0.535873	218.628352	0.003087	29
485	-0.819101	218.404424	0.012948	28
486	-0.000000	218.181106	0.000000	29
487	-0.939293	217.958397	0.014090	29
488	-0.753823	217.736292	0.016828	29
489	-0.000000	217.514790	0.000000	27
490	-0.000000	217.293888	0.000000	29
491	-0.385052	217.073584	0.004510	29
492	-0.056163	216.853873	0.002167	29
493	-0.933988	216.634755	0.017186	29
494	-0.000000	216.416227	0.000000	28
495	-1.198806	216.198285	0.010194	29
496	-0.635706	215.980927	0.009947	27
497	-0.981206	215.764151	0.010323	29
498	-0.336232	215.547955	0.007659	29
499	-1.049832	215.332335	0.011552	27
500	-0.231958	215.117289	0.007292	30
501	-0.233342	214.902815	0.003392	28
502	-0.000000	214.688911	0.000000	23
503	-0.968075	214.475573	0.007753	30
504	-0.509473	214.262800	0.011040	29
505	-0.589109	214.050588	0.006134	29
506	-0.397853	213.838936	0.007090	29
507	-0.904229	213.627842	0.016954	28
508	-0.023692	213.417302	0.000931	29
509	-0.655484	213.207314	0.012967	29
510	-1.004831	212.997877	0.014645	29
511	-0.000050	212.788987	0.000010	27
512	-0.445817	212.580642	0.005584	29
513	-1.208572	212.372841	0.023011	29
514	-0.000000	212.165581	0.000000	29
515	-0.872877	211.958859	0.012946	30
516	-0.532048	211.752673	0.009717	28
517	-0.966318	211.547021	0.009622	30
518	-0.799949	211.341902	0.009845	29
519	-0.644455	211.137311	0.007715	29
520	-0.172440	210.933248	0.001301	29
521	-0.041338	210.729710	0.001868	30
522	-0.991460	210.526695	0.013145	29
523	-0.482995	210.324200	0.008087	29
524	-1.005989	210.122224	0.015336	29
525	-0.029844	209.920765	0.001172	28
526	-0.000000	209.719820	0.000000	31
527	-0.618883	209.519387	0.006080	30
528	-1.005060	209.319463	0.011528	29
529	-0.345988	209.120048	0.004411	29
530	-0.922988	208.921139	0.014591	29
531	-0.001171	208.722733	0.000112	29
532	-0.204913	208.524829	0.003708	29
533	-0.590742	208.327425	0.004432	30
534	-0.567929	208.130518	0.006695	29
535	-0.124797	207.934107	0.000965	29
536	-0.815644	207.738189	0.010281	28
537	-0.000000	207.542762	0.000000	29
538	-0.704940	207.347825	0.014547	29
539	-1.059170	207.153376	0.010796	30
540	-0.199128	206.959412	0.004682	29
541	-0.663211	206.765932	0.007464	29
542	-0.000008	206.572933	0.000001	30
543	-0.213924	206.380414	0.003285	29
544	-0.000000	206.188373	0.000000	29
545	-0.196467	205.996807	0.001856	30
546	-0.717927	205.805716	0.013072	30
547	-1.120244	205.615096	0.020203	29
548	-0.811491	205.424946	0.009262	29
549	-0.222867	205.235265	0.002891	29
550	-0.621582	205.046050	0.015277	30
551	-0.945975	204.857299	0.010232	29
552	-0.587418	204.669011	0.004904	29
553	-0.904452	204.481184	0.006671	29
554	-0.754383	204.293816	0.002948	29
555	-0.553094	204.106905	0.012115	29
556	-0.632257	203.920449	0.009388	32
557	-0.829395	203.734447	0.023080	30
558	-0.976246	203.548896	0.026539	29
559	-0.965412	203.363795	0.010284	29
560	-0.156139	203.179143	0.002993	29
561	-1.027014	202.994937	0.019212	27
562	-0.239520	202.811176	0.006460	28
563	-0.856164	202.627857	0.005509	29
564	-0.001131	202.444980	0.000164	30
565	-1.078023	202.262543	0.015584	28
566	-0.593128	202.080543	0.008393	30
567	-1.052167	201.898979	0.011134	29
568	-0.000712	201.717849	0.000108	29
569	-0.116793	201.537153	0.001825	29
570	-0.493219	201.356887	0.004999	30
571	-0.020710	201.177050	0.000327	30
572	-0.865565	200.997642	0.014123	30
573	-0.000000	200.818659	0.000000	30
574	-0.955765	200.640100	0.008113	29
575	-0.583561	200.461965	0.014023	29
576	-0.814659	200.284250	0.009601	29
577	-0.000000	200.106955	0.000000	29
578	-1.049665	199.930078	0.009504	30
579	-0.000000	199.753617	0.000000	30
580	-0.620875	199.577571	0.004639	29
581	-0.000000	199.401938	0.000000	31
582	-0.000000	199.226717	0.000000	29
583	-1.032058	199.051905	0.011538	29
584	-0.822349	198.877502	0.002335	29
585	-0.766006	198.703506	0.007416	29
586	-0.766618	198.529916	0.005501	30
587	-0.000012	198.356729	0.000002	29
588	-0.673463	198.183944	0.008746	29
589	-0.513177	198.011560	0.006862	29
590	-0.824933	197.839576	0.004585	30
591	-0.000000	197.667989	0.000000	30
592	-0.331168	197.496798	0.006210	29
593	-0.000580	197.326002	0.000032	30
594	-1.121532	197.155600	0.009764	29
595	-0.000000	196.985589	0.000000	29
596	-0.011238	196.815969	0.001114	29
597	-0.537761	196.646738	0.005913	30
598	-0.520752	196.477894	0.007814	28
599	-0.000506	196.309436	0.000017	29
600	-0.918854	196.141363	0.011337	29
601	-1.066462	195.973673	0.008083	31
602	-0.231461	195.806365	0.004362	28
603	-0.464086	195.639437	0.003410	29
604	-0.970515	195.472888	0.007113	29
605	-0.851129	195.306717	0.004832	29
606	-0.627987	195.140922	0.005229	29
607	-0.601375	194.975501	0.005636	29
608	-0.657287	194.810454	0.012332	29
609	-0.000000	194.645779	0.000000	29
610	-0.692666	194.481475	0.009020	29
611	-0.530635	194.317540	0.006313	28
612	-0.000005	194.153973	0.000001	29
613	-1.043235	193.990773	0.013052	30
614	-0.850028	193.827938	0.006038	29
615	-0.670356	193.665467	0.007949	31
616	-0.060877	193.503358	0.001490	24
617	-0.726052	193.341611	0.017864	29
618	-0.000000	193.180224	0.000000	28
619	-1.031150	193.019196	0.012909	29
620	-0.534804	192.858525	0.005461	29
621	-0.800941	192.698210	0.014868	29
622	-1.092751	192.538251	0.018601	27
623	-0.953690	192.378644	0.014523	29
624	-0.977341	192.219391	0.010525	28
625	-0.546375	192.060488	0.004807	30
626	-0.672473	191.901935	0.013313	27
627	-0.000000	191.743730	0.000000	31
628	-0.875667	191.585873	0.019010	29
629	-0.000000	191.428362	0.000000	29
630	-0.247497	191.271196	0.001766	29
631	-0.000000	191.114374	0.000000	31
632	-0.907439	190.957893	0.014553	30
633	-1.117692	190.801755	0.021302	29
634	-1.083331	190.645956	0.010324	30
635	-0.566133	190.490495	0.008661	28
636	-1.060499	190.335373	0.008198	28
637	-1.021881	190.180587	0.006775	29
638	-0.000249	190.026136	0.000026	29
639	-0.169276	189.872019	0.004863	29
640	-0.888780	189.718235	0.009177	29
641	-0.959161	189.564782	0.011586	28
642	-0.136235	189.411661	0.004722	28
643	-0.789569	189.258868	0.007623	25
644	-1.021529	189.106404	0.012528	30
645	-0.771974	188.954267	0.007255	27
646	-0.000000	188.802456	0.000000	25
647	-0.977622	188.650969	0.008781	34
648	-0.623675	188.499807	0.005543	30
649	-0.801040	188.348967	0.007690	33
650	-0.000000	188.198448	0.000000	32
651	-1.087037	188.048250	0.012644	36
652	-1.120081	187.898371	0.016062	37
653	-0.000000	187.748810	0.000000	32
654	-0.816607	187.599566	0.007605	32
655	-1.115508	187.450638	0.013404	30
656	-0.264533	187.302025	0.006949	28
657	-0.000000	187.153725	0.000000	29
658	-0.000845	187.005739	0.000167	29
659	-0.833911	186.858064	0.009532	28
660	-1.110922	186.710699	0.008078	30
661	-1.080589	186.563645	0.010016	30
662	-0.853333	186.416898	0.008408	29
663	-0.000046	186.270459	0.000005	30
664	-0.000000	186.124326	0.000000	35
665	-0.777225	185.978499	0.003442	38
666	-1.043118	185.832976	0.017849	34
667	-0.502102	185.687756	0.007838	37
668	-1.154383	185.542838	0.006598	35
669	-0.915965	185.398222	0.005351	34
670	-0.891469	185.253906	0.012365	33
671	-0.970665	185.109889	0.011727	33
672	-1.128665	184.966170	0.009542	32
673	-0.000000	184.822748	0.000000	29
674	-0.455161	184.679623	0.006641	29
675	-0.239178	184.536792	0.003780	30
676	-0.000000	184.394256	0.000000	26
677	-0.030094	184.252013	0.001191	31
678	-0.778534	184.110062	0.021075	29
679	-0.740696	183.968403	0.006801	28
680	-1.005728	183.827034	0.008236	29
681	-0.974368	183.685954	0.010609	29
682	-0.198224	183.545163	0.003275	30
683	-0.397204	183.404658	0.008014	28
684	-0.936473	183.264441	0.013445	33
685	-0.899266	183.124509	0.004572	37
686	-1.152774	182.984861	0.015762	38
687	-0.000502	182.845497	0.000002	36
688	-0.922390	182.706416	0.004781	30
689	-0.746819	182.567616	0.020281	29
690	-0.684732	182.429098	0.007696	29
691	-0.789143	182.290859	0.006694	29
692	-0.929930	182.152899	0.009845	30
693	-0.000000	182.015217	0.000000	28
694	-0.236051	181.877813	0.006437	25
695	-0.000084	181.740684	0.000033	30
696	-0.000000	181.603832	0.000000	25
697	-0.759450	181.467253	0.008208	29
698	-0.000000	181.330948	0.000000	26
699	-0.654228	181.194916	0.010365	29
700	-0.000000	181.059155	0.000000	29
701	-0.392318	180.923666	0.007094	29
702	-0.000000	180.788446	0.000000	28
703	-0.674654	180.653496	0.009419	29
704	-0.669787	180.518814	0.009881	29
705	-0.918659	180.384399	0.015914	30
706	-1.140881	180.250251	0.038233	28
707	-0.000000	180.116369	0.000000	24
708	-0.000000	179.982752	0.000000	28
709	-0.949073	179.849398	0.004991	29
710	-0.065416	179.716308	0.003182	26
711	-0.227072	179.583480	0.004653	29
712	-0.922645	179.450913	0.008774	29
713	-0.340999	179.318607	0.003332	30
714	-0.000000	179.186561	0.000000	27
715	-1.093856	179.054774	0.007983	28
716	-1.083357	178.923245	0.008797	29
717	-0.000510	178.791973	0.000054	29
718	-0.066774	178.660958	0.002838	28
719	-0.940552	178.530199	0.012812	29
720	-0.712597	178.399694	0.008080	28
721	-0.910186	178.269444	0.008074	30
722	-0.979603	178.139447	0.010131	29
723	-0.100238	178.009702	0.002422	27
724	-0.843519	177.880209	0.015580	30
725	-0.784717	177.750967	0.006501	29
726	-0.469699	177.621975	0.002954	28
727	-0.834294	177.493232	0.009237	30
728	-1.090025	177.364738	0.014624	28
729	-0.605566	177.236492	0.004658	29
730	-1.049218	177.108492	0.016314	29
731	-0.020502	176.980739	0.000594	30
732	-0.727769	176.853231	0.007243	28
733	-0.000000	176.725968	0.000000	26
734	-0.674591	176.598949	0.011066	31
735	-0.997940	176.472173	0.004822	32
736	-1.138657	176.345639	0.007742	36
737	-0.000000	176.219348	0.000000	30
738	-0.000565	176.093296	0.000084	36
739	-0.000000	175.967486	0.000000	34
740	-1.178995	175.841914	0.011038	35
741	-0.255194	175.716581	0.003728	37
742	-0.946445	175.591486	0.004386	39
743	-0.997444	175.466629	0.018879	30
744	-1.124261	175.342008	0.009574	36
745	-0.000493	175.217622	0.000072	36
746	-0.000251	175.093472	0.000049	33
747	-0.961467	174.969556	0.007545	36
748	-1.172275	174.845873	0.005638	33
749	-0.719874	174.722423	0.005366	29
750	-1.104493	174.599206	0.013960	32
751	-0.971262	174.476220	0.011845	32
752	-0.363509	174.353464	0.006388	35
753	-0.853004	174.230939	0.022489	31
754	-0.651354	174.108643	0.005643	32
755	-0.450780	173.986576	0.004479	33
756	-0.005917	173.864737	0.000279	34
757	-0.695608	173.743124	0.006333	34
758	-0.000400	173.621739	0.000072	34
759	-0.130831	173.500579	0.002914	32
760	-0.001055	173.379645	0.000296	35
761	-0.814611	173.258935	0.007641	31
762	-0.759421	173.138449	0.011106	29
763	-0.482593	173.018186	0.008418	29
764	-1.034747	172.898146	0.009247	30
765	-0.002193	172.778327	0.000449	29
766	-0.004251	172.658730	0.000482	33
767	-0.940731	172.539353	0.011238	36
768	-0.262682	172.420196	0.005465	34
769	-0.848481	172.301258	0.011123	33
770	-0.650995	172.182539	0.008505	36
771	-0.932191	172.064037	0.005023	33
772	-0.913887	171.945753	0.015033	36
773	-0.976563	171.827686	0.015257	32
774	-0.662323	171.709834	0.006498	28
775	-0.835350	171.592198	0.004499	29
776	-0.748588	171.474776	0.006139	29
777	-0.825277	171.357568	0.016964	29
778	-0.633709	171.240574	0.007050	31
779	-0.000000	171.123793	0.000000	29
780	-0.218624	171.007223	0.003866	29
781	-1.010275	170.890865	0.010480	28
782	-0.708306	170.774718	0.007788	29
783	-0.163448	170.658782	0.005180	30
784	-0.388652	170.543055	0.005302	30
785	-1.247488	170.427537	0.007169	29
786	-0.504365	170.312227	0.010818	30
787	-1.089571	170.197125	0.013119	39
788	-0.745071	170.082231	0.002133	33
789	-0.007987	169.967543	0.000471	36
790	-0.367170	169.853061	0.006452	35
791	-1.145286	169.738784	0.006923	35
792	-0.000000	169.624713	0.000000	34
793	-0.130604	169.510845	0.003393	37
794	-1.184478	169.397181	0.007254	35
795	-0.400010	169.283720	0.005445	35
796	-0.928517	169.170462	0.010891	34
797	-0.063357	169.057405	0.002423	36
798	-0.289897	168.944549	0.005005	37
799	-0.639933	168.831895	0.007049	35
800	-0.771913	168.719440	0.007233	33
801	-1.061748	168.607185	0.020551	37
802	-0.434043	168.495129	0.005509	35
803	-0.688813	168.383271	0.010643	34
804	-0.000000	168.271611	0.000000	35
805	-0.773751	168.160148	0.007875	35
806	-0.225442	168.048882	0.005504	26
807	-0.884435	167.937812	0.006122	37
808	-0.037957	167.826938	0.001750	32
809	-0.720349	167.716258	0.013084	33
810	-0.000000	167.605773	0.000000	36
811	-1.173571	167.495482	0.012590	39
812	-0.598431	167.385384	0.009370	37
813	-0.749592	167.275479	0.005395	34
814	-0.754687	167.165766	0.003293	36
815	-0.000000	167.056245	0.000000	30
816	-0.243852	166.946915	0.002558	30
817	-0.000000	166.837776	0.000000	29
818	-0.002496	166.728826	0.000116	29
819	-0.673778	166.620067	0.008166	34
820	-1.017496	166.511496	0.014663	33
821	-0.000000	166.403113	0.000000	37
822	-0.000000	166.294919	0.000000	25
823	-0.553004	166.186912	0.005166	32
824	-1.123715	166.079091	0.008410	35
825	-0.725606	165.971458	0.009135	35
826	-0.820060	165.864009	0.011363	29
827	-0.733245	165.756747	0.011969	30
828	-0.876535	165.649669	0.019662	29
829	-0.925109	165.542775	0.012729	28
830	-0.000797	165.436065	0.000185	27
831	-0.621041	165.329538	0.010958	29
832	-0.895951	165.223194	0.013369	30
833	-1.174681	165.117032	0.011638	29
834	-0.714199	165.011052	0.016093	29
835	-0.006075	164.905253	0.001073	29
836	-0.663351	164.799635	0.013110	29
837	-0.774300	164.694197	0.006070	32
838	-0.000246	164.588939	0.000082	29
839	-0.604777	164.483859	0.007476	29
840	-0.747683	164.378959	0.006644	30
841	-1.174915	164.274237	0.011179	29
842	-0.077801	164.169692	0.001064	29
843	-0.871039	164.065325	0.010669	31
844	-0.000000	163.961135	0.000000	28
845	-0.910158	163.857120	0.009065	31
846	-1.078717	163.753282	0.006991	28
847	-1.153162	163.649619	0.004972	30
848	-0.187171	163.546130	0.001262	28
849	-1.049094	163.442816	0.005592	29
850	-0.005197	163.339676	0.000615	30
851	-0.762175	163.236709	0.009399	29
852	-0.824573	163.133915	0.003032	29
853	-0.130260	163.031294	0.002624	29
854	-0.962041	162.928844	0.012950	28
855	-0.639727	162.826566	0.010376	29
856	-0.534691	162.724459	0.005989	29
857	-0.793182	162.622523	0.005019	28
858	-0.861900	162.520757	0.007746	30
859	-0.599141	162.419160	0.005659	29
860	-1.017353	162.317733	0.005106	39
861	-0.979610	162.216474	0.011374	36
862	-0.704138	162.115383	0.004838	34
863	-0.943338	162.014461	0.011651	39
864	-1.029041	161.913705	0.009124	34
865	-1.065579	161.813117	0.013783	35
866	-0.000012	161.712695	0.000002	32
867	-0.563509	161.612439	0.002239	30
868	-0.669282	161.512349	0.011720	27
869	-0.752702	161.412424	0.008474	29
870	-1.141737	161.312663	0.012779	29
871	-0.372980	161.213067	0.005877	29
872	-1.270366	161.113635	0.011913	29
873	-0.000000	161.014366	0.000000	27
874	-1.149858	160.915260	0.022791	28
875	-0.000000	160.816316	0.000000	29
876	-0.000000	160.717535	0.000000	28
877	-1.286118	160.618915	0.014518	31
878	-0.901084	160.520456	0.003952	31
879	-0.359506	160.422158	0.004747	29
880	-0.822114	160.324021	0.005527	28
881	-0.898818	160.226043	0.013391	30
882	-0.878556	160.128225	0.013768	29
883	-1.073112	160.030566	0.004560	29
884	-0.000000	159.933066	0.000000	29
885	-0.938026	159.835723	0.007866	29
886	-0.825959	159.738539	0.008864	31
887	-0.918961	159.641512	0.012225	30
888	-0.852128	159.544642	0.014855	28
889	-0.021383	159.447929	0.001060	28
890	-0.678847	159.351372	0.006235	26
891	-0.019753	159.254971	0.000318	29
892	-0.684351	159.158725	0.009734	30
893	-0.706367	159.062634	0.006182	30
894	-0.559865	158.966697	0.005188	28
895	-0.823346	158.870915	0.005818	29
896	-0.887330	158.775286	0.013012	29
897	-0.000000	158.679811	0.000000	29
898	-0.976350	158.584489	0.012239	29
899	-0.671040	158.489319	0.004980	29
900	-0.000017	158.394302	0.000003	29
901	-0.947263	158.299436	0.008695	30
902	-0.276335	158.204721	0.003626	28
903	-0.372879	158.110158	0.002779	30
904	-0.000000	158.015745	0.000000	27
905	-0.426750	157.921482	0.007935	29
906	-0.969518	157.827369	0.006577	29
907	-0.693578	157.733406	0.007830	30
908	-1.053300	157.639591	0.011941	29
909	-0.542835	157.545925	0.009872	28
910	-0.000000	157.452408	0.000000	28
911	-0.997385	157.359038	0.016393	29
912	-0.000000	157.265816	0.000000	29
913	-0.916719	157.172741	0.006071	29
914	-0.493853	157.079813	0.004267	29
915	-0.309788	156.987031	0.004159	29
916	-0.570690	156.894395	0.006585	29
917	-0.176945	156.801904	0.002482	29
918	-1.244276	156.709559	0.010635	29
919	-1.243474	156.617359	0.020845	28
920	-0.297882	156.525304	0.006648	25
921	-0.605855	156.433392	0.006549	29
922	-0.445084	156.341624	0.008110	29
923	-1.113743	156.250000	0.013232	29
924	-1.067578	156.158519	0.008727	31
925	-0.000000	156.067180	0.000000	29
926	-1.020667	155.975984	0.007372	29
927	-0.025642	155.884930	0.000635	29
928	-1.084034	155.794017	0.015916	27
929	-0.626441	155.703246	0.013236	30
930	-0.693456	155.612615	0.011181	31
931	-0.428175	155.522125	0.008698	29
932	-0.717773	155.431775	0.016006	29
933	-0.442586	155.341565	0.003894	29
934	-1.101804	155.251495	0.008605	29
935	-0.759604	155.161563	0.009429	29
936	-0.984156	155.071771	0.007215	29
937	-0.483541	154.982117	0.006973	29
938	-0.930248	154.892601	0.009592	30
939	-0.365716	154.803222	0.005844	29
940	-0.801747	154.713981	0.010764	29
941	-0.425858	154.624878	0.005825	29
942	-0.000000	154.535910	0.000000	33
943	-0.729842	154.447080	0.006842	36
944	-0.000000	154.358385	0.000000	31
945	-0.807659	154.269826	0.007278	34
946	-0.889841	154.181402	0.003662	36
947	-0.855939	154.093114	0.011224	36
948	-0.757392	154.004960	0.018179	35
949	-1.112022	153.916940	0.011116	38
950	-0.910915	153.829054	0.009248	29
951	-0.990604	153.741303	0.011533	31
952	-0.387989	153.653684	0.006610	29
953	-0.771763	153.566198	0.009222	28
954	-0.170666	153.478846	0.004087	24
955	-0.898417	153.391625	0.005919	29
956	-0.906538	153.304537	0.008981	28
957	-0.985143	153.217580	0.008163	29
958	-0.007540	153.130755	0.000769	27
959	-0.479983	153.044061	0.003377	29
960	-1.060985	152.957498	0.013006	29
961	-0.757329	152.871065	0.006720	30
962	-0.089417	152.784762	0.001463	31
963	-0.719297	152.698589	0.004280	28
964	-0.809217	152.612545	0.006872	29
965	-0.789622	152.526631	0.008786	28
966	-0.000000	152.440845	0.000000	27
967	-0.000000	152.355188	0.000000	24
968	-1.022578	152.269660	0.009661	30
969	-0.824095	152.184259	0.013679	29
970	-0.874460	152.098986	0.007156	26
971	-0.706972	152.013840	0.004747	30
972	-0.949116	151.928821	0.012322	28
973	-1.226084	151.843928	0.010585	30
974	-0.000000	151.759163	0.000000	28
975	-0.351443	151.674523	0.005059	27
976	-1.081822	151.590009	0.011063	29
977	-0.838537	151.505620	0.008985	29
978	-0.808234	151.421357	0.005709	26
979	-0.933295	151.337218	0.009228	29
980	-0.000001	151.253204	0.000000	24
981	-1.124273	151.169314	0.005678	29
982	-0.802756	151.085549	0.010440	29
983	-0.521276	151.001907	0.004000	29
984	-0.000000	150.918388	0.000000	29
985	-0.727775	150.834992	0.006880	29
986	-0.000000	150.751719	0.000000	30
987	-0.449283	150.668569	0.007238	29
988	-0.053587	150.585541	0.002089	23
989	-0.140681	150.502634	0.003806	28
990	-1.035119	150.419849	0.007609	28
991	-0.000042	150.337186	0.000015	29
992	-0.930389	150.254644	0.008084	29
993	-0.177878	150.172222	0.004216	29
994	-1.179855	150.089921	0.005209	28
995	-1.105337	150.007740	0.006295	29
996	-0.846425	149.925679	0.010996	29
997	-1.036888	149.843737	0.003763	28
998	-0.011704	149.761915	0.000505	28
999	-0.679756	149.680212	0.005524	29
1000	-0.987254	149.598627	0.006626	27
1001	-1.140178	149.517161	0.009399	28
1002	-0.959808	149.435814	0.013918	30
1003	-0.867249	149.354584	0.009041	29
1004	-1.015707	149.273472	0.009827	29
1005	-0.000000	149.192477	0.000000	29
1006	-0.973114	149.111599	0.010619	29
1007	-0.000000	149.030838	0.000000	29
1008	-0.915846	148.950194	0.008490	27
1009	-1.153133	148.869666	0.004913	30
1010	-0.000000	148.789253	0.000000	30
1011	-0.686183	148.708957	0.009929	29
1012	-0.557878	148.628776	0.010747	30
1013	-0.892373	148.548710	0.007998	29
1014	-0.800634	148.468759	0.009467	29
1015	-0.000000	148.388923	0.000000	28
1016	-0.553069	148.309201	0.006243	29
1017	-0.731161	148.229594	0.004454	29
1018	-0.559138	148.150100	0.002636	29
1019	-1.127928	148.070719	0.010508	29
1020	-0.689713	147.991452	0.006123	29
1021	-1.020731	147.912298	0.015350	29
1022	-1.043566	147.833257	0.010228	29
1023	-0.000000	147.754329	0.000000	27
1024	-0.880427	147.675512	0.003318	29
1025	-0.000000	147.596808	0.000000	28
1026	-0.089792	147.518216	0.002490	30
1027	-0.706721	147.439735	0.006166	29
1028	-0.889590	147.361365	0.007209	29
1029	-0.758596	147.283106	0.004826	28
1030	-0.597252	147.204958	0.007435	29
1031	-0.852668	147.126920	0.005478	30
1032	-1.110660	147.048993	0.016654	29
1033	-0.821958	146.971175	0.014821	28
1034	-0.951203	146.893468	0.009799	29
1035	-0.940116	146.815869	0.006862	29
1036	-0.612142	146.738380	0.004438	29
1037	-0.742476	146.661000	0.007509	29
1038	-0.000015	146.583729	0.000001	28
1039	-0.000000	146.506566	0.000000	29
1040	-1.139155	146.429511	0.015952	29
1041	-0.251943	146.352565	0.002709	29
1042	-0.671130	146.275726	0.007720	30
1043	-0.353407	146.198994	0.010051	29
1044	-0.000000	146.122370	0.000000	26
1045	-1.055839	146.045853	0.005998	29
1046	-0.567667	145.969442	0.009397	27
1047	-0.730812	145.893139	0.014518	26
1048	-0.000000	145.816941	0.000000	29
1049	-0.000000	145.740849	0.000000	29
1050	-0.049069	145.664863	0.001044	29
1051	-0.706431	145.588983	0.004588	28
1052	-0.843368	145.513208	0.005169	29
1053	-0.000001	145.437538	0.000000	30
1054	-0.000000	145.361973	0.000000	29
1055	-1.125317	145.286513	0.013212	28
1056	-1.196571	145.211157	0.008208	29
1057	-0.943670	145.135905	0.009911	29
1058	-0.763915	145.060757	0.002088	29
1059	-0.044514	144.985712	0.002003	31
1060	-0.908729	144.910771	0.013135	30
1061	-0.984636	144.835934	0.009871	28
1062	-1.065271	144.761199	0.005633	29
1063	-1.107013	144.686567	0.008961	29
1064	-0.445462	144.612037	0.004204	29
1065	-0.275550	144.537610	0.001682	30
1066	-0.034500	144.463285	0.001413	31
1067	-0.000000	144.389062	0.000000	29
1068	-0.597277	144.314940	0.003771	29
1069	-0.181998	144.240920	0.004296	27
1070	-0.662456	144.167001	0.005807	30
1071	-0.865321	144.093182	0.006659	29
1072	-0.000000	144.019465	0.000000	28
1073	-1.014141	143.945848	0.012378	29
1074	-0.377325	143.872331	0.004660	29
1075	-0.062217	143.798914	0.000856	29
1076	-0.006882	143.725597	0.000135	33
1077	-1.137573	143.652380	0.009218	34
1078	-1.039332	143.579262	0.014295	35
1079	-0.767146	143.506243	0.009644	34
1080	-0.041106	143.433323	0.002143	37
1081	-0.781106	143.360502	0.008778	38
1082	-1.167677	143.287780	0.011786	31
1083	-1.043690	143.215155	0.012779	29
1084	-1.022655	143.142629	0.007932	29
1085	-1.199761	143.070201	0.007851	29
1086	-0.009434	142.997870	0.000183	29
1087	-0.614817	142.925637	0.012772	28
1088	-0.061827	142.853501	0.003246	30
1089	-1.132516	142.781462	0.008434	29
1090	-1.103090	142.709519	0.008397	30
1091	-0.000000	142.637674	0.000000	30
1092	-0.810609	142.565924	0.008789	29
1093	-0.688181	142.494271	0.004463	29
1094	-1.062040	142.422714	0.007649	29
1095	-1.168411	142.351252	0.009163	29
1096	-1.236187	142.279886	0.028003	29
1097	-0.934330	142.208616	0.019594	29
1098	-0.842327	142.137440	0.008607	31
1099	-0.448638	142.066360	0.005752	29
1100	-0.000000	141.995374	0.000000	30
1101	-0.914624	141.924483	0.010246	31
1102	-0.989671	141.853685	0.009661	28
1103	-0.000000	141.782983	0.000000	30
1104	-0.861014	141.712373	0.014035	29
1105	-0.054868	141.641858	0.000950	29
1106	-1.127138	141.571436	0.020386	29
1107	-0.453680	141.501108	0.008170	29
1108	-0.761362	141.430872	0.007266	29
1109	-1.146047	141.360730	0.016970	29
1110	-1.142759	141.290680	0.010098	29
1111	-0.785105	141.220722	0.005724	31
1112	-0.000000	141.150857	0.000000	29
1113	-1.110381	141.081084	0.009065	29
1114	-0.599833	141.011403	0.007288	30
1115	-0.669047	140.941813	0.009292	30
1116	-0.071746	140.872315	0.001689	30
1117	-0.448016	140.802909	0.006531	30
1118	-0.167756	140.733593	0.003282	31
1119	-1.155994	140.664369	0.007337	34
1120	-0.033995	140.595235	0.000590	32
1121	-1.084256	140.526192	0.016298	30
1122	-0.771680	140.457239	0.006400	30
1123	-0.909875	140.388376	0.011741	31
1124	-0.936459	140.319603	0.009080	30
1125	-0.772840	140.250920	0.008676	29
1126	-0.005283	140.182326	0.000572	30
1127	-1.081246	140.113822	0.009570	32
1128	-0.842228	140.045407	0.008861	29
1129	-0.859607	139.977081	0.009687	29
1130	-0.000020	139.908844	0.000003	30
1131	-1.240813	139.840696	0.010109	32
1132	-0.000000	139.772635	0.000000	30
1133	-0.000000	139.704664	0.000000	23
1134	-0.982747	139.636780	0.009898	29
1135	-0.000000	139.568984	0.000000	29
1136	-1.106048	139.501276	0.005954	30
1137	-1.092819	139.433655	0.009008	31
1138	-0.759399	139.366122	0.007474	30
1139	-0.940041	139.298676	0.007453	30
1140	-0.736062	139.231317	0.010727	29
1141	-0.000000	139.164045	0.000000	30
1142	-0.000000	139.096859	0.000000	28
1143	-0.063733	139.029760	0.001548	29
1144	-1.006025	138.962747	0.009738	28
1145	-1.040760	138.895820	0.006605	29
1146	-1.009157	138.828978	0.011238	30
1147	-0.000000	138.762223	0.000000	30
1148	-0.000000	138.695553	0.000000	28
1149	-0.000000	138.628969	0.000000	30
1150	-0.022898	138.562469	0.001455	26
1151	-0.104110	138.496055	0.003341	29
1152	-0.055988	138.429725	0.000889	30
1153	-0.173948	138.363481	0.004454	27
1154	-0.869613	138.297320	0.009076	28
1155	-0.000022	138.231244	0.000006	27
1156	-0.272929	138.165252	0.004751	27
1157	-0.853688	138.099344	0.005564	31
1158	-0.185287	138.033520	0.004762	26
1159	-0.781138	137.967779	0.015429	30
1160	-0.405862	137.902122	0.002996	28
1161	-0.000000	137.836548	0.000000	28
1162	-0.808246	137.771057	0.004639	29
1163	-0.805582	137.705649	0.010263	31
1164	-0.900827	137.640324	0.020543	29
1165	-0.947781	137.575081	0.019465	29
1166	-0.000000	137.509921	0.000000	29
1167	-0.598783	137.444842	0.011078	29
1168	-0.771435	137.379846	0.007102	29
1169	-0.770619	137.314932	0.006148	30
1170	-0.000000	137.250100	0.000000	30
1171	-0.000000	137.185349	0.000000	25
1172	-0.064788	137.120680	0.001361	29
1173	-0.624427	137.056092	0.007496	29
1174	-1.131965	136.991585	0.007928	29
1175	-0.852826	136.927158	0.008494	30
1176	-0.883379	136.862813	0.012917	29
1177	-0.038882	136.798548	0.002282	31
1178	-0.315981	136.734363	0.003412	28
1179	-0.749689	136.670259	0.013800	29
1180	-0.225921	136.606235	0.003163	29
1181	-1.047516	136.542291	0.004527	30
1182	-0.091159	136.478426	0.001484	30
1183	-0.000000	136.414641	0.000000	30
1184	-1.121960	136.350936	0.011852	29
1185	-0.000000	136.287310	0.000000	29
1186	-1.041750	136.223763	0.010964	29
1187	-1.180725	136.160295	0.012105	29
1188	-0.518194	136.096905	0.006665	28
1189	-0.000000	136.033594	0.000000	28
1190	-1.092741	135.970362	0.010958	29
1191	-0.606990	135.907208	0.007926	29
1192	-0.849575	135.844133	0.004760	29
1193	-0.020789	135.781135	0.001450	30
1194	-1.184853	135.718215	0.007855	27
1195	-0.000132	135.655373	0.000031	29
1196	-0.234874	135.592608	0.003520	29
1197	-0.164918	135.529921	0.005760	27
1198	-0.000000	135.467311	0.000000	23
1199	-0.684172	135.404778	0.007297	28
1200	-0.658438	135.342322	0.009373	29
1201	-0.522185	135.279942	0.006877	29
1202	-0.630132	135.217640	0.008676	29
1203	-1.169638	135.155413	0.018623	30
1204	-0.980282	135.093263	0.023852	29
1205	-1.184316	135.031190	0.013667	30
1206	-0.806795	134.969192	0.004386	31
1207	-0.025223	134.907270	0.001300	29
1208	-1.103313	134.845424	0.011170	29
1209	-0.790857	134.783653	0.008905	29
1210	-0.908871	134.721958	0.008539	28
1211	-1.193074	134.660338	0.009071	29
1212	-0.001295	134.598793	0.000193	29
1213	-0.780075	134.537323	0.011930	29
1214	-0.703866	134.475927	0.010746	27
1215	-0.956332	134.414607	0.006499	28
1216	-0.000671	134.353361	0.000173	30
1217	-0.567761	134.292189	0.010092	29
1218	-1.083318	134.231092	0.004444	30
1219	-0.580164	134.170068	0.004573	29
1220	-1.183234	134.109119	0.013774	29
1221	-1.031810	134.048243	0.013886	29
1222	-0.980297	133.987441	0.008325	29
1223	-0.685958	133.926713	0.006014	31
1224	-0.633656	133.866057	0.006852	31
1225	-0.960026	133.805475	0.011881	29
1226	-0.362718	133.744966	0.003914	30
1227	-1.181153	133.684530	0.010002	29
1228	-0.870237	133.624167	0.005955	29
1229	-1.117625	133.563877	0.006604	27
1230	-0.000000	133.503658	0.000000	30
1231	-0.922525	133.443513	0.014142	29
1232	-0.901539	133.383439	0.010099	28
1233	-0.856290	133.323437	0.007950	29
1234	-0.460810	133.263508	0.005949	29
1235	-1.036575	133.203650	0.006625	28
1236	-0.000000	133.143864	0.000000	30
1237	-0.000000	133.084149	0.000000	29
1238	-1.210851	133.024506	0.007424	29
1239	-0.296162	132.964934	0.005091	29
1240	-0.000365	132.905433	0.000037	28
1241	-0.167501	132.846003	0.004785	25
1242	-1.259767	132.786643	0.020376	29
1243	-0.000000	132.727355	0.000000	29
1244	-0.773110	132.668137	0.008917	28
1245	-0.789836	132.608989	0.011692	29
1246	-1.154071	132.549912	0.011335	28
1247	-1.101252	132.490904	0.006678	30
1248	-0.000000	132.431967	0.000000	27
1249	-1.112723	132.373100	0.009848	29
1250	-0.000000	132.314302	0.000000	29
1251	-1.121284	132.255574	0.006304	27
1252	-0.819804	132.196916	0.012112	28
1253	-0.055982	132.138326	0.000610	28
1254	-0.000000	132.079806	0.000000	29
1255	-0.289631	132.021355	0.006156	30
1256	-0.878506	131.962973	0.008291	29
1257	-0.462377	131.904660	0.006363	29
1258	-1.006255	131.846415	0.008873	29
1259	-0.033905	131.788239	0.000926	29
1260	-0.740132	131.730131	0.004432	29
1261	-0.070447	131.672092	0.002397	27
1262	-0.172335	131.614121	0.001951	29
1263	-0.732004	131.556217	0.011077	29
1264	-0.000000	131.498382	0.000000	25
1265	-0.701246	131.440614	0.006604	29
1266	-0.000011	131.382914	0.000005	30
1267	-0.773114	131.325282	0.007672	30
1268	-0.733922	131.267717	0.008381	29
1269	-0.795145	131.210219	0.005785	31
1270	-0.897589	131.152788	0.011611	29
1271	-1.245206	131.095424	0.026962	30
1272	-0.002785	131.038127	0.000349	29
1273	-0.840795	130.980897	0.007110	28
1274	-0.038474	130.923733	0.001366	28
1275	-1.038924	130.866636	0.016111	29
1276	-0.778002	130.809605	0.009620	29
1277	-0.694362	130.752641	0.002189	31
1278	-0.676256	130.695742	0.006124	29
1279	-1.027326	130.638910	0.020014	28
1280	-0.507946	130.582143	0.010468	29
1281	-0.896673	130.525442	0.010963	29
1282	-1.070513	130.468807	0.009066	29
1283	-0.647190	130.412237	0.006139	30
1284	-0.567055	130.355733	0.006301	29
1285	-0.153476	130.299294	0.004799	29
1286	-0.705653	130.242920	0.008450	32
1287	-0.560965	130.186611	0.005876	29
1288	-1.015796	130.130366	0.011570	31
1289	-0.762439	130.074187	0.005861	29
1290	-1.030228	130.018072	0.004389	29
1291	-0.149360	129.962022	0.004188	28
1292	-0.129741	129.906036	0.004850	29
1293	-0.000000	129.850114	0.000000	29
1294	-1.045242	129.794257	0.005013	29
1295	-0.877480	129.738463	0.006572	29
1296	-0.939281	129.682734	0.008283	29
1297	-0.098556	129.627068	0.001644	29
1298	-1.061188	129.571466	0.015416	29
1299	-0.873174	129.515927	0.014070	29
1300	-0.010118	129.460452	0.000848	30
1301	-0.424848	129.405040	0.005417	30
1302	-0.745515	129.349692	0.006237	28
1303	-0.408729	129.294406	0.005126	30
1304	-0.291236	129.239183	0.006296	29
1305	-0.369214	129.184024	0.004388	29
1306	-0.038156	129.128927	0.001191	30
1307	-0.298288	129.073892	0.005058	29
1308	-0.995323	129.018921	0.005957	28
1309	-0.786183	128.964011	0.004241	29
1310	-1.061955	128.909164	0.007171	30
1311	-0.897079	128.854379	0.008042	28
1312	-1.142403	128.799656	0.018038	28
1313	-1.137819	128.744995	0.007852	29
1314	-1.206790	128.690396	0.039853	29
1315	-0.747788	128.635858	0.007407	28
1316	-1.124049	128.581382	0.011952	33
1317	-0.504453	128.526968	0.004847	27
1318	-0.554107	128.472615	0.005984	30
1319	-0.948045	128.418323	0.005788	29
1320	-0.000446	128.364092	0.000072	30
1321	-1.061916	128.309922	0.005282	30
1322	-0.000000	128.255814	0.000000	24
1323	-0.843273	128.201766	0.012607	29
1324	-0.356817	128.147778	0.006425	29
1325	-0.414769	128.093852	0.007295	30
1326	-1.047122	128.039985	0.004787	28
1327	-0.741357	127.986180	0.016795	29
1328	-0.064973	127.932434	0.004314	30
1329	-0.152745	127.878749	0.002985	28
1330	-0.265314	127.825123	0.002404	30
1331	-0.511206	127.771558	0.003735	29
1332	-0.742566	127.718052	0.007738	29
1333	-0.000000	127.664606	0.000000	29
1334	-1.016909	127.611220	0.010397	29
1335	-0.000000	127.557893	0.000000	26
1336	-0.000000	127.504625	0.000000	29
1337	-0.000000	127.451417	0.000000	28
1338	-0.101540	127.398268	0.001531	29
1339	-0.737232	127.345178	0.008219	29
1340	-0.115771	127.292147	0.001336	30
1341	-0.060910	127.239175	0.000672	30
1342	-1.282819	127.186261	0.017806	28
1343	-0.133766	127.133407	0.003216	29
1344	-0.746658	127.080610	0.008073	29
1345	-0.777517	127.027872	0.013199	29
1346	-0.610993	126.975193	0.007955	28
1347	-0.240049	126.922572	0.002123	29
1348	-0.811760	126.870008	0.009753	29
1349	-0.000000	126.817503	0.000000	30
1350	-0.000001	126.765056	0.000000	26
1351	-1.075763	126.712667	0.006745	30
1352	-0.606766	126.660335	0.007163	29
1353	-0.784892	126.608061	0.005384	29
1354	-0.881201	126.555844	0.006615	30
1355	-0.434231	126.503685	0.004086	29
1356	-0.299688	126.451583	0.006191	29
1357	-1.001716	126.399538	0.013173	29
1358	-0.921281	126.347550	0.010050	29
1359	-0.727649	126.295619	0.008308	28
1360	-0.891527	126.243745	0.007120	29
1361	-0.205069	126.191928	0.003099	29
1362	-0.463702	126.140168	0.004641	30
1363	-0.016463	126.088464	0.000741	31
1364	-0.010361	126.036817	0.000372	29
1365	-0.583634	125.985226	0.007356	31
1366	-1.251248	125.933691	0.013522	29
1367	-0.781195	125.882212	0.009889	28
1368	-1.141437	125.830790	0.019715	29
1369	-0.327224	125.779423	0.003955	29
1370	-0.000000	125.728113	0.000000	29
1371	-0.206609	125.676858	0.003815	28
1372	-1.189257	125.625659	0.012369	30
1373	-1.126552	125.574515	0.013043	29
1374	-1.152611	125.523427	0.010379	29
1375	-0.117637	125.472394	0.001611	29
1376	-0.000000	125.421417	0.000000	29
1377	-1.015915	125.370495	0.010663	29
1378	-0.606019	125.319628	0.011710	29
1379	-0.000000	125.268815	0.000000	29
1380	-1.233119	125.218058	0.010934	29
1381	-0.703909	125.167356	0.005768	29
1382	-1.090838	125.116708	0.009346	29
1383	-0.612166	125.066115	0.006530	29
1384	-1.288067	125.015576	0.010242	30
1385	-0.019457	124.965092	0.001222	29
1386	-0.693120	124.914662	0.006949	31
1387	-0.799141	124.864287	0.009349	29
1388	-0.779555	124.813965	0.013523	29
1389	-0.700694	124.763698	0.004990	30
1390	-0.007119	124.713485	0.000239	33
1391	-0.720289	124.663325	0.005398	38
1392	-1.083271	124.613219	0.015417	34
1393	-0.925926	124.563167	0.011246	33
1394	-0.378196	124.513168	0.006561	34
1395	-0.346186	124.463223	0.007716	34
1396	-0.987162	124.413332	0.005005	37
1397	-0.000000	124.363493	0.000000	34
1398	-0.495603	124.313708	0.006847	29
1399	-0.210681	124.263976	0.005520	28
1400	-1.044150	124.214297	0.016244	28
1401	-0.777376	124.164671	0.003817	31
1402	-0.091107	124.115097	0.002119	29
1403	-0.909114	124.065577	0.023623	29
1404	-0.866220	124.016109	0.010220	29
1405	-0.573704	123.966693	0.005556	29
1406	-0.000000	123.917330	0.000000	30
1407	-0.799496	123.868020	0.005720	28
1408	-0.386518	123.818762	0.008149	30
1409	-0.208828	123.769556	0.003949	29
1410	-0.660807	123.720402	0.008513	29
1411	-0.000265	123.671300	0.000095	27
1412	-1.161971	123.622250	0.009111	29
1413	-1.099095	123.573252	0.011451	29
1414	-0.000000	123.524305	0.000000	24
1415	-0.955229	123.475411	0.010902	29
1416	-0.000000	123.426568	0.000000	29
1417	-0.758651	123.377776	0.009840	29
1418	-1.107424	123.329036	0.008634	29
1419	-1.126521	123.280347	0.010252	30
1420	-0.010234	123.231709	0.001444	29
1421	-1.220606	123.183122	0.017194	29
1422	-1.144712	123.134587	0.003596	29
1423	-0.000000	123.086102	0.000000	29
1424	-0.918036	123.037669	0.006969	29
1425	-0.838372	122.989286	0.004456	28
1426	-0.236153	122.940954	0.005805	26
1427	-0.698249	122.892672	0.008253	29
1428	-0.562821	122.844441	0.008980	31
1429	-0.000000	122.796261	0.000000	29
1430	-0.000000	122.748130	0.000000	29
1431	-0.865974	122.700050	0.003417	29
1432	-0.000000	122.652021	0.000000	28
1433	-0.630689	122.604041	0.006199	29
1434	-0.721121	122.556111	0.010308	30
1435	-1.025122	122.508232	0.010658	29
1436	-1.133834	122.460402	0.003884	29
1437	-1.179117	122.412622	0.009075	28
1438	-0.892166	122.364891	0.007243	29
1439	-0.000000	122.317210	0.000000	22
1440	-0.852756	122.269579	0.010531	31
1441	-0.600746	122.221997	0.006779	28
1442	-0.000000	122.174465	0.000000	29
1443	-1.055723	122.126981	0.011063	32
1444	-0.855184	122.079547	0.010657	29
1445	-1.023352	122.032162	0.009627	30
1446	-0.000000	121.984826	0.000000	29
1447	-0.000000	121.937539	0.000000	29
1448	-1.057314	121.890301	0.007377	33
1449	-0.000056	121.843112	0.000006	30
1450	-0.000000	121.795971	0.000000	30
1451	-0.898680	121.748879	0.004869	29
1452	-0.000000	121.701835	0.000000	26
1453	-0.576267	121.654840	0.008171	30
1454	-0.816482	121.607893	0.009019	29
1455	-0.477328	121.560994	0.007978	30
1456	-0.863056	121.514144	0.013113	30
1457	-0.246866	121.467342	0.005413	29
1458	-0.498206	121.420588	0.006652	29
1459	-0.438588	121.373882	0.005741	30
1460	-0.000000	121.327223	0.000000	31
1461	-0.922594	121.280613	0.010547	31
1462	-0.391826	121.234050	0.006932	31
1463	-0.000000	121.187535	0.000000	31
1464	-1.163739	121.141067	0.022765	29
1465	-0.070794	121.094647	0.002319	30
1466	-0.327111	121.048274	0.003911	30
1467	-0.919566	121.001949	0.005629	29
1468	-0.792895	120.955671	0.010547	30
1469	-0.876756	120.909440	0.011151	27
1470	-0.744545	120.863256	0.007770	30
1471	-0.796942	120.817119	0.007729	29
1472	-0.710756	120.771029	0.008953	40
1473	-0.968583	120.724986	0.004684	36
1474	-1.144489	120.678990	0.014012	37
1475	-1.216767	120.633040	0.008068	36
1476	-1.071180	120.587137	0.008727	32
1477	-1.141033	120.541281	0.011249	32
1478	-0.373676	120.495471	0.005204	29
1479	-0.032857	120.449707	0.000380	29
1480	-0.787634	120.403990	0.005452	30
1481	-0.732193	120.358319	0.013451	29
1482	-0.925287	120.312694	0.013043	29
1483	-0.304762	120.267115	0.001304	30
1484	-0.802900	120.221582	0.009483	30
1485	-0.974027	120.176096	0.009251	29
1486	-0.420536	120.130655	0.005631	29
1487	-0.796620	120.085260	0.013200	30
1488	-1.151605	120.039910	0.017321	30
1489	-0.008663	119.994606	0.000423	27
1490	-0.803691	119.949348	0.005453	29
1491	-1.072284	119.904135	0.006097	28
1492	-1.063702	119.858968	0.009248	29
1493	-0.983627	119.813846	0.014470	29
1494	-0.630746	119.768769	0.009419	29
1495	-0.779834	119.723738	0.006843	28
1496	-0.178787	119.678752	0.004841	29
1497	-0.002662	119.633810	0.000599	28
1498	-0.022920	119.588914	0.000604	28
1499	-0.454454	119.544062	0.008595	30
1500	-0.315761	119.499256	0.003164	28
1501	-1.127448	119.454494	0.035552	29
1502	-1.007684	119.409777	0.010301	29
1503	-0.433843	119.365104	0.003928	30
1504	-0.568652	119.320476	0.006415	29
1505	-0.000000	119.275893	0.000000	29
1506	-0.000000	119.231353	0.000000	30
1507	-0.518337	119.186859	0.002785	29
1508	-0.000000	119.142408	0.000000	26
1509	-0.704388	119.098002	0.007851	29
1510	-1.251315	119.053639	0.008022	29
1511	-0.000000	119.009321	0.000000	29
1512	-0.654104	118.965047	0.007983	29
1513	-0.920108	118.920816	0.019901	29
1514	-0.000000	118.876630	0.000000	29
1515	-0.000000	118.832487	0.000000	29
1516	-0.011738	118.788388	0.000764	25
1517	-1.195252	118.744332	0.012135	29
1518	-0.576297	118.700320	0.009251	29
1519	-0.000000	118.656352	0.000000	29
1520	-0.489878	118.612427	0.002967	29
1521	-0.794059	118.568545	0.010876	28
1522	-1.155892	118.524706	0.012382	29
1523	-0.648594	118.480911	0.005979	29
1524	-0.000000	118.437159	0.000000	29
1525	-0.000000	118.393450	0.000000	31
1526	-0.573197	118.349784	0.005272	32
1527	-0.804114	118.306160	0.006288	30
1528	-0.513655	118.262580	0.010163	31
1529	-0.957128	118.219042	0.006591	29
1530	-1.115234	118.175548	0.009492	32
1531	-1.135829	118.132095	0.020301	31
1532	-0.000000	118.088686	0.000000	30
1533	-0.041377	118.045319	0.001418	26
1534	-0.615042	118.001994	0.005246	31
1535	-1.039094	117.958712	0.005408	32
1536	-0.659889	117.915472	0.008046	30
1537	-0.799071	117.872274	0.006617	31
1538	-0.000000	117.829118	0.000000	30
1539	-0.000000	117.786005	0.000000	30
1540	-0.960653	117.742933	0.006026	29
1541	-0.000000	117.699904	0.000000	27
1542	-0.000003	117.656916	0.000001	29
1543	-0.797650	117.613971	0.017305	32
1544	-0.690913	117.571067	0.006100	30
1545	-0.710574	117.528205	0.006990	29
1546	-0.211959	117.485384	0.004094	32
1547	-0.667051	117.442605	0.006441	31
1548	-0.032326	117.399867	0.001408	31
1549	-0.000000	117.357171	0.000000	31
1550	-0.966468	117.314517	0.005677	29
1551	-1.226107	117.271903	0.007630	31
1552	-1.141025	117.229331	0.010877	31
1553	-0.053472	117.186800	0.000771	29
1554	-0.000027	117.144311	0.000005	30
1555	-1.024025	117.101862	0.007244	31
1556	-0.780171	117.059454	0.009064	30
1557	-0.606321	117.017087	0.006137	30
1558	-0.697465	116.974762	0.009992	30
1559	-0.943119	116.932476	0.012161	31
1560	-0.543308	116.890232	0.002285	31
1561	-1.035447	116.848028	0.007047	30
1562	-1.098448	116.805865	0.006577	30
1563	-0.581897	116.763743	0.008965	25
1564	-1.078806	116.721661	0.007445	31
1565	-0.932856	116.679619	0.004892	29
1566	-0.000024	116.637618	0.000003	29
1567	-0.984607	116.595657	0.008489	28
1568	-0.884267	116.553736	0.007623	29
1569	-1.088547	116.511855	0.009721	27
1570	-1.191668	116.470015	0.010859	29
1571	-0.000000	116.428214	0.000000	28
1572	-1.057210	116.386454	0.018911	29
1573	-0.077988	116.344733	0.000705	29
1574	-1.043583	116.303052	0.005810	29
1575	-0.180685	116.261412	0.003899	29
1576	-0.000000	116.219810	0.000000	29
1577	-0.214987	116.178249	0.004308	28
1578	-1.291758	116.136727	0.012308	29
1579	-0.126985	116.095245	0.003339	28
1580	-0.764184	116.053802	0.009606	29
1581	-1.145277	116.012398	0.013373	27
1582	-1.122796	115.971034	0.007328	30
1583	-0.729453	115.929710	0.009622	29
1584	-1.044527	115.888424	0.014215	29
1585	-0.739152	115.847178	0.015618	30
1586	-0.227668	115.805970	0.006239	29
1587	-0.756968	115.764802	0.011062	29
1588	-0.467614	115.723673	0.005434	30
1589	-0.741215	115.682583	0.009468	29
1590	-0.860583	115.641532	0.002742	29
1591	-0.001274	115.600519	0.000250	29
1592	-0.723103	115.559546	0.002270	29
1593	-0.000000	115.518610	0.000000	29
1594	-0.689254	115.477714	0.008618	29
1595	-0.679236	115.436856	0.009238	29
1596	-0.000000	115.396037	0.000000	29
1597	-0.948851	115.355256	0.010852	28
1598	-0.043085	115.314514	0.001886	29
1599	-0.076213	115.273810	0.003183	28
1600	-0.990091	115.233144	0.010917	29
1601	-0.559235	115.192517	0.008454	29
1602	-0.839200	115.151927	0.005900	28
1603	-0.517510	115.111376	0.007970	30
1604	-0.746808	115.070863	0.010547	31
1605	-0.658156	115.030388	0.011967	32
1606	-0.748376	114.989951	0.008615	30
1607	-0.000002	114.949551	0.000001	29
1608	-0.000829	114.909190	0.000215	30
1609	-0.683138	114.868866	0.003859	30
1610	-0.000000	114.828580	0.000000	30
1611	-0.535362	114.788332	0.008214	29
1612	-0.039911	114.748121	0.002826	29
1613	-0.237799	114.707948	0.003605	31
1614	-0.000760	114.667812	0.000075	28
1615	-0.715073	114.627714	0.024623	30
1616	-0.900574	114.587653	0.009232	31
1617	-0.761845	114.547629	0.010516	30
1618	-0.907929	114.507643	0.007969	29
1619	-0.761698	114.467693	0.006587	27
1620	-0.447493	114.427781	0.005260	32
1621	-0.552846	114.387907	0.008998	30
1622	-1.135518	114.348069	0.012145	34
1623	-0.733484	114.308268	0.005727	31
1624	-1.125586	114.268504	0.010366	30
1625	-0.697537	114.228777	0.008458	32
1626	-0.781430	114.189086	0.012058	29
1627	-0.297195	114.149433	0.003007	29
1628	-0.000000	114.109816	0.000000	30
1629	-0.002127	114.070235	0.000303	31
1630	-0.546648	114.030692	0.014950	30
1631	-0.984638	113.991185	0.008586	29
1632	-1.058012	113.951714	0.012338	27
1633	-1.101116	113.912280	0.009035	28
1634	-0.000000	113.872882	0.000000	29
1635	-0.995481	113.833521	0.012227	29
1636	-0.890645	113.794195	0.006555	28
1637	-0.000000	113.754906	0.000000	29
1638	-0.613460	113.715653	0.007886	29
1639	-1.084641	113.676437	0.004993	29
1640	-0.000000	113.637256	0.000000	29
1641	-0.000147	113.598111	0.000018	28
1642	-0.000000	113.559002	0.000000	29
1643	-1.279619	113.519929	0.027886	29
1644	-0.467117	113.480892	0.006187	29
1645	-0.000000	113.441891	0.000000	29
1646	-1.009276	113.402925	0.010516	28
1647	-0.769938	113.363995	0.008612	28
1648	-1.070572	113.325101	0.009173	28
1649	-0.710388	113.286242	0.007413	27
1650	-0.000000	113.247419	0.000000	26
1651	-0.192706	113.208631	0.003242	28
1652	-0.751187	113.169879	0.007012	29
1653	-0.002458	113.131162	0.000428	29
1654	-0.222042	113.092480	0.003951	29
1655	-0.000000	113.053833	0.000000	29
1656	-0.722645	113.015222	0.003876	29
1657	-1.015611	112.976646	0.006660	29
1658	-1.063324	112.938105	0.008030	28
1659	-0.660480	112.899599	0.008504	30
1660	-0.323101	112.861128	0.005995	30
1661	-1.068268	112.822692	0.013311	27
1662	-0.734295	112.784291	0.006355	28
1663	-0.000000	112.745924	0.000000	22
1664	-0.795736	112.707593	0.005998	30
1665	-0.074352	112.669296	0.002165	29
1666	-0.749442	112.631034	0.009586	29
1667	-0.000000	112.592806	0.000000	29
1668	-0.000000	112.554613	0.000000	27
1669	-1.008198	112.516455	0.005153	28
1670	-0.686253	112.478331	0.006388	29
1671	-0.000001	112.440241	0.000000	29
1672	-0.595097	112.402186	0.009029	28
1673	-0.000001	112.364165	0.000001	29
1674	-0.000145	112.326179	0.000020	28
1675	-0.693916	112.288227	0.010342	29
1676	-0.889103	112.250309	0.006118	29
1677	-1.104712	112.212425	0.007270	29
1678	-0.756427	112.174575	0.015167	29
1679	-0.000010	112.136759	0.000001	29
1680	-0.746521	112.098977	0.004314	29
1681	-0.051809	112.061229	0.002285	29
1682	-1.208112	112.023515	0.012053	30
1683	-1.004591	111.985834	0.008250	29
1684	-0.782010	111.948188	0.007783	30
1685	-0.719957	111.910575	0.008210	29
1686	-0.000000	111.872996	0.000000	25
1687	-0.028231	111.835450	0.001840	31
1688	-0.479049	111.797939	0.004914	30
1689	-0.000000	111.760460	0.000000	29
1690	-1.178570	111.723015	0.023486	30
1691	-0.000000	111.685604	0.000000	29
1692	-0.294417	111.648226	0.005292	30
1693	-1.097270	111.610881	0.003605	31
1694	-0.000000	111.573570	0.000000	27
1695	-1.107202	111.536292	0.012365	31
1696	-0.000000	111.499047	0.000000	26
1697	-0.000000	111.461835	0.000000	25
1698	-0.000000	111.424656	0.000000	29
1699	-0.000000	111.387510	0.000000	30
1700	-0.000000	111.350398	0.000000	29
1701	-0.909321	111.313318	0.004538	30
1702	-0.316635	111.276271	0.006987	29
1703	-0.003646	111.239257	0.000486	27
1704	-0.552400	111.202276	0.004244	28
1705	-0.934230	111.165328	0.011568	29
1706	-0.731478	111.128412	0.004059	29
1707	-1.027346	111.091529	0.012652	29
1708	-0.097805	111.054679	0.002021	25
1709	-0.000000	111.017861	0.000000	28
1710	-0.321031	110.981076	0.005130	27
1711	-0.144176	110.944323	0.003330	30
1712	-1.054289	110.907603	0.009873	28
1713	-0.000000	110.870915	0.000000	30
1714	-1.060491	110.834259	0.014498	29
1715	-0.396943	110.797636	0.004404	29
1716	-0.876831	110.761045	0.005390	29
1717	-0.066331	110.724486	0.001885	29
1718	-1.027296	110.687959	0.012523	28
1719	-0.654619	110.651465	0.005156	28
1720	-0.927610	110.615002	0.013134	29
1721	-0.577125	110.578572	0.009527	30
1722	-0.000000	110.542173	0.000000	30
1723	-0.800976	110.505807	0.005933	29
1724	-0.007341	110.469472	0.000990	30
1725	-0.911256	110.433169	0.024579	29
1726	-0.794430	110.396898	0.008147	29
1727	-0.000000	110.360659	0.000000	30
1728	-0.000000	110.324451	0.000000	31
1729	-0.916179	110.288276	0.004804	31
1730	-0.769719	110.252131	0.018903	31
1731	-0.705292	110.216019	0.007512	30
1732	-0.770671	110.179937	0.006015	29
1733	-0.957235	110.143888	0.013829	30
1734	-0.423240	110.107869	0.004506	26
1735	-1.102908	110.071882	0.010960	29
1736	-0.739135	110.035927	0.006651	29
1737	-0.673812	110.000003	0.007829	29
1738	-0.958088	109.964110	0.008914	29
1739	-0.996745	109.928248	0.013765	29
1740	-0.684975	109.892417	0.005092	29
1741	-0.720918	109.856618	0.008348	30
1742	-0.645113	109.820850	0.003357	29
1743	-0.000000	109.785112	0.000000	28
1744	-0.695333	109.749406	0.011499	28
1745	-1.014258	109.713730	0.007440	30
1746	-0.876315	109.678086	0.010173	29
1747	-0.445146	109.642472	0.003246	30
1748	-0.831235	109.606890	0.004576	29
1749	-0.000000	109.571337	0.000000	29
1750	-0.674638	109.535816	0.005426	29
1751	-0.684878	109.500326	0.006661	29
1752	-0.597406	109.464866	0.010619	29
1753	-1.035890	109.429436	0.013649	29
1754	-0.116740	109.394038	0.005125	28
1755	-0.946611	109.358669	0.006197	29
1756	-0.029926	109.323331	0.001718	28
1757	-0.327768	109.288024	0.005281	28
1758	-1.047706	109.252747	0.005362	28
1759	-0.904448	109.217501	0.007190	30
1760	-0.000000	109.182284	0.000000	32
1761	-0.782753	109.147098	0.005852	32
1762	-1.016518	109.111942	0.018898	31
1763	-1.075117	109.076817	0.014832	31
1764	-0.495754	109.041721	0.005016	31
1765	-0.000000	109.006656	0.000000	28
1766	-1.222448	108.971620	0.006375	30
1767	-0.699075	108.936615	0.007893	29
1768	-0.559051	108.901640	0.008477	28
1769	-0.000053	108.866694	0.000020	28
1770	-0.469219	108.831779	0.005210	27
1771	-0.992169	108.796893	0.013944	31
1772	-0.000000	108.762037	0.000000	30
1773	-1.031818	108.727211	0.011514	30
1774	-0.860075	108.692415	0.010131	30
1775	-0.000000	108.657648	0.000000	28
1776	-1.026185	108.622911	0.005930	27
1777	-0.018507	108.588203	0.000445	29
1778	-0.951226	108.553525	0.013193	29
1779	-0.000000	108.518877	0.000000	27
1780	-0.138754	108.484258	0.002570	29
1781	-0.731246	108.449668	0.008237	30
1782	-1.036926	108.415108	0.006215	27
1783	-0.633627	108.380578	0.007486	27
1784	-0.850041	108.346076	0.005087	29
1785	-1.008431	108.311604	0.004891	29
1786	-0.112977	108.277161	0.002798	29
1787	-0.927395	108.242747	0.007641	29
1788	-0.418030	108.208363	0.005176	31
1789	-0.703995	108.174007	0.005746	30
1790	-1.115333	108.139681	0.006477	31
1791	-0.494041	108.105383	0.006460	30
1792	-1.093955	108.071115	0.007599	30
1793	-1.080157	108.036875	0.013353	32
1794	-0.692159	108.002665	0.016143	32
1795	-0.138744	107.968483	0.002926	30
1796	-0.582948	107.934330	0.006998	30
1797	-1.011999	107.900206	0.009267	33
1798	-0.905303	107.866111	0.021483	30
1799	-0.863826	107.832044	0.007062	32
1800	-0.715932	107.798007	0.009208	29
1801	-0.945663	107.763997	0.014352	30
1802	-0.000000	107.730017	0.000000	30
1803	-0.801429	107.696065	0.012443	29
1804	-0.797579	107.662141	0.006028	28
1805	-0.677416	107.628246	0.004295	31
1806	-0.840569	107.594379	0.010485	31
1807	-1.055243	107.560541	0.007559	30
1808	-0.714861	107.526731	0.007998	30
1809	-0.392767	107.492949	0.005484	28
1810	-0.000000	107.459196	0.000000	29
1811	-0.670119	107.425471	0.007428	29
1812	-0.124675	107.391774	0.003163	29
1813	-0.001021	107.358106	0.000136	30
1814	-0.467824	107.324465	0.005849	30
1815	-0.013894	107.290853	0.001277	29
1816	-0.915851	107.257268	0.011753	29
1817	-1.203920	107.223712	0.009446	30
1818	-1.025787	107.190184	0.005778	29
1819	-0.584699	107.156683	0.008377	32
1820	-1.268380	107.123211	0.010660	33
1821	-0.000000	107.089766	0.000000	32
1822	-0.000000	107.056349	0.000000	31
1823	-1.020163	107.022960	0.018546	30
1824	-0.384267	106.989599	0.004038	28
1825	-0.206363	106.956265	0.002938	31
1826	-0.679611	106.922960	0.010757	31
1827	-0.529618	106.889681	0.005742	32
1828	-0.026560	106.856431	0.001672	30
1829	-0.171239	106.823208	0.001779	35
1830	-0.942974	106.790012	0.007134	32
1831	-1.142064	106.756844	0.015725	30
1832	-0.000000	106.723703	0.000000	29
1833	-0.000419	106.690590	0.000018	30
1834	-0.015093	106.657505	0.001212	33
1835	-1.051547	106.624446	0.006045	31
1836	-0.018131	106.591415	0.001487	31
1837	-0.925592	106.558411	0.013585	32
1838	-0.711675	106.525435	0.008715	31
1839	-0.843551	106.492485	0.009256	32
1840	-0.566199	106.459563	0.007528	31
1841	-0.059516	106.426668	0.001225	27
1842	-0.730220	106.393800	0.010017	32
1843	-1.127604	106.360959	0.009400	31
1844	-0.996855	106.328145	0.008321	31
1845	-0.000000	106.295358	0.000000	27
1846	-0.750623	106.262598	0.009427	31
1847	-0.125320	106.229865	0.005344	32
1848	-0.431565	106.197158	0.006515	31
1849	-0.394315	106.164479	0.007093	32
1850	-0.886775	106.131826	0.016069	29
1851	-0.547227	106.099201	0.006916	31
1852	-0.108817	106.066602	0.002135	29
1853	-0.039597	106.034029	0.002141	30
1854	-0.990180	106.001483	0.008922	28
1855	-0.000000	105.968964	0.000000	30
1856	-1.138420	105.936472	0.013820	30
1857	-0.164704	105.904006	0.004477	30
1858	-0.944739	105.871566	0.004434	29
1859	-0.000000	105.839153	0.000000	29
1860	-0.879389	105.806767	0.010806	30
1861	-0.000856	105.774407	0.000061	30
1862	-0.783583	105.742073	0.005284	29
1863	-0.885907	105.709766	0.011961	29
1864	-0.941189	105.677485	0.007225	30
1865	-0.886808	105.645230	0.008770	30
1866	-0.008700	105.613001	0.000526	28
1867	-0.000000	105.580799	0.000000	27
1868	-0.378400	105.548623	0.005656	29
1869	-0.646550	105.516473	0.002474	31
1870	-0.648465	105.484349	0.006312	27
1871	-0.159228	105.452251	0.002310	30
1872	-0.915260	105.420179	0.009065	33
1873	-0.000011	105.388133	0.000005	29
1874	-0.000167	105.356113	0.000028	27
1875	-1.021972	105.324119	0.005830	30
1876	-0.000000	105.292151	0.000000	30
1877	-1.124882	105.260209	0.011464	29
1878	-0.000000	105.228293	0.000000	29
1879	-0.619203	105.196402	0.011023	29
1880	-0.000001	105.164537	0.000000	30
1881	-0.663784	105.132698	0.004944	30
1882	-0.032036	105.100885	0.000771	30
1883	-0.895096	105.069097	0.011417	29
1884	-0.000000	105.037335	0.000000	30
1885	-0.535574	105.005598	0.003983	31
1886	-0.000000	104.973887	0.000000	29
1887	-0.626254	104.942202	0.005935	29
1888	-0.000117	104.910542	0.000019	30
1889	-1.118331	104.878907	0.007440	28
1890	-0.856294	104.847298	0.007760	29
1891	-1.117872	104.815715	0.016602	29
1892	-0.000000	104.784156	0.000000	23
1893	-0.946559	104.752623	0.007579	27
1894	-0.000000	104.721116	0.000000	27
1895	-1.068892	104.689633	0.012539	29
1896	-0.004114	104.658176	0.000204	29
1897	-0.636602	104.626744	0.006436	31
1898	-0.000000	104.595337	0.000000	30
1899	-0.657141	104.563955	0.008658	30
1900	-0.000000	104.532599	0.000000	30
1901	-0.516789	104.501267	0.004406	30
1902	-1.220788	104.469960	0.018371	31
1903	-0.922341	104.438679	0.010414	29
1904	-0.795426	104.407422	0.004151	29
1905	-0.630377	104.376191	0.007197	30
1906	-0.000000	104.344984	0.000000	25
1907	-1.231992	104.313802	0.007512	30
1908	-0.870637	104.282645	0.004274	31
1909	-0.889246	104.251513	0.005930	33
1910	-0.385083	104.220405	0.003622	30
1911	-0.644800	104.189323	0.004766	31
1912	-0.000000	104.158265	0.000000	27
1913	-1.039720	104.127231	0.007498	30
1914	-0.000000	104.096222	0.000000	30
1915	-1.162644	104.065238	0.007403	30
1916	-0.428423	104.034279	0.005260	29
1917	-0.895605	104.003344	0.004363	29
1918	-0.525938	103.972433	0.006306	30
1919	-0.110988	103.941547	0.001974	30
1920	-0.706942	103.910686	0.007642	30
1921	-1.042180	103.879849	0.009495	30
1922	-0.978447	103.849036	0.015200	30
1923	-0.000000	103.818248	0.000000	30
1924	-0.446392	103.787484	0.008558	32
1925	-0.072824	103.756744	0.002736	31
1926	-0.000000	103.726029	0.000000	32
1927	-0.845743	103.695338	0.006781	32
1928	-1.100814	103.664671	0.005364	32
1929	-1.003318	103.634028	0.009755	29
1930	-0.000000	103.603409	0.000000	29
1931	-1.039424	103.572814	0.012305	28
1932	-0.757999	103.542244	0.006499	28
1933	-0.000000	103.511698	0.000000	30
1934	-1.089643	103.481175	0.014577	28
1935	-0.000000	103.450677	0.000000	27
1936	-0.021701	103.420202	0.000726	29
1937	-0.965374	103.389752	0.008976	29
1938	-0.000011	103.359325	0.000002	29
1939	-0.000000	103.328922	0.000000	27
1940	-0.618648	103.298543	0.007699	30
1941	-0.634964	103.268188	0.003288	29
1942	-0.587348	103.237857	0.010088	31
1943	-0.000000	103.207549	0.000000	30
1944	-0.000000	103.177265	0.000000	32
1945	-0.446941	103.147005	0.004814	32
1946	-0.156785	103.116768	0.003780	32
1947	-0.773308	103.086556	0.002299	30
1948	-0.559778	103.056366	0.003129	31
1949	-0.553187	103.026200	0.004225	34
1950	-0.000000	102.996058	0.000000	27
1951	-0.069930	102.965939	0.001035	31
1952	-1.162304	102.935844	0.006495	30
1953	-0.000000	102.905772	0.000000	30
1954	-0.796966	102.875724	0.007568	31
1955	-0.887288	102.845699	0.009124	32
1956	-0.422887	102.815697	0.007711	32
1957	-0.697629	102.785719	0.004004	32
1958	-0.329184	102.755764	0.005574	28
1959	-0.800047	102.725832	0.008944	30
1960	-0.697167	102.695924	0.005384	29
1961	-0.920200	102.666038	0.004331	30
1962	-1.098958	102.636176	0.020989	30
1963	-1.034216	102.606337	0.007603	29
1964	-0.212689	102.576521	0.004383	31
1965	-0.523446	102.546728	0.005272	29
1966	-0.655962	102.516959	0.006067	30
1967	-1.151368	102.487212	0.012240	31
1968	-1.006109	102.457488	0.006129	29
1969	-1.015858	102.427788	0.013316	29
1970	-0.737281	102.398110	0.008022	29
1971	-1.044748	102.368455	0.008203	30
1972	-0.722316	102.338823	0.003862	30
1973	-1.178331	102.309214	0.016075	29
1974	-0.187246	102.279628	0.004020	30
1975	-0.000000	102.250064	0.000000	29
1976	-0.696696	102.220524	0.005968	28
1977	-0.502752	102.191006	0.006428	30
1978	-0.421254	102.161511	0.006132	30
1979	-1.061703	102.132038	0.006705	30
1980	-1.234064	102.102588	0.012206	29
1981	-0.000000	102.073161	0.000000	29
1982	-0.000000	102.043757	0.000000	30
1983	-0.850439	102.014375	0.020038	29
1984	-1.007997	101.985015	0.007598	29
1985	-0.988103	101.955678	0.006377	30
1986	-0.000000	101.926364	0.000000	28
1987	-1.122208	101.897072	0.011676	30
1988	-1.067925	101.867802	0.012025	30
1989	-0.337125	101.838555	0.005601	29
1990	-0.936329	101.809330	0.007209	31
1991	-0.723823	101.780128	0.007720	32
1992	-0.000000	101.750948	0.000000	30
1993	-1.024277	101.721790	0.009841	30
1994	-1.231418	101.692654	0.012104	30
1995	-0.762334	101.663541	0.007018	30
1996	-0.431072	101.634450	0.003301	32
1997	-0.708242	101.605381	0.004658	29
1998	-0.005821	101.576335	0.000598	30
1999	-0.313180	101.547310	0.005785	31
