1:ItNr	2:Metric	3:StepSize	4:||Gradient||	Time[ms]
0	-0.718728	627.201626	0.015386	1268
1	-0.968588	623.504937	0.025824	30
2	-0.895174	619.865785	0.026445	29
3	-0.624132	616.282728	0.052413	28
4	0.000000	612.754375	0.000000	30
5	-0.328974	609.279381	0.006068	29
6	-0.655352	605.856447	0.012993	28
7	0.000000	602.484317	0.000000	27
8	-0.000000	599.161779	0.000000	29
9	-0.587282	595.887656	0.024302	28
10	-0.000000	592.660813	0.000000	30
11	-0.468880	589.480151	0.010379	29
12	-0.763753	586.344606	0.011019	28
13	-0.237408	583.253145	0.003461	29
14	0.000000	580.204771	0.000000	30
15	-0.713564	577.198517	0.021968	29
16	-0.708673	574.233444	0.022032	29
17	-0.831358	571.308645	0.021460	29
18	-0.761516	568.423237	0.023871	30
19	-0.423060	565.576365	0.013645	29
20	0.000000	562.767201	0.000000	26
21	-0.915696	559.994938	0.010752	29
22	-0.519247	557.258797	0.008700	30
23	-0.037623	554.558018	0.001854	28
24	-1.051987	551.891865	0.014722	27
25	-0.887930	549.259621	0.017924	31
26	-0.663572	546.660592	0.019859	31
27	-0.660743	544.094102	0.019841	30
28	-0.508957	541.559494	0.005243	31
29	-0.371884	539.056129	0.010603	30
30	0.000000	536.583387	0.000000	25
31	-0.640207	534.140663	0.012297	28
32	0.000000	531.727370	0.000000	31
33	-0.091340	529.342935	0.003653	33
34	-0.970717	526.986802	0.011964	33
35	-0.255064	524.658430	0.005979	30
36	-0.215833	522.357290	0.002653	30
37	0.000000	520.082868	0.000000	29
38	-0.011152	517.834665	0.000651	28
39	-0.904220	515.612193	0.012268	30
40	-0.739373	513.414976	0.012679	30
41	-0.274865	511.242551	0.009297	29
42	-1.001285	509.094468	0.025875	29
43	-0.887722	506.970285	0.026448	29
44	0.000000	504.869574	0.000000	29
45	-0.470311	502.791916	0.017352	29
46	-0.294780	500.736903	0.002713	29
47	-0.969714	498.704137	0.030415	28
48	-0.127650	496.693228	0.005292	27
49	0.000000	494.703798	0.000000	31
50	-0.000000	492.735476	0.000000	28
51	-0.000000	490.787900	0.000000	22
52	-0.505426	488.860718	0.032727	28
53	-0.304801	486.953585	0.008353	28
54	-0.862617	485.066164	0.014928	28
55	-0.203171	483.198126	0.003074	34
56	-0.911532	481.349149	0.010389	31
57	-0.318802	479.518920	0.007496	29
58	-0.730458	477.707132	0.028678	30
59	-0.493705	475.913485	0.005122	30
60	-0.964804	474.137684	0.017988	31
61	-0.442752	472.379445	0.017473	29
62	0.000000	470.638485	0.000000	28
63	-0.284382	468.914531	0.003112	34
64	-0.678780	467.207315	0.008610	31
65	-0.865178	465.516573	0.024234	28
66	0.000000	463.842050	0.000000	29
67	-0.937244	462.183494	0.009430	30
68	-0.557599	460.540658	0.017196	28
69	-0.650669	458.913303	0.012608	30
70	-0.512190	457.301192	0.005256	28
71	-0.266937	455.704096	0.007422	31
72	-0.000000	454.121787	0.000000	31
73	-0.985537	452.554045	0.026412	32
74	-0.547966	451.000653	0.011907	29
75	-0.736332	449.461399	0.011138	30
76	-0.000034	447.936075	0.000004	30
77	-0.837240	446.424477	0.017976	29
78	-0.024075	444.926406	0.000326	30
79	-0.653441	443.441666	0.007727	29
80	-0.792150	441.970065	0.012608	30
81	-0.577873	440.511415	0.017768	29
82	-0.642149	439.065533	0.026557	30
83	-0.640034	437.632238	0.009031	30
84	-0.470725	436.211351	0.009879	30
85	-0.000000	434.802701	0.000000	29
86	-0.813915	433.406117	0.011173	29
87	-0.083011	432.021430	0.002758	30
88	-0.000031	430.648479	0.000028	28
89	0.000000	429.287101	0.000000	28
90	-0.807027	427.937140	0.023975	33
91	-0.152511	426.598440	0.001345	32
92	-0.564209	425.270849	0.015303	31
93	-0.099319	423.954220	0.001740	30
94	-0.577134	422.648404	0.007262	29
95	-0.070310	421.353259	0.002204	30
96	-0.058588	420.068643	0.001387	32
97	-0.030512	418.794419	0.000847	30
98	-0.000000	417.530451	0.000000	28
99	-0.486483	416.276604	0.007229	30
100	-0.940805	415.032748	0.014390	29
101	-0.971180	413.798754	0.009209	30
102	0.000000	412.574495	0.000000	30
103	-0.644006	411.359849	0.012502	28
104	-0.932565	410.154691	0.027123	28
105	-0.615247	408.958904	0.008424	31
106	-0.577624	407.772368	0.008077	28
107	-0.622884	406.594968	0.007496	29
108	-0.969600	405.426590	0.008534	29
109	-0.000006	404.267122	0.000000	30
110	-0.516968	403.116456	0.008112	29
111	-1.004766	401.974481	0.011770	28
112	-0.000000	400.841093	0.000000	30
113	-0.810212	399.716187	0.023782	30
114	-0.066826	398.599660	0.003369	32
115	0.000000	397.491411	0.000000	32
116	0.000000	396.391342	0.000000	30
117	-0.218974	395.299353	0.003444	32
118	-0.740089	394.215350	0.019927	30
119	-0.132023	393.139238	0.003217	30
120	-0.765227	392.070924	0.019041	31
121	-0.762436	391.010316	0.012252	30
122	-0.000570	389.957325	0.000066	30
123	-0.812939	388.911862	0.028860	30
124	-0.490511	387.873839	0.007646	30
125	-0.877274	386.843173	0.007823	29
126	-0.000000	385.819777	0.000000	29
127	-0.784898	384.803569	0.019561	29
128	-0.701734	383.794468	0.021586	30
129	-0.731672	382.792393	0.011248	29
130	-1.064472	381.797264	0.038269	30
131	-0.235445	380.809005	0.005742	29
132	-0.824210	379.827537	0.007921	29
133	-0.007415	378.852786	0.000593	25
134	-0.872030	377.884678	0.029372	28
135	-0.539251	376.923138	0.008505	28
136	-0.785479	375.968095	0.009399	29
137	-0.561545	375.019479	0.007516	29
138	-0.648751	374.077218	0.009615	29
139	-0.746055	373.141244	0.011831	29
140	-0.097160	372.211489	0.001882	28
141	-0.847365	371.287887	0.017644	29
142	-0.543200	370.370370	0.014666	29
143	-0.325876	369.458876	0.003522	28
144	0.000000	368.553338	0.000000	28
145	-0.975204	367.653696	0.011517	28
146	-0.765172	366.759885	0.032172	29
147	-0.517010	365.871846	0.010186	29
148	-0.000563	364.989518	0.000013	27
149	-0.564058	364.112841	0.031325	32
150	0.000000	363.241757	0.000000	26
151	-0.406438	362.376208	0.010241	29
152	-0.026548	361.516137	0.001125	30
153	-0.509035	360.661488	0.006766	30
154	-0.622712	359.812206	0.011455	31
155	-0.102802	358.968236	0.002874	31
156	-0.470664	358.129524	0.011975	31
157	-0.439024	357.296018	0.014526	33
158	0.000000	356.467665	0.000000	31
159	-0.701408	355.644414	0.006729	31
160	-0.882621	354.826213	0.009648	31
161	-0.889537	354.013012	0.024059	31
162	0.000000	353.204763	0.000000	31
163	-0.720279	352.401415	0.005890	31
164	0.000000	351.602922	0.000000	32
165	-0.000000	350.809235	0.000000	28
166	-0.477179	350.020308	0.010381	30
167	-0.883662	349.236095	0.009726	29
168	-0.765968	348.456550	0.008401	29
169	0.000000	347.681627	0.000000	31
170	-0.712649	346.911283	0.021958	29
171	-0.713588	346.145474	0.009610	30
172	-0.329806	345.384157	0.003400	30
173	-0.981646	344.627288	0.038455	27
174	-0.988267	343.874826	0.022656	29
175	-0.001107	343.126729	0.000336	29
176	-1.015908	342.382957	0.012026	30
177	0.000000	341.643469	0.000000	29
178	-0.155049	340.908224	0.004366	29
179	-0.597532	340.177184	0.008358	29
180	-0.670578	339.450309	0.020671	29
181	0.000000	338.727561	0.000000	25
182	-0.083358	338.008902	0.002569	30
183	-0.846482	337.294295	0.008824	30
184	-0.517669	336.583703	0.016629	31
185	-0.881385	335.877089	0.014206	30
186	-0.354503	335.174416	0.005602	29
187	-0.813103	334.475651	0.041083	31
188	-0.734998	333.780756	0.004606	30
189	-0.000249	333.089698	0.000035	29
190	0.000000	332.402443	0.000000	25
191	-0.712342	331.718955	0.027434	30
192	-0.600213	331.039203	0.006388	29
193	-0.759403	330.363153	0.011126	31
194	-0.354755	329.690771	0.002360	30
195	0.000000	329.022027	0.000000	29
196	-1.018469	328.356888	0.023602	31
197	0.000000	327.695322	0.000000	28
198	-0.547810	327.037299	0.015077	28
199	0.000000	326.382787	0.000000	30
200	-0.272706	325.731758	0.008265	30
201	0.000000	325.084179	0.000000	26
202	-1.079329	324.440023	0.023792	30
203	-0.861749	323.799258	0.033653	29
204	-0.982891	323.161858	0.011904	29
205	-0.001001	322.527792	0.000094	31
206	-0.517097	321.897034	0.004917	28
207	-0.010404	321.269554	0.001684	29
208	-0.425430	320.645325	0.006527	31
209	-0.050996	320.024320	0.002089	29
210	-0.399689	319.406512	0.007153	29
211	-0.696965	318.791875	0.010917	29
212	-1.040900	318.180381	0.008782	30
213	-0.000000	317.572005	0.000000	29
214	-0.635814	316.966721	0.013527	29
215	0.000000	316.364504	0.000000	28
216	0.000000	315.765329	0.000000	28
217	0.000000	315.169170	0.000000	30
218	-0.963451	314.576003	0.033095	32
219	-0.937070	313.985804	0.028090	32
220	-0.863520	313.398548	0.015348	31
221	0.000000	312.814213	0.000000	32
222	-0.614162	312.232773	0.007190	30
223	-0.981286	311.654207	0.008998	30
224	-0.471770	311.078491	0.022073	31
225	0.000000	310.505602	0.000000	29
226	0.000000	309.935518	0.000000	31
227	-0.816861	309.368217	0.010125	31
228	-0.846505	308.803676	0.016874	30
229	0.000000	308.241874	0.000000	30
230	-0.457305	307.682789	0.006497	32
231	-0.138757	307.126400	0.004720	30
232	0.000000	306.572687	0.000000	31
233	0.000000	306.021627	0.000000	29
234	-0.387954	305.473201	0.006146	30
235	-0.440484	304.927388	0.007281	32
236	-0.540722	304.384168	0.007549	30
237	0.000000	303.843521	0.000000	29
238	-0.719816	303.305427	0.010725	31
239	-0.949483	302.769867	0.009229	29
240	-0.834895	302.236821	0.012015	32
241	-0.000000	301.706270	0.000000	29
242	-0.919150	301.178196	0.022603	29
243	0.000000	300.652580	0.000000	31
244	-0.650668	300.129402	0.015363	30
245	-0.844826	299.608645	0.020059	29
246	-0.135997	299.090291	0.001564	28
247	-0.678165	298.574321	0.016653	32
248	-0.858114	298.060718	0.009109	29
249	-0.969354	297.549465	0.021503	30
250	-0.647255	297.040543	0.005292	30
251	-0.654773	296.533936	0.011876	30
252	0.000000	296.029626	0.000000	28
253	-0.686815	295.527597	0.003592	31
254	-0.472394	295.027832	0.006961	30
255	-0.048991	294.530315	0.002846	28
256	-0.344953	294.035028	0.004505	31
257	-0.823714	293.541956	0.008605	29
258	0.000000	293.051083	0.000000	25
259	-0.494810	292.562393	0.005635	29
260	0.000000	292.075870	0.000000	30
261	-0.970859	291.591498	0.019548	28
262	-0.000000	291.109263	0.000000	28
263	-1.030623	290.629149	0.027914	31
264	-0.000203	290.151140	0.000030	28
265	-0.609535	289.675222	0.010069	27
266	-0.132964	289.201380	0.003245	30
267	0.000000	288.729600	0.000000	29
268	0.000000	288.259866	0.000000	29
269	-0.793044	287.792165	0.010193	29
270	0.000000	287.326481	0.000000	27
271	-0.847367	286.862802	0.013360	30
272	-0.002271	286.401113	0.000080	29
273	-0.131791	285.941400	0.004839	28
274	0.000000	285.483649	0.000000	30
275	-0.664192	285.027847	0.021080	28
276	-0.742342	284.573981	0.008859	28
277	-0.560343	284.122037	0.008394	31
278	-0.921065	283.672002	0.007110	29
279	-0.313556	283.223863	0.003748	29
280	-0.872237	282.777607	0.021584	29
281	0.000000	282.333221	0.000000	30
282	-0.701591	281.890692	0.008753	29
283	-0.595348	281.450008	0.006741	29
284	-0.906925	281.011157	0.014387	29
285	-0.924642	280.574125	0.022859	29
286	-0.793392	280.138901	0.009130	28
287	-0.241995	279.705473	0.008044	30
288	-0.465317	279.273829	0.007253	29
289	0.000000	278.843956	0.000000	28
290	-0.799525	278.415844	0.007639	30
291	-0.172034	277.989479	0.007561	30
292	-0.222973	277.564851	0.004037	31
293	-0.285305	277.141949	0.005628	29
294	-0.951990	276.720761	0.017920	29
295	-0.905710	276.301275	0.017789	30
296	-1.087977	275.883480	0.026702	31
297	-0.020783	275.467366	0.000532	30
298	0.000000	275.052922	0.000000	30
299	-0.222881	274.640136	0.003092	30
300	-0.796859	274.228998	0.036256	32
301	-0.420680	273.819497	0.011735	30
302	0.000000	273.411623	0.000000	28
303	-0.507319	273.005365	0.012060	29
304	-0.555751	272.600712	0.005724	28
305	0.000000	272.197655	0.000000	28
306	-0.008218	271.796184	0.000476	30
307	-0.350547	271.396287	0.006438	28
308	-0.529885	270.997956	0.002819	29
309	-0.849456	270.601180	0.016219	29
310	-0.000004	270.205949	0.000003	28
311	-0.685544	269.812254	0.009184	29
312	-0.740681	269.420085	0.008762	32
313	-0.905121	269.029432	0.015164	28
314	-0.487898	268.640287	0.003775	29
315	-0.867544	268.252638	0.014628	29
316	0.000000	267.866478	0.000000	30
317	-0.137733	267.481796	0.004741	29
318	-0.000180	267.098584	0.000016	28
319	0.000000	266.716833	0.000000	30
320	-0.480803	266.336533	0.006615	28
321	-0.775010	265.957676	0.009295	28
322	0.000000	265.580253	0.000000	29
323	-0.699107	265.204254	0.009740	29
324	-0.244928	264.829672	0.004492	28
325	-0.922503	264.456497	0.016602	29
326	-0.373564	264.084721	0.004619	32
327	-0.222091	263.714335	0.002294	32
328	-0.613881	263.345332	0.008402	30
329	-0.603683	262.977702	0.007569	31
330	-0.452865	262.611438	0.006572	31
331	-0.538280	262.246531	0.006792	31
332	-0.503543	261.882973	0.005928	30
333	-1.077220	261.520756	0.009402	29
334	-0.794620	261.159871	0.006685	30
335	-0.606443	260.800312	0.027484	29
336	-0.000000	260.442070	0.000000	30
337	-0.380084	260.085137	0.007263	30
338	-1.007394	259.729505	0.028319	29
339	-0.000000	259.375167	0.000000	28
340	-0.296681	259.022116	0.004694	29
341	-0.791941	258.670343	0.011019	28
342	-0.023182	258.319841	0.000851	30
343	-0.629875	257.970602	0.017232	30
344	-0.935268	257.622620	0.018204	29
345	-0.033550	257.275887	0.000385	32
346	-1.060962	256.930396	0.044120	29
347	-0.317667	256.586139	0.009809	31
348	-0.867157	256.243109	0.012562	30
349	-0.283966	255.901300	0.006575	29
350	-0.603427	255.560703	0.015228	29
351	-0.616533	255.221313	0.006883	30
352	-0.512231	254.883122	0.006748	29
353	-0.696535	254.546124	0.005412	29
354	-0.573935	254.210311	0.020627	29
355	-0.461898	253.875677	0.005554	30
356	-0.101257	253.542215	0.001173	28
357	-0.907894	253.209918	0.009786	31
358	-0.003398	252.878781	0.000161	29
359	-0.694994	252.548795	0.010033	32
360	-0.390751	252.219956	0.006345	29
361	-0.657954	251.892255	0.009223	29
362	-0.617920	251.565688	0.005295	30
363	0.000000	251.240247	0.000000	31
364	-0.060226	250.915926	0.002162	31
365	-0.000032	250.592720	0.000007	32
366	-0.919898	250.270621	0.010156	31
367	-0.562917	249.949624	0.009558	29
368	-0.524342	249.629723	0.010297	29
369	-0.000139	249.310911	0.000021	30
370	0.000000	248.993182	0.000000	24
371	-1.092872	248.676531	0.025528	29
372	-0.752317	248.360952	0.009882	29
373	0.000000	248.046438	0.000000	30
374	-0.000108	247.732984	0.000024	25
375	-0.914594	247.420584	0.016024	30
376	-0.644242	247.109233	0.006799	30
377	-0.024665	246.798924	0.002269	30
378	0.000000	246.489652	0.000000	29
379	0.000000	246.181412	0.000000	31
380	0.000000	245.874197	0.000000	28
381	-0.204172	245.568002	0.004218	29
382	-0.001452	245.262822	0.000045	30
383	-0.661418	244.958652	0.005479	31
384	-0.277138	244.655485	0.003601	27
385	-0.267701	244.353317	0.005715	34
386	-0.010469	244.052142	0.000327	31
387	-0.199152	243.751955	0.004462	32
388	-0.514006	243.452750	0.007514	30
389	-0.464316	243.154523	0.004072	30
390	-0.956231	242.857268	0.017831	32
391	-1.080503	242.560980	0.015673	30
392	-0.471962	242.265654	0.004209	30
393	0.000000	241.971285	0.000000	29
394	-0.724052	241.677868	0.009412	29
395	-0.758788	241.385397	0.019292	32
396	-0.503496	241.093869	0.007024	30
397	-0.950949	240.803278	0.012899	30
398	-0.000896	240.513619	0.000129	30
399	-0.464245	240.224887	0.005835	32
400	0.000000	239.937077	0.000000	30
401	-0.447972	239.650186	0.007928	30
402	0.000000	239.364207	0.000000	31
403	-0.840133	239.079136	0.013951	34
404	-0.628768	238.794969	0.018610	30
405	-0.000042	238.511701	0.000007	27
406	-1.034168	238.229327	0.011111	32
407	-0.973155	237.947843	0.007883	30
408	-1.037548	237.667244	0.018452	29
409	-0.009625	237.387526	0.000173	31
410	-0.000000	237.108684	0.000000	27
411	-0.721177	236.830714	0.007785	29
412	-0.141644	236.553610	0.003830	29
413	0.000000	236.277370	0.000000	27
414	0.000000	236.001989	0.000000	30
415	-0.000000	235.727461	0.000000	30
416	-0.527434	235.453784	0.011253	30
417	-0.665317	235.180952	0.007084	30
418	-0.319678	234.908962	0.006293	31
419	-0.575268	234.637809	0.007152	31
420	-0.212698	234.367488	0.004635	29
421	-0.000000	234.097997	0.000000	30
422	-0.702643	233.829331	0.006363	29
423	-0.965499	233.561485	0.032397	29
424	-0.070517	233.294456	0.001380	30
425	-0.198851	233.028239	0.006572	31
426	-0.551814	232.762831	0.008703	29
427	-0.889200	232.498228	0.010280	30
428	-0.156373	232.234425	0.003232	28
429	-0.541391	231.971419	0.005236	28
430	-0.607933	231.709205	0.003644	31
431	-0.614642	231.447781	0.007429	29
432	-1.054217	231.187141	0.021285	30
433	-0.758364	230.927283	0.019029	30
434	0.000000	230.668202	0.000000	28
435	-0.000000	230.409895	0.000000	28
436	0.000000	230.152358	0.000000	27
437	0.000000	229.895587	0.000000	25
438	-0.073412	229.639578	0.001296	27
439	-0.648346	229.384329	0.006300	29
440	-0.740357	229.129834	0.006555	30
441	-0.861133	228.876091	0.009406	29
442	-1.022228	228.623096	0.026026	29
443	-1.026752	228.370846	0.017027	30
444	-0.335811	228.119336	0.003460	29
445	0.000000	227.868563	0.000000	29
446	-0.021565	227.618525	0.000969	31
447	-0.920252	227.369216	0.010936	29
448	-0.809717	227.120635	0.013793	29
449	-1.103185	226.872777	0.022295	30
450	-0.199119	226.625638	0.003131	32
451	-0.226237	226.379217	0.006012	30
452	-0.479802	226.133509	0.007477	30
453	-0.622928	225.888510	0.014299	30
454	-1.084923	225.644218	0.017275	30
455	0.000000	225.400630	0.000000	34
456	-0.917430	225.157741	0.011307	30
457	-0.510263	224.915549	0.007735	29
458	0.000000	224.674051	0.000000	30
459	0.000000	224.433242	0.000000	26
460	-0.029639	224.193121	0.000682	28
461	0.000000	223.953684	0.000000	29
462	-0.635630	223.714927	0.006323	29
463	-0.013120	223.476848	0.000509	28
464	-0.122335	223.239444	0.002075	28
465	-0.702597	223.002710	0.010790	29
466	-0.181639	222.766645	0.001492	29
467	-0.380149	222.531245	0.005256	28
468	-0.659495	222.296508	0.005888	31
469	-0.918052	222.062429	0.021013	29
470	-0.000000	221.829007	0.000000	29
471	-0.218736	221.596238	0.003528	29
472	-0.948209	221.364119	0.009580	30
473	-0.150330	221.132647	0.005158	31
474	-0.268449	220.901820	0.004498	31
475	-0.931687	220.671634	0.018620	30
476	-0.961193	220.442086	0.016121	34
477	-0.218976	220.213174	0.004943	29
478	-0.157346	219.984895	0.001126	29
479	-0.752539	219.757246	0.006729	31
480	-0.271114	219.530224	0.003776	30
481	-0.345803	219.303826	0.002405	29
482	-0.397002	219.078050	0.005748	31
483	-0.000000	218.852893	0.000000	29
484	-1.058998	218.628352	0.009009	30
485	-1.057787	218.404424	0.010261	29
486	-0.065695	218.181106	0.001459	30
487	-0.681709	217.958397	0.006462	28
488	-0.000000	217.736292	0.000000	28
489	-0.000033	217.514790	0.000022	31
490	0.000000	217.293888	0.000000	27
491	0.000000	217.073584	0.000000	29
492	-0.017261	216.853873	0.000384	31
493	-0.542190	216.634755	0.007236	30
494	-0.863826	216.416227	0.010559	30
495	-0.574082	216.198285	0.003964	29
496	0.000000	215.980927	0.000000	28
497	-0.064090	215.764151	0.000670	30
498	-0.547740	215.547955	0.007755	29
499	-0.729673	215.332335	0.008416	30
500	-0.000000	215.117289	0.000000	29
501	-0.000000	214.902815	0.000000	29
502	-1.000949	214.688911	0.009868	30
503	-0.871924	214.475573	0.033133	29
504	-0.512493	214.262800	0.005820	30
505	-0.666148	214.050588	0.007807	30
506	-0.291640	213.838936	0.004891	29
507	-0.401392	213.627842	0.003910	29
508	-0.063202	213.417302	0.001737	34
509	0.000000	213.207314	0.000000	27
510	-0.038656	212.997877	0.002079	27
511	-0.984263	212.788987	0.005461	30
512	-0.039222	212.580642	0.000810	30
513	0.000000	212.372841	0.000000	29
514	-0.521356	212.165581	0.006720	30
515	-0.335868	211.958859	0.003790	28
516	-0.000004	211.752673	0.000002	29
517	-1.112028	211.547021	0.014722	29
518	-0.519132	211.341902	0.008497	28
519	-1.111924	211.137311	0.013427	30
520	-0.822748	210.933248	0.028298	30
521	-0.788215	210.729710	0.009135	29
522	-0.414640	210.526695	0.004013	29
523	-0.948255	210.324200	0.009927	29
524	-0.000000	210.122224	0.000000	30
525	0.000000	209.920765	0.000000	29
526	0.000000	209.719820	0.000000	31
527	-0.448984	209.519387	0.004585	28
528	-0.579218	209.319463	0.008876	29
529	-0.991468	209.120048	0.019520	31
530	-0.535036	208.921139	0.009156	29
531	-0.757148	208.722733	0.007085	32
532	-1.044629	208.524829	0.011468	28
533	-1.004373	208.327425	0.014720	29
534	0.000000	208.130518	0.000000	31
535	-1.075044	207.934107	0.021823	30
536	-0.927793	207.738189	0.008393	29
537	-0.997650	207.542762	0.020139	30
538	-0.873058	207.347825	0.010411	30
539	-0.640939	207.153376	0.008990	29
540	-0.001548	206.959412	0.000040	29
541	-0.527612	206.765932	0.004940	31
542	-0.628327	206.572933	0.007649	32
543	-0.981434	206.380414	0.015377	29
544	-0.498067	206.188373	0.005868	30
545	-0.009394	205.996807	0.000656	32
546	-0.006072	205.805716	0.000708	29
547	-0.704527	205.615096	0.012754	31
548	-1.031402	205.424946	0.016649	30
549	-0.034133	205.235265	0.001535	31
550	-0.928732	205.046050	0.011591	30
551	-0.593629	204.857299	0.004484	29
552	-0.948421	204.669011	0.011527	30
553	-0.375425	204.481184	0.006920	29
554	-0.000000	204.293816	0.000000	27
555	-0.888061	204.106905	0.010911	32
556	-0.607627	203.920449	0.008961	29
557	-0.767417	203.734447	0.010225	29
558	-1.058892	203.548896	0.016775	31
559	-0.735512	203.363795	0.014389	28
560	-0.370817	203.179143	0.004146	29
561	-0.113269	202.994937	0.005626	29
562	-0.993001	202.811176	0.008173	30
563	0.000000	202.627857	0.000000	26
564	-0.412686	202.444980	0.004537	28
565	-0.502303	202.262543	0.007511	29
566	0.000000	202.080543	0.000000	27
567	-0.925184	201.898979	0.010137	29
568	-0.548950	201.717849	0.007910	31
569	-0.830344	201.537153	0.008721	28
570	-0.520644	201.356887	0.005842	28
571	-0.692210	201.177050	0.012097	30
572	-0.226304	200.997642	0.002434	28
573	-0.124973	200.818659	0.002963	30
574	-0.678358	200.640100	0.006333	30
575	-0.000000	200.461965	0.000000	23
576	-0.665206	200.284250	0.010580	29
577	-0.703147	200.106955	0.009035	29
578	-0.625943	199.930078	0.007268	30
579	-0.621635	199.753617	0.004227	30
580	-0.710281	199.577571	0.004454	28
581	-0.686932	199.401938	0.006030	29
582	-0.634394	199.226717	0.005907	30
583	-0.610624	199.051905	0.014987	30
584	-0.831177	198.877502	0.013140	31
585	-0.367432	198.703506	0.007963	30
586	-0.508197	198.529916	0.003432	32
587	-0.019532	198.356729	0.000580	30
588	-1.084407	198.183944	0.016729	29
589	0.000000	198.011560	0.000000	29
590	0.000000	197.839576	0.000000	27
591	-0.517038	197.667989	0.008686	29
592	-1.088540	197.496798	0.013920	28
593	-0.000001	197.326002	0.000001	30
594	-0.974802	197.155600	0.013243	30
595	-0.488878	196.985589	0.003921	30
596	-1.095887	196.815969	0.017775	30
597	-0.000000	196.646738	0.000000	29
598	0.000000	196.477894	0.000000	28
599	-0.466287	196.309436	0.005110	31
600	0.000000	196.141363	0.000000	30
601	0.000000	195.973673	0.000000	29
602	-0.000041	195.806365	0.000022	28
603	-0.000000	195.639437	0.000000	31
604	-0.779026	195.472888	0.015543	28
605	-0.002109	195.306717	0.000025	29
606	-0.158765	195.140922	0.001924	30
607	-0.952239	194.975501	0.017818	29
608	0.000000	194.810454	0.000000	29
609	-0.950311	194.645779	0.007802	28
610	-0.000665	194.481475	0.000117	30
611	-0.002515	194.317540	0.000832	28
612	-1.103793	194.153973	0.014144	29
613	-0.628490	193.990773	0.006328	29
614	-0.647458	193.827938	0.009398	29
615	-0.002107	193.665467	0.000224	29
616	-0.604562	193.503358	0.007058	30
617	-0.987312	193.341611	0.010504	29
618	-0.000000	193.180224	0.000000	29
619	-0.000059	193.019196	0.000011	27
620	-0.558478	192.858525	0.007038	30
621	-1.038053	192.698210	0.007765	29
622	-0.000001	192.538251	0.000000	31
623	-0.962315	192.378644	0.007078	29
624	-0.125165	192.219391	0.003131	29
625	-0.865112	192.060488	0.013007	29
626	-0.666093	191.901935	0.013525	29
627	-0.618045	191.743730	0.004204	32
628	-0.551943	191.585873	0.012099	30
629	-0.734290	191.428362	0.015182	30
630	-0.121949	191.271196	0.003164	28
631	-1.087933	191.114374	0.021141	29
632	-0.000433	190.957893	0.000009	32
633	-0.660558	190.801755	0.007447	30
634	-1.166954	190.645956	0.015062	32
635	-0.901598	190.490495	0.007879	30
636	-0.859195	190.335373	0.004747	32
637	0.000000	190.180587	0.000000	29
638	-1.074578	190.026136	0.011719	29
639	-0.659429	189.872019	0.009376	30
640	-0.608689	189.718235	0.006617	29
641	-0.853795	189.564782	0.019984	30
642	-0.625098	189.411661	0.006149	31
643	-1.023282	189.258868	0.030893	30
644	-0.816980	189.106404	0.005270	30
645	-1.045426	188.954267	0.024874	32
646	-0.081792	188.802456	0.002869	30
647	-0.557362	188.650969	0.010200	30
648	-1.009426	188.499807	0.010771	31
649	-0.750629	188.348967	0.005409	30
650	-0.507622	188.198448	0.004721	30
651	-0.065149	188.048250	0.002673	33
652	-1.095973	187.898371	0.012288	32
653	-0.000002	187.748810	0.000000	32
654	-0.990779	187.599566	0.013582	32
655	-0.534569	187.450638	0.009559	30
656	-0.695301	187.302025	0.010695	31
657	-0.824657	187.153725	0.011909	30
658	-0.352135	187.005739	0.004028	31
659	-0.016088	186.858064	0.001186	30
660	-0.406179	186.710699	0.006206	30
661	-0.002251	186.563645	0.000040	31
662	0.000000	186.416898	0.000000	29
663	-0.285228	186.270459	0.006973	29
664	-0.640540	186.124326	0.007085	29
665	-0.033908	185.978499	0.001652	29
666	-0.909656	185.832976	0.009077	28
667	-0.706188	185.687756	0.008530	29
668	-0.892957	185.542838	0.021615	28
669	-0.000008	185.398222	0.000006	28
670	-0.928149	185.253906	0.029610	29
671	-0.505504	185.109889	0.006155	28
672	-0.352869	184.966170	0.008451	30
673	-0.822210	184.822748	0.011528	29
674	0.000000	184.679623	0.000000	28
675	-0.000003	184.536792	0.000000	29
676	-0.959237	184.394256	0.010633	29
677	-0.680665	184.252013	0.014110	28
678	-0.862367	184.110062	0.016234	29
679	0.000000	183.968403	0.000000	29
680	0.000000	183.827034	0.000000	28
681	-0.800516	183.685954	0.005713	31
682	0.000000	183.545163	0.000000	25
683	-0.759196	183.404658	0.011662	29
684	-0.240126	183.264441	0.005707	29
685	0.000000	183.124509	0.000000	29
686	-0.654412	182.984861	0.006772	28
687	-0.869210	182.845497	0.007764	29
688	-0.575643	182.706416	0.008626	29
689	-0.305364	182.567616	0.006631	29
690	0.000000	182.429098	0.000000	29
691	-0.000169	182.290859	0.000006	26
692	-0.596561	182.152899	0.007323	29
693	-0.820873	182.015217	0.012681	28
694	-0.760583	181.877813	0.008922	30
695	-0.874988	181.740684	0.007276	29
696	-0.918483	181.603832	0.022559	29
697	-0.235458	181.467253	0.002814	29
698	-0.735915	181.330948	0.006673	29
699	-0.437159	181.194916	0.003869	27
700	-0.000000	181.059155	0.000000	29
701	0.000000	180.923666	0.000000	25
702	-0.316469	180.788446	0.011713	29
703	-0.073062	180.653496	0.001217	25
704	-1.161437	180.518814	0.006328	28
705	-0.893653	180.384399	0.007369	28
706	-0.984808	180.250251	0.011051	29
707	-0.107888	180.116369	0.002078	30
708	-0.000000	179.982752	0.000000	29
709	-0.821505	179.849398	0.012580	28
710	0.000000	179.716308	0.000000	26
711	0.000000	179.583480	0.000000	30
712	-0.000000	179.450913	0.000000	28
713	-1.002399	179.318607	0.014318	29
714	-0.252134	179.186561	0.003710	29
715	-0.000000	179.054774	0.000000	29
716	-1.075747	178.923245	0.017254	29
717	-0.580244	178.791973	0.004233	28
718	0.000000	178.660958	0.000000	28
719	-0.505580	178.530199	0.007308	28
720	-0.711758	178.399694	0.008909	28
721	-0.975029	178.269444	0.029557	28
722	-0.922727	178.139447	0.005210	29
723	0.000000	178.009702	0.000000	29
724	-1.045831	177.880209	0.010190	28
725	-0.412663	177.750967	0.006992	29
726	-0.695371	177.621975	0.011419	28
727	0.000000	177.493232	0.000000	28
728	-0.687703	177.364738	0.023757	28
729	-0.761203	177.236492	0.006931	28
730	-0.922422	177.108492	0.008860	29
731	-0.377719	176.980739	0.009371	29
732	-0.485371	176.853231	0.008623	28
733	-0.942330	176.725968	0.009984	29
734	-0.497776	176.598949	0.006343	29
735	-0.519937	176.472173	0.006691	28
736	-0.504065	176.345639	0.007778	29
737	-1.099904	176.219348	0.007498	29
738	-0.564288	176.093296	0.002193	29
739	-0.446670	175.967486	0.005440	29
740	-0.393569	175.841914	0.009531	29
741	-0.872713	175.716581	0.007206	29
742	-0.407814	175.591486	0.008878	29
743	-0.592141	175.466629	0.008057	28
744	-0.000000	175.342008	0.000000	29
745	-0.000000	175.217622	0.000000	29
746	-0.001836	175.093472	0.000182	29
747	-0.759337	174.969556	0.009688	29
748	-1.135097	174.845873	0.018492	28
749	-0.651632	174.722423	0.006004	29
750	-0.287800	174.599206	0.005354	29
751	0.000000	174.476220	0.000000	24
752	-1.184534	174.353464	0.017301	29
753	-0.265874	174.230939	0.005207	28
754	-0.572479	174.108643	0.010149	31
755	-0.201291	173.986576	0.003758	29
756	-0.925087	173.864737	0.010408	28
757	-0.792621	173.743124	0.010078	28
758	-0.732993	173.621739	0.006244	29
759	-0.000013	173.500579	0.000002	28
760	-0.533752	173.379645	0.005309	29
761	-0.742284	173.258935	0.007521	29
762	-1.046354	173.138449	0.014443	27
763	0.000000	173.018186	0.000000	29
764	-0.804620	172.898146	0.010188	30
765	-0.732917	172.778327	0.014066	28
766	-0.002672	172.658730	0.000597	28
767	-0.798325	172.539353	0.008881	29
768	-1.066407	172.420196	0.018635	28
769	-0.344015	172.301258	0.002782	29
770	-0.034957	172.182539	0.001478	29
771	-0.331866	172.064037	0.002865	30
772	-0.971227	171.945753	0.010516	28
773	-0.083124	171.827686	0.001691	29
774	-1.042758	171.709834	0.036301	29
775	-0.129146	171.592198	0.002914	29
776	-0.985216	171.474776	0.006547	28
777	-0.825153	171.357568	0.008762	27
778	-1.018111	171.240574	0.005828	29
779	0.000000	171.123793	0.000000	29
780	-0.032674	171.007223	0.002112	29
781	-0.735657	170.890865	0.007759	28
782	-0.543924	170.774718	0.004726	29
783	-0.318857	170.658782	0.008914	29
784	0.000000	170.543055	0.000000	29
785	-0.952399	170.427537	0.004972	30
786	0.000000	170.312227	0.000000	28
787	0.000000	170.197125	0.000000	28
788	-0.873275	170.082231	0.016274	30
789	0.000000	169.967543	0.000000	25
790	-1.054768	169.853061	0.025276	29
791	-0.047590	169.738784	0.001935	29
792	-0.238306	169.624713	0.005435	29
793	-0.000000	169.510845	0.000000	29
794	-0.753539	169.397181	0.006499	31
795	-1.002825	169.283720	0.007246	33
796	-0.418215	169.170462	0.005898	31
797	-0.597905	169.057405	0.005243	29
798	-1.068557	168.944549	0.007984	27
799	0.000000	168.831895	0.000000	29
800	-0.436937	168.719440	0.008144	32
801	-0.986219	168.607185	0.011174	31
802	-0.514732	168.495129	0.007953	32
803	-0.946238	168.383271	0.015123	30
804	-0.783553	168.271611	0.021818	28
805	-0.938946	168.160148	0.007344	27
806	-0.000000	168.048882	0.000000	31
807	-0.000090	167.937812	0.000023	26
808	-1.000672	167.826938	0.007285	29
809	-0.706497	167.716258	0.007411	31
810	-0.000000	167.605773	0.000000	29
811	-1.135641	167.495482	0.014503	28
812	-0.948674	167.385384	0.010700	29
813	0.000000	167.275479	0.000000	30
814	-0.362687	167.165766	0.006485	29
815	-0.777962	167.056245	0.011024	29
816	-0.430177	166.946915	0.006545	29
817	-0.000000	166.837776	0.000000	26
818	-0.000001	166.728826	0.000000	29
819	-0.452404	166.620067	0.006351	29
820	-0.123471	166.511496	0.003569	29
821	0.000000	166.403113	0.000000	24
822	-0.383800	166.294919	0.003003	30
823	-0.796915	166.186912	0.007966	29
824	-1.004075	166.079091	0.036984	29
825	-0.329676	165.971458	0.008518	29
826	-0.425129	165.864009	0.006292	29
827	-0.706738	165.756747	0.008651	28
828	-0.481182	165.649669	0.002437	29
829	-0.725910	165.542775	0.005245	28
830	-0.875536	165.436065	0.007826	30
831	-0.575595	165.329538	0.008725	30
832	-0.715791	165.223194	0.009443	31
833	-0.146812	165.117032	0.003063	30
834	-1.057555	165.011052	0.017583	29
835	-0.635605	164.905253	0.003073	31
836	-0.975398	164.799635	0.010367	30
837	-0.134709	164.694197	0.001708	28
838	-0.802703	164.588939	0.007808	29
839	-0.191160	164.483859	0.002886	27
840	0.000000	164.378959	0.000000	27
841	-0.000000	164.274237	0.000000	29
842	-0.404103	164.169692	0.008168	30
843	-0.559162	164.065325	0.007450	29
844	-1.045277	163.961135	0.012902	29
845	-0.000007	163.857120	0.000000	29
846	-0.732640	163.753282	0.007488	29
847	-0.458733	163.649619	0.005839	29
848	-0.043653	163.546130	0.002509	29
849	-0.164059	163.442816	0.002355	29
850	0.000000	163.339676	0.000000	29
851	-1.159819	163.236709	0.023901	29
852	-0.000000	163.133915	0.000000	26
853	0.000000	163.031294	0.000000	25
854	0.000000	162.928844	0.000000	29
855	-0.012682	162.826566	0.000435	30
856	-0.966813	162.724459	0.015638	30
857	-0.548869	162.622523	0.009334	29
858	-0.604851	162.520757	0.008135	29
859	-0.000032	162.419160	0.000008	26
860	-0.992368	162.317733	0.006502	31
861	-0.001695	162.216474	0.000104	29
862	-0.610403	162.115383	0.008187	28
863	-0.583940	162.014461	0.005219	29
864	-0.000064	161.913705	0.000004	29
865	-0.751804	161.813117	0.019313	29
866	0.000000	161.712695	0.000000	30
867	-0.932910	161.612439	0.009736	28
868	-1.098256	161.512349	0.012588	29
869	-0.000000	161.412424	0.000000	29
870	-0.158426	161.312663	0.003755	30
871	0.000000	161.213067	0.000000	29
872	-0.000000	161.113635	0.000000	29
873	-0.010947	161.014366	0.000643	29
874	-0.000000	160.915260	0.000000	29
875	-0.369584	160.816316	0.004626	28
876	-0.943390	160.717535	0.007648	29
877	-0.615471	160.618915	0.011493	30
878	-0.001981	160.520456	0.000121	29
879	-1.173570	160.422158	0.008960	30
880	0.000000	160.324021	0.000000	32
881	-0.001300	160.226043	0.000070	30
882	0.000000	160.128225	0.000000	26
883	-0.456805	160.030566	0.006590	30
884	0.000000	159.933066	0.000000	30
885	-0.000004	159.835723	0.000001	30
886	-1.002658	159.738539	0.008833	30
887	-0.098514	159.641512	0.004172	31
888	-0.804734	159.544642	0.009084	29
889	-0.617818	159.447929	0.005657	31
890	-1.049145	159.351372	0.036250	31
891	-0.285833	159.254971	0.003579	30
892	0.000000	159.158725	0.000000	26
893	-0.426463	159.062634	0.005854	30
894	-0.959632	158.966697	0.007724	31
895	-0.718101	158.870915	0.008737	29
896	-0.848244	158.775286	0.011103	30
897	-0.831433	158.679811	0.007586	31
898	-0.716189	158.584489	0.012767	30
899	-0.349360	158.489319	0.004713	29
900	-0.000001	158.394302	0.000000	30
901	-0.596603	158.299436	0.007512	29
902	-0.754356	158.204721	0.005944	30
903	-0.000000	158.110158	0.000000	25
904	0.000000	158.015745	0.000000	24
905	-0.887775	157.921482	0.008681	31
906	0.000000	157.827369	0.000000	31
907	0.000000	157.733406	0.000000	25
908	-0.177342	157.639591	0.003521	32
909	-0.855885	157.545925	0.007630	30
910	-0.114276	157.452408	0.003458	30
911	-1.039401	157.359038	0.011533	31
912	-0.529264	157.265816	0.004999	31
913	-1.160150	157.172741	0.014009	31
914	-0.908631	157.079813	0.010123	30
915	-0.583804	156.987031	0.007649	30
916	-0.000023	156.894395	0.000014	30
917	-1.016570	156.801904	0.011026	32
918	-1.080298	156.709559	0.008157	31
919	-0.313128	156.617359	0.006438	31
920	-0.684465	156.525304	0.007455	29
921	-0.788536	156.433392	0.007011	31
922	-1.057122	156.341624	0.044575	28
923	-0.959510	156.250000	0.009009	29
924	-1.093494	156.158519	0.007908	32
925	-0.696233	156.067180	0.012155	30
926	-1.062730	155.975984	0.007696	31
927	-0.947210	155.884930	0.008431	29
928	-0.485214	155.794017	0.004389	29
929	-0.848293	155.703246	0.008741	30
930	-0.646818	155.612615	0.005900	31
931	-0.348684	155.522125	0.003471	32
932	-0.000000	155.431775	0.000000	30
933	-0.999600	155.341565	0.010067	31
934	-0.908760	155.251495	0.007659	29
935	-0.597312	155.161563	0.008323	30
936	0.000000	155.071771	0.000000	31
937	-0.030256	154.982117	0.000591	29
938	-0.000177	154.892601	0.000039	26
939	-0.602497	154.803222	0.007079	29
940	0.000000	154.713981	0.000000	27
941	-0.309674	154.624878	0.003509	28
942	-0.863178	154.535910	0.011344	29
943	-0.575553	154.447080	0.004347	28
944	-1.151086	154.358385	0.014679	29
945	-0.006964	154.269826	0.000234	29
946	0.000000	154.181402	0.000000	25
947	-0.699838	154.093114	0.005860	29
948	-0.927703	154.004960	0.006144	29
949	-1.056258	153.916940	0.011390	28
950	-0.007882	153.829054	0.000071	29
951	-0.994039	153.741303	0.013776	30
952	-0.878031	153.653684	0.007117	29
953	-0.822936	153.566198	0.007303	29
954	-0.051899	153.478846	0.000791	29
955	-0.036343	153.391625	0.000926	29
956	-0.876456	153.304537	0.011313	28
957	-1.048017	153.217580	0.011174	28
958	-0.778909	153.130755	0.014575	29
959	-0.220256	153.044061	0.002872	28
960	-0.003909	152.957498	0.000350	23
961	-0.751677	152.871065	0.006515	29
962	-1.134393	152.784762	0.008804	28
963	-0.743962	152.698589	0.005970	29
964	-1.134822	152.612545	0.007955	29
965	-0.043422	152.526631	0.001171	30
966	-0.690641	152.440845	0.015889	28
967	-0.617261	152.355188	0.007722	29
968	-0.423844	152.269660	0.004871	30
969	-0.972941	152.184259	0.039413	30
970	-0.390225	152.098986	0.007588	31
971	-0.860246	152.013840	0.005682	30
972	-0.000000	151.928821	0.000000	29
973	-0.767467	151.843928	0.006366	30
974	-0.945623	151.759163	0.015115	30
975	-0.582510	151.674523	0.004773	28
976	-0.858625	151.590009	0.012446	30
977	-1.048653	151.505620	0.011623	28
978	-0.540582	151.421357	0.007776	29
979	0.000000	151.337218	0.000000	29
980	-0.654080	151.253204	0.017651	29
981	-0.784460	151.169314	0.008228	29
982	-0.535864	151.085549	0.006798	30
983	-1.119769	151.001907	0.019254	29
984	-0.913880	150.918388	0.007284	29
985	-0.415289	150.834992	0.005346	28
986	-0.000850	150.751719	0.000221	28
987	-0.525399	150.668569	0.004284	30
988	-0.928726	150.585541	0.038524	29
989	-0.830862	150.502634	0.010534	29
990	-0.686248	150.419849	0.003810	29
991	-0.637409	150.337186	0.003227	28
992	-0.107558	150.254644	0.003918	27
993	-0.520848	150.172222	0.004070	29
994	-1.010032	150.089921	0.007768	28
995	-0.008413	150.007740	0.000326	30
996	-1.077074	149.925679	0.011343	31
997	0.000000	149.843737	0.000000	30
998	-0.984941	149.761915	0.022256	30
999	-0.716814	149.680212	0.007390	30
1000	-1.108931	149.598627	0.006743	31
1001	-0.002284	149.517161	0.000035	29
1002	-0.508314	149.435814	0.007088	30
1003	-0.802348	149.354584	0.006905	32
1004	-0.741108	149.273472	0.008995	29
1005	-0.804620	149.192477	0.007948	30
1006	-1.102304	149.111599	0.013303	30
1007	-0.000000	149.030838	0.000000	28
1008	-0.752966	148.950194	0.005014	30
1009	-0.000000	148.869666	0.000000	29
1010	-0.750750	148.789253	0.007808	29
1011	-0.831797	148.708957	0.018964	28
1012	-0.591271	148.628776	0.004700	31
1013	-0.299446	148.548710	0.002641	29
1014	0.000000	148.468759	0.000000	28
1015	0.000000	148.388923	0.000000	30
1016	-1.037788	148.309201	0.007691	28
1017	-0.710822	148.229594	0.004434	30
1018	-0.726643	148.150100	0.005993	29
1019	-0.431570	148.070719	0.006987	29
1020	-0.730371	147.991452	0.005459	30
1021	-1.130528	147.912298	0.023151	29
1022	0.000000	147.833257	0.000000	28
1023	-0.788482	147.754329	0.007991	29
1024	-0.996742	147.675512	0.006539	27
1025	-0.948932	147.596808	0.011174	29
1026	-0.097569	147.518216	0.003475	29
1027	-0.504704	147.439735	0.004747	29
1028	0.000000	147.361365	0.000000	28
1029	-0.675059	147.283106	0.005016	31
1030	-0.739946	147.204958	0.006993	29
1031	-0.398128	147.126920	0.004016	29
1032	-0.243919	147.048993	0.004421	30
1033	-0.929302	146.971175	0.005724	28
1034	-0.544176	146.893468	0.007140	27
1035	-0.867784	146.815869	0.009275	30
1036	-1.253493	146.738380	0.024303	28
1037	-0.984300	146.661000	0.015319	27
1038	-0.901813	146.583729	0.005913	29
1039	-0.874360	146.506566	0.005866	28
1040	0.000000	146.429511	0.000000	22
1041	-0.230917	146.352565	0.004491	29
1042	-0.405421	146.275726	0.005048	29
1043	-0.000000	146.198994	0.000000	27
1044	0.000000	146.122370	0.000000	29
1045	-0.891999	146.045853	0.006641	30
1046	-0.021776	145.969442	0.000206	34
1047	-0.000125	145.893139	0.000008	30
1048	-0.001401	145.816941	0.000025	30
1049	-0.529338	145.740849	0.005622	33
1050	-0.347878	145.664863	0.007563	29
1051	-0.870391	145.588983	0.006334	29
1052	-0.728160	145.513208	0.011017	29
1053	-0.647264	145.437538	0.016244	27
1054	-0.509718	145.361973	0.006121	27
1055	-0.000000	145.286513	0.000000	30
1056	0.000000	145.211157	0.000000	30
1057	0.000000	145.135905	0.000000	26
1058	-0.768100	145.060757	0.021452	28
1059	0.000000	144.985712	0.000000	27
1060	-0.814336	144.910771	0.007869	28
1061	-0.590501	144.835934	0.005626	29
1062	-0.398102	144.761199	0.006809	28
1063	-0.000000	144.686567	0.000000	30
1064	0.000000	144.612037	0.000000	29
1065	0.000000	144.537610	0.000000	24
1066	-0.540824	144.463285	0.005780	27
1067	-0.826470	144.389062	0.008955	29
1068	-0.690229	144.314940	0.004065	29
1069	-0.282460	144.240920	0.005784	29
1070	-0.856224	144.167001	0.016894	27
1071	-0.903389	144.093182	0.006437	36
1072	-0.621156	144.019465	0.005942	30
1073	-0.715371	143.945848	0.012885	30
1074	-1.027439	143.872331	0.009441	31
1075	-0.683248	143.798914	0.026193	29
1076	-0.264267	143.725597	0.004356	28
1077	-0.986434	143.652380	0.010798	30
1078	-1.137274	143.579262	0.016238	33
1079	-1.033155	143.506243	0.015136	29
1080	-1.071123	143.433323	0.010874	33
1081	-0.819082	143.360502	0.008007	30
1082	-0.883742	143.287780	0.010507	29
1083	-0.503253	143.215155	0.003655	31
1084	-0.254221	143.142629	0.006801	29
1085	-0.689114	143.070201	0.010829	27
1086	0.000000	142.997870	0.000000	25
1087	-0.612472	142.925637	0.005302	29
1088	-0.870964	142.853501	0.010318	29
1089	-0.500475	142.781462	0.004151	29
1090	-0.179469	142.709519	0.003931	27
1091	-0.615499	142.637674	0.006264	30
1092	-0.762928	142.565924	0.004743	28
1093	-0.874912	142.494271	0.009729	29
1094	-0.764067	142.422714	0.008029	29
1095	-0.420130	142.351252	0.003527	29
1096	-0.829316	142.279886	0.005942	29
1097	-0.688395	142.208616	0.009271	27
1098	0.000000	142.137440	0.000000	29
1099	-0.106970	142.066360	0.000849	26
1100	-0.872809	141.995374	0.006822	28
1101	0.000000	141.924483	0.000000	29
1102	-0.921795	141.853685	0.008882	29
1103	-0.950397	141.782983	0.008460	29
1104	-0.200593	141.712373	0.001641	29
1105	-0.241738	141.641858	0.002214	29
1106	-1.010293	141.571436	0.010078	29
1107	-0.546578	141.501108	0.004717	30
1108	-0.953106	141.430872	0.013581	30
1109	-0.300057	141.360730	0.003401	29
1110	0.000000	141.290680	0.000000	27
1111	-0.601741	141.220722	0.009428	30
1112	-0.780551	141.150857	0.013811	28
1113	-0.431424	141.081084	0.005262	28
1114	-0.247376	141.011403	0.003807	29
1115	0.000000	140.941813	0.000000	29
1116	-0.130087	140.872315	0.004405	29
1117	0.000000	140.802909	0.000000	31
1118	-0.036058	140.733593	0.001120	25
1119	0.000000	140.664369	0.000000	30
1120	0.000000	140.595235	0.000000	28
1121	0.000000	140.526192	0.000000	30
1122	-1.168249	140.457239	0.014247	29
1123	-0.583616	140.388376	0.008406	29
1124	0.000000	140.319603	0.000000	26
1125	-0.761337	140.250920	0.006567	30
1126	-0.938415	140.182326	0.023933	29
1127	-0.146270	140.113822	0.005444	29
1128	-0.099030	140.045407	0.001587	31
1129	-0.182625	139.977081	0.003312	30
1130	0.000000	139.908844	0.000000	28
1131	-0.042501	139.840696	0.000890	26
1132	-0.107800	139.772635	0.002556	29
1133	-0.105027	139.704664	0.001487	24
1134	-1.069403	139.636780	0.023930	29
1135	-0.191841	139.568984	0.005856	29
1136	0.000000	139.501276	0.000000	27
1137	0.000000	139.433655	0.000000	26
1138	-0.049871	139.366122	0.002266	28
1139	0.000000	139.298676	0.000000	28
1140	-0.672247	139.231317	0.003791	29
1141	-0.264252	139.164045	0.005067	28
1142	-0.368974	139.096859	0.005582	30
1143	-0.552284	139.029760	0.004314	29
1144	-1.058626	138.962747	0.026189	28
1145	-0.738232	138.895820	0.008110	28
1146	0.000000	138.828978	0.000000	30
1147	-1.100576	138.762223	0.009222	29
1148	-1.037087	138.695553	0.013679	28
1149	-0.806332	138.628969	0.008481	26
1150	-0.000374	138.562469	0.000005	29
1151	0.000000	138.496055	0.000000	24
1152	-0.005434	138.429725	0.000472	29
1153	-1.118479	138.363481	0.017224	29
1154	-0.063207	138.297320	0.002088	29
1155	-0.340600	138.231244	0.002868	29
1156	-0.764643	138.165252	0.014082	28
1157	-0.000053	138.099344	0.000026	29
1158	-0.326919	138.033520	0.004109	28
1159	-0.446434	137.967779	0.004485	29
1160	0.000000	137.902122	0.000000	29
1161	-0.742860	137.836548	0.006560	29
1162	-0.194524	137.771057	0.004002	29
1163	-0.627879	137.705649	0.006957	28
1164	-0.838405	137.640324	0.017020	29
1165	-0.985508	137.575081	0.015521	28
1166	-0.824870	137.509921	0.009378	29
1167	-0.491905	137.444842	0.006286	30
1168	-0.768753	137.379846	0.008855	28
1169	-0.041488	137.314932	0.002134	29
1170	0.000000	137.250100	0.000000	25
1171	-1.182740	137.185349	0.015390	29
1172	-0.942858	137.120680	0.008550	29
1173	-0.000000	137.056092	0.000000	27
1174	-0.883402	136.991585	0.009897	29
1175	-0.807224	136.927158	0.007460	31
1176	-0.944942	136.862813	0.010070	29
1177	-0.619152	136.798548	0.005548	28
1178	-0.928854	136.734363	0.005807	29
1179	-0.717346	136.670259	0.008607	29
1180	-0.510102	136.606235	0.009223	29
1181	0.000000	136.542291	0.000000	29
1182	-1.072324	136.478426	0.020551	28
1183	-0.217334	136.414641	0.004289	28
1184	-0.494707	136.350936	0.005342	30
1185	-0.086369	136.287310	0.002925	30
1186	-0.004346	136.223763	0.000029	29
1187	-0.302174	136.160295	0.007860	31
1188	-0.827498	136.096905	0.007071	30
1189	-0.039090	136.033594	0.001319	29
1190	-0.315145	135.970362	0.005005	30
1191	-0.468762	135.907208	0.001824	29
1192	-0.359214	135.844133	0.003140	29
1193	-0.809331	135.781135	0.009667	30
1194	0.000000	135.718215	0.000000	29
1195	-0.287691	135.655373	0.006183	31
1196	-0.688782	135.592608	0.005180	30
1197	0.000000	135.529921	0.000000	29
1198	-0.021321	135.467311	0.001091	31
1199	-0.830199	135.404778	0.010064	31
1200	-0.729468	135.342322	0.006302	29
1201	-0.628277	135.279942	0.004484	31
1202	-0.018559	135.217640	0.000486	30
1203	-0.112256	135.155413	0.003627	29
1204	-0.625982	135.093263	0.008428	30
1205	-0.258442	135.031190	0.008001	29
1206	-0.417581	134.969192	0.004314	29
1207	-0.620030	134.907270	0.011309	31
1208	-0.223808	134.845424	0.003796	28
1209	-0.765585	134.783653	0.004415	28
1210	0.000000	134.721958	0.000000	25
1211	0.000000	134.660338	0.000000	30
1212	-0.627235	134.598793	0.004791	29
1213	-0.571821	134.537323	0.009503	29
1214	-0.864739	134.475927	0.011791	29
1215	-0.258169	134.414607	0.006547	29
1216	0.000000	134.353361	0.000000	25
1217	-0.934671	134.292189	0.017010	30
1218	-0.790059	134.231092	0.009548	30
1219	-0.645024	134.170068	0.004406	30
1220	0.000000	134.109119	0.000000	26
1221	-0.625612	134.048243	0.004740	28
1222	0.000000	133.987441	0.000000	30
1223	-0.628588	133.926713	0.004139	29
1224	-0.757566	133.866057	0.011212	29
1225	-0.643871	133.805475	0.011116	31
1226	-1.230084	133.744966	0.018532	29
1227	-0.017247	133.684530	0.000068	29
1228	-0.891243	133.624167	0.006361	29
1229	-0.545207	133.563877	0.004019	29
1230	-0.000000	133.503658	0.000000	29
1231	-0.901026	133.443513	0.006128	29
1232	-0.554443	133.383439	0.004519	29
1233	-0.608403	133.323437	0.006651	30
1234	-0.405593	133.263508	0.016382	29
1235	-0.973998	133.203650	0.017151	29
1236	-0.729893	133.143864	0.006297	30
1237	-0.839601	133.084149	0.019143	30
1238	-0.570116	133.024506	0.005556	30
1239	-0.908015	132.964934	0.006196	30
1240	-0.679290	132.905433	0.004896	29
1241	-1.169303	132.846003	0.013847	30
1242	-0.189237	132.786643	0.003611	28
1243	-0.857074	132.727355	0.010480	29
1244	-0.000000	132.668137	0.000000	29
1245	-0.739014	132.608989	0.006461	29
1246	0.000000	132.549912	0.000000	30
1247	-0.877899	132.490904	0.010872	29
1248	-0.000001	132.431967	0.000000	29
1249	-0.500640	132.373100	0.005030	29
1250	0.000000	132.314302	0.000000	29
1251	-0.879759	132.255574	0.005379	28
1252	-0.014358	132.196916	0.000692	29
1253	-0.946272	132.138326	0.017262	29
1254	-0.363876	132.079806	0.003141	29
1255	0.000000	132.021355	0.000000	29
1256	-0.000000	131.962973	0.000000	28
1257	-0.084038	131.904660	0.001556	27
1258	-0.767192	131.846415	0.009601	29
1259	-0.257642	131.788239	0.003513	30
1260	-0.581264	131.730131	0.004822	29
1261	-0.687942	131.672092	0.006154	28
1262	-0.079985	131.614121	0.002877	28
1263	-0.229740	131.556217	0.004292	29
1264	-0.694903	131.498382	0.004215	29
1265	-0.225094	131.440614	0.003687	28
1266	-1.037247	131.382914	0.025829	29
1267	-0.829554	131.325282	0.008877	28
1268	0.000000	131.267717	0.000000	28
1269	-0.227519	131.210219	0.004820	28
1270	-0.490757	131.152788	0.006357	29
1271	-0.452208	131.095424	0.004212	28
1272	-0.508432	131.038127	0.005167	29
1273	-0.070594	130.980897	0.000920	26
1274	-0.732504	130.923733	0.006603	28
1275	-0.722221	130.866636	0.006314	28
1276	-0.354325	130.809605	0.005063	28
1277	-0.773336	130.752641	0.010686	29
1278	-0.152511	130.695742	0.003075	28
1279	-0.455248	130.638910	0.004456	29
1280	-1.033615	130.582143	0.011704	33
1281	0.000000	130.525442	0.000000	24
1282	-0.469378	130.468807	0.003562	29
1283	0.000000	130.412237	0.000000	29
1284	-0.934855	130.355733	0.010589	30
1285	-0.043907	130.299294	0.002373	30
1286	0.000000	130.242920	0.000000	30
1287	-0.000000	130.186611	0.000000	30
1288	-0.879271	130.130366	0.006491	29
1289	-0.960675	130.074187	0.005787	30
1290	-0.982663	130.018072	0.010355	29
1291	-0.896270	129.962022	0.011833	29
1292	0.000000	129.906036	0.000000	29
1293	-0.630050	129.850114	0.004898	29
1294	0.000000	129.794257	0.000000	28
1295	-1.036662	129.738463	0.006251	29
1296	0.000000	129.682734	0.000000	29
1297	-1.040267	129.627068	0.037234	29
1298	-0.298389	129.571466	0.001941	29
1299	-0.275964	129.515927	0.006289	29
1300	-0.000035	129.460452	0.000001	29
1301	-0.000000	129.405040	0.000000	29
1302	-0.801371	129.349692	0.007882	29
1303	-0.823902	129.294406	0.003786	29
1304	-0.153799	129.239183	0.005276	28
1305	-0.887567	129.184024	0.009773	29
1306	-0.620067	129.128927	0.006348	29
1307	-0.845568	129.073892	0.015207	29
1308	0.000000	129.018921	0.000000	28
1309	0.000000	128.964011	0.000000	27
1310	-0.002048	128.909164	0.000188	30
1311	-0.007886	128.854379	0.001130	29
1312	-0.323583	128.799656	0.002833	29
1313	-0.107348	128.744995	0.003175	29
1314	-0.847753	128.690396	0.012878	29
1315	-0.957760	128.635858	0.011470	28
1316	-0.871102	128.581382	0.008694	29
1317	-0.898940	128.526968	0.006814	29
1318	-0.000000	128.472615	0.000000	26
1319	-0.889903	128.418323	0.024928	29
1320	-0.949636	128.364092	0.005121	29
1321	-0.821032	128.309922	0.007875	29
1322	-0.762793	128.255814	0.009824	29
1323	-1.013814	128.201766	0.006160	30
1324	-1.068581	128.147778	0.018383	29
1325	-0.004420	128.093852	0.000565	29
1326	-0.627042	128.039985	0.003905	28
1327	-0.660949	127.986180	0.004434	29
1328	-0.945862	127.932434	0.005329	28
1329	-0.093975	127.878749	0.003880	29
1330	-0.000006	127.825123	0.000000	29
1331	0.000000	127.771558	0.000000	24
1332	0.000000	127.718052	0.000000	30
1333	-1.054583	127.664606	0.005138	29
1334	-0.133661	127.611220	0.003325	29
1335	-0.680165	127.557893	0.009665	30
1336	-0.000549	127.504625	0.000024	29
1337	-0.769548	127.451417	0.009993	28
1338	0.000000	127.398268	0.000000	29
1339	-0.860639	127.345178	0.012534	30
1340	-0.019169	127.292147	0.001232	28
1341	-0.526880	127.239175	0.004933	28
1342	-0.201500	127.186261	0.006554	30
1343	-0.944644	127.133407	0.007613	30
1344	-0.798478	127.080610	0.004858	28
1345	-0.940789	127.027872	0.005131	29
1346	-1.098431	126.975193	0.013118	29
1347	-0.517400	126.922572	0.006098	31
1348	-0.534487	126.870008	0.005369	30
1349	-0.017030	126.817503	0.000346	29
1350	-0.706713	126.765056	0.008417	29
1351	-0.566800	126.712667	0.007599	29
1352	-0.672986	126.660335	0.012939	29
1353	0.000000	126.608061	0.000000	29
1354	-0.018263	126.555844	0.000090	29
1355	-0.788678	126.503685	0.019648	28
1356	0.000000	126.451583	0.000000	30
1357	-0.675165	126.399538	0.008233	30
1358	-0.549412	126.347550	0.009032	29
1359	-0.234623	126.295619	0.004638	30
1360	-0.504278	126.243745	0.007725	29
1361	-0.031068	126.191928	0.001526	29
1362	-0.423953	126.140168	0.005222	28
1363	-0.603854	126.088464	0.006557	30
1364	0.000000	126.036817	0.000000	28
1365	0.000000	125.985226	0.000000	26
1366	-0.754967	125.933691	0.006413	29
1367	-0.118229	125.882212	0.001669	31
1368	-0.764233	125.830790	0.005909	29
1369	-0.750373	125.779423	0.006123	29
1370	-0.102386	125.728113	0.002311	25
1371	-0.306405	125.676858	0.009542	31
1372	-0.521780	125.625659	0.010473	28
1373	-0.986544	125.574515	0.008843	28
1374	-0.325300	125.523427	0.004268	29
1375	-0.545880	125.472394	0.007307	29
1376	-0.002813	125.421417	0.000400	29
1377	-0.006241	125.370495	0.000217	30
1378	-1.047482	125.319628	0.004773	35
1379	-1.043116	125.268815	0.027841	31
1380	-1.006982	125.218058	0.007741	32
1381	-0.516748	125.167356	0.004707	32
1382	-0.644884	125.116708	0.005145	32
1383	-0.530144	125.066115	0.005147	31
1384	-0.132610	125.015576	0.006097	31
1385	-0.000000	124.965092	0.000000	31
1386	-0.922641	124.914662	0.006182	30
1387	-0.159164	124.864287	0.004176	30
1388	-0.628389	124.813965	0.006826	31
1389	-0.958341	124.763698	0.009031	30
1390	-0.690986	124.713485	0.009441	33
1391	-0.835427	124.663325	0.008073	31
1392	-0.550121	124.613219	0.005571	33
1393	-0.000000	124.563167	0.000000	33
1394	0.000000	124.513168	0.000000	30
1395	-1.048119	124.463223	0.008784	30
1396	-0.000002	124.413332	0.000000	29
1397	-0.715978	124.363493	0.008007	28
1398	-0.829268	124.313708	0.007818	30
1399	-0.772654	124.263976	0.006338	29
1400	-0.635506	124.214297	0.008236	29
1401	-0.289337	124.164671	0.004647	29
1402	-0.000000	124.115097	0.000000	28
1403	-0.590998	124.065577	0.004522	29
1404	-0.847531	124.016109	0.006921	28
1405	-0.767070	123.966693	0.012479	29
1406	-0.914970	123.917330	0.003508	29
1407	-0.037531	123.868020	0.000891	29
1408	-0.000000	123.818762	0.000000	30
1409	-0.660615	123.769556	0.006776	29
1410	-0.745791	123.720402	0.006832	29
1411	-0.700748	123.671300	0.005310	32
1412	-0.682735	123.622250	0.005637	30
1413	-0.020777	123.573252	0.001301	30
1414	-0.874405	123.524305	0.005838	30
1415	-1.152877	123.475411	0.012039	31
1416	-0.916330	123.426568	0.012155	30
1417	-0.000000	123.377776	0.000000	31
1418	-0.075236	123.329036	0.003085	31
1419	-0.091681	123.280347	0.002589	32
1420	-0.121056	123.231709	0.003720	31
1421	-0.502056	123.183122	0.004782	31
1422	-0.000000	123.134587	0.000000	30
1423	-0.706198	123.086102	0.005919	32
1424	-0.963875	123.037669	0.009744	28
1425	-0.888177	122.989286	0.018126	29
1426	0.000000	122.940954	0.000000	29
1427	-0.743512	122.892672	0.002929	31
1428	-0.512891	122.844441	0.004719	29
1429	-0.610409	122.796261	0.010664	32
1430	0.000000	122.748130	0.000000	30
1431	-0.339134	122.700050	0.003087	30
1432	-0.997079	122.652021	0.010049	30
1433	-0.570600	122.604041	0.005530	31
1434	-0.673566	122.556111	0.005617	29
1435	0.000000	122.508232	0.000000	27
1436	-0.382274	122.460402	0.005935	33
1437	-0.416924	122.412622	0.006027	30
1438	-0.813334	122.364891	0.012659	29
1439	-1.061062	122.317210	0.010937	33
1440	-0.001116	122.269579	0.000029	30
1441	-0.538269	122.221997	0.005079	32
1442	0.000000	122.174465	0.000000	29
1443	0.000000	122.126981	0.000000	30
1444	-0.887377	122.079547	0.008744	32
1445	-0.080932	122.032162	0.003019	34
1446	-0.623433	121.984826	0.004142	31
1447	-0.758632	121.937539	0.006807	32
1448	-0.740353	121.890301	0.008413	31
1449	-0.006301	121.843112	0.000197	33
1450	-1.056754	121.795971	0.020554	33
1451	-0.615058	121.748879	0.004665	31
1452	-0.595330	121.701835	0.006397	31
1453	-0.821256	121.654840	0.007404	31
1454	-0.009043	121.607893	0.000745	32
1455	-0.796413	121.560994	0.006855	30
1456	-0.857393	121.514144	0.012374	30
1457	-0.942535	121.467342	0.009634	31
1458	0.000000	121.420588	0.000000	29
1459	-0.522386	121.373882	0.005144	27
1460	-0.649737	121.327223	0.004723	29
1461	-0.871497	121.280613	0.012309	30
1462	-0.000024	121.234050	0.000019	28
1463	-0.000000	121.187535	0.000000	30
1464	-1.100345	121.141067	0.008558	28
1465	-0.583107	121.094647	0.007868	27
1466	-1.008332	121.048274	0.023827	31
1467	-0.579847	121.001949	0.004053	28
1468	-0.311703	120.955671	0.005322	28
1469	-0.883998	120.909440	0.012363	30
1470	-0.000000	120.863256	0.000000	30
1471	-0.000102	120.817119	0.000001	30
1472	0.000000	120.771029	0.000000	31
1473	-0.076870	120.724986	0.003609	27
1474	0.000000	120.678990	0.000000	28
1475	-1.013540	120.633040	0.008532	29
1476	-0.803703	120.587137	0.005656	31
1477	-0.438897	120.541281	0.003574	29
1478	-0.180068	120.495471	0.005284	28
1479	-0.000721	120.449707	0.000107	28
1480	-0.786747	120.403990	0.008377	29
1481	-0.304672	120.358319	0.005384	31
1482	-0.612951	120.312694	0.008567	34
1483	0.000000	120.267115	0.000000	35
1484	-0.100839	120.221582	0.001480	34
1485	-1.051476	120.176096	0.023185	33
1486	-0.543929	120.130655	0.007499	31
1487	-0.101106	120.085260	0.003658	32
1488	-0.184213	120.039910	0.005130	32
1489	-0.920731	119.994606	0.012427	31
1490	-0.083681	119.949348	0.001848	32
1491	-0.484315	119.904135	0.005592	31
1492	-0.322321	119.858968	0.004210	34
1493	-1.045518	119.813846	0.007696	31
1494	-0.580648	119.768769	0.005688	33
1495	-0.419934	119.723738	0.003703	31
1496	-0.926298	119.678752	0.008278	31
1497	-0.980707	119.633810	0.007741	30
1498	-1.046530	119.588914	0.010383	32
1499	-0.467272	119.544062	0.004659	32
1500	-1.005617	119.499256	0.011007	31
1501	-1.154422	119.454494	0.006534	30
1502	-0.000003	119.409777	0.000002	30
1503	-0.860235	119.365104	0.006466	31
1504	-0.877592	119.320476	0.010714	31
1505	-0.928090	119.275893	0.005614	31
1506	-0.678343	119.231353	0.008096	30
1507	-1.090637	119.186859	0.010668	31
1508	-0.836978	119.142408	0.010068	31
1509	-0.000000	119.098002	0.000000	31
1510	-0.959835	119.053639	0.012743	30
1511	-0.551727	119.009321	0.006811	31
1512	-0.566494	118.965047	0.005783	31
1513	-0.020057	118.920816	0.000560	32
1514	0.000000	118.876630	0.000000	32
1515	-0.798928	118.832487	0.008240	32
1516	-0.758472	118.788388	0.005665	31
1517	-1.029597	118.744332	0.012526	32
1518	0.000000	118.700320	0.000000	32
1519	-0.000000	118.656352	0.000000	31
1520	-1.088643	118.612427	0.006782	32
1521	-0.443107	118.568545	0.005246	31
1522	-1.029884	118.524706	0.004668	29
1523	-0.813095	118.480911	0.005068	30
1524	-0.004364	118.437159	0.000045	29
1525	-1.103815	118.393450	0.007959	30
1526	-0.768724	118.349784	0.004081	30
1527	-1.108149	118.306160	0.010023	29
1528	-0.320039	118.262580	0.005377	30
1529	-0.488943	118.219042	0.010489	30
1530	-0.810227	118.175548	0.007613	30
1531	-0.578620	118.132095	0.005546	29
1532	-0.207053	118.088686	0.002901	28
1533	-0.338585	118.045319	0.003508	30
1534	-0.212060	118.001994	0.002271	30
1535	0.000000	117.958712	0.000000	27
1536	-0.923522	117.915472	0.006002	29
1537	-0.332266	117.872274	0.004593	30
1538	-0.828982	117.829118	0.009678	27
1539	0.000000	117.786005	0.000000	29
1540	-0.045036	117.742933	0.002233	28
1541	-1.116124	117.699904	0.006564	27
1542	0.000000	117.656916	0.000000	30
1543	-0.992189	117.613971	0.012735	28
1544	0.000000	117.571067	0.000000	30
1545	-0.790296	117.528205	0.008766	29
1546	-0.846537	117.485384	0.005925	29
1547	-0.031143	117.442605	0.001162	29
1548	-0.964223	117.399867	0.009966	29
1549	-0.000004	117.357171	0.000002	31
1550	-0.115186	117.314517	0.003318	29
1551	-0.351901	117.271903	0.007300	30
1552	0.000000	117.229331	0.000000	31
1553	-0.684777	117.186800	0.008296	30
1554	-0.539992	117.144311	0.004019	31
1555	-0.927007	117.101862	0.007538	32
1556	-0.944339	117.059454	0.007745	30
1557	-0.838185	117.017087	0.006735	30
1558	-0.396508	116.974762	0.004424	28
1559	-0.581137	116.932476	0.003927	28
1560	-0.388350	116.890232	0.004497	30
1561	-0.195906	116.848028	0.003026	30
1562	-0.851873	116.805865	0.004363	28
1563	0.000000	116.763743	0.000000	31
1564	-1.106260	116.721661	0.009283	31
1565	-0.240327	116.679619	0.002610	31
1566	-0.510023	116.637618	0.005791	29
1567	-0.796697	116.595657	0.005557	29
1568	-1.054437	116.553736	0.006448	31
1569	0.000000	116.511855	0.000000	29
1570	-0.888309	116.470015	0.009122	28
1571	-0.703954	116.428214	0.004854	31
1572	-1.062840	116.386454	0.016419	29
1573	-0.994390	116.344733	0.007153	29
1574	-0.944760	116.303052	0.005917	27
1575	-0.097109	116.261412	0.004479	28
1576	-0.867695	116.219810	0.006013	30
1577	-0.793205	116.178249	0.012256	30
1578	-0.073227	116.136727	0.003663	28
1579	-0.537063	116.095245	0.010335	30
1580	-0.336309	116.053802	0.009582	30
1581	-0.958700	116.012398	0.005829	30
1582	-1.157280	115.971034	0.014742	29
1583	-1.030902	115.929710	0.008773	28
1584	-0.976118	115.888424	0.013367	31
1585	-0.834953	115.847178	0.007310	30
1586	0.000000	115.805970	0.000000	25
1587	0.000000	115.764802	0.000000	29
1588	-1.032197	115.723673	0.008424	28
1589	-0.018277	115.682583	0.002203	28
1590	-1.151697	115.641532	0.007691	29
1591	0.000000	115.600519	0.000000	29
1592	-0.715522	115.559546	0.009292	31
1593	-0.987463	115.518610	0.013694	29
1594	-1.132040	115.477714	0.009490	29
1595	-1.150468	115.436856	0.008938	29
1596	-1.008055	115.396037	0.011569	30
1597	-1.075453	115.355256	0.008770	28
1598	-1.010770	115.314514	0.011785	29
1599	-0.041235	115.273810	0.002118	29
1600	-0.759346	115.233144	0.010299	29
1601	-0.907052	115.192517	0.011625	30
1602	-0.054861	115.151927	0.001424	29
1603	-0.555686	115.111376	0.009773	28
1604	-0.000521	115.070863	0.000043	30
1605	-0.964357	115.030388	0.006138	29
1606	-0.403393	114.989951	0.004243	30
1607	-0.703491	114.949551	0.009088	32
1608	-0.918573	114.909190	0.006322	31
1609	-0.000000	114.868866	0.000000	32
1610	-0.741169	114.828580	0.008146	34
1611	-1.075013	114.788332	0.009534	33
1612	-1.046940	114.748121	0.007080	32
1613	-0.982161	114.707948	0.012872	30
1614	-0.491091	114.667812	0.007656	30
1615	-0.542488	114.627714	0.004856	29
1616	-0.815664	114.587653	0.011941	31
1617	-0.621000	114.547629	0.006251	30
1618	-0.819296	114.507643	0.008760	30
1619	-0.995670	114.467693	0.005012	32
1620	0.000000	114.427781	0.000000	32
1621	-0.170416	114.387907	0.003096	31
1622	-0.895586	114.348069	0.007567	31
1623	-0.751068	114.308268	0.007551	32
1624	-0.891948	114.268504	0.007493	32
1625	-0.558381	114.228777	0.005865	31
1626	-0.064924	114.189086	0.001080	31
1627	-0.755559	114.149433	0.009210	32
1628	-0.498521	114.109816	0.005682	31
1629	-0.473448	114.070235	0.005045	30
1630	-0.146562	114.030692	0.005344	29
1631	-0.509618	113.991185	0.004862	31
1632	-0.001587	113.951714	0.000195	29
1633	0.000000	113.912280	0.000000	27
1634	-0.985812	113.872882	0.006320	31
1635	-0.729397	113.833521	0.006106	30
1636	-0.335423	113.794195	0.002403	30
1637	-0.573741	113.754906	0.003701	30
1638	0.000000	113.715653	0.000000	31
1639	-1.008743	113.676437	0.005833	30
1640	0.000000	113.637256	0.000000	29
1641	-0.077701	113.598111	0.002620	29
1642	-0.000000	113.559002	0.000000	29
1643	-0.000000	113.519929	0.000000	30
1644	-0.947243	113.480892	0.008004	27
1645	-0.581970	113.441891	0.005248	31
1646	-0.627954	113.402925	0.007857	29
1647	-0.344096	113.363995	0.006825	28
1648	-0.857744	113.325101	0.007811	29
1649	-0.764383	113.286242	0.006009	29
1650	-0.083111	113.247419	0.003826	30
1651	-0.215191	113.208631	0.005642	31
1652	-0.821578	113.169879	0.005297	29
1653	-0.969558	113.131162	0.006521	28
1654	-0.825234	113.092480	0.005262	28
1655	-0.632455	113.053833	0.005881	29
1656	-0.045331	113.015222	0.001042	29
1657	-0.000000	112.976646	0.000000	27
1658	-0.081099	112.938105	0.001295	29
1659	-0.995834	112.899599	0.011608	29
1660	-0.356675	112.861128	0.001962	29
1661	-0.542376	112.822692	0.006757	29
1662	0.000000	112.784291	0.000000	28
1663	-0.227133	112.745924	0.004590	29
1664	0.000000	112.707593	0.000000	27
1665	-0.930678	112.669296	0.011774	29
1666	-0.386544	112.631034	0.005681	29
1667	-0.949901	112.592806	0.006450	29
1668	-0.880367	112.554613	0.012724	29
1669	-0.000000	112.516455	0.000000	29
1670	-1.096869	112.478331	0.008640	29
1671	-0.652161	112.440241	0.010151	29
1672	-0.869232	112.402186	0.005584	29
1673	-0.000000	112.364165	0.000000	28
1674	-0.897918	112.326179	0.004991	29
1675	-0.943685	112.288227	0.024270	28
1676	-0.000000	112.250309	0.000000	29
1677	-0.698007	112.212425	0.009269	31
1678	-1.005310	112.174575	0.008781	32
1679	-0.911653	112.136759	0.006221	31
1680	-1.039182	112.098977	0.008629	30
1681	-0.014277	112.061229	0.001022	29
1682	-0.971451	112.023515	0.008615	30
1683	-0.056073	111.985834	0.002436	29
1684	-1.020099	111.948188	0.014791	29
1685	-1.182925	111.910575	0.009897	29
1686	-0.969311	111.872996	0.005715	29
1687	-0.579702	111.835450	0.011480	28
1688	-0.210181	111.797939	0.005901	29
1689	-0.020200	111.760460	0.001443	26
1690	-0.665582	111.723015	0.011509	30
1691	-0.601450	111.685604	0.006195	30
1692	0.000000	111.648226	0.000000	27
1693	-0.735290	111.610881	0.005928	29
1694	-0.955603	111.573570	0.008298	31
1695	-1.075165	111.536292	0.008403	29
1696	-0.574609	111.499047	0.004053	29
1697	-1.147608	111.461835	0.020773	29
1698	-0.641433	111.424656	0.003759	31
1699	-0.665235	111.387510	0.015154	29
1700	-0.000000	111.350398	0.000000	29
1701	0.000000	111.313318	0.000000	30
1702	-0.310626	111.276271	0.005442	29
1703	-0.482732	111.239257	0.010133	29
1704	-0.922216	111.202276	0.003261	29
1705	-0.927925	111.165328	0.003671	29
1706	-0.968564	111.128412	0.007257	29
1707	-0.000004	111.091529	0.000002	26
1708	-0.725906	111.054679	0.005004	29
1709	-0.596830	111.017861	0.006247	30
1710	-0.582764	110.981076	0.006027	27
1711	0.000000	110.944323	0.000000	26
1712	-0.632840	110.907603	0.016074	29
1713	0.000000	110.870915	0.000000	29
1714	-0.893084	110.834259	0.008740	28
1715	-0.910453	110.797636	0.009699	29
1716	-0.462033	110.761045	0.006028	28
1717	-0.967503	110.724486	0.008614	28
1718	-0.754186	110.687959	0.010922	30
1719	-0.051711	110.651465	0.001120	29
1720	0.000000	110.615002	0.000000	29
1721	-0.489382	110.578572	0.006799	28
1722	-0.570770	110.542173	0.008224	29
1723	-0.661212	110.505807	0.007079	28
1724	-0.000000	110.469472	0.000000	28
1725	-0.338331	110.433169	0.004667	29
1726	-0.796288	110.396898	0.007450	29
1727	-0.019717	110.360659	0.000462	28
1728	-0.733534	110.324451	0.012877	29
1729	-0.935638	110.288276	0.019967	29
1730	-0.790825	110.252131	0.006665	29
1731	-0.340455	110.216019	0.004080	28
1732	-0.682513	110.179937	0.005649	28
1733	-1.020199	110.143888	0.012253	29
1734	-0.018083	110.107869	0.000207	30
1735	-1.117731	110.071882	0.009062	29
1736	-0.051512	110.035927	0.001405	29
1737	-0.883088	110.000003	0.008183	29
1738	-0.948004	109.964110	0.009206	29
1739	-0.452029	109.928248	0.009052	29
1740	0.000000	109.892417	0.000000	29
1741	-0.000000	109.856618	0.000000	28
1742	-0.951600	109.820850	0.013401	29
1743	-0.457044	109.785112	0.005554	28
1744	-0.021659	109.749406	0.000473	29
1745	-0.473050	109.713730	0.005754	28
1746	-0.002757	109.678086	0.000078	29
1747	-0.647006	109.642472	0.005189	28
1748	-0.140073	109.606890	0.002693	29
1749	-0.993910	109.571337	0.007341	29
1750	-0.561210	109.535816	0.006216	29
1751	-0.000000	109.500326	0.000000	29
1752	-0.472780	109.464866	0.009342	28
1753	-0.023998	109.429436	0.001433	27
1754	-0.890657	109.394038	0.007712	29
1755	-0.844912	109.358669	0.005522	29
1756	-0.186816	109.323331	0.004110	30
1757	-0.945402	109.288024	0.004162	28
1758	0.000000	109.252747	0.000000	29
1759	-0.234175	109.217501	0.005818	29
1760	-0.768761	109.182284	0.011488	29
1761	0.000000	109.147098	0.000000	29
1762	-0.258659	109.111942	0.002397	29
1763	-0.624503	109.076817	0.004248	29
1764	-0.856577	109.041721	0.005058	29
1765	-0.000000	109.006656	0.000000	29
1766	-0.965354	108.971620	0.008018	29
1767	-0.493161	108.936615	0.004325	29
1768	-0.734781	108.901640	0.007362	29
1769	-0.634246	108.866694	0.015351	28
1770	-1.007831	108.831779	0.006759	29
1771	-0.469125	108.796893	0.005567	27
1772	-0.544015	108.762037	0.009875	29
1773	-0.247736	108.727211	0.003176	31
1774	-0.210869	108.692415	0.002656	29
1775	-0.846331	108.657648	0.006658	29
1776	0.000000	108.622911	0.000000	29
1777	-0.691422	108.588203	0.006606	31
1778	-0.713018	108.553525	0.004766	29
1779	-1.176096	108.518877	0.013596	29
1780	0.000000	108.484258	0.000000	29
1781	-0.992493	108.449668	0.004951	29
1782	-0.553730	108.415108	0.008106	30
1783	-0.663081	108.380578	0.003922	29
1784	-0.134989	108.346076	0.003227	29
1785	-0.929535	108.311604	0.006258	29
1786	-0.535884	108.277161	0.003336	31
1787	-0.959954	108.242747	0.007087	29
1788	-0.000479	108.208363	0.000015	29
1789	-0.213500	108.174007	0.001781	30
1790	-0.541439	108.139681	0.006715	30
1791	-0.215599	108.105383	0.002586	30
1792	-0.994630	108.071115	0.004151	29
1793	-0.869807	108.036875	0.011862	29
1794	-0.857041	108.002665	0.007252	31
1795	-1.153245	107.968483	0.009008	29
1796	-0.929954	107.934330	0.010386	28
1797	-0.711963	107.900206	0.009211	27
1798	-1.068416	107.866111	0.009739	32
1799	-0.615207	107.832044	0.006383	29
1800	-0.555768	107.798007	0.004890	29
1801	-0.646734	107.763997	0.003316	29
1802	-0.933489	107.730017	0.006484	30
1803	-0.346011	107.696065	0.004828	30
1804	-0.889419	107.662141	0.006102	29
1805	0.000000	107.628246	0.000000	29
1806	-0.737028	107.594379	0.007303	29
1807	-0.994551	107.560541	0.005586	30
1808	0.000000	107.526731	0.000000	29
1809	0.000000	107.492949	0.000000	25
1810	-0.777447	107.459196	0.008361	29
1811	0.000000	107.425471	0.000000	29
1812	-0.715725	107.391774	0.007492	30
1813	-0.877312	107.358106	0.006783	29
1814	-0.980404	107.324465	0.006961	29
1815	-0.752912	107.290853	0.019242	30
1816	-1.104123	107.257268	0.017270	28
1817	0.000000	107.223712	0.000000	29
1818	-0.703679	107.190184	0.005484	29
1819	-0.612548	107.156683	0.005885	29
1820	-0.000000	107.123211	0.000000	29
1821	-0.200431	107.089766	0.003270	29
1822	0.000000	107.056349	0.000000	29
1823	-0.847355	107.022960	0.008304	29
1824	-0.244450	106.989599	0.004726	29
1825	-0.031408	106.956265	0.001157	28
1826	-0.976639	106.922960	0.007630	29
1827	0.000000	106.889681	0.000000	29
1828	-0.000000	106.856431	0.000000	28
1829	-0.867044	106.823208	0.005862	29
1830	-0.591959	106.790012	0.005032	29
1831	-0.061000	106.756844	0.002324	29
1832	-1.052501	106.723703	0.009586	29
1833	0.000000	106.690590	0.000000	26
1834	-1.103805	106.657505	0.007920	29
1835	-0.197772	106.624446	0.003520	29
1836	-0.841259	106.591415	0.013112	29
1837	-0.000000	106.558411	0.000000	29
1838	-0.871237	106.525435	0.012836	28
1839	-0.590844	106.492485	0.005746	29
1840	-0.203586	106.459563	0.005598	29
1841	-0.116936	106.426668	0.002473	27
1842	-0.991566	106.393800	0.006996	29
1843	-0.504686	106.360959	0.005403	28
1844	-0.766320	106.328145	0.006022	29
1845	-0.575265	106.295358	0.005539	29
1846	-0.911912	106.262598	0.007374	29
1847	-0.678142	106.229865	0.005852	29
1848	-0.624793	106.197158	0.010547	28
1849	0.000000	106.164479	0.000000	25
1850	0.000000	106.131826	0.000000	31
1851	-0.836805	106.099201	0.004771	27
1852	-0.403931	106.066602	0.004739	29
1853	-0.582690	106.034029	0.007085	29
1854	-0.404034	106.001483	0.004065	31
1855	-1.037305	105.968964	0.012202	30
1856	-0.396336	105.936472	0.004139	29
1857	-1.053145	105.904006	0.020847	29
1858	-0.917850	105.871566	0.007078	30
1859	-0.526214	105.839153	0.004562	29
1860	-0.182136	105.806767	0.003734	28
1861	0.000000	105.774407	0.000000	26
1862	-0.923838	105.742073	0.008862	28
1863	-0.462647	105.709766	0.007846	29
1864	-0.480196	105.677485	0.006620	30
1865	-0.705537	105.645230	0.003531	29
1866	0.000000	105.613001	0.000000	30
1867	0.000000	105.580799	0.000000	27
1868	-1.000923	105.548623	0.009293	29
1869	-0.010384	105.516473	0.000615	29
1870	0.000000	105.484349	0.000000	29
1871	0.000000	105.452251	0.000000	28
1872	0.000000	105.420179	0.000000	25
1873	-1.066864	105.388133	0.008660	28
1874	-0.124841	105.356113	0.002208	30
1875	-0.944912	105.324119	0.017779	29
1876	-0.000000	105.292151	0.000000	28
1877	-1.149946	105.260209	0.009634	29
1878	0.000000	105.228293	0.000000	30
1879	-0.536682	105.196402	0.005253	29
1880	-0.000434	105.164537	0.000053	30
1881	-0.798855	105.132698	0.006628	29
1882	-0.757823	105.100885	0.004944	29
1883	-0.941901	105.069097	0.005875	30
1884	0.000000	105.037335	0.000000	28
1885	-0.761892	105.005598	0.018542	27
1886	0.000000	104.973887	0.000000	29
1887	-0.689177	104.942202	0.009250	30
1888	-0.533218	104.910542	0.006737	27
1889	-0.185433	104.878907	0.001701	29
1890	-0.800786	104.847298	0.005901	29
1891	-0.812054	104.815715	0.005763	30
1892	-0.002892	104.784156	0.000233	27
1893	-0.001711	104.752623	0.000080	27
1894	-0.555870	104.721116	0.005818	29
1895	-0.755518	104.689633	0.006254	29
1896	-0.348397	104.658176	0.004683	28
1897	-0.000000	104.626744	0.000000	29
1898	0.000000	104.595337	0.000000	29
1899	-1.055769	104.563955	0.014586	29
1900	-0.126972	104.532599	0.002238	29
1901	-0.783632	104.501267	0.011195	29
1902	-0.027222	104.469960	0.001310	28
1903	-0.399531	104.438679	0.004710	31
1904	-1.122503	104.407422	0.018847	30
1905	-0.131195	104.376191	0.005035	30
1906	0.000000	104.344984	0.000000	27
1907	-0.801809	104.313802	0.006109	31
1908	-0.719220	104.282645	0.006183	29
1909	-0.003231	104.251513	0.000357	23
1910	-0.886611	104.220405	0.012992	29
1911	-0.970634	104.189323	0.012829	29
1912	-0.470188	104.158265	0.005702	28
1913	0.000000	104.127231	0.000000	29
1914	-0.000000	104.096222	0.000000	28
1915	0.000000	104.065238	0.000000	30
1916	-0.053018	104.034279	0.001302	29
1917	-0.903509	104.003344	0.007169	28
1918	-1.111236	103.972433	0.008118	29
1919	-0.401042	103.941547	0.003084	30
1920	-0.124676	103.910686	0.002808	29
1921	-0.908112	103.879849	0.007322	29
1922	0.000000	103.849036	0.000000	29
1923	-0.733650	103.818248	0.009990	30
1924	-0.798201	103.787484	0.010363	30
1925	-0.995985	103.756744	0.005508	29
1926	-0.313122	103.726029	0.004268	29
1927	-0.815539	103.695338	0.011054	31
1928	0.000000	103.664671	0.000000	30
1929	-0.436929	103.634028	0.007633	30
1930	-0.746515	103.603409	0.008600	31
1931	-0.735153	103.572814	0.007335	30
1932	0.000000	103.542244	0.000000	30
1933	0.000000	103.511698	0.000000	30
1934	-0.978198	103.481175	0.011684	32
1935	-1.005419	103.450677	0.012293	30
1936	-0.618005	103.420202	0.005867	29
1937	-0.582515	103.389752	0.006314	29
1938	-0.717058	103.359325	0.014287	29
1939	-0.318427	103.328922	0.002745	29
1940	-0.036867	103.298543	0.000474	29
1941	-0.661781	103.268188	0.007093	31
1942	0.000000	103.237857	0.000000	30
1943	-1.041853	103.207549	0.005996	30
1944	-0.842657	103.177265	0.006125	31
1945	0.000000	103.147005	0.000000	32
1946	0.000000	103.116768	0.000000	30
1947	-0.901995	103.086556	0.004067	29
1948	-1.003306	103.056366	0.006105	31
1949	-1.019391	103.026200	0.007417	30
1950	-0.085916	102.996058	0.001611	29
1951	-0.000000	102.965939	0.000000	30
1952	0.000000	102.935844	0.000000	29
1953	-0.504007	102.905772	0.006277	30
1954	-0.155183	102.875724	0.002205	29
1955	-0.703164	102.845699	0.008385	29
1956	-0.369005	102.815697	0.005359	31
1957	-0.963314	102.785719	0.005466	28
1958	-0.455016	102.755764	0.004799	28
1959	-0.563152	102.725832	0.003336	29
1960	-0.871664	102.695924	0.004996	28
1961	-0.422036	102.666038	0.004885	28
1962	-0.023042	102.636176	0.000338	30
1963	-0.709629	102.606337	0.005250	28
1964	-1.008353	102.576521	0.014004	31
1965	-1.024363	102.546728	0.006333	29
1966	-0.927031	102.516959	0.005658	29
1967	-0.837300	102.487212	0.005906	28
1968	-0.295109	102.457488	0.005222	28
1969	-0.802781	102.427788	0.007547	30
1970	-0.000000	102.398110	0.000000	28
1971	0.000000	102.368455	0.000000	30
1972	-0.847874	102.338823	0.008944	29
1973	-0.032382	102.309214	0.001064	29
1974	-0.639474	102.279628	0.006598	29
1975	-0.000000	102.250064	0.000000	28
1976	-0.050823	102.220524	0.000807	30
1977	0.000000	102.191006	0.000000	27
1978	-0.229222	102.161511	0.003217	27
1979	-1.097917	102.132038	0.014092	28
1980	-0.913401	102.102588	0.016990	28
1981	-0.864212	102.073161	0.005314	27
1982	-0.947312	102.043757	0.005668	30
1983	0.000000	102.014375	0.000000	29
1984	-0.923426	101.985015	0.006398	27
1985	-0.045971	101.955678	0.001847	30
1986	-0.470675	101.926364	0.005069	30
1987	-1.023695	101.897072	0.008242	29
1988	-0.876332	101.867802	0.005225	31
1989	-0.000089	101.838555	0.000003	29
1990	0.000000	101.809330	0.000000	29
1991	0.000000	101.780128	0.000000	27
1992	0.000000	101.750948	0.000000	26
1993	-0.000002	101.721790	0.000000	29
1994	-0.463216	101.692654	0.005000	31
1995	-0.546506	101.663541	0.005020	29
1996	-0.959149	101.634450	0.006815	28
1997	-0.000404	101.605381	0.000085	29
1998	-0.529119	101.576335	0.005578	30
1999	-0.051429	101.547310	0.001527	28
