1:ItNr	2:Metric	3a:Time	3b:StepSize	4:||Gradient||	Time[ms]
0	-0.553877	0.000000	6.979284	0.009224	1608.4
1	-0.540839	0.000000	6.979284	0.009911	7.8
2	-0.552576	0.000000	6.979284	0.020106	8.4
3	-0.552132	0.999864	6.662085	0.012537	7.6
4	-0.581888	1.999580	6.372506	0.008929	6.7
5	-0.542346	2.431338	6.255083	0.009314	6.6
6	-0.538530	1.497854	6.514619	0.017246	5.3
7	-0.558829	2.415889	6.259210	0.015683	4.6
8	-0.544797	1.477690	6.520463	0.010011	4.1
9	-0.572795	2.465128	6.246075	0.015020	4.8
10	-0.559206	3.465128	5.990770	0.009556	4.1
11	-0.568715	2.535430	6.227418	0.016446	5.1
12	-0.553563	2.379988	6.268821	0.010027	4.5
13	-0.557381	3.379978	6.011693	0.012876	5.4
14	-0.573804	4.355130	5.780485	0.011776	6.3
15	-0.558815	3.416799	6.002628	0.015858	4.7
16	-0.562336	4.416799	5.766460	0.015351	4.1
17	-0.576036	3.478877	5.987405	0.008641	4.8
18	-0.536240	4.478448	5.752507	0.009357	4.5
19	-0.574360	4.639730	5.716322	0.017477	4.1
20	-0.564415	5.639116	5.501870	0.006645	4.9
21	-0.550791	6.582321	5.313728	0.012288	4.5
22	-0.541781	5.643926	5.500877	0.011828	8.0
23	-0.568602	6.643926	5.301886	0.010131	4.4
24	-0.566966	7.642870	5.116979	0.014048	5.3
25	-0.565435	8.637008	4.945336	0.012715	4.1
26	-0.556634	9.637008	4.783919	0.011796	4.6
27	-0.530472	8.710591	4.933088	0.012854	4.2
28	-0.552811	9.710351	4.772494	0.015405	4.7
29	-0.554476	8.771767	4.922951	0.006658	4.2
30	-0.535268	9.594309	4.790595	0.013784	7.3
31	-0.556637	10.593813	4.639040	0.009330	5.7
32	-0.572510	9.665364	4.779495	0.006778	4.7
33	-0.527144	8.727244	4.930324	0.012768	4.2
34	-0.535081	7.818525	5.085790	0.009797	4.7
35	-0.558395	6.880086	5.256976	0.010742	4.2
36	-0.574961	7.823956	5.084831	0.014019	4.2
37	-0.538331	7.804004	5.088353	0.010826	4.9
38	-0.571137	6.865567	5.259716	0.012169	4.8
39	-0.557922	5.928068	5.442832	0.012273	7.4
40	-0.536516	4.989485	5.639394	0.011678	5.3
41	-0.571577	4.594600	5.726401	0.011250	4.3
42	-0.558826	3.656016	5.944389	0.012800	4.2
43	-0.546343	4.656007	5.712696	0.011939	4.4
44	-0.551834	4.284317	5.796675	0.010051	4.1
45	-0.568272	3.346498	6.019960	0.007666	4.2
46	-0.546996	2.411831	6.260294	0.023188	4.1
47	-0.545529	3.283460	6.035588	0.017980	5.5
48	-0.532402	2.344876	6.278249	0.011568	6.0
49	-0.565765	1.409943	6.540175	0.016230	4.0
50	-0.563247	2.409940	6.260800	0.009596	4.6
51	-0.554088	1.584082	6.489746	0.013492	4.0
52	-0.538054	2.581981	6.215125	0.018765	4.2
53	-0.562371	1.643419	6.472740	0.009918	4.0
54	-0.544173	2.643419	6.198975	0.008891	4.0
55	-0.586978	3.634124	5.949672	0.009747	4.0
56	-0.553815	2.774195	6.164876	0.014902	5.2
57	-0.555292	1.835611	6.418263	0.012259	6.4
58	-0.535539	0.897036	6.693370	0.012955	4.7
59	-0.559130	0.000000	6.979284	0.005521	4.6
60	-0.553909	0.000000	6.979284	0.017857	4.3
61	-0.529628	0.681999	6.759753	0.010485	4.0
62	-0.569944	1.681973	6.461738	0.014274	4.4
63	-0.569013	2.681932	6.188894	0.007407	4.4
64	-0.543402	1.743348	6.444300	0.017884	4.7
65	-0.529340	0.804954	6.721636	0.016548	7.0
66	-0.574299	1.796036	6.429405	0.013785	4.5
67	-0.570483	1.702301	6.455952	0.013339	5.0
68	-0.563743	2.702301	6.183575	0.014135	5.1
69	-0.516165	1.763716	6.438534	0.009485	4.1
70	-0.562740	1.253513	6.586149	0.009835	4.5
71	-0.547990	1.407509	6.540886	0.015299	6.5
72	-0.564487	2.402638	6.262754	0.007679	5.9
73	-0.579257	3.394303	6.008163	0.017953	9.2
74	-0.548384	3.586369	5.961228	0.009569	5.6
75	-0.564406	4.586369	5.728244	0.011611	4.8
76	-0.555217	3.807369	5.908122	0.012890	5.5
77	-0.548095	2.872615	6.139460	0.009465	6.0
78	-0.548493	3.864333	5.894586	0.008441	6.4
79	-0.545884	2.925803	6.125811	0.010511	12.5
80	-0.529621	1.987439	6.375871	0.009296	6.1
81	-0.564695	2.969010	6.114769	0.015905	5.6
82	-0.611456	3.967304	5.870276	0.010555	4.6
83	-0.568445	4.967258	5.644222	0.011553	4.2
84	-0.574651	4.073922	5.845314	0.009396	6.8
85	-0.564242	3.136705	6.072285	0.009826	4.7
86	-0.536273	2.933018	6.123965	0.005994	6.2
87	-0.550876	2.362432	6.273531	0.013013	9.8
88	-0.567821	2.275070	6.297079	0.011671	4.4
89	-0.567334	1.338693	6.561035	0.010987	7.4
90	-0.548055	0.400110	6.848795	0.010637	4.2
91	-0.554942	1.297738	6.573086	0.010901	5.7
92	-0.544046	0.995412	6.663433	0.012703	7.6
93	-0.557068	1.970358	6.380612	0.012060	4.2
94	-0.574768	2.967006	6.115280	0.009896	14.3
95	-0.530574	3.965725	5.870647	0.013636	4.5
96	-0.539416	4.965722	5.644555	0.012140	7.6
97	-0.554103	4.033293	5.854801	0.021225	4.0
98	-0.552391	5.033293	5.629905	0.013960	4.5
99	-0.574162	4.094708	5.840473	0.017248	7.2
100	-0.542621	3.499033	5.982479	0.009727	4.0
101	-0.523303	2.560602	6.220764	0.012917	8.2
102	-0.510997	3.549391	5.970207	0.010504	7.0
103	-0.559786	2.610806	6.207537	0.013879	4.0
104	-0.585449	1.675271	6.463647	0.013061	4.9
105	-0.562168	2.675271	6.190635	0.013159	5.7
106	-0.607523	3.674918	5.939835	0.011201	4.4
107	-0.574400	4.674860	5.708501	0.014967	4.7
108	-0.551524	5.621200	5.505573	0.017686	6.5
109	-0.546603	4.689135	5.705328	0.016522	8.3
110	-0.546474	5.689135	5.491559	0.015183	7.0
111	-0.530066	6.689135	5.293230	0.011112	4.0
112	-0.525652	7.679389	5.110463	0.011164	4.1
113	-0.528745	6.741691	5.283202	0.011824	6.4
114	-0.559656	7.741691	5.099385	0.006842	5.0
115	-0.568930	7.152542	5.206100	0.013055	4.1
116	-0.539336	8.139422	5.029783	0.010870	7.1
117	-0.541026	7.200837	5.197185	0.011165	6.5
118	-0.577358	6.281970	5.372228	0.016067	6.0
119	-0.548252	5.345456	5.563197	0.011282	6.2
120	-0.557066	6.345454	5.359756	0.010244	4.3
121	-0.545729	7.345398	5.170679	0.013846	4.1
122	-0.563158	8.345343	4.994488	0.010171	6.7
123	-0.565204	7.406911	5.159482	0.011658	4.2
124	-0.550842	8.388634	4.987131	0.014027	6.4
125	-0.569211	7.452534	5.151209	0.009544	7.1
126	-0.545043	8.012080	5.051860	0.010916	4.1
127	-0.520787	7.074336	5.220603	0.017823	4.5
128	-0.547285	6.135752	5.401175	0.011511	7.1
129	-0.555353	7.135689	5.209219	0.009617	4.1
130	-0.555080	6.266239	5.375327	0.014415	4.1
131	-0.568519	5.327657	5.566958	0.012726	8.0
132	-0.553055	6.327654	5.363247	0.021941	7.4
133	-0.536761	7.327654	5.173918	0.013416	4.9
134	-0.557317	8.324897	4.997970	0.012119	6.0
135	-0.560602	7.386313	5.163226	0.008654	4.3
136	-0.566315	8.386304	4.987526	0.006639	4.5
137	-0.560842	9.362157	4.827225	0.012767	7.1
138	-0.537568	9.356920	4.828058	0.014774	4.4
139	-0.541054	10.348131	4.675397	0.010920	7.4
140	-0.558164	11.321089	4.534654	0.018147	7.3
141	-0.544820	10.382549	4.670269	0.014726	4.1
142	-0.543787	11.382549	4.526047	0.009631	7.4
143	-0.551131	10.444961	4.661000	0.012657	4.5
144	-0.571568	11.443170	4.517590	0.011450	4.1
145	-0.532071	12.442988	4.382532	0.010051	6.3
146	-0.560216	11.504563	4.509058	0.016920	4.7
147	-0.560954	12.504563	4.374477	0.020688	6.4
148	-0.535448	13.504563	4.247698	0.012461	6.8
149	-0.548368	14.504563	4.128060	0.009822	4.8
150	-0.549623	15.503504	4.015093	0.015219	4.1
151	-0.554585	16.501438	3.908249	0.017021	6.2
152	-0.587882	17.445147	3.812314	0.011223	4.8
153	-0.561229	16.528703	3.905410	0.011446	4.1
154	-0.544832	15.590118	4.005588	0.010360	8.7
155	-0.576116	14.651537	4.111042	0.009695	7.0
156	-0.566212	15.610562	4.003352	0.009442	6.5
157	-0.575478	16.590760	3.898962	0.008456	5.3
158	-0.561807	15.652587	3.998762	0.010616	4.1
159	-0.535369	14.729217	4.102104	0.012520	6.2
160	-0.536493	13.792772	4.212512	0.007172	5.1
161	-0.551101	12.854461	4.329266	0.017174	4.0
162	-0.551315	13.854254	4.205081	0.014417	9.1
163	-0.546388	12.915670	4.321452	0.011917	5.8
164	-0.573777	11.977086	4.444448	0.005310	4.6
165	-0.538488	11.127187	4.562023	0.016015	6.3
166	-0.555192	10.203547	4.697061	0.014963	4.1
167	-0.520892	11.203545	4.551206	0.012421	4.6
168	-0.526409	10.264961	4.687834	0.012436	5.9
169	-0.539472	11.264959	4.542543	0.007829	4.3
170	-0.553633	12.244395	4.408712	0.013131	8.9
171	-0.558874	13.206416	4.284721	0.018175	8.0
172	-0.570731	12.267831	4.405606	0.014792	4.6
173	-0.543870	11.329287	4.533504	0.018469	4.4
174	-0.569076	10.390703	4.669056	0.018027	5.6
175	-0.562132	9.452118	4.812964	0.010840	4.4
176	-0.570436	8.513537	4.966025	0.012113	4.1
177	-0.559410	9.405796	4.820297	0.010936	5.0
178	-0.558755	10.368856	4.672308	0.010068	8.7
179	-0.571695	11.357018	4.529619	0.013724	4.9
180	-0.532230	12.356504	4.393894	0.014585	4.0
181	-0.545445	13.264558	4.277451	0.011104	4.5
182	-0.549317	12.326566	4.397841	0.007932	4.1
183	-0.539632	11.913773	4.452998	0.006148	5.3
184	-0.564562	11.035347	4.575101	0.012773	4.0
185	-0.564792	11.230701	4.547371	0.015857	4.8
186	-0.563237	12.230701	4.410529	0.008234	5.6
187	-0.595728	12.884820	4.325387	0.008832	5.8
188	-0.563394	13.801951	4.211401	0.014607	4.8
189	-0.534776	12.863585	4.328099	0.011737	4.9
190	-0.538480	13.863581	4.203956	0.011723	4.0
191	-0.536372	12.924997	4.320264	0.009468	4.7
192	-0.540220	13.924995	4.196563	0.011366	4.1
193	-0.549237	14.851042	4.088164	0.017020	4.7
194	-0.554613	13.912466	4.198069	0.013519	4.0
195	-0.542175	14.912466	4.081172	0.015199	6.8
196	-0.561266	13.973884	4.190697	0.013329	6.5
197	-0.566282	14.973884	4.074204	0.010933	4.8
198	-0.573756	15.973884	3.964013	0.012332	4.1
199	-0.550840	15.035300	4.067261	0.013359	5.0
200	-0.558700	14.096718	4.176030	0.018876	4.3
201	-0.579758	15.060579	4.064409	0.011143	4.9
202	-0.576809	16.060413	3.954758	0.010867	4.2
203	-0.556230	15.258290	4.042247	0.017374	5.3
204	-0.579377	16.258251	3.933758	0.006805	8.3
205	-0.548759	15.732850	3.990024	0.009794	5.1
206	-0.548881	16.003058	3.960888	0.008523	4.1
207	-0.554774	16.737578	3.883793	0.010110	4.3
208	-0.568009	15.799007	3.982851	0.009769	4.5
209	-0.510913	16.798975	3.877485	0.009861	4.8
210	-0.565935	17.642731	3.792821	0.011260	4.6
211	-0.576979	16.704148	3.887237	0.014384	4.1
212	-0.557712	17.692589	3.787934	0.008987	9.1
213	-0.554826	16.754005	3.882104	0.012439	4.8
214	-0.559858	17.753992	3.781932	0.014714	4.6
215	-0.562012	18.753992	3.686798	0.013188	4.6
216	-0.539061	17.815717	3.775918	0.012710	4.6
217	-0.549225	18.815672	3.681087	0.010133	4.1
218	-0.573562	18.204643	3.738459	0.013322	4.6
219	-0.544643	17.326930	3.824072	0.013184	4.4
220	-0.543964	16.388346	3.920071	0.013199	4.8
221	-0.552212	17.274396	3.829321	0.013859	6.5
222	-0.584064	18.222525	3.736755	0.010571	5.2
223	-0.557329	19.222365	3.643867	0.018610	4.2
224	-0.560943	18.442274	3.715936	0.006973	4.1
225	-0.568823	19.442174	3.624062	0.015087	4.8
226	-0.546430	18.522228	3.708418	0.011987	4.3
227	-0.574398	19.521903	3.616932	0.010081	4.0
228	-0.542430	20.521829	3.529829	0.009837	4.6
229	-0.566599	21.520381	3.446934	0.012479	5.8
230	-0.541941	20.581796	3.524738	0.015383	7.0
231	-0.542011	19.643212	3.606136	0.008392	4.1
232	-0.545609	20.569022	3.525822	0.010301	4.6
233	-0.510969	21.568295	3.443054	0.011347	4.0
234	-0.553515	20.629711	3.520682	0.013387	4.5
235	-0.527582	19.692379	3.601779	0.013437	4.1
236	-0.559128	20.667316	3.517504	0.013091	5.1
237	-0.538856	19.729290	3.598515	0.016235	4.6
238	-0.546564	18.898650	3.673431	0.008535	7.5
239	-0.542959	19.897638	3.583702	0.009426	5.8
240	-0.554105	20.018092	3.573178	0.008730	4.4
241	-0.549865	20.885074	3.499217	0.007889	4.4
242	-0.543290	21.168966	3.475659	0.017346	4.7
243	-0.566801	22.168966	3.395146	0.012643	4.4
244	-0.576304	23.168897	3.318284	0.021768	4.0
245	-0.535453	22.230313	3.390328	0.008909	4.6
246	-0.551075	23.230312	3.313677	0.010394	5.2
247	-0.562855	22.666574	3.356456	0.015107	8.5
248	-0.547360	23.666524	3.281315	0.008044	4.5
249	-0.578251	24.666488	3.209464	0.017565	4.6
250	-0.557281	25.666442	3.140693	0.009747	4.1
251	-0.552589	26.666436	3.074804	0.014898	4.3
252	-0.539755	25.731521	3.136319	0.008328	4.1
253	-0.537971	26.204809	3.104873	0.018019	4.1
254	-0.542269	27.204793	3.040464	0.010068	4.7
255	-0.541017	26.266208	3.100840	0.010661	4.8
256	-0.536944	26.563465	3.081461	0.014570	8.1
257	-0.548891	25.624891	3.143492	0.015667	4.5
258	-0.574953	26.624891	3.077486	0.009791	4.6
259	-0.554087	25.686578	3.139338	0.007164	4.1
260	-0.528170	25.514570	3.150947	0.010791	4.0
261	-0.557196	26.513528	3.084699	0.009803	6.4
262	-0.556019	27.513491	3.021117	0.015517	7.0
263	-0.548550	28.513491	2.960101	0.014049	5.9
264	-0.567474	29.513491	2.901501	0.008771	8.3
265	-0.553219	30.511761	2.845272	0.007375	7.0
266	-0.543348	31.207779	2.807339	0.015936	4.7
267	-0.554285	32.142868	2.757942	0.013695	4.1
268	-0.561745	31.221835	2.806584	0.014121	4.6
269	-0.572764	30.542532	2.843573	0.018544	3.9
270	-0.559581	31.542531	2.789454	0.011775	5.2
271	-0.568546	30.604048	2.840183	0.009585	5.9
272	-0.573276	31.278582	2.803537	0.008980	6.8
273	-0.573738	30.340054	2.854788	0.009567	5.0
274	-0.556500	29.557785	2.898959	0.011313	4.6
275	-0.556866	28.619296	2.953790	0.016592	3.9
276	-0.567258	29.619295	2.895437	0.012771	4.7
277	-0.531766	30.619295	2.839344	0.014380	4.0
278	-0.568815	31.619211	2.785389	0.011373	5.5
279	-0.558332	30.680784	2.835966	0.008896	5.5
280	-0.519375	29.939161	2.877255	0.013048	8.3
281	-0.591412	29.000582	2.931265	0.018871	4.0
282	-0.566298	29.996046	2.874046	0.011313	4.6
283	-0.570186	29.057463	2.927934	0.016016	4.1
284	-0.571099	30.057463	2.870588	0.006525	4.1
285	-0.550665	30.401014	2.851402	0.007856	4.0
286	-0.543083	29.927505	2.877913	0.010556	4.6
287	-0.541951	30.381776	2.852470	0.007248	4.3
288	-0.561120	31.346578	2.799896	0.010606	4.1
289	-0.555816	30.408772	2.850972	0.012657	7.8
290	-0.563472	31.392520	2.797440	0.011130	5.1
291	-0.564055	31.231367	2.806072	0.008955	5.0
292	-0.534237	30.423443	2.850158	0.015668	5.3
293	-0.566011	29.487617	2.902988	0.010031	5.9
294	-0.541785	30.487617	2.846606	0.008790	4.2
295	-0.557771	31.193160	2.808126	0.014184	4.2
296	-0.579446	32.193147	2.755335	0.014183	5.5
297	-0.540271	31.447314	2.794518	0.010521	9.1
298	-0.536476	32.447311	2.742233	0.014821	4.4
299	-0.538704	33.446560	2.691905	0.018051	4.2
300	-0.594533	34.446560	2.643355	0.017300	4.0
301	-0.585798	33.508003	2.688870	0.012212	4.1
302	-0.510770	32.588079	2.735029	0.008384	4.4
303	-0.521775	32.104941	2.759912	0.015718	4.0
304	-0.551937	33.038599	2.712227	0.016170	4.6
305	-0.565236	34.038599	2.662948	0.008843	4.3
306	-0.562601	34.997825	2.617333	0.022338	8.8
307	-0.546807	35.020632	2.616267	0.011502	4.4
308	-0.553760	36.020632	2.570385	0.013939	4.4
309	-0.545415	37.020628	2.526084	0.009248	4.1
310	-0.554859	36.082064	2.567618	0.017448	4.2
311	-0.569808	37.051370	2.524746	0.013401	9.2
312	-0.545396	38.051370	2.481991	0.009720	8.2
313	-0.585476	37.112795	2.522077	0.010705	13.1
314	-0.556488	36.211437	2.561812	0.011760	7.9
315	-0.550961	36.154023	2.564386	0.009469	6.8
316	-0.583312	35.526213	2.592867	0.015025	6.7
317	-0.545693	36.526204	2.547795	0.008387	10.8
318	-0.547442	37.517428	2.504638	0.008859	14.0
319	-0.571750	36.615182	2.543860	0.008122	14.4
320	-0.546596	37.084375	2.523311	0.008370	9.6
321	-0.577387	36.858988	2.533141	0.010145	13.9
322	-0.570650	36.274899	2.558974	0.013878	12.3
323	-0.550569	37.210376	2.517849	0.005989	6.0
324	-0.556839	37.773611	2.493720	0.011293	6.5
325	-0.580665	36.880884	2.532182	0.014533	6.1
326	-0.575066	35.942300	2.573921	0.012922	7.0
327	-0.555198	35.129092	2.611212	0.010562	10.6
328	-0.560155	36.000080	2.571311	0.014655	6.2
329	-0.572653	36.004188	2.571126	0.009891	6.2
330	-0.548221	36.996713	2.527125	0.010225	6.3
331	-0.600475	37.996699	2.484291	0.012675	6.2
332	-0.559542	37.113057	2.522066	0.007959	6.0
333	-0.554192	36.174478	2.563468	0.008464	11.8
334	-0.570490	35.293453	2.603588	0.015765	4.8
335	-0.581060	34.360535	2.647463	0.012864	4.0
336	-0.585585	33.421951	2.693122	0.013149	6.0
337	-0.523506	32.483366	2.740384	0.012260	7.4
338	-0.548467	33.483366	2.690086	0.012949	7.9
339	-0.551313	34.483202	2.641610	0.011143	7.6
340	-0.546781	34.113292	2.659339	0.014354	6.1
341	-0.552549	35.113290	2.611947	0.017346	4.7
342	-0.557465	36.113290	2.566215	0.015847	5.1
343	-0.560314	35.174705	2.609092	0.008557	4.1
344	-0.538732	34.237795	2.653345	0.006113	4.6
345	-0.564734	34.362975	2.647346	0.006792	5.4
346	-0.558166	33.759666	2.676513	0.007915	4.0
347	-0.552129	32.824283	2.723027	0.013773	5.4
348	-0.526704	32.980531	2.715145	0.010041	7.2
349	-0.550296	32.096625	2.760344	0.018684	4.0
350	-0.567671	31.158041	2.810017	0.013897	4.0
351	-0.572136	32.158041	2.757155	0.027504	4.7
352	-0.565278	31.219456	2.806712	0.017223	4.1
353	-0.555256	32.219456	2.753973	0.014039	4.0
354	-0.544913	31.280872	2.803415	0.014084	4.1
355	-0.574663	32.264687	2.751635	0.013185	3.9
356	-0.562523	31.327984	2.800891	0.010339	4.1
357	-0.538213	32.327984	2.748369	0.009436	7.5
358	-0.503008	33.278107	2.700259	0.010435	5.7
359	-0.569829	33.580759	2.685286	0.007943	4.1
360	-0.544549	32.642746	2.732242	0.014738	4.0
361	-0.549036	33.642743	2.682240	0.010967	4.7
362	-0.541604	32.731103	2.727749	0.007693	4.0
363	-0.553752	33.684239	2.680205	0.010530	4.0
364	-0.548356	34.440275	2.643655	0.019759	4.0
365	-0.564748	35.247430	2.605718	0.018871	4.7
366	-0.535826	34.308846	2.649937	0.011855	7.3
367	-0.556193	33.370262	2.695682	0.006032	5.3
368	-0.567222	34.347216	2.648100	0.015270	4.5
369	-0.574265	33.434347	2.692509	0.012476	4.1
370	-0.565275	34.086568	2.660630	0.010381	3.9
371	-0.548079	33.148043	2.706745	0.012752	4.4
372	-0.570691	33.005399	2.713895	0.012513	4.7
373	-0.546381	32.577311	2.735579	0.014540	4.1
374	-0.536121	33.493436	2.689589	0.010935	4.2
375	-0.535653	32.554905	2.736723	0.011085	8.6
376	-0.552457	33.554799	2.686564	0.007180	4.4
377	-0.537247	34.313758	2.649702	0.015808	4.7
378	-0.568596	35.313758	2.602649	0.007714	4.8
379	-0.551542	34.375239	2.646760	0.011883	4.4
380	-0.557695	34.276656	2.651480	0.017132	4.6
381	-0.525159	33.338097	2.697278	0.010414	4.0
382	-0.546430	33.171679	2.705564	0.010637	4.6
383	-0.545980	34.171668	2.656526	0.016907	4.7
384	-0.534072	33.235635	2.702374	0.006956	8.2
385	-0.548646	33.568905	2.685869	0.016791	4.6
386	-0.583229	33.777759	2.675629	0.014340	3.9
387	-0.601082	32.839175	2.722273	0.010460	4.3
388	-0.541833	33.839175	2.672632	0.008963	4.8
389	-0.565623	33.311346	2.698607	0.010869	3.9
390	-0.573748	32.373141	2.746043	0.013053	4.4
391	-0.562304	33.373141	2.695540	0.012180	4.1
392	-0.544233	32.441443	2.742534	0.011483	5.9
393	-0.577230	33.437949	2.692331	0.009826	7.0
394	-0.576466	34.434174	2.643946	0.014695	4.0
395	-0.580285	35.153207	2.610091	0.017385	4.9
396	-0.552628	34.214623	2.654459	0.013791	4.7
397	-0.553784	33.276038	2.700362	0.018325	4.0
398	-0.538199	32.337454	2.747881	0.011119	4.8
399	-0.553904	32.786732	2.724928	0.013945	4.1
400	-0.591329	31.848148	2.773322	0.008479	4.5
401	-0.580007	31.064013	2.815091	0.012755	6.4
402	-0.530066	30.127946	2.866631	0.010793	6.1
403	-0.572088	29.253296	2.916524	0.011329	4.5
404	-0.559087	28.340124	2.970502	0.008430	4.2
405	-0.554514	29.245246	2.916992	0.016619	4.4
406	-0.575192	28.365469	2.968977	0.014730	4.8
407	-0.565997	29.331829	2.911974	0.012519	4.1
408	-0.545676	28.394422	2.967237	0.019120	4.5
409	-0.545577	29.394421	2.908357	0.011647	4.0
410	-0.559642	28.455837	2.963552	0.017267	6.6
411	-0.551962	27.580987	3.016920	0.012104	6.2
412	-0.549764	28.580987	2.956072	0.010496	4.0
413	-0.559943	27.642403	3.013111	0.013078	4.3
414	-0.561877	28.642371	2.952417	0.015530	4.7
415	-0.557691	28.013586	2.990292	0.007924	4.4
416	-0.534357	28.959775	2.933659	0.014536	5.5
417	-0.567828	29.959752	2.876092	0.011472	4.7
418	-0.536648	29.021667	2.930029	0.011763	5.0
419	-0.562480	30.021667	2.872602	0.013321	7.6
420	-0.519619	29.083083	2.926436	0.013667	4.6
421	-0.590438	28.144601	2.982321	0.014573	4.4
422	-0.550250	27.206054	3.040385	0.014766	4.5
423	-0.549651	26.273031	3.100393	0.016907	4.0
424	-0.588131	27.273031	3.036166	0.013052	4.6
425	-0.544905	27.497166	3.022134	0.007822	4.8
426	-0.541734	28.497132	2.961080	0.007607	4.0
427	-0.534520	28.399138	2.966954	0.010735	6.1
428	-0.566661	28.365995	2.968946	0.010356	7.5
429	-0.545443	29.365552	2.910024	0.013201	3.9
430	-0.541814	30.340782	2.854747	0.015512	4.5
431	-0.582155	31.308192	2.801950	0.010309	4.0
432	-0.568104	30.843519	2.827064	0.015897	4.2
433	-0.544998	29.905322	2.879168	0.009450	4.2
434	-0.552525	30.905271	2.823701	0.010026	4.1
435	-0.559510	30.017617	2.872830	0.013241	4.4
436	-0.559060	30.193172	2.862979	0.014861	5.4
437	-0.543673	31.193129	2.808127	0.008771	7.4
438	-0.564013	32.182380	2.755893	0.009740	4.9
439	-0.577309	33.181967	2.705050	0.008053	4.0
440	-0.572790	34.144110	2.657853	0.013630	4.4
441	-0.606146	35.099083	2.612609	0.007647	4.1
442	-0.535912	34.649296	2.633725	0.012941	4.3
443	-0.553912	35.649285	2.587234	0.016303	4.5
444	-0.581216	36.336917	2.556206	0.018605	3.9
445	-0.546102	35.413594	2.598043	0.011871	6.4
446	-0.502121	34.520265	2.639846	0.013736	6.5
447	-0.563755	35.519785	2.593162	0.016920	4.0
448	-0.539960	34.945867	2.619764	0.010115	5.6
449	-0.556026	34.007283	2.664465	0.014358	4.3
450	-0.555992	35.007282	2.616891	0.008367	4.0
451	-0.527606	35.534809	2.592473	0.015874	5.1
452	-0.561045	34.954692	2.619351	0.022013	4.7
453	-0.524563	35.954692	2.573360	0.010966	5.4
454	-0.546150	36.954614	2.528961	0.010796	8.3
455	-0.616970	36.703128	2.539983	0.011255	4.5
456	-0.554224	35.764544	2.581981	0.018478	4.2
457	-0.532939	36.764544	2.537282	0.012594	4.7
458	-0.574982	37.764544	2.494105	0.011613	4.7
459	-0.511736	36.826024	2.534585	0.014399	4.4
460	-0.556492	37.782007	2.493364	0.023281	4.0
461	-0.514247	36.843423	2.533822	0.011142	4.7
462	-0.557072	35.905050	2.575605	0.011408	6.5
463	-0.530055	36.835530	2.534168	0.008047	5.4
464	-0.574791	36.606534	2.544242	0.007391	4.2
465	-0.597052	37.560133	2.502811	0.016182	4.7
466	-0.570109	36.725544	2.538997	0.010316	4.1
467	-0.553543	37.725544	2.495762	0.012522	4.8
468	-0.539721	36.915680	2.530661	0.018029	4.0
469	-0.557319	37.915680	2.487707	0.013576	4.4
470	-0.576332	36.977095	2.527980	0.011751	4.3
471	-0.539449	36.138764	2.565070	0.011929	8.6
472	-0.543078	37.133907	2.521161	0.011654	4.3
473	-0.522463	38.133900	2.478527	0.015647	5.2
474	-0.593230	39.133653	2.437320	0.007969	4.1
475	-0.531612	38.195798	2.475935	0.012281	4.4
476	-0.569783	39.157841	2.436340	0.016247	4.9
477	-0.545157	38.276349	2.472571	0.008396	4.5
478	-0.532842	37.338026	2.512340	0.015199	5.0
479	-0.556507	38.007580	2.483833	0.011350	5.7
480	-0.553174	39.007553	2.442442	0.010608	6.5
481	-0.569842	38.069359	2.481235	0.006663	4.9
482	-0.561700	38.557915	2.460881	0.011657	4.4
483	-0.559681	39.554947	2.420363	0.018419	3.9
484	-0.582429	38.693306	2.455300	0.009156	4.6
485	-0.502470	39.693306	2.414845	0.011868	4.3
486	-0.557254	40.693174	2.375708	0.010019	4.7
487	-0.563840	39.847057	2.408744	0.011362	4.1
488	-0.545841	38.994270	2.442983	0.013886	6.8
489	-0.536251	38.800613	2.450894	0.016909	5.7
490	-0.539922	37.862029	2.489975	0.010737	4.0
491	-0.559902	38.860229	2.448453	0.010843	4.9
492	-0.538985	37.921747	2.487451	0.018450	4.6
493	-0.552536	36.983162	2.527716	0.009993	4.0
494	-0.561942	36.044578	2.569306	0.019608	4.6
495	-0.581158	35.105993	2.612287	0.011503	4.0
496	-0.548769	34.167409	2.656731	0.008760	4.7
497	-0.569008	33.234903	2.702410	0.011553	8.5
498	-0.570519	34.234370	2.653510	0.012769	5.6
499	-0.573337	35.217400	2.607110	0.011365	4.1
