1:ItNr	2:Metric	3:StepSize	4:||Gradient||	Time[ms]
0	-0.085412	627.201626	0.004885	1444.4
1	-0.734834	623.504937	0.021361	7.6
2	-0.000000	619.865785	0.000000	11.1
3	-0.784308	616.282728	0.012704	11.2
4	-0.000000	612.754375	0.000000	13.4
5	-0.013962	609.279381	0.001348	11.0
6	-0.947269	605.856447	0.007687	10.3
7	-0.858316	602.484317	0.013199	13.3
8	-0.282228	599.161779	0.001354	13.3
9	-0.000000	595.887656	0.000000	10.0
10	-0.844925	592.660813	0.007539	10.2
11	-0.002663	589.480151	0.000451	8.0
12	-0.864313	586.344606	0.019395	8.6
13	-0.748952	583.253145	0.017394	8.0
14	-0.645710	580.204771	0.005030	10.7
15	-0.000000	577.198517	0.000000	11.6
16	-0.849782	574.233444	0.019631	13.6
17	-0.616812	571.308645	0.029901	10.9
18	-0.000003	568.423237	0.000001	9.3
19	-0.767275	565.576365	0.027790	9.0
20	-0.051523	562.767201	0.000788	10.7
21	-0.001649	559.994938	0.000394	12.0
22	-1.095003	557.258797	0.019751	14.4
23	-1.118797	554.558018	0.009987	12.9
24	-0.953359	551.891865	0.008830	15.5
25	-0.807333	549.259621	0.012269	10.8
26	-0.704553	546.660592	0.011907	8.3
27	-0.842051	544.094102	0.004449	10.5
28	-0.045043	541.559494	0.001406	8.4
29	-0.000628	539.056129	0.000129	9.4
30	-0.995533	536.583387	0.016676	7.6
31	-0.475533	534.140663	0.020445	8.7
32	-0.285795	531.727370	0.002138	7.6
33	-1.090229	529.342935	0.012816	8.6
34	-1.077506	526.986802	0.022999	7.6
35	-1.087266	524.658430	0.017336	8.7
36	-0.526676	522.357290	0.017514	7.6
37	-0.669928	520.082868	0.007428	8.3
38	-0.955200	517.834665	0.011302	7.5
39	-0.000000	515.612193	0.000000	9.6
40	-0.927382	513.414976	0.018721	8.1
41	-0.720129	511.242551	0.013869	7.9
42	-1.056959	509.094468	0.029076	8.1
43	-1.005635	506.970285	0.033638	8.1
44	-0.076820	504.869574	0.006104	8.1
45	-1.022774	502.791916	0.005016	8.2
46	-0.067820	500.736903	0.002783	8.2
47	-1.070767	498.704137	0.012687	8.1
48	-0.596999	496.693228	0.008873	8.5
49	-0.700844	494.703798	0.003764	8.1
50	-0.000000	492.735476	0.000000	7.9
51	-0.832176	490.787900	0.008277	8.0
52	-0.729454	488.860718	0.020218	8.5
53	-1.261823	486.953585	0.013239	8.0
54	-0.435142	485.066164	0.011922	8.1
55	-0.678619	483.198126	0.015014	7.6
56	-0.880670	481.349149	0.019878	8.1
57	-0.627965	479.518920	0.009520	7.7
58	-0.303835	477.707132	0.005589	8.3
59	-0.965715	475.913485	0.004680	7.6
60	-0.000037	474.137684	0.000018	8.5
61	-1.107320	472.379445	0.008526	7.7
62	-0.000000	470.638485	0.000000	8.3
63	-0.963894	468.914531	0.017484	7.5
64	-1.220124	467.207315	0.038940	9.1
65	-0.555797	465.516573	0.008810	7.7
66	-0.000000	463.842050	0.000000	8.3
67	-0.606398	462.183494	0.007162	7.5
68	-1.208038	460.540658	0.029440	8.7
69	-0.000200	458.913303	0.000018	8.3
70	-0.891885	457.301192	0.058932	8.0
71	-0.607590	455.704096	0.044384	7.7
72	-0.728557	454.121787	0.005924	9.1
73	-0.000323	452.554045	0.000084	8.0
74	-0.000000	451.000653	0.000000	7.5
75	-0.853321	449.461399	0.019270	7.7
76	-0.000000	447.936075	0.000000	7.7
77	-0.348593	446.424477	0.008571	8.0
78	-0.000000	444.926406	0.000000	8.0
79	-0.304953	443.441666	0.004398	7.8
80	-0.867999	441.970065	0.019080	7.9
81	-0.323870	440.511415	0.005164	8.1
82	-0.961426	439.065533	0.005268	7.9
83	-0.000000	437.632238	0.000000	7.5
84	-0.713231	436.211351	0.003381	7.7
85	-0.278282	434.802701	0.006036	7.7
86	-0.315887	433.406117	0.002846	8.3
87	-0.628774	432.021430	0.011847	7.5
88	-0.669484	430.648479	0.007462	7.6
89	-0.000000	429.287101	0.000000	7.7
90	-0.841234	427.937140	0.014297	7.6
91	-1.132246	426.598440	0.013141	7.6
92	-0.735284	425.270849	0.006058	8.0
93	-1.086014	423.954220	0.015039	7.9
94	-0.906188	422.648404	0.010873	7.9
95	-0.921961	421.353259	0.015843	8.2
96	-0.581192	420.068643	0.007058	7.9
97	-0.695600	418.794419	0.006873	8.2
98	-0.091832	417.530451	0.002049	8.3
99	-0.000000	416.276604	0.000000	8.2
100	-1.001856	415.032748	0.017641	8.4
101	-0.855513	413.798754	0.011535	8.9
102	-0.590631	412.574495	0.014962	8.5
103	-0.909923	411.359849	0.010791	8.4
104	-1.030065	410.154691	0.011814	8.1
105	-1.090931	408.958904	0.011408	9.8
106	-0.687923	407.772368	0.014612	10.5
107	-0.886722	406.594968	0.062214	8.3
108	-0.423657	405.426590	0.013344	8.3
109	-0.880055	404.267122	0.018927	9.5
110	0.000000	403.116456	0.000000	16.0
111	-0.000000	401.974481	0.000000	10.1
112	-0.467407	400.841093	0.004476	9.8
113	-0.855599	399.716187	0.009787	8.1
114	-1.114383	398.599660	0.009487	8.1
115	-0.625816	397.491411	0.009825	8.1
116	-0.348862	396.391342	0.007788	8.1
117	-0.000000	395.299353	0.000000	8.3
118	-1.051580	394.215350	0.013996	8.0
119	-1.067548	393.139238	0.013676	8.2
120	-0.530874	392.070924	0.006592	7.6
121	-0.000000	391.010316	0.000000	8.7
122	-0.516323	389.957325	0.013371	8.1
123	-0.000000	388.911862	0.000000	8.1
124	-0.779932	387.873839	0.017745	8.1
125	-0.799757	386.843173	0.014320	8.3
126	-0.430685	385.819777	0.010172	8.2
127	-0.672390	384.803569	0.014136	8.0
128	-0.749949	383.794468	0.010299	8.5
129	-0.799607	382.792393	0.010305	8.4
130	-0.123221	381.797264	0.005911	8.4
131	-0.803977	380.809005	0.008014	8.0
132	0.000000	379.827537	0.000000	8.0
133	-0.849013	378.852786	0.013492	8.1
134	-0.692259	377.884678	0.007468	8.2
135	-0.215106	376.923138	0.003840	8.2
136	-0.453483	375.968095	0.004626	8.1
137	-0.055669	375.019479	0.002502	8.1
138	-0.531617	374.077218	0.006682	8.2
139	-0.774810	373.141244	0.015739	8.7
140	-0.000000	372.211489	0.000000	8.2
141	-0.024503	371.287887	0.001210	8.2
142	-0.180102	370.370370	0.003922	8.3
143	-0.951898	369.458876	0.014167	7.7
144	-0.111122	368.553338	0.002135	8.7
145	-0.605744	367.653696	0.005885	7.5
146	-0.070812	366.759885	0.000377	8.6
147	-0.633820	365.871846	0.005055	7.5
148	-1.014160	364.989518	0.006751	8.7
149	-0.473925	364.112841	0.006845	7.6
150	-0.833424	363.241757	0.015213	8.6
151	-0.975196	362.376208	0.024070	11.6
152	-0.002315	361.516137	0.000156	8.1
153	-0.767823	360.661488	0.007243	8.4
154	-0.952972	359.812206	0.014779	7.9
155	-0.071850	358.968236	0.001103	8.1
156	-0.625769	358.129524	0.005610	7.9
157	-0.580350	357.296018	0.010669	8.3
158	-0.231138	356.467665	0.003989	9.1
159	-0.128363	355.644414	0.005103	8.7
160	-0.149548	354.826213	0.003244	7.7
161	-1.019082	354.013012	0.011338	8.9
162	-0.000415	353.204763	0.000023	8.0
163	0.000000	352.401415	0.000000	7.9
164	-1.170109	351.602922	0.013922	7.5
165	-0.966680	350.809235	0.022339	12.7
166	-0.185583	350.020308	0.003862	13.4
167	-0.872214	349.236095	0.019757	7.8
168	-0.020611	348.456550	0.000899	7.9
169	-1.033631	347.681627	0.014474	8.0
170	-0.000000	346.911283	0.000000	8.3
171	-1.004901	346.145474	0.009101	8.2
172	-1.016637	345.384157	0.005964	8.0
173	-0.385616	344.627288	0.005968	8.0
174	-0.883425	343.874826	0.022067	8.0
175	-1.024339	343.126729	0.022959	7.9
176	-0.884431	342.382957	0.011653	8.0
177	-1.180612	341.643469	0.035076	8.0
178	-0.526307	340.908224	0.015502	8.0
179	-0.572781	340.177184	0.002658	8.0
180	-0.161663	339.450309	0.003547	8.6
181	-0.208328	338.727561	0.007178	7.6
182	-1.118299	338.008902	0.053052	7.8
183	-0.726584	337.294295	0.002975	7.7
184	-0.964501	336.583703	0.015635	7.9
185	-1.057660	335.877089	0.032856	7.6
186	-0.955191	335.174416	0.009784	7.5
187	-0.075612	334.475651	0.001633	7.7
188	-0.418668	333.780756	0.015274	8.2
189	-0.332370	333.089698	0.017420	7.6
190	-0.958410	332.402443	0.017672	7.9
191	-0.000000	331.718955	0.000000	7.1
192	-0.982319	331.039203	0.025854	7.6
193	-0.000000	330.363153	0.000000	7.5
194	-0.251167	329.690771	0.004241	7.5
195	-0.621232	329.022027	0.014870	7.7
196	-0.825414	328.356888	0.016165	7.7
197	-0.000127	327.695322	0.000050	7.5
198	-0.262824	327.037299	0.006471	7.5
199	-0.870956	326.382787	0.011281	7.6
200	-0.539339	325.731758	0.011464	7.7
201	-0.033609	325.084179	0.002306	7.5
202	-0.077679	324.440023	0.002331	7.5
203	-0.000000	323.799258	0.000000	7.7
204	-0.876887	323.161858	0.014886	7.6
205	-0.073702	322.527792	0.000692	8.2
206	-0.478644	321.897034	0.012200	7.5
207	-0.000038	321.269554	0.000008	7.6
208	-1.091781	320.645325	0.023507	7.6
209	-0.597787	320.024320	0.007277	7.7
210	-1.225720	319.406512	0.021722	8.5
211	-1.008811	318.791875	0.016664	7.6
212	-1.340507	318.180381	0.017280	7.6
213	-1.021209	317.572005	0.007731	7.7
214	-0.000000	316.966721	0.000000	7.5
215	-0.074849	316.364504	0.001557	10.0
216	-0.000000	315.765329	0.000000	7.5
217	-0.219130	315.169170	0.002420	7.6
218	-0.009668	314.576003	0.000626	7.5
219	-0.001336	313.985804	0.000065	8.1
220	-1.102849	313.398548	0.037522	8.2
221	-0.602813	312.814213	0.011435	7.8
222	-0.430298	312.232773	0.003559	7.6
223	-1.102938	311.654207	0.035593	7.7
224	-0.173565	311.078491	0.007180	7.5
225	-0.000000	310.505602	0.000000	8.1
226	-0.820228	309.935518	0.012672	7.5
227	-0.000000	309.368217	0.000000	6.7
228	-1.187492	308.803676	0.030802	7.6
229	-0.599629	308.241874	0.013745	7.5
230	-0.082370	307.682789	0.005621	8.0
231	-0.000110	307.126400	0.000032	7.4
232	-0.062830	306.572687	0.002197	7.5
233	-0.793129	306.021627	0.018556	7.5
234	-0.271694	305.473201	0.004203	7.8
235	-1.025958	304.927388	0.007671	7.5
236	-0.905330	304.384168	0.014731	7.4
237	-0.189911	303.843521	0.003769	8.5
238	-0.598771	303.305427	0.009953	7.7
239	-0.390775	302.769867	0.008231	7.5
240	-0.018878	302.236821	0.000662	7.9
241	-0.976259	301.706270	0.011030	7.5
242	-0.880570	301.178196	0.010664	7.6
243	-0.541239	300.652580	0.008574	7.7
244	-0.376621	300.129402	0.005903	7.5
245	-0.853455	299.608645	0.006196	7.5
246	-0.942374	299.090291	0.013471	8.0
247	-1.212867	298.574321	0.011069	7.6
248	-0.000002	298.060718	0.000001	7.5
249	-0.000000	297.549465	0.000000	7.9
250	-0.064999	297.040543	0.001995	8.0
251	-0.647476	296.533936	0.006876	8.1
252	-0.248285	296.029626	0.004375	8.0
253	-0.769027	295.527597	0.004458	8.9
254	-0.000000	295.027832	0.000000	7.8
255	-0.526262	294.530315	0.010246	8.1
256	-0.790658	294.035028	0.005782	7.9
257	-0.633863	293.541956	0.004889	7.9
258	-1.045022	293.051083	0.005466	8.0
259	-0.992557	292.562393	0.010348	8.2
260	-0.000000	292.075870	0.000000	7.8
261	-1.012203	291.591498	0.015923	7.9
262	-0.733580	291.109263	0.006299	8.3
263	-0.098619	290.629149	0.002782	8.6
264	-0.054871	290.151140	0.002455	8.0
265	-0.664768	289.675222	0.007341	8.4
266	-0.868899	289.201380	0.008877	8.0
267	-0.606492	288.729600	0.008798	8.2
268	-0.074132	288.259866	0.003103	8.0
269	-1.145371	287.792165	0.018031	8.1
270	-0.886712	287.326481	0.013543	8.3
271	-0.723424	286.862802	0.009155	8.4
272	-0.325603	286.401113	0.001782	8.4
273	-0.813156	285.941400	0.010153	8.4
274	-0.822949	285.483649	0.005646	8.1
275	-0.001190	285.027847	0.000156	8.2
276	-1.176159	284.573981	0.019468	8.0
277	-0.809293	284.122037	0.008811	8.0
278	-0.608179	283.672002	0.013386	8.1
279	-0.000000	283.223863	0.000000	8.2
280	-1.075178	282.777607	0.026965	8.3
281	-0.000000	282.333221	0.000000	8.6
282	-0.239824	281.890692	0.005072	7.9
283	-0.000000	281.450008	0.000000	8.2
284	-0.632637	281.011157	0.011879	11.5
285	-0.438979	280.574125	0.008184	8.9
286	-0.702045	280.138901	0.011387	8.2
287	-0.591330	279.705473	0.018629	8.2
288	-1.070748	279.273829	0.007565	8.0
289	-0.594270	278.843956	0.007122	8.1
290	-0.242371	278.415844	0.003697	8.0
291	-0.000000	277.989479	0.000000	8.4
292	-0.913343	277.564851	0.008124	7.9
293	-0.950937	277.141949	0.017943	8.0
294	-0.974875	276.720761	0.008377	8.0
295	-1.086087	276.301275	0.018508	8.1
296	-0.000000	275.883480	0.000000	8.0
297	-0.642880	275.467366	0.010556	7.9
298	-1.022361	275.052922	0.013191	12.3
299	-0.964933	274.640136	0.013786	11.7
300	-0.126074	274.228998	0.003696	9.4
301	-1.100158	273.819497	0.020348	7.9
302	-0.592257	273.411623	0.009880	7.8
303	-0.000000	273.005365	0.000000	7.3
304	-0.317611	272.600712	0.008001	7.6
305	-0.000000	272.197655	0.000000	7.7
306	-0.000000	271.796184	0.000000	7.6
307	-0.000042	271.396287	0.000015	7.8
308	-0.002771	270.997956	0.000219	7.9
309	-0.000000	270.601180	0.000000	8.0
310	-0.000000	270.205949	0.000000	7.8
311	-0.503882	269.812254	0.011046	8.0
312	-0.597809	269.420085	0.013267	8.0
313	-0.612706	269.029432	0.015898	7.8
314	-0.000000	268.640287	0.000000	8.2
315	-0.843670	268.252638	0.009379	8.9
316	-0.341770	267.866478	0.003103	7.5
317	-0.148326	267.481796	0.003259	7.6
318	-0.927798	267.098584	0.015608	7.6
319	-0.902009	266.716833	0.008686	8.2
320	-0.355996	266.336533	0.007192	7.9
321	-0.000000	265.957676	0.000000	7.9
322	-1.009675	265.580253	0.009508	7.7
323	-0.240294	265.204254	0.003342	8.0
324	-0.848270	264.829672	0.008066	7.8
325	-0.736990	264.456497	0.012931	8.8
326	-1.166497	264.084721	0.025293	7.5
327	-0.539905	263.714335	0.009297	7.8
328	-0.000000	263.345332	0.000000	8.0
329	-0.001426	262.977702	0.000177	7.5
330	-1.096573	262.611438	0.039700	7.8
331	-0.365983	262.246531	0.006041	7.7
332	-0.656765	261.882973	0.009845	8.9
333	-0.611594	261.520756	0.013191	7.5
334	-0.887236	261.159871	0.010975	7.6
335	-0.237394	260.800312	0.002898	7.6
336	-1.199605	260.442070	0.017943	8.1
337	-0.621627	260.085137	0.007449	7.7
338	-0.346921	259.729505	0.009446	7.9
339	-0.093276	259.375167	0.001136	7.8
340	0.000000	259.022116	0.000000	9.2
341	-0.000000	258.670343	0.000000	7.5
342	-1.101677	258.319841	0.007356	7.6
343	-1.144074	257.970602	0.012027	7.7
344	-1.150507	257.622620	0.018375	8.2
345	-1.105347	257.275887	0.025803	7.6
346	-0.935465	256.930396	0.006329	8.0
347	-1.136124	256.586139	0.040195	10.9
348	0.000000	256.243109	0.000000	9.4
349	-0.851595	255.901300	0.021204	7.8
350	-0.072215	255.560703	0.002947	7.7
351	-0.873347	255.221313	0.053078	7.9
352	-0.709474	254.883122	0.027263	8.2
353	-0.866499	254.546124	0.013361	7.9
354	-0.000350	254.210311	0.000085	7.8
355	-0.630137	253.875677	0.034735	7.9
356	-0.857282	253.542215	0.010058	7.9
357	-0.919131	253.209918	0.012106	8.0
358	-0.000001	252.878781	0.000000	7.9
359	-0.201734	252.548795	0.003968	8.6
360	-0.000167	252.219956	0.000043	8.0
361	-0.049356	251.892255	0.001532	7.8
362	-0.706655	251.565688	0.013186	8.0
363	-0.982556	251.240247	0.019586	7.9
364	-1.102637	250.915926	0.013910	8.1
365	-0.844258	250.592720	0.011681	7.9
366	-0.036608	250.270621	0.000509	8.0
367	-0.651677	249.949624	0.007255	7.9
368	-0.026951	249.629723	0.001365	8.1
369	-0.114170	249.310911	0.004865	7.9
370	-0.952913	248.993182	0.017124	8.0
371	-0.956807	248.676531	0.020369	8.5
372	-0.000000	248.360952	0.000000	7.4
373	-0.856851	248.046438	0.008705	7.9
374	-0.000109	247.732984	0.000019	8.0
375	-0.000286	247.420584	0.000095	8.1
376	-1.228917	247.109233	0.017921	8.1
377	-0.875710	246.798924	0.007967	7.8
378	-0.000000	246.489652	0.000000	7.9
379	-0.016675	246.181412	0.001217	8.0
380	-0.000000	245.874197	0.000000	8.0
381	-1.223237	245.568002	0.007250	8.0
382	-0.921480	245.262822	0.013532	8.4
383	-0.009250	244.958652	0.000655	8.4
384	-1.093626	244.655485	0.008836	8.2
385	-0.000000	244.353317	0.000000	7.8
386	-0.900432	244.052142	0.007140	8.2
387	-0.261319	243.751955	0.004522	7.9
388	-0.249000	243.452750	0.007474	7.9
389	-0.139717	243.154523	0.002646	7.8
390	-0.811353	242.857268	0.007485	8.6
391	-1.314767	242.560980	0.017085	7.5
392	-0.228623	242.265654	0.007115	7.9
393	-0.176045	241.971285	0.008468	7.9
394	-0.044127	241.677868	0.002767	7.8
395	-0.790167	241.385397	0.011164	7.8
396	-1.162021	241.093869	0.043038	7.8
397	-0.192571	240.803278	0.005005	7.9
398	-0.434517	240.513619	0.008095	7.9
399	-0.719651	240.224887	0.009062	7.8
400	-1.067119	239.937077	0.009989	7.8
401	-1.026020	239.650186	0.016249	8.0
402	-0.765046	239.364207	0.008092	7.8
403	-0.043721	239.079136	0.001261	8.5
404	-0.990066	238.794969	0.034710	7.8
405	-1.159690	238.511701	0.024779	8.5
406	-0.140701	238.229327	0.004264	7.8
407	-0.018121	237.947843	0.001000	7.7
408	-0.000000	237.667244	0.000000	8.4
409	-0.536529	237.387526	0.002785	7.6
410	-0.752843	237.108684	0.007513	7.5
411	-0.610023	236.830714	0.011809	7.9
412	-0.372988	236.553610	0.001648	7.8
413	-0.915165	236.277370	0.011690	8.0
414	-1.051073	236.001989	0.059377	8.1
415	-0.741995	235.727461	0.011636	8.4
416	-0.879867	235.453784	0.013694	7.4
417	-0.773502	235.180952	0.005659	7.7
418	-0.047235	234.908962	0.001045	7.8
419	-0.762801	234.637809	0.004121	7.7
420	-0.530067	234.367488	0.012484	7.9
421	-1.140119	234.097997	0.051504	7.8
422	-0.362265	233.829331	0.003295	8.0
423	-0.000000	233.561485	0.000000	7.8
424	-0.769531	233.294456	0.010001	8.0
425	-0.780480	233.028239	0.030055	7.8
426	-0.009854	232.762831	0.001255	7.9
427	-1.040318	232.498228	0.028815	7.8
428	-0.573709	232.234425	0.005398	8.7
429	-1.086655	231.971419	0.024672	8.1
430	-0.820371	231.709205	0.028440	7.8
431	-0.142796	231.447781	0.003323	7.6
432	-0.883013	231.187141	0.004365	7.8
433	-0.273824	230.927283	0.003914	8.7
434	-1.250510	230.668202	0.025997	8.6
435	-0.733126	230.409895	0.007184	7.6
436	-1.014055	230.152358	0.009120	7.7
437	-0.026506	229.895587	0.002243	8.3
438	-0.900397	229.639578	0.014638	8.5
439	-0.388726	229.384329	0.008884	7.8
440	-0.057660	229.129834	0.001963	8.6
441	-0.008194	228.876091	0.000868	7.8
442	-0.026011	228.623096	0.000751	8.9
443	-0.346632	228.370846	0.003908	7.9
444	-0.674759	228.119336	0.007778	7.8
445	-0.927413	227.868563	0.009330	7.8
446	-1.191934	227.618525	0.021744	7.6
447	-0.000499	227.369216	0.000092	7.9
448	-0.204421	227.120635	0.002689	7.8
449	-0.000000	226.872777	0.000000	7.8
450	-0.001756	226.625638	0.000295	7.8
451	-1.209113	226.379217	0.054064	8.0
452	-0.435203	226.133509	0.007128	7.9
453	-0.000000	225.888510	0.000000	7.3
454	-0.252362	225.644218	0.006735	7.9
455	-0.807831	225.400630	0.012596	7.8
456	-0.000000	225.157741	0.000000	7.8
457	-1.048033	224.915549	0.046478	7.7
458	-1.056502	224.674051	0.013162	8.6
459	-0.000000	224.433242	0.000000	7.8
460	-0.127218	224.193121	0.001014	7.9
461	-0.956211	223.953684	0.020786	7.8
462	-0.938346	223.714927	0.006640	8.2
463	-0.330612	223.476848	0.003483	7.8
464	-0.000008	223.239444	0.000002	7.8
465	-1.245657	223.002710	0.006408	8.8
466	-0.000000	222.766645	0.000000	8.0
467	-0.126303	222.531245	0.004218	8.7
468	-0.749626	222.296508	0.036395	8.0
469	-1.170443	222.062429	0.032934	7.8
470	-0.524231	221.829007	0.010252	7.9
471	-0.627986	221.596238	0.008774	8.0
472	-1.001107	221.364119	0.008317	7.5
473	-0.770260	221.132647	0.013688	8.4
474	-0.877704	220.901820	0.006458	7.6
475	-1.092159	220.671634	0.012413	7.4
476	-1.144469	220.442086	0.007672	7.8
477	-0.000000	220.213174	0.000000	8.4
478	-0.110067	219.984895	0.001999	7.4
479	-0.156341	219.757246	0.004474	7.4
480	-0.787914	219.530224	0.015353	7.6
481	-0.000000	219.303826	0.000000	7.5
482	-0.000001	219.078050	0.000000	7.5
483	-0.000050	218.852893	0.000017	7.4
484	-0.569054	218.628352	0.002827	7.5
485	-0.826947	218.404424	0.020396	7.5
486	-0.000000	218.181106	0.000000	8.3
487	-0.787568	217.958397	0.013276	7.5
488	-0.897220	217.736292	0.012374	7.4
489	-0.000000	217.514790	0.000000	7.6
490	-0.000000	217.293888	0.000000	7.4
491	-0.381674	217.073584	0.004582	7.4
492	-0.062670	216.853873	0.001110	7.5
493	-1.045604	216.634755	0.018965	7.7
494	-0.000000	216.416227	0.000000	7.5
495	-1.150314	216.198285	0.012130	7.4
496	-0.604795	215.980927	0.015247	7.5
497	-1.040950	215.764151	0.010279	7.5
498	-0.382673	215.547955	0.005546	7.5
499	-1.063152	215.332335	0.021770	7.5
500	-0.253673	215.117289	0.006822	7.5
501	-0.242884	214.902815	0.003810	7.8
502	-0.000002	214.688911	0.000001	7.2
503	-1.009568	214.475573	0.012193	7.4
504	-0.541968	214.262800	0.010909	7.8
505	-0.876771	214.050588	0.023966	7.9
506	-0.440007	213.838936	0.008010	7.8
507	-0.956347	213.627842	0.007031	7.6
508	-0.020289	213.417302	0.001124	8.3
509	-0.686876	213.207314	0.015702	7.9
510	-0.952834	212.997877	0.013067	7.7
511	-0.000003	212.788987	0.000001	7.5
512	-0.531861	212.580642	0.010298	7.6
513	-1.174121	212.372841	0.033486	7.6
514	-0.000000	212.165581	0.000000	7.7
515	-0.881759	211.958859	0.006830	7.7
516	-0.533641	211.752673	0.007757	7.9
517	-1.151054	211.547021	0.008878	8.7
518	-0.815394	211.341902	0.025530	7.7
519	-0.663963	211.137311	0.016474	7.7
520	-0.174872	210.933248	0.001760	7.6
521	-0.045569	210.729710	0.002326	7.9
522	-1.015177	210.526695	0.011356	7.7
523	-0.832739	210.324200	0.015820	8.0
524	-0.844559	210.122224	0.015234	7.9
525	-0.030635	209.920765	0.001598	7.8
526	-0.000000	209.719820	0.000000	7.8
527	-0.662172	209.519387	0.013978	7.8
528	-1.051634	209.319463	0.010466	7.8
529	-0.369977	209.120048	0.004472	8.9
530	-0.980029	208.921139	0.007735	7.5
531	-0.001315	208.722733	0.000166	7.9
532	-0.240920	208.524829	0.004151	7.8
533	-0.619965	208.327425	0.003246	7.9
534	-0.607461	208.130518	0.012293	7.7
535	-0.122112	207.934107	0.001663	7.9
536	-0.899004	207.738189	0.005226	7.8
537	-0.000000	207.542762	0.000000	7.7
538	-0.770012	207.347825	0.010018	7.8
539	-1.067189	207.153376	0.010303	7.9
540	-0.210394	206.959412	0.003576	7.9
541	-0.639884	206.765932	0.018803	7.9
542	-0.000003	206.572933	0.000001	7.8
543	-0.203844	206.380414	0.003198	8.0
544	-0.000000	206.188373	0.000000	7.9
545	-0.193574	205.996807	0.001958	8.0
546	-0.686430	205.805716	0.019534	7.9
547	-1.205904	205.615096	0.012931	8.0
548	-1.162576	205.424946	0.009626	7.8
549	-0.236233	205.235265	0.001895	7.9
550	-0.691377	205.046050	0.024207	7.9
551	-0.971936	204.857299	0.028108	7.9
552	-0.650787	204.669011	0.005305	8.1
553	-0.997036	204.481184	0.008347	7.7
554	-0.820425	204.293816	0.009232	7.8
555	-0.610097	204.106905	0.011726	8.6
556	-0.704567	203.920449	0.008006	8.1
557	-0.833183	203.734447	0.010773	7.9
558	-1.135879	203.548896	0.023565	7.9
559	-1.007670	203.363795	0.018469	7.8
560	-0.156159	203.179143	0.003777	7.9
561	-1.070613	202.994937	0.019458	8.7
562	-0.255685	202.811176	0.005431	7.8
563	-0.987994	202.627857	0.013152	8.6
564	-0.001026	202.444980	0.000249	7.6
565	-1.128964	202.262543	0.018367	7.5
566	-0.566701	202.080543	0.013720	7.7
567	-1.040900	201.898979	0.007681	7.9
568	-0.000397	201.717849	0.000113	8.0
569	-0.114922	201.537153	0.001454	7.8
570	-0.532604	201.356887	0.007219	7.8
571	-0.011686	201.177050	0.001159	7.9
572	-0.946952	200.997642	0.013848	7.8
573	-0.000000	200.818659	0.000000	8.9
574	-1.225411	200.640100	0.018138	7.6
575	-0.612051	200.461965	0.018310	7.8
576	-0.837744	200.284250	0.012360	7.7
577	-0.000000	200.106955	0.000000	7.7
578	-1.302627	199.930078	0.032169	7.8
579	-0.000000	199.753617	0.000000	8.4
580	-0.647203	199.577571	0.005752	7.8
581	-0.000000	199.401938	0.000000	8.4
582	-0.000000	199.226717	0.000000	7.5
583	-0.976008	199.051905	0.016796	7.7
584	-0.894851	198.877502	0.004428	7.8
585	-1.025893	198.703506	0.011682	8.0
586	-0.896162	198.529916	0.009435	7.9
587	-0.000011	198.356729	0.000003	7.7
588	-0.596553	198.183944	0.012871	7.9
589	-0.592651	198.011560	0.015819	8.8
590	-1.029327	197.839576	0.006161	7.5
591	-0.000000	197.667989	0.000000	7.7
592	-0.318286	197.496798	0.008482	7.9
593	-0.000710	197.326002	0.000040	7.9
594	-1.177154	197.155600	0.014304	7.8
595	-0.000000	196.985589	0.000000	7.8
596	-0.013331	196.815969	0.001055	7.9
597	-0.543562	196.646738	0.003409	8.3
598	-0.580252	196.477894	0.004165	7.9
599	-0.000600	196.309436	0.000023	7.9
600	-1.001424	196.141363	0.012685	7.9
601	-1.135917	195.973673	0.011999	7.8
602	-0.221583	195.806365	0.004111	8.0
603	-0.476794	195.639437	0.004070	7.7
604	-0.978983	195.472888	0.007016	9.4
605	-0.754317	195.306717	0.015124	7.6
606	-0.649755	195.140922	0.011191	7.7
607	-0.528899	194.975501	0.008297	7.7
608	-0.897691	194.810454	0.008617	7.9
609	-0.000000	194.645779	0.000000	8.7
610	-0.764757	194.481475	0.007365	10.0
611	-0.478381	194.317540	0.003007	8.0
612	-0.000002	194.153973	0.000000	7.9
613	-1.009142	193.990773	0.015392	7.9
614	-0.912001	193.827938	0.013002	7.9
615	-1.049685	193.665467	0.016214	7.9
616	-0.048526	193.503358	0.002717	8.6
617	-0.628613	193.341611	0.017127	7.8
618	-0.000000	193.180224	0.000000	8.0
619	-0.963096	193.019196	0.012327	7.5
620	-0.565080	192.858525	0.005020	7.8
621	-0.921568	192.698210	0.020537	8.4
622	-1.185375	192.538251	0.012889	7.6
623	-1.161270	192.378644	0.045412	7.5
624	-1.039416	192.219391	0.010757	7.5
625	-0.492918	192.060488	0.004013	7.6
626	-0.801682	191.901935	0.011065	7.5
627	-0.000000	191.743730	0.000000	7.6
628	-0.852257	191.585873	0.010387	8.3
629	-0.000000	191.428362	0.000000	7.5
630	-0.255205	191.271196	0.002902	7.6
631	-0.000000	191.114374	0.000000	7.7
632	-0.832037	190.957893	0.016426	7.6
633	-1.235137	190.801755	0.029112	7.5
634	-1.067075	190.645956	0.013622	7.7
635	-0.558600	190.490495	0.009139	7.6
636	-1.059261	190.335373	0.015061	7.5
637	-1.049591	190.180587	0.009944	7.5
638	-0.000148	190.026136	0.000025	7.6
639	-0.166420	189.872019	0.004899	7.5
640	-0.978767	189.718235	0.019412	7.6
641	-1.010451	189.564782	0.010886	8.3
642	-0.141379	189.411661	0.004033	7.6
643	-0.808573	189.258868	0.009252	7.5
644	-1.057035	189.106404	0.036379	7.6
645	-0.888611	188.954267	0.021321	7.4
646	-0.000000	188.802456	0.000000	6.8
647	-1.312193	188.650969	0.020268	7.4
648	-0.632306	188.499807	0.007324	7.6
649	-0.867591	188.348967	0.008695	7.5
650	-0.000000	188.198448	0.000000	7.6
651	-1.030068	188.048250	0.012198	7.5
652	-1.306721	187.898371	0.015070	7.5
653	-0.000000	187.748810	0.000000	7.6
654	-0.762893	187.599566	0.011285	7.5
655	-1.073798	187.450638	0.008801	8.5
656	-0.277643	187.302025	0.005766	7.5
657	-0.000000	187.153725	0.000000	7.7
658	-0.001096	187.005739	0.000185	7.6
659	-0.810507	186.858064	0.012783	7.7
660	-1.094124	186.710699	0.012318	7.4
661	-1.078965	186.563645	0.012704	7.5
662	-0.824811	186.416898	0.007720	7.5
663	-0.000033	186.270459	0.000002	7.6
664	-0.000000	186.124326	0.000000	7.6
665	-0.823472	185.978499	0.004652	8.3
666	-1.099491	185.832976	0.011125	7.6
667	-0.524329	185.687756	0.005328	7.5
668	-1.243927	185.542838	0.008261	7.5
669	-0.931288	185.398222	0.009155	7.5
670	-0.939436	185.253906	0.011311	7.7
671	-0.949470	185.109889	0.008640	7.5
672	-1.063178	184.966170	0.012997	7.5
673	-0.000000	184.822748	0.000000	7.4
674	-0.715532	184.679623	0.013127	7.6
675	-0.243549	184.536792	0.007459	7.4
676	-0.000000	184.394256	0.000000	7.4
677	-0.028441	184.252013	0.001034	7.5
678	-0.968073	184.110062	0.019185	7.5
679	-0.766187	183.968403	0.013063	7.6
680	-1.004997	183.827034	0.007507	7.4
681	-1.074531	183.685954	0.018293	7.5
682	-0.187371	183.545163	0.001664	7.5
683	-0.425701	183.404658	0.010904	7.5
684	-0.991177	183.264441	0.005656	7.5
685	-0.890444	183.124509	0.010390	7.4
686	-1.125338	182.984861	0.011486	7.5
687	-0.000465	182.845497	0.000010	7.5
688	-1.054620	182.706416	0.020312	7.4
689	-0.679757	182.567616	0.033518	7.5
690	-0.680120	182.429098	0.006819	7.6
691	-0.818939	182.290859	0.006731	7.4
692	-1.027961	182.152899	0.015697	7.6
693	-0.000000	182.015217	0.000000	7.4
694	-0.172527	181.877813	0.006001	7.2
695	-0.000101	181.740684	0.000039	7.5
696	-0.000000	181.603832	0.000000	7.5
697	-0.663237	181.467253	0.008215	7.5
698	-0.000000	181.330948	0.000000	7.3
699	-0.637184	181.194916	0.004478	7.5
700	-0.000000	181.059155	0.000000	8.3
701	-0.355394	180.923666	0.003473	7.5
702	-0.000000	180.788446	0.000000	7.4
703	-0.956057	180.653496	0.009729	7.5
704	-0.745267	180.518814	0.015000	8.3
705	-1.070821	180.384399	0.009622	7.6
706	-1.205780	180.250251	0.033987	7.5
707	-0.000000	180.116369	0.000000	7.4
708	-0.000000	179.982752	0.000000	7.5
709	-1.063328	179.849398	0.005658	7.7
710	-0.077012	179.716308	0.001975	7.5
711	-0.234518	179.583480	0.005176	7.4
712	-0.875805	179.450913	0.009650	7.5
713	-0.312256	179.318607	0.002682	8.3
714	-0.000000	179.186561	0.000000	7.6
715	-1.012380	179.054774	0.013019	7.4
716	-1.029372	178.923245	0.010060	7.5
717	-0.000317	178.791973	0.000064	8.3
718	-0.071166	178.660958	0.002920	7.6
719	-1.107980	178.530199	0.011251	7.4
720	-0.749432	178.399694	0.026743	7.4
721	-0.975998	178.269444	0.013090	7.5
722	-1.033023	178.139447	0.009907	7.8
723	-0.092843	178.009702	0.003748	7.5
724	-0.914182	177.880209	0.009437	8.4
725	-0.832363	177.750967	0.005752	7.5
726	-0.494710	177.621975	0.007693	8.3
727	-0.861165	177.493232	0.011002	7.5
728	-0.997888	177.364738	0.012278	10.2
729	-0.634123	177.236492	0.004293	7.7
730	-1.173050	177.108492	0.018990	7.6
731	-0.019988	176.980739	0.000835	8.2
732	-0.696188	176.853231	0.005604	7.4
733	-0.000000	176.725968	0.000000	7.7
734	-0.603321	176.598949	0.016230	7.9
735	-0.994056	176.472173	0.010066	7.9
736	-1.181646	176.345639	0.006900	7.4
737	-0.000000	176.219348	0.000000	7.6
738	-0.000524	176.093296	0.000087	7.4
739	0.000000	175.967486	0.000000	7.6
740	-1.163566	175.841914	0.008558	7.6
741	-0.280264	175.716581	0.003647	7.6
742	-1.151372	175.591486	0.013120	7.5
743	-0.903033	175.466629	0.014725	7.6
744	-1.191306	175.342008	0.010369	7.4
745	-0.000242	175.217622	0.000078	7.6
746	-0.000181	175.093472	0.000045	7.5
747	-0.926815	174.969556	0.010553	7.6
748	-1.239705	174.845873	0.014498	7.5
749	-0.665718	174.722423	0.008112	7.5
750	-1.132321	174.599206	0.012897	7.4
751	-1.055799	174.476220	0.009184	7.5
752	-0.373652	174.353464	0.007878	7.5
753	-0.849498	174.230939	0.012439	7.6
754	-0.689015	174.108643	0.006946	7.8
755	-0.476099	173.986576	0.006440	7.8
756	-0.005987	173.864737	0.000190	7.6
757	-0.619598	173.743124	0.014517	7.5
758	-0.000456	173.621739	0.000058	7.7
759	-0.132477	173.500579	0.003573	7.5
760	-0.001523	173.379645	0.000389	7.8
761	-0.788707	173.258935	0.017931	7.5
762	-0.681646	173.138449	0.008776	7.4
763	-0.470318	173.018186	0.004431	7.5
764	-1.079814	172.898146	0.009162	7.5
765	-0.001211	172.778327	0.000353	7.7
766	-0.004119	172.658730	0.000547	8.0
767	-0.959411	172.539353	0.012365	8.0
768	-0.273072	172.420196	0.006671	7.6
769	-0.832959	172.301258	0.006301	7.6
770	-0.504431	172.182539	0.015564	7.5
771	-0.898051	172.064037	0.013367	7.5
772	-1.067221	171.945753	0.009627	7.6
773	-1.020937	171.827686	0.010630	8.1
774	-0.672772	171.709834	0.010288	8.8
775	-0.868471	171.592198	0.005466	7.5
776	-0.876352	171.474776	0.016509	7.5
777	-0.881394	171.357568	0.013944	8.4
778	-0.654371	171.240574	0.005646	7.9
779	-0.000000	171.123793	0.000000	9.9
780	-0.231046	171.007223	0.004224	7.7
781	-1.022947	170.890865	0.005392	7.4
782	-0.706576	170.774718	0.011231	7.5
783	-0.175244	170.658782	0.003856	7.5
784	-0.388797	170.543055	0.007104	9.2
785	-1.185275	170.427537	0.010086	10.1
786	-0.517249	170.312227	0.011282	8.8
787	-1.340908	170.197125	0.019577	7.8
788	-0.779876	170.082231	0.004281	8.2
789	-0.007423	169.967543	0.000601	8.2
790	-0.348438	169.853061	0.004837	7.9
791	-1.174319	169.738784	0.010158	11.9
792	0.000000	169.624713	0.000000	7.5
793	-0.130633	169.510845	0.003694	7.6
794	-1.207418	169.397181	0.007323	7.9
795	-0.412394	169.283720	0.005592	7.5
796	-0.904158	169.170462	0.017209	9.9
797	-0.069597	169.057405	0.001994	7.8
798	-0.290283	168.944549	0.006197	7.6
799	-0.813813	168.831895	0.010536	7.6
800	-0.871001	168.719440	0.008575	7.6
801	-1.086578	168.607185	0.012624	7.6
802	-0.443410	168.495129	0.006250	7.5
803	-0.521773	168.383271	0.010405	9.2
804	-0.000000	168.271611	0.000000	7.6
805	-0.685390	168.160148	0.004481	7.8
806	-0.127199	168.048882	0.006607	7.0
807	-0.923135	167.937812	0.007593	7.4
808	-0.038040	167.826938	0.001971	7.6
809	-0.827744	167.716258	0.016509	9.6
810	-0.000000	167.605773	0.000000	7.6
811	-1.094217	167.495482	0.010536	7.5
812	-0.466060	167.385384	0.008027	7.5
813	-0.777973	167.275479	0.007148	7.6
814	-0.693816	167.165766	0.007769	7.9
815	-0.000000	167.056245	0.000000	7.5
816	-0.246396	166.946915	0.004430	7.7
817	-0.000000	166.837776	0.000000	7.5
818	-0.002483	166.728826	0.000175	8.4
819	-0.783366	166.620067	0.014486	7.9
820	-1.080348	166.511496	0.012790	7.4
821	-0.000000	166.403113	0.000000	7.5
822	-0.000000	166.294919	0.000000	7.1
823	-0.603381	166.186912	0.010659	7.4
824	-1.215363	166.079091	0.013600	7.5
825	-0.672977	165.971458	0.008334	7.5
826	-0.736737	165.864009	0.013053	7.5
827	-0.740867	165.756747	0.006140	7.6
828	-0.948110	165.649669	0.014221	7.5
829	-0.937903	165.542775	0.008997	8.1
830	-0.000209	165.436065	0.000061	7.5
831	-0.966249	165.329538	0.007010	7.6
832	-1.047801	165.223194	0.010885	7.5
833	-1.146410	165.117032	0.009432	7.6
834	-0.822537	165.011052	0.010481	7.9
835	-0.004449	164.905253	0.001097	7.6
836	-0.697625	164.799635	0.013461	7.5
837	-0.674477	164.694197	0.007111	7.4
838	-0.000883	164.588939	0.000156	7.5
839	-0.645138	164.483859	0.012219	7.4
840	-0.767232	164.378959	0.005525	7.8
841	-1.104216	164.274237	0.010562	7.5
842	-0.078350	164.169692	0.001830	7.5
843	-0.911945	164.065325	0.005442	7.6
844	-0.000000	163.961135	0.000000	7.6
845	-0.877763	163.857120	0.016945	7.4
846	-1.336842	163.753282	0.047848	8.3
847	-1.145227	163.649619	0.008083	7.5
848	-0.180872	163.546130	0.001490	7.6
849	-1.144311	163.442816	0.032476	7.5
850	-0.006901	163.339676	0.000483	8.4
851	-0.815187	163.236709	0.007480	8.3
852	-0.939028	163.133915	0.013081	8.8
853	-0.135197	163.031294	0.002517	7.4
854	-1.056087	162.928844	0.008691	7.6
855	-0.639151	162.826566	0.008817	7.5
856	-0.644974	162.724459	0.019724	7.5
857	-0.781233	162.622523	0.015885	7.7
858	-0.828194	162.520757	0.010688	8.3
859	-0.627511	162.419160	0.002469	7.5
860	-1.210462	162.317733	0.013942	7.6
861	-1.136447	162.216474	0.034610	8.0
862	-0.740498	162.115383	0.008453	8.3
863	-0.908966	162.014461	0.009044	7.5
864	-0.949721	161.913705	0.016177	8.0
865	-0.941093	161.813117	0.013944	8.2
866	-0.000014	161.712695	0.000002	7.5
867	-0.609476	161.612439	0.003493	7.9
868	-0.612896	161.512349	0.006335	7.4
869	-0.921156	161.412424	0.010238	8.4
870	-1.250343	161.312663	0.016635	9.7
871	-0.397823	161.213067	0.004637	10.5
872	-1.147662	161.113635	0.014823	10.1
873	-0.000000	161.014366	0.000000	10.4
874	-1.255658	160.915260	0.031496	10.1
875	-0.000000	160.816316	0.000000	7.4
876	-0.000000	160.717535	0.000000	8.6
877	-1.315740	160.618915	0.025935	10.0
878	-0.777617	160.520456	0.010558	8.8
879	-0.422707	160.422158	0.005377	7.2
880	-0.791179	160.324021	0.006223	8.0
881	-1.038068	160.226043	0.012464	7.9
882	-1.009832	160.128225	0.007551	7.5
883	-1.085223	160.030566	0.016973	7.5
884	-0.000000	159.933066	0.000000	8.5
885	-0.991283	159.835723	0.011348	7.6
886	-0.853819	159.738539	0.006993	7.9
887	-0.759325	159.641512	0.015056	7.5
888	-0.938032	159.544642	0.034604	9.3
889	-0.011690	159.447929	0.001439	9.7
890	-0.573211	159.351372	0.006635	9.7
891	-0.021776	159.254971	0.000863	7.7
892	-0.564078	159.158725	0.007889	8.1
893	-0.734956	159.062634	0.012278	7.5
894	-0.548151	158.966697	0.015495	7.6
895	-0.867309	158.870915	0.004638	8.0
896	-0.783726	158.775286	0.012210	7.9
897	0.000000	158.679811	0.000000	7.6
898	-1.085523	158.584489	0.016672	7.5
899	-0.561816	158.489319	0.014638	7.5
900	-0.000008	158.394302	0.000002	8.0
901	-0.976716	158.299436	0.016952	8.4
902	-0.273340	158.204721	0.008477	7.5
903	-0.385360	158.110158	0.003190	7.7
904	-0.000000	158.015745	0.000000	7.5
905	-0.646774	157.921482	0.009362	8.4
906	-0.939382	157.827369	0.010195	7.5
907	-0.622154	157.733406	0.008949	8.4
908	-1.139786	157.639591	0.012270	7.4
909	-0.763580	157.545925	0.053271	8.9
910	-0.000000	157.452408	0.000000	9.3
911	-0.990195	157.359038	0.009403	10.3
912	-0.000000	157.265816	0.000000	10.2
913	-0.933203	157.172741	0.020921	10.6
914	-0.564939	157.079813	0.011421	8.7
915	-0.339698	156.987031	0.006511	7.6
916	-0.686771	156.894395	0.011892	7.9
917	-0.186813	156.801904	0.002523	7.5
918	-1.174596	156.709559	0.021628	7.9
919	-1.243994	156.617359	0.013003	7.5
920	-0.224289	156.525304	0.006258	8.4
921	-0.680299	156.433392	0.006675	8.9
922	-0.467398	156.341624	0.005957	7.7
923	-1.030076	156.250000	0.011053	7.5
924	-1.082710	156.158519	0.005667	8.4
925	-0.000000	156.067180	0.000000	8.0
926	-1.196302	155.975984	0.016956	7.6
927	-0.028078	155.884930	0.001661	7.6
928	-1.169356	155.794017	0.023253	7.6
929	-0.683122	155.703246	0.015817	10.1
930	-0.547772	155.612615	0.005438	9.5
931	-0.452729	155.522125	0.009968	7.5
932	-0.853892	155.431775	0.015140	8.4
933	-0.407571	155.341565	0.003773	7.5
934	-1.100040	155.251495	0.012269	9.0
935	-1.108084	155.161563	0.019774	7.4
936	-0.939921	155.071771	0.004509	9.3
937	-0.749121	154.982117	0.008699	7.5
938	-0.883656	154.892601	0.010934	8.8
939	-0.368341	154.803222	0.003910	7.6
940	-0.714317	154.713981	0.005884	8.0
941	-0.467341	154.624878	0.004496	7.6
942	-0.000000	154.535910	0.000000	7.7
943	-0.825326	154.447080	0.016574	7.6
944	0.000000	154.358385	0.000000	7.5
945	-0.835663	154.269826	0.010948	9.9
946	-0.857161	154.181402	0.004867	10.1
947	-0.973900	154.093114	0.007536	7.6
948	-0.769723	154.004960	0.013769	8.5
949	-1.125193	153.916940	0.017804	7.5
950	-0.914880	153.829054	0.006346	7.8
951	-1.052006	153.741303	0.008283	7.5
952	-0.396124	153.653684	0.007026	8.2
953	-1.131601	153.566198	0.009881	7.8
954	-0.137302	153.478846	0.004200	7.4
955	-0.890106	153.391625	0.003234	8.1
956	-1.043217	153.304537	0.020875	7.8
957	-1.102169	153.217580	0.022056	7.9
958	-0.012006	153.130755	0.000796	7.5
959	-0.449232	153.044061	0.003323	7.6
960	-1.316105	152.957498	0.015074	7.8
961	-0.666081	152.871065	0.003846	8.1
962	-0.087609	152.784762	0.001647	7.6
963	-0.794555	152.698589	0.011615	7.7
964	-0.960690	152.612545	0.017983	7.4
965	-0.910698	152.526631	0.008308	8.4
966	-0.000000	152.440845	0.000000	7.5
967	-0.000000	152.355188	0.000000	8.2
968	-1.218241	152.269660	0.017595	7.5
969	-0.865450	152.184259	0.018279	8.3
970	-1.017685	152.098986	0.009787	7.5
971	-0.753001	152.013840	0.009387	8.0
972	-1.016121	151.928821	0.035938	9.7
973	-1.230758	151.843928	0.013898	11.0
974	-0.000000	151.759163	0.000000	9.9
975	-0.311230	151.674523	0.004588	8.4
976	-1.021396	151.590009	0.011706	7.6
977	-0.994171	151.505620	0.030134	9.9
978	-0.835976	151.421357	0.006061	9.8
979	-1.047342	151.337218	0.014125	7.6
980	-0.000001	151.253204	0.000000	8.2
981	-0.991205	151.169314	0.007010	7.5
982	-0.811636	151.085549	0.011634	7.9
983	-0.543223	151.001907	0.009409	7.5
984	-0.000000	150.918388	0.000000	7.6
985	-0.956263	150.834992	0.014437	8.1
986	-0.000000	150.751719	0.000000	7.5
987	-0.448769	150.668569	0.006695	8.1
988	-0.046790	150.585541	0.002107	8.0
989	-0.157202	150.502634	0.003380	8.4
990	-0.884959	150.419849	0.011587	7.4
991	-0.000077	150.337186	0.000026	8.0
992	-0.803346	150.254644	0.009772	7.6
993	-0.168094	150.172222	0.001751	9.2
994	-1.238750	150.089921	0.012690	9.6
995	-1.265247	150.007740	0.021739	8.3
996	-0.939737	149.925679	0.024669	7.5
997	-1.170755	149.843737	0.014622	8.5
998	-0.008692	149.761915	0.000587	7.6
999	-0.633252	149.680212	0.004213	7.7
1000	-1.176178	149.598627	0.026018	7.8
1001	-1.266224	149.517161	0.017262	8.9
1002	-0.985868	149.435814	0.023971	9.9
1003	-0.841667	149.354584	0.010318	8.1
1004	-1.029702	149.273472	0.011066	8.0
1005	-0.000000	149.192477	0.000000	8.2
1006	-1.080028	149.111599	0.015147	7.6
1007	-0.000000	149.030838	0.000000	8.5
1008	-0.970233	148.950194	0.007901	7.5
1009	-1.124042	148.869666	0.010613	8.0
1010	-0.000000	148.789253	0.000000	7.5
1011	-0.657428	148.708957	0.006598	7.8
1012	-0.704868	148.628776	0.010256	7.5
1013	-0.887426	148.548710	0.006542	8.9
1014	-0.846261	148.468759	0.016327	9.7
1015	-0.000000	148.388923	0.000000	8.7
1016	-0.671614	148.309201	0.022380	7.6
1017	-0.799309	148.229594	0.008195	8.3
1018	-0.584393	148.150100	0.004658	7.8
1019	-1.271069	148.070719	0.032839	7.6
1020	-0.735362	147.991452	0.010066	8.3
1021	-1.062590	147.912298	0.012497	8.9
1022	-1.014955	147.833257	0.014233	9.8
1023	-0.000000	147.754329	0.000000	10.1
1024	-0.993652	147.675512	0.004602	10.3
1025	-0.000000	147.596808	0.000000	8.4
1026	-0.088405	147.518216	0.003130	7.7
1027	-0.576294	147.439735	0.006167	8.4
1028	-0.760121	147.361365	0.011146	8.2
1029	-0.871257	147.283106	0.032607	7.7
1030	-0.731540	147.204958	0.020406	8.3
1031	-0.888105	147.126920	0.011502	10.3
1032	-1.172120	147.048993	0.016363	10.4
1033	-0.889706	146.971175	0.013967	9.7
1034	-0.874066	146.893468	0.007162	7.8
1035	-1.066374	146.815869	0.016197	7.4
1036	-0.658236	146.738380	0.010589	8.1
1037	-1.033220	146.661000	0.022394	7.9
1038	-0.000017	146.583729	0.000002	7.6
1039	-0.000000	146.506566	0.000000	7.5
1040	-1.083260	146.429511	0.009028	8.0
1041	-0.260424	146.352565	0.003829	7.6
1042	-0.578133	146.275726	0.006787	7.9
1043	-0.566623	146.198994	0.007850	7.5
1044	-0.000000	146.122370	0.000000	8.1
1045	-1.284116	146.045853	0.014794	7.6
1046	-0.589195	145.969442	0.011409	7.6
1047	-0.986578	145.893139	0.013087	7.5
1048	-0.000000	145.816941	0.000000	7.5
1049	-0.000000	145.740849	0.000000	8.4
1050	-0.049564	145.664863	0.001329	8.2
1051	-0.585760	145.588983	0.008225	7.6
1052	-0.884246	145.513208	0.004541	7.5
1053	-0.000001	145.437538	0.000000	7.7
1054	-0.000000	145.361973	0.000000	7.4
1055	-1.169940	145.286513	0.019081	7.4
1056	-1.258236	145.211157	0.036974	8.2
1057	-0.961419	145.135905	0.011747	7.7
1058	-0.792864	145.060757	0.014266	7.5
1059	-0.052486	144.985712	0.002020	7.5
1060	-1.063478	144.910771	0.010026	7.5
1061	-0.991680	144.835934	0.011158	7.6
1062	-0.963067	144.761199	0.006876	7.5
1063	-1.034826	144.686567	0.008141	7.4
1064	-0.413000	144.612037	0.002923	7.5
1065	-0.285084	144.537610	0.001759	7.6
1066	-0.037191	144.463285	0.001576	7.5
1067	-0.000000	144.389062	0.000000	7.4
1068	-0.667209	144.314940	0.004015	7.6
1069	-0.174073	144.240920	0.002100	8.0
1070	-0.545714	144.167001	0.011058	7.6
1071	-0.877066	144.093182	0.005261	7.7
1072	-0.000000	144.019465	0.000000	7.6
1073	-0.915508	143.945848	0.011842	7.7
1074	-0.377962	143.872331	0.007639	7.7
1075	-0.059547	143.798914	0.002111	8.3
1076	-0.003193	143.725597	0.000222	8.3
1077	-1.160861	143.652380	0.023288	7.5
1078	-1.103148	143.579262	0.015555	7.9
1079	-0.661952	143.506243	0.016636	7.4
1080	-0.040532	143.433323	0.002193	8.3
1081	-0.791003	143.360502	0.009618	7.6
1082	-1.135442	143.287780	0.012981	7.4
1083	-1.203354	143.215155	0.011134	7.7
1084	-1.100206	143.142629	0.014596	7.5
1085	-1.360689	143.070201	0.020784	7.5
1086	-0.008542	142.997870	0.000189	7.5
1087	-0.656030	142.925637	0.009466	7.5
1088	-0.066729	142.853501	0.002292	7.7
1089	-1.130408	142.781462	0.010472	7.5
1090	-1.116498	142.709519	0.012620	7.4
1091	-0.000000	142.637674	0.000000	7.6
1092	-0.780121	142.565924	0.018522	7.5
1093	-0.700743	142.494271	0.007477	7.4
1094	-0.903094	142.422714	0.008874	7.5
1095	-1.200829	142.351252	0.008498	8.2
1096	-1.238068	142.279886	0.019953	8.2
1097	-1.054415	142.208616	0.009562	7.6
1098	-0.863577	142.137440	0.006125	7.5
1099	-0.403837	142.066360	0.011421	7.4
1100	-0.000000	141.995374	0.000000	7.4
1101	-0.874199	141.924483	0.016220	7.4
1102	-1.111364	141.853685	0.007504	7.6
1103	-0.000000	141.782983	0.000000	7.5
1104	-0.947849	141.712373	0.003475	7.7
1105	-0.047138	141.641858	0.001744	7.5
1106	-1.253380	141.571436	0.009259	7.4
1107	-0.460332	141.501108	0.009385	7.5
1108	-0.733753	141.430872	0.010628	7.5
1109	-1.233786	141.360730	0.035259	8.0
1110	-1.213005	141.290680	0.008352	7.5
1111	-0.726880	141.220722	0.014949	7.6
1112	-0.000000	141.150857	0.000000	7.5
1113	-1.065608	141.081084	0.007769	7.5
1114	-0.600933	141.011403	0.006203	7.5
1115	-0.725491	140.941813	0.006966	7.5
1116	-0.063848	140.872315	0.003634	7.5
1117	-0.450216	140.802909	0.004972	7.7
1118	-0.173080	140.733593	0.003277	7.5
1119	-1.227444	140.664369	0.050810	7.4
1120	-0.032133	140.595235	0.001094	7.6
1121	-1.030894	140.526192	0.010316	7.4
1122	-0.806236	140.457239	0.006278	7.6
1123	-0.936680	140.388376	0.009917	7.5
1124	-0.951326	140.319603	0.014700	7.5
1125	-0.792256	140.250920	0.010895	7.4
1126	-0.005225	140.182326	0.000467	7.6
1127	-1.083315	140.113822	0.004781	7.5
1128	-0.839854	140.045407	0.011181	7.5
1129	-0.912215	139.977081	0.014289	7.6
1130	-0.000036	139.908844	0.000005	7.7
1131	-1.225882	139.840696	0.012513	7.5
1132	-0.000000	139.772635	0.000000	7.5
1133	0.000000	139.704664	0.000000	6.9
1134	-1.139817	139.636780	0.026142	7.6
1135	-0.000000	139.568984	0.000000	7.6
1136	-1.141347	139.501276	0.012952	7.7
1137	-1.203382	139.433655	0.017185	7.5
1138	-0.848723	139.366122	0.008265	7.5
1139	-0.928025	139.298676	0.011747	7.7
1140	-0.930894	139.231317	0.045726	7.6
1141	-0.000000	139.164045	0.000000	7.4
1142	-0.000000	139.096859	0.000000	7.8
1143	-0.053957	139.029760	0.002925	8.2
1144	-1.052172	138.962747	0.012177	7.7
1145	-1.339504	138.895820	0.044532	7.4
1146	-0.864575	138.828978	0.014031	7.5
1147	-0.000000	138.762223	0.000000	7.4
1148	-0.000000	138.695553	0.000000	6.7
1149	-0.000000	138.628969	0.000000	7.5
1150	-0.009664	138.562469	0.002096	7.5
1151	-0.086898	138.496055	0.004950	7.5
1152	-0.058540	138.429725	0.000581	7.7
1153	-0.181181	138.363481	0.005081	7.5
1154	-1.064437	138.297320	0.015759	7.4
1155	-0.000004	138.231244	0.000001	8.5
1156	-0.280835	138.165252	0.004510	7.6
1157	-0.825224	138.099344	0.026718	7.8
1158	-0.131178	138.033520	0.006947	7.3
1159	-0.905630	137.967779	0.007008	7.6
1160	-0.432064	137.902122	0.003752	7.6
1161	-0.000000	137.836548	0.000000	7.6
1162	-0.903040	137.771057	0.022428	7.5
1163	-0.847869	137.705649	0.016873	7.7
1164	-0.860314	137.640324	0.011466	7.5
1165	-1.005733	137.575081	0.016679	7.6
1166	-0.000000	137.509921	0.000000	7.4
1167	-0.615469	137.444842	0.020864	7.5
1168	-0.824526	137.379846	0.010433	7.7
1169	-0.783115	137.314932	0.005518	7.6
1170	-0.000000	137.250100	0.000000	7.6
1171	-0.000000	137.185349	0.000000	6.8
1172	-0.078846	137.120680	0.001834	7.5
1173	-0.620393	137.056092	0.009845	7.4
1174	-1.182512	136.991585	0.043479	7.6
1175	-0.965228	136.927158	0.012152	8.1
1176	-0.815827	136.862813	0.017347	7.6
1177	-0.040081	136.798548	0.003183	7.6
1178	-0.323901	136.734363	0.003703	7.6
1179	-0.829334	136.670259	0.010410	7.4
1180	-0.243375	136.606235	0.003218	7.5
1181	-0.963102	136.542291	0.007714	7.5
1182	-0.088845	136.478426	0.002435	7.5
1183	-0.000000	136.414641	0.000000	8.4
1184	-1.006973	136.350936	0.009747	7.6
1185	-0.000000	136.287310	0.000000	7.5
1186	-1.276012	136.223763	0.019295	7.4
1187	-1.242579	136.160295	0.007365	7.6
1188	-0.671243	136.096905	0.014672	7.6
1189	-0.000000	136.033594	0.000000	8.3
1190	-0.902590	135.970362	0.015724	7.6
1191	-0.692113	135.907208	0.015405	7.6
1192	-0.793663	135.844133	0.009605	7.5
1193	-0.021376	135.781135	0.001798	7.5
1194	-1.076674	135.718215	0.010513	7.6
1195	-0.000080	135.655373	0.000032	7.5
1196	-0.203234	135.592608	0.005521	9.2
1197	-0.151299	135.529921	0.004210	7.4
1198	-0.000000	135.467311	0.000000	7.5
1199	-0.715166	135.404778	0.012311	7.5
1200	-0.536307	135.342322	0.005318	7.5
1201	-0.501787	135.279942	0.005107	7.5
1202	-0.610070	135.217640	0.011892	7.5
1203	-1.249706	135.155413	0.023417	7.6
1204	-1.042124	135.093263	0.008084	7.7
1205	-1.212447	135.031190	0.013595	7.4
1206	-0.690542	134.969192	0.012073	7.5
1207	-0.018845	134.907270	0.001726	8.2
1208	-1.047622	134.845424	0.009558	8.3
1209	-0.786669	134.783653	0.011252	7.5
1210	-0.835834	134.721958	0.009531	7.4
1211	-1.135480	134.660338	0.008532	7.6
1212	-0.001784	134.598793	0.000195	7.4
1213	-0.790007	134.537323	0.008413	8.1
1214	-0.653822	134.475927	0.006253	7.5
1215	-0.974657	134.414607	0.008071	7.6
1216	-0.000623	134.353361	0.000131	7.4
1217	-0.576315	134.292189	0.013431	7.6
1218	-1.236382	134.231092	0.009204	7.4
1219	-0.553019	134.170068	0.007592	7.6
1220	-1.066137	134.109119	0.014087	7.5
1221	-1.292185	134.048243	0.006987	7.6
1222	-1.025540	133.987441	0.004202	7.6
1223	-0.557921	133.926713	0.006014	8.0
1224	-0.621827	133.866057	0.004478	7.6
1225	-1.073622	133.805475	0.007443	8.0
1226	-0.352260	133.744966	0.004796	7.6
1227	-1.247586	133.684530	0.031883	7.5
1228	-0.865910	133.624167	0.007615	8.0
1229	-1.255993	133.563877	0.010784	8.3
1230	-0.000000	133.503658	0.000000	7.9
1231	-1.064571	133.443513	0.013363	7.5
1232	-0.795803	133.383439	0.005689	7.6
1233	-0.890955	133.323437	0.011983	7.5
1234	-0.453055	133.263508	0.007756	7.7
1235	-0.999086	133.203650	0.009202	8.5
1236	-0.000000	133.143864	0.000000	7.4
1237	-0.000000	133.084149	0.000000	7.3
1238	-1.293889	133.024506	0.019939	7.5
1239	-0.258064	132.964934	0.007346	7.7
1240	-0.000151	132.905433	0.000028	7.5
1241	-0.138877	132.846003	0.004327	7.4
1242	-1.283470	132.786643	0.021349	7.4
1243	-0.000000	132.727355	0.000000	7.7
1244	-0.664143	132.668137	0.010080	7.5
1245	-0.813349	132.608989	0.009218	7.6
1246	-1.166555	132.549912	0.011445	7.5
1247	-1.110338	132.490904	0.011580	7.7
1248	-0.000000	132.431967	0.000000	7.4
1249	-1.159327	132.373100	0.010613	7.5
1250	-0.000000	132.314302	0.000000	7.5
1251	-1.135393	132.255574	0.008915	7.6
1252	-0.861242	132.196916	0.019281	7.7
1253	-0.054447	132.138326	0.001173	7.5
1254	-0.000000	132.079806	0.000000	7.8
1255	-0.248502	132.021355	0.007693	7.4
1256	-0.896522	131.962973	0.009295	7.9
1257	-0.457788	131.904660	0.005534	7.4
1258	-1.071411	131.846415	0.014731	7.6
1259	-0.035609	131.788239	0.000644	7.5
1260	-0.848413	131.730131	0.009711	7.7
1261	-0.067633	131.672092	0.003242	7.5
1262	-0.171172	131.614121	0.002399	7.6
1263	-0.834835	131.556217	0.007776	7.7
1264	-0.000000	131.498382	0.000000	7.4
1265	-0.759860	131.440614	0.012066	7.6
1266	-0.000002	131.382914	0.000001	7.6
1267	-0.952553	131.325282	0.005456	7.5
1268	-0.672739	131.267717	0.016241	7.4
1269	-1.087289	131.210219	0.040551	7.5
1270	-0.849922	131.152788	0.006207	7.5
1271	-1.262885	131.095424	0.028566	7.5
1272	-0.003190	131.038127	0.000399	8.0
1273	-0.855654	130.980897	0.007542	7.7
1274	-0.033275	130.923733	0.001467	8.4
1275	-0.973064	130.866636	0.006266	7.4
1276	-0.802087	130.809605	0.013034	7.4
1277	-0.738635	130.752641	0.007508	7.5
1278	-0.909640	130.695742	0.030661	7.7
1279	-1.218139	130.638910	0.023218	7.5
1280	-0.513820	130.582143	0.008253	7.6
1281	-1.064222	130.525442	0.024445	7.4
1282	-0.991876	130.468807	0.008371	7.5
1283	-0.605216	130.412237	0.006392	7.4
1284	-0.623985	130.355733	0.005197	7.6
1285	-0.157862	130.299294	0.004360	7.9
1286	-0.901986	130.242920	0.010198	7.8
1287	-0.541511	130.186611	0.009012	7.5
1288	-1.063324	130.130366	0.010200	7.6
1289	-0.730185	130.074187	0.016466	7.4
1290	-0.991112	130.018072	0.003865	7.6
1291	-0.142591	129.962022	0.003762	7.6
1292	-0.135089	129.906036	0.004477	7.4
1293	-0.000000	129.850114	0.000000	7.5
1294	-1.047885	129.794257	0.009650	9.0
1295	-1.001482	129.738463	0.009940	7.6
1296	-1.055900	129.682734	0.014658	7.4
1297	-0.101641	129.627068	0.002683	8.2
1298	-0.894281	129.571466	0.011953	7.7
1299	-0.828597	129.515927	0.016240	8.9
1300	-0.014912	129.460452	0.000205	9.2
1301	-0.435879	129.405040	0.007790	7.5
1302	-0.740669	129.349692	0.012628	7.5
1303	-0.409202	129.294406	0.005590	7.6
1304	-0.314709	129.239183	0.006171	7.6
1305	-0.434561	129.184024	0.003127	7.3
1306	-0.035021	129.128927	0.001736	7.5
1307	-0.285157	129.073892	0.008242	7.7
1308	-1.082993	129.018921	0.013825	7.3
1309	-0.848977	128.964011	0.002947	7.5
1310	-1.274436	128.909164	0.026181	7.6
1311	-0.896334	128.854379	0.010778	7.5
1312	-1.232576	128.799656	0.021186	7.6
1313	-1.147972	128.744995	0.018899	7.6
1314	-1.276295	128.690396	0.032614	7.5
1315	-0.863283	128.635858	0.011214	8.3
1316	-1.052876	128.581382	0.006147	7.6
1317	-0.535899	128.526968	0.005120	7.5
1318	-0.382499	128.472615	0.005427	7.5
1319	-0.994713	128.418323	0.005083	7.5
1320	-0.000472	128.364092	0.000048	7.8
1321	-1.269628	128.309922	0.034956	7.5
1322	-0.000000	128.255814	0.000000	7.0
1323	-0.908478	128.201766	0.025261	7.5
1324	-0.315868	128.147778	0.008112	7.6
1325	-0.388914	128.093852	0.005169	7.8
1326	-1.208662	128.039985	0.025839	7.5
1327	-0.728231	127.986180	0.008046	7.5
1328	-0.078016	127.932434	0.004178	7.5
1329	-0.150317	127.878749	0.003324	7.6
1330	-0.273830	127.825123	0.001646	7.5
1331	-0.380043	127.771558	0.006955	7.5
1332	-0.849138	127.718052	0.007392	7.5
1333	-0.000000	127.664606	0.000000	7.5
1334	-1.029532	127.611220	0.009395	7.4
1335	-0.000000	127.557893	0.000000	7.4
1336	-0.000000	127.504625	0.000000	7.5
1337	-0.000000	127.451417	0.000000	8.1
1338	-0.089631	127.398268	0.002793	8.5
1339	-0.793647	127.345178	0.012147	7.5
1340	-0.114165	127.292147	0.000954	7.4
1341	-0.057556	127.239175	0.000890	7.5
1342	-1.366036	127.186261	0.015016	7.8
1343	-0.133716	127.133407	0.002755	7.5
1344	-0.999167	127.080610	0.017646	7.5
1345	-0.764665	127.027872	0.014363	7.5
1346	-0.636127	126.975193	0.007558	7.5
1347	-0.245501	126.922572	0.003202	7.4
1348	-0.807051	126.870008	0.004872	7.4
1349	-0.000000	126.817503	0.000000	7.6
1350	-0.000000	126.765056	0.000000	7.5
1351	-1.001525	126.712667	0.009117	7.6
1352	-0.583277	126.660335	0.007016	7.4
1353	-0.631651	126.608061	0.007680	7.6
1354	-0.918297	126.555844	0.004789	8.5
1355	-0.473407	126.503685	0.006393	7.4
1356	-0.254089	126.451583	0.003570	7.5
1357	-1.261575	126.399538	0.027315	7.6
1358	-0.956146	126.347550	0.009305	7.5
1359	-0.732404	126.295619	0.003706	7.7
1360	-0.935308	126.243745	0.005846	7.5
1361	-0.214872	126.191928	0.003174	7.5
1362	-0.504346	126.140168	0.004563	7.5
1363	-0.019394	126.088464	0.000831	7.5
1364	-0.009947	126.036817	0.000535	7.7
1365	-0.822730	125.985226	0.011723	7.6
1366	-1.122373	125.933691	0.012318	7.5
1367	-0.883847	125.882212	0.006216	7.5
1368	-1.156285	125.830790	0.012328	7.6
1369	-0.332107	125.779423	0.007802	7.6
1370	0.000000	125.728113	0.000000	8.0
1371	-0.204522	125.676858	0.004063	7.4
1372	-1.097624	125.625659	0.013962	8.3
1373	-1.169242	125.574515	0.013265	7.5
1374	-1.098009	125.523427	0.013160	8.3
1375	-0.120548	125.472394	0.002112	7.5
1376	-0.000000	125.421417	0.000000	7.5
1377	-1.109835	125.370495	0.019474	7.6
1378	-1.003101	125.319628	0.015064	7.4
1379	0.000000	125.268815	0.000000	7.5
1380	-1.283274	125.218058	0.012052	7.6
1381	-0.715229	125.167356	0.014139	7.6
1382	-1.159297	125.116708	0.031936	7.4
1383	-0.947062	125.066115	0.012421	7.5
1384	-1.154989	125.015576	0.011332	7.4
1385	-0.020108	124.965092	0.001371	7.6
1386	-0.535934	124.914662	0.005829	7.4
1387	-0.762634	124.864287	0.008628	7.4
1388	-0.884602	124.813965	0.005695	7.5
1389	-0.762097	124.763698	0.004784	7.5
1390	-0.008174	124.713485	0.000215	7.7
1391	-0.729982	124.663325	0.003654	7.5
1392	-1.027040	124.613219	0.013831	7.5
1393	-1.174267	124.563167	0.023415	7.7
1394	-0.375804	124.513168	0.006194	7.6
1395	-0.333480	124.463223	0.006442	7.5
1396	-0.967652	124.413332	0.016306	7.5
1397	-0.000000	124.363493	0.000000	7.5
1398	-0.688691	124.313708	0.012503	7.5
1399	-0.214903	124.263976	0.004986	7.5
1400	-1.029578	124.214297	0.019450	7.5
1401	-0.717850	124.164671	0.003149	7.6
1402	-0.094223	124.115097	0.001263	7.5
1403	-0.973847	124.065577	0.014944	7.5
1404	-1.123736	124.016109	0.013255	7.5
1405	-0.658111	123.966693	0.015726	7.4
1406	-0.000000	123.917330	0.000000	7.4
1407	-0.850091	123.868020	0.008319	7.6
1408	-0.401300	123.818762	0.005884	7.5
1409	-0.221073	123.769556	0.002605	7.4
1410	-0.709675	123.720402	0.016104	7.5
1411	-0.000591	123.671300	0.000176	7.4
1412	-1.268562	123.622250	0.011892	7.6
1413	-1.189865	123.573252	0.010105	7.5
1414	-0.000000	123.524305	0.000000	7.5
1415	-0.953382	123.475411	0.008069	7.7
1416	-0.000000	123.426568	0.000000	7.9
1417	-0.719478	123.377776	0.011553	7.5
1418	-1.396390	123.329036	0.020999	8.6
1419	-1.197910	123.280347	0.006632	9.7
1420	-0.016961	123.231709	0.001471	10.6
1421	-1.327840	123.183122	0.043872	9.8
1422	-1.218147	123.134587	0.048577	7.8
1423	-0.000000	123.086102	0.000000	7.5
1424	-0.868264	123.037669	0.014066	8.4
1425	-0.841869	122.989286	0.005452	7.7
1426	-0.201641	122.940954	0.005297	7.7
1427	-0.580991	122.892672	0.008435	7.6
1428	-0.571464	122.844441	0.006855	8.1
1429	-0.000000	122.796261	0.000000	7.4
1430	-0.000000	122.748130	0.000000	7.9
1431	-0.843956	122.700050	0.009582	7.5
1432	-0.000000	122.652021	0.000000	8.4
1433	-0.450133	122.604041	0.007431	7.5
1434	-1.209356	122.556111	0.012007	8.1
1435	-0.985690	122.508232	0.009524	7.7
1436	-1.182725	122.460402	0.008720	8.8
1437	-1.213184	122.412622	0.016359	7.5
1438	-0.936899	122.364891	0.005965	7.6
1439	-0.000000	122.317210	0.000000	10.0
1440	-1.103083	122.269579	0.055656	11.0
1441	-0.616023	122.221997	0.007716	14.9
1442	-0.000000	122.174465	0.000000	15.5
1443	-0.998109	122.126981	0.009704	11.2
1444	-0.876734	122.079547	0.020737	14.6
1445	-1.140678	122.032162	0.025510	14.2
1446	-0.000000	121.984826	0.000000	11.5
1447	-0.000000	121.937539	0.000000	14.9
1448	-1.061618	121.890301	0.014053	11.5
1449	-0.000019	121.843112	0.000004	11.9
1450	-0.000000	121.795971	0.000000	11.8
1451	-0.988673	121.748879	0.008665	13.7
1452	-0.000000	121.701835	0.000000	11.7
1453	-0.560210	121.654840	0.008167	11.1
1454	-0.904639	121.607893	0.009356	11.7
1455	-0.547028	121.560994	0.008809	10.5
1456	-0.980695	121.514144	0.019811	11.6
1457	-0.246024	121.467342	0.004252	9.0
1458	-0.497039	121.420588	0.008909	12.5
1459	-0.421858	121.373882	0.005144	12.0
1460	-0.000000	121.327223	0.000000	13.2
1461	-1.074615	121.280613	0.012250	17.4
1462	-0.384385	121.234050	0.007458	12.4
1463	-0.000000	121.187535	0.000000	10.8
1464	-1.031500	121.141067	0.010831	10.9
1465	-0.074201	121.094647	0.002393	16.1
1466	-0.320318	121.048274	0.002709	11.2
1467	-0.916497	121.001949	0.004955	10.2
1468	-0.930593	120.955671	0.010850	11.4
1469	-0.972714	120.909440	0.004936	14.4
1470	-0.941920	120.863256	0.013128	11.3
1471	-0.852102	120.817119	0.004648	11.0
1472	-1.091637	120.771029	0.011387	11.2
1473	-1.100449	120.724986	0.005902	15.3
1474	-1.135073	120.678990	0.012826	11.6
1475	-1.242180	120.633040	0.012558	8.4
1476	-0.876337	120.587137	0.012412	12.3
1477	-1.079300	120.541281	0.014312	12.6
1478	-0.376954	120.495471	0.007113	10.4
1479	-0.032144	120.449707	0.000631	11.4
1480	-0.692855	120.403990	0.012873	14.8
1481	-0.802837	120.358319	0.010791	11.2
1482	-1.066355	120.312694	0.008191	10.6
1483	-0.296627	120.267115	0.001988	9.7
1484	-0.801788	120.221582	0.014944	11.4
1485	-1.108853	120.176096	0.005395	10.6
1486	-0.424910	120.130655	0.005476	10.3
1487	-0.850921	120.085260	0.013066	11.0
1488	-1.264655	120.039910	0.019020	13.0
1489	-0.008699	119.994606	0.000460	10.2
1490	-0.886327	119.949348	0.020710	10.6
1491	-1.082237	119.904135	0.009449	10.0
1492	-1.157574	119.858968	0.020031	11.8
1493	-0.975142	119.813846	0.010206	7.6
1494	-0.737613	119.768769	0.014759	9.5
1495	-0.753099	119.723738	0.007412	10.6
1496	-0.184228	119.678752	0.002767	8.0
1497	-0.002911	119.633810	0.000445	12.4
1498	-0.026344	119.588914	0.001315	8.1
1499	-0.495072	119.544062	0.006258	8.8
1500	-0.321793	119.499256	0.004369	8.0
1501	-1.302286	119.454494	0.043339	11.6
1502	-1.143713	119.409777	0.013087	11.0
1503	-0.492610	119.365104	0.004066	10.6
1504	-0.691106	119.320476	0.010017	10.8
1505	-0.000000	119.275893	0.000000	13.4
1506	-0.000000	119.231353	0.000000	8.4
1507	-0.519560	119.186859	0.006686	10.0
1508	-0.000000	119.142408	0.000000	10.9
1509	-1.105580	119.098002	0.005509	14.0
1510	-1.177168	119.053639	0.009810	12.6
1511	-0.000000	119.009321	0.000000	11.1
1512	-0.735863	118.965047	0.007607	11.4
1513	-0.933994	118.920816	0.019898	13.9
1514	-0.000000	118.876630	0.000000	13.9
1515	-0.000000	118.832487	0.000000	24.8
1516	-0.013205	118.788388	0.000868	18.3
1517	-1.182003	118.744332	0.022094	19.2
1518	-0.616167	118.700320	0.009032	19.6
1519	-0.000000	118.656352	0.000000	16.9
1520	-0.534472	118.612427	0.006012	17.5
1521	-1.098458	118.568545	0.017991	17.0
1522	-1.168016	118.524706	0.007654	22.6
1523	-0.638086	118.480911	0.006835	16.0
1524	-0.000000	118.437159	0.000000	14.0
1525	-0.000000	118.393450	0.000000	7.8
1526	-0.655248	118.349784	0.016074	7.5
1527	-0.804169	118.306160	0.005852	9.9
1528	-0.496605	118.262580	0.010629	13.6
1529	-1.056947	118.219042	0.011206	8.1
1530	-0.998842	118.175548	0.010097	10.0
1531	-1.026725	118.132095	0.014567	10.2
1532	-0.000000	118.088686	0.000000	10.4
1533	-0.036496	118.045319	0.002095	13.1
1534	-0.691431	118.001994	0.008971	11.7
1535	-1.205289	117.958712	0.009436	12.7
1536	-0.640205	117.915472	0.004742	19.4
1537	-0.818713	117.872274	0.003694	12.2
1538	-0.000000	117.829118	0.000000	11.5
1539	0.000000	117.786005	0.000000	14.1
1540	-1.058902	117.742933	0.007204	16.8
1541	-0.000000	117.699904	0.000000	9.8
1542	-0.000002	117.656916	0.000001	10.5
1543	-0.750798	117.613971	0.008136	15.8
1544	-0.725083	117.571067	0.013577	14.5
1545	-0.728363	117.528205	0.008591	11.5
1546	-0.236559	117.485384	0.004522	10.5
1547	-0.638165	117.442605	0.005180	16.9
1548	-0.032226	117.399867	0.001430	12.2
1549	-0.000000	117.357171	0.000000	10.0
1550	-1.076524	117.314517	0.007957	9.6
1551	-1.169322	117.271903	0.006833	17.5
1552	-1.153990	117.229331	0.010811	12.4
1553	-0.054704	117.186800	0.001032	11.4
1554	-0.000001	117.144311	0.000000	10.2
1555	-1.017088	117.101862	0.009245	79.1
1556	-0.799476	117.059454	0.020894	22.0
1557	-0.453283	117.017087	0.007254	10.5
1558	-0.746640	116.974762	0.011095	14.3
1559	-1.115082	116.932476	0.007309	10.1
1560	-0.516691	116.890232	0.007646	8.0
1561	-1.064911	116.848028	0.008625	8.4
1562	-0.956488	116.805865	0.007296	8.0
1563	-0.473648	116.763743	0.008309	11.5
1564	-1.165720	116.721661	0.023754	8.0
1565	-0.800027	116.679619	0.012713	8.4
1566	-0.000009	116.637618	0.000002	7.7
1567	-1.028329	116.595657	0.016181	7.6
1568	-0.947566	116.553736	0.006773	11.9
1569	-1.098953	116.511855	0.012444	7.6
1570	-1.157655	116.470015	0.008910	8.4
1571	-0.000000	116.428214	0.000000	7.9
1572	-1.258766	116.386454	0.016368	8.2
1573	-0.078776	116.344733	0.001031	12.5
1574	-1.196241	116.303052	0.011220	8.9
1575	-0.184464	116.261412	0.002635	8.1
1576	-0.000000	116.219810	0.000000	8.6
1577	-0.211968	116.178249	0.004346	8.5
1578	-1.279795	116.136727	0.007113	13.8
1579	-0.132958	116.095245	0.002802	8.8
1580	-0.817960	116.053802	0.004500	8.1
1581	-1.045022	116.012398	0.013632	8.5
1582	-1.147785	115.971034	0.009613	14.6
1583	-0.861217	115.929710	0.009788	9.4
1584	-1.130413	115.888424	0.007642	8.7
1585	-0.751497	115.847178	0.012014	8.5
1586	-0.238512	115.805970	0.006765	9.8
1587	-0.802365	115.764802	0.009087	11.7
1588	-0.498236	115.723673	0.006587	8.1
1589	-0.696209	115.682583	0.006655	8.8
1590	-0.867924	115.641532	0.007083	8.5
1591	-0.001069	115.600519	0.000231	11.7
1592	-0.777323	115.559546	0.003898	9.0
1593	-0.000000	115.518610	0.000000	8.8
1594	-0.571355	115.477714	0.012469	8.5
1595	-0.694257	115.436856	0.006003	8.3
1596	-0.000000	115.396037	0.000000	13.5
1597	-1.036186	115.355256	0.027218	8.0
1598	-0.034793	115.314514	0.001905	9.3
1599	-0.084716	115.273810	0.002706	8.3
1600	-1.054031	115.233144	0.019766	10.7
1601	-0.631594	115.192517	0.008389	9.0
1602	-0.872848	115.151927	0.004966	8.0
1603	-0.556144	115.111376	0.004579	7.7
1604	-0.701458	115.070863	0.009330	8.7
1605	-0.674372	115.030388	0.002600	11.1
1606	-0.862196	114.989951	0.011764	8.1
1607	-0.000005	114.949551	0.000002	9.7
1608	-0.000691	114.909190	0.000187	9.7
1609	-0.746889	114.868866	0.002989	11.3
1610	-0.000000	114.828580	0.000000	10.7
1611	-0.574330	114.788332	0.006008	8.1
1612	-0.040450	114.748121	0.002665	8.3
1613	-0.237442	114.707948	0.002746	8.0
1614	-0.001035	114.667812	0.000046	11.8
1615	-0.839470	114.627714	0.040065	8.0
1616	-1.187434	114.587653	0.027028	9.5
1617	-0.823468	114.547629	0.007820	12.3
1618	-0.950009	114.507643	0.012483	16.7
1619	-0.999800	114.467693	0.037435	36.9
1620	-0.369890	114.427781	0.007781	15.7
1621	-0.588030	114.387907	0.005727	12.2
1622	-0.960898	114.348069	0.011823	12.5
1623	-0.768669	114.308268	0.009298	17.2
1624	-1.147187	114.268504	0.010006	13.9
1625	-0.825552	114.228777	0.007468	10.3
1626	-0.749502	114.189086	0.004166	7.5
1627	-0.293869	114.149433	0.003665	10.7
1628	-0.000000	114.109816	0.000000	7.9
1629	-0.001752	114.070235	0.000246	9.4
1630	-0.500205	114.030692	0.009506	12.3
1631	-1.031559	113.991185	0.007587	9.1
1632	-0.868769	113.951714	0.010855	12.9
1633	-1.273009	113.912280	0.010546	8.3
1634	-0.000000	113.872882	0.000000	7.4
1635	-0.970148	113.833521	0.011660	8.7
1636	-0.901747	113.794195	0.007802	11.9
1637	-0.000000	113.754906	0.000000	8.4
1638	-0.588353	113.715653	0.011906	9.3
1639	-1.018622	113.676437	0.013371	9.8
1640	-0.000000	113.637256	0.000000	8.1
1641	-0.000036	113.598111	0.000010	12.7
1642	-0.000000	113.559002	0.000000	8.1
1643	-1.310155	113.519929	0.032999	7.6
1644	-0.521205	113.480892	0.006380	7.6
1645	0.000000	113.441891	0.000000	8.6
1646	-0.994680	113.402925	0.006629	10.9
1647	-0.847577	113.363995	0.008927	7.6
1648	-1.018994	113.325101	0.008978	9.4
1649	-0.659449	113.286242	0.006763	7.7
1650	-0.000000	113.247419	0.000000	9.6
1651	-0.200740	113.208631	0.003063	10.4
1652	-0.962030	113.169879	0.007346	7.6
1653	-0.003394	113.131162	0.000192	8.0
1654	-0.230460	113.092480	0.003947	8.0
1655	-0.000000	113.053833	0.000000	10.0
1656	-0.830425	113.015222	0.013312	7.9
1657	-0.989656	112.976646	0.005068	8.3
1658	-1.075770	112.938105	0.006315	7.6
1659	-0.545808	112.899599	0.005601	7.5
1660	-0.333421	112.861128	0.006543	9.8
1661	-1.037135	112.822692	0.006724	8.7
1662	-0.722158	112.784291	0.006137	7.7
1663	-0.000000	112.745924	0.000000	7.1
1664	-0.741834	112.707593	0.005599	7.6
1665	-0.081697	112.669296	0.001499	10.7
1666	-0.745774	112.631034	0.009885	7.6
1667	-0.000000	112.592806	0.000000	8.2
1668	-0.000000	112.554613	0.000000	7.5
1669	-0.914339	112.516455	0.013427	8.2
1670	-0.608900	112.478331	0.009356	10.4
1671	-0.000004	112.440241	0.000001	8.2
1672	-0.675459	112.402186	0.015794	7.7
1673	-0.000011	112.364165	0.000004	8.2
1674	-0.000136	112.326179	0.000027	8.0
1675	-1.084811	112.288227	0.009797	10.8
1676	-0.811350	112.250309	0.009592	8.5
1677	-1.106001	112.212425	0.014924	8.2
1678	-0.758502	112.174575	0.011057	7.6
1679	-0.000014	112.136759	0.000002	7.5
1680	-0.841585	112.098977	0.004332	10.5
1681	-0.049184	112.061229	0.002564	8.4
1682	-1.153761	112.023515	0.012743	7.6
1683	-0.879264	111.985834	0.006685	7.6
1684	-0.778984	111.948188	0.010288	7.8
1685	-0.843482	111.910575	0.008375	12.1
1686	-0.000000	111.872996	0.000000	7.5
1687	-0.032282	111.835450	0.001643	8.0
1688	-0.576179	111.797939	0.005520	7.6
1689	-0.000000	111.760460	0.000000	7.5
1690	-1.297090	111.723015	0.011456	10.0
1691	-0.000000	111.685604	0.000000	8.0
1692	-0.302283	111.648226	0.006558	7.6
1693	-1.154032	111.610881	0.009013	8.2
1694	-0.000000	111.573570	0.000000	7.3
1695	-1.083144	111.536292	0.016484	10.1
1696	-0.000000	111.499047	0.000000	7.8
1697	-0.000000	111.461835	0.000000	7.7
1698	-0.000000	111.424656	0.000000	7.7
1699	-0.000000	111.387510	0.000000	7.9
1700	-0.000000	111.350398	0.000000	9.5
1701	-1.048209	111.313318	0.011550	9.0
1702	-0.349016	111.276271	0.005505	7.6
1703	-0.006298	111.239257	0.000707	7.5
1704	-0.496641	111.202276	0.011444	7.5
1705	-0.943504	111.165328	0.005735	10.8
1706	-0.733557	111.128412	0.003559	8.9
1707	-1.195225	111.091529	0.021230	7.6
1708	-0.068612	111.054679	0.004448	7.8
1709	-0.000000	111.017861	0.000000	8.5
1710	-0.356314	110.981076	0.004786	10.4
1711	-0.149406	110.944323	0.003225	7.6
1712	-1.003260	110.907603	0.012255	8.1
1713	-0.000000	110.870915	0.000000	8.1
1714	-1.346829	110.834259	0.013949	7.6
1715	-0.450659	110.797636	0.007231	10.3
1716	-0.940249	110.761045	0.009695	8.2
1717	-0.070206	110.724486	0.001340	7.5
1718	-1.207202	110.687959	0.025035	7.6
1719	-0.781406	110.651465	0.007721	7.5
1720	-1.080528	110.615002	0.008283	10.5
1721	-0.949495	110.578572	0.013005	7.8
1722	-0.000000	110.542173	0.000000	8.4
1723	-0.819254	110.505807	0.010523	7.7
1724	-0.007917	110.469472	0.001018	8.1
1725	-0.898237	110.433169	0.031566	11.4
1726	-0.846318	110.396898	0.013256	8.8
1727	-0.000000	110.360659	0.000000	8.0
1728	-0.000000	110.324451	0.000000	8.6
1729	-1.111099	110.288276	0.034682	8.5
1730	-0.682159	110.252131	0.011576	12.5
1731	-0.570161	110.216019	0.009146	8.3
1732	-0.804853	110.179937	0.006921	7.6
1733	-0.959844	110.143888	0.013828	7.5
1734	-0.437106	110.107869	0.008227	8.5
1735	-1.080077	110.071882	0.014853	11.5
1736	-0.871740	110.035927	0.010238	7.6
1737	-1.000897	110.000003	0.008358	8.4
1738	-0.969157	109.964110	0.014563	7.7
1739	-0.986062	109.928248	0.013327	9.6
1740	-0.563688	109.892417	0.010811	11.1
1741	-0.828808	109.856618	0.011812	8.1
1742	-0.616912	109.820850	0.004562	8.6
1743	-0.000000	109.785112	0.000000	7.9
1744	-0.638320	109.749406	0.009059	12.3
1745	-1.043896	109.713730	0.013115	8.2
1746	-0.752478	109.678086	0.007598	8.9
1747	-0.444432	109.642472	0.004267	8.2
1748	-0.751731	109.606890	0.005013	8.4
1749	-0.000000	109.571337	0.000000	13.8
1750	-0.631838	109.535816	0.013180	8.1
1751	-0.704158	109.500326	0.005193	8.3
1752	-0.613224	109.464866	0.004148	8.0
1753	-1.165164	109.429436	0.016936	10.3
1754	-0.119587	109.394038	0.004682	9.9
1755	-0.913521	109.358669	0.008046	8.6
1756	-0.029260	109.323331	0.002002	7.8
1757	-0.320573	109.288024	0.004448	8.3
1758	-0.948940	109.252747	0.011126	11.4
1759	-1.034591	109.217501	0.016212	8.3
1760	-0.000000	109.182284	0.000000	10.7
1761	-0.702665	109.147098	0.007698	8.2
1762	-0.889764	109.111942	0.011038	9.1
1763	-1.160951	109.076817	0.021405	11.9
1764	-0.537130	109.041721	0.003743	10.1
1765	-0.000000	109.006656	0.000000	10.7
1766	-1.239326	108.971620	0.011642	8.9
1767	-0.658451	108.936615	0.006843	12.9
1768	-0.704649	108.901640	0.009546	8.8
1769	-0.000045	108.866694	0.000014	8.2
1770	-0.416555	108.831779	0.007026	9.0
1771	-1.112399	108.796893	0.009612	10.5
1772	-0.000000	108.762037	0.000000	9.2
1773	-1.082810	108.727211	0.006319	8.2
1774	-1.061658	108.692415	0.011661	8.7
1775	-0.000000	108.657648	0.000000	8.0
1776	-0.887569	108.622911	0.006335	11.9
1777	-0.017563	108.588203	0.000813	8.2
1778	-0.970451	108.553525	0.005326	7.9
1779	-0.000000	108.518877	0.000000	7.9
1780	-0.142400	108.484258	0.003239	8.0
1781	-0.774476	108.449668	0.007428	11.5
1782	-0.939091	108.415108	0.007736	7.6
1783	-0.588215	108.380578	0.005154	8.0
1784	-0.916213	108.346076	0.008541	8.4
1785	-1.037333	108.311604	0.006925	8.1
1786	-0.114105	108.277161	0.001884	11.1
1787	-1.033164	108.242747	0.014815	7.8
1788	-0.677347	108.208363	0.013336	7.5
1789	-0.791545	108.174007	0.008520	8.2
1790	-1.214306	108.139681	0.008480	7.6
1791	-0.875081	108.105383	0.009899	10.8
1792	-1.041611	108.071115	0.009220	7.5
1793	-0.975321	108.036875	0.008298	8.0
1794	-0.728982	108.002665	0.012103	7.5
1795	-0.111244	107.968483	0.004911	8.0
1796	-0.627993	107.934330	0.010904	12.2
1797	-0.957448	107.900206	0.022176	8.2
1798	-0.903079	107.866111	0.010725	8.5
1799	-0.900443	107.832044	0.017088	7.8
1800	-1.099507	107.798007	0.013672	8.3
1801	-0.906108	107.763997	0.011175	11.8
1802	-0.000000	107.730017	0.000000	9.5
1803	-0.908395	107.696065	0.015480	8.3
1804	-0.821797	107.662141	0.010411	9.0
1805	-0.731605	107.628246	0.003908	9.0
1806	-0.880754	107.594379	0.011691	11.5
1807	-1.301135	107.560541	0.022877	8.8
1808	-0.699147	107.526731	0.006837	8.9
1809	-0.394618	107.492949	0.004311	8.0
1810	-0.000000	107.459196	0.000000	10.1
1811	-1.001181	107.425471	0.008220	9.5
1812	-0.124228	107.391774	0.004580	8.0
1813	-0.001112	107.358106	0.000148	8.5
1814	-0.474814	107.324465	0.006170	8.4
1815	-0.003062	107.290853	0.000606	12.2
1816	-1.060887	107.257268	0.013616	8.8
1817	-1.227548	107.223712	0.015873	8.1
1818	-1.204342	107.190184	0.020358	8.4
1819	-0.788140	107.156683	0.009675	8.2
1820	-1.260075	107.123211	0.024776	13.6
1821	-0.000000	107.089766	0.000000	8.5
1822	-0.000000	107.056349	0.000000	8.3
1823	-1.122986	107.022960	0.009385	8.5
1824	-0.298743	106.989599	0.008581	10.1
1825	-0.207875	106.956265	0.002811	10.2
1826	-0.614118	106.922960	0.004501	8.6
1827	-0.491525	106.889681	0.006719	8.9
1828	-0.023562	106.856431	0.001610	8.0
1829	-0.172854	106.823208	0.002632	12.3
1830	-1.019885	106.790012	0.009058	8.5
1831	-1.227535	106.756844	0.014448	8.1
1832	0.000000	106.723703	0.000000	9.2
1833	-0.000485	106.690590	0.000026	7.9
1834	-0.017773	106.657505	0.001064	12.3
1835	-1.000435	106.624446	0.010047	8.1
1836	-0.015389	106.591415	0.001588	8.5
1837	-0.901304	106.558411	0.014596	8.0
1838	-0.845597	106.525435	0.016601	10.5
1839	-0.961655	106.492485	0.010560	10.9
1840	-0.674116	106.459563	0.006911	8.7
1841	-0.038132	106.426668	0.002691	8.2
1842	-0.782038	106.393800	0.006322	8.2
1843	-1.007713	106.360959	0.012959	13.1
1844	-1.013080	106.328145	0.008677	8.8
1845	-0.000000	106.295358	0.000000	7.8
1846	-0.769711	106.262598	0.007922	8.7
1847	-0.129590	106.229865	0.004732	8.1
1848	-0.757143	106.197158	0.008185	13.2
1849	-0.428240	106.164479	0.007309	8.3
1850	-0.899264	106.131826	0.019410	8.3
1851	-0.558356	106.099201	0.009643	8.1
1852	-0.110761	106.066602	0.001835	10.0
1853	-0.046605	106.034029	0.001961	10.6
1854	-0.973452	106.001483	0.007883	9.0
1855	-0.000000	105.968964	0.000000	8.2
1856	-1.061196	105.936472	0.008935	7.8
1857	-0.170942	105.904006	0.003384	12.7
1858	-0.998677	105.871566	0.009658	8.7
1859	-0.000000	105.839153	0.000000	8.1
1860	-0.940738	105.806767	0.007150	8.9
1861	-0.000540	105.774407	0.000074	8.5
1862	-0.794733	105.742073	0.009771	12.3
1863	-0.987420	105.709766	0.017594	8.1
1864	-1.031501	105.677485	0.018099	8.9
1865	-0.952487	105.645230	0.025600	8.4
1866	-0.008292	105.613001	0.000338	9.3
1867	-0.000000	105.580799	0.000000	10.3
1868	-0.376364	105.548623	0.005917	8.4
1869	-0.581138	105.516473	0.005953	7.5
1870	-0.491105	105.484349	0.008483	8.4
1871	-0.164852	105.452251	0.002396	11.2
1872	-0.954442	105.420179	0.010102	7.9
1873	-0.000008	105.388133	0.000003	8.5
1874	-0.000010	105.356113	0.000005	8.1
1875	-1.042775	105.324119	0.003940	8.6
1876	-0.000000	105.292151	0.000000	11.7
1877	-1.047009	105.260209	0.018822	9.0
1878	-0.000000	105.228293	0.000000	8.0
1879	-0.651350	105.196402	0.010649	8.2
1880	-0.000000	105.164537	0.000000	8.0
1881	-0.669947	105.132698	0.009790	12.6
1882	-0.032273	105.100885	0.000800	9.4
1883	-0.968809	105.069097	0.011323	8.2
1884	-0.000000	105.037335	0.000000	8.2
1885	-0.575034	105.005598	0.005507	9.7
1886	-0.000000	104.973887	0.000000	10.2
1887	-0.664182	104.942202	0.007075	7.9
1888	-0.000118	104.910542	0.000020	7.9
1889	-1.062282	104.878907	0.007103	8.0
1890	-0.863314	104.847298	0.009508	10.9
1891	-1.055650	104.815715	0.014430	7.9
1892	-0.000000	104.784156	0.000000	8.5
1893	-0.943871	104.752623	0.009631	7.9
1894	-0.000000	104.721116	0.000000	7.8
1895	-1.109276	104.689633	0.010755	11.4
1896	-0.003897	104.658176	0.000065	7.9
1897	-0.649423	104.626744	0.008554	8.1
1898	-0.000000	104.595337	0.000000	8.2
1899	-0.713499	104.563955	0.006654	8.1
1900	-0.000000	104.532599	0.000000	12.2
1901	-0.545436	104.501267	0.004689	7.9
1902	-1.288967	104.469960	0.006718	7.9
1903	-0.951270	104.438679	0.009371	7.9
1904	-0.901450	104.407422	0.005484	7.9
1905	-0.603036	104.376191	0.016123	12.1
1906	-0.000000	104.344984	0.000000	7.3
1907	-1.109654	104.313802	0.012480	8.0
1908	-0.819176	104.282645	0.006811	8.1
1909	-0.923016	104.251513	0.002728	8.0
1910	-0.404072	104.220405	0.002618	11.2
1911	-0.575257	104.189323	0.007293	7.9
1912	-0.000000	104.158265	0.000000	7.5
1913	-0.993143	104.127231	0.012216	8.0
1914	-0.000000	104.096222	0.000000	7.9
1915	-1.213727	104.065238	0.018186	10.8
1916	-0.444003	104.034279	0.008516	8.0
1917	-0.922004	104.003344	0.004518	8.0
1918	-0.771258	103.972433	0.011215	8.0
1919	-0.109910	103.941547	0.002876	8.5
1920	-0.621982	103.910686	0.010746	11.8
1921	-1.120009	103.879849	0.008018	8.8
1922	-0.893348	103.849036	0.009793	15.3
1923	-0.000000	103.818248	0.000000	15.8
1924	-0.444399	103.787484	0.007230	12.9
1925	-0.082414	103.756744	0.002374	14.6
1926	-0.000000	103.726029	0.000000	14.8
1927	-0.936342	103.695338	0.007828	13.0
1928	-1.013801	103.664671	0.006831	9.3
1929	-1.223858	103.634028	0.015347	12.5
1930	-0.000000	103.603409	0.000000	8.0
1931	-0.927702	103.572814	0.008264	8.3
1932	-0.738381	103.542244	0.009015	8.3
1933	-0.000000	103.511698	0.000000	10.5
1934	-1.143500	103.481175	0.011335	8.0
1935	-0.000000	103.450677	0.000000	8.2
1936	-0.021449	103.420202	0.000585	7.7
1937	-1.013370	103.389752	0.009622	7.6
1938	-0.000003	103.359325	0.000001	11.3
1939	-0.000000	103.328922	0.000000	8.1
1940	-0.483328	103.298543	0.007892	8.0
1941	-0.660884	103.268188	0.008750	7.9
1942	-0.567302	103.237857	0.010222	7.9
1943	-0.000000	103.207549	0.000000	11.4
1944	-0.000000	103.177265	0.000000	7.9
1945	-0.483994	103.147005	0.007356	8.0
1946	-0.162718	103.116768	0.003810	7.9
1947	-0.805225	103.086556	0.007086	8.7
1948	-0.617505	103.056366	0.005530	12.1
1949	-0.599120	103.026200	0.005258	8.0
1950	-0.000000	102.996058	0.000000	7.9
1951	-0.070803	102.965939	0.001250	8.0
1952	-1.132565	102.935844	0.007243	7.8
1953	-0.000000	102.905772	0.000000	11.6
1954	-0.710417	102.875724	0.007462	7.9
1955	-0.902761	102.845699	0.007271	7.8
1956	-0.361824	102.815697	0.005341	7.8
1957	-0.794581	102.785719	0.016612	7.7
1958	-0.311164	102.755764	0.004857	10.7
1959	-0.678424	102.725832	0.010863	8.8
1960	-0.808054	102.695924	0.005303	8.4
1961	-0.978356	102.666038	0.004927	8.2
1962	-1.119513	102.636176	0.018431	8.2
1963	-1.232467	102.606337	0.016165	13.1
1964	-0.212618	102.576521	0.003510	7.9
1965	-0.398180	102.546728	0.009213	8.0
1966	-0.729425	102.516959	0.009170	8.0
1967	-1.112263	102.487212	0.013228	9.0
1968	-1.036835	102.457488	0.006633	10.8
1969	-1.115899	102.427788	0.007040	8.2
1970	-0.799775	102.398110	0.006959	8.1
1971	-1.386996	102.368455	0.032133	8.1
1972	-0.737361	102.338823	0.012627	11.1
1973	-1.203650	102.309214	0.008110	8.4
1974	-0.150469	102.279628	0.006824	8.1
1975	-0.000000	102.250064	0.000000	7.9
1976	-0.985723	102.220524	0.008752	8.0
1977	-0.506303	102.191006	0.006729	11.4
1978	-0.428863	102.161511	0.005750	8.8
1979	-1.094978	102.132038	0.005775	7.8
1980	-1.322014	102.102588	0.016249	7.8
1981	-0.000000	102.073161	0.000000	7.8
1982	-0.000000	102.043757	0.000000	12.2
1983	-0.826650	102.014375	0.016947	7.8
1984	-1.200359	101.985015	0.019605	8.0
1985	-1.014060	101.955678	0.007353	8.1
1986	-0.000000	101.926364	0.000000	7.9
1987	-1.276518	101.897072	0.013643	10.5
1988	-0.945687	101.867802	0.015456	8.2
1989	-0.348958	101.838555	0.005597	8.6
1990	-0.967641	101.809330	0.003989	7.8
1991	-0.999645	101.780128	0.013664	8.0
1992	-0.000000	101.750948	0.000000	11.7
1993	-0.976676	101.721790	0.009132	8.0
1994	-1.300015	101.692654	0.017723	8.0
1995	-0.829812	101.663541	0.006950	8.0
1996	-0.432627	101.634450	0.004804	8.1
1997	-0.639264	101.605381	0.011996	11.0
1998	-0.006260	101.576335	0.000480	8.8
1999	-0.310318	101.547310	0.002949	7.8
