1:ItNr	2:Metric	3:StepSize	4:||Gradient||	Time[ms]
0	-0.762339	627.201626	0.017581	1030.7
1	-1.073175	623.504937	0.015276	8.0
2	-1.178305	619.865785	0.030552	8.2
3	-0.703673	616.282728	0.051561	8.8
4	0.000000	612.754375	0.000000	11.7
5	-0.356482	609.279381	0.007682	8.6
6	-0.670520	605.856447	0.020797	8.8
7	0.000000	602.484317	0.000000	9.1
8	0.000000	599.161779	0.000000	11.4
9	-0.641700	595.887656	0.022553	8.0
10	-0.000000	592.660813	0.000000	8.7
11	-0.550424	589.480151	0.008140	9.3
12	-0.855328	586.344606	0.012843	12.1
13	-0.236457	583.253145	0.002547	9.1
14	-0.000000	580.204771	0.000000	8.7
15	-0.677185	577.198517	0.015662	8.6
16	-0.842451	574.233444	0.028261	8.5
17	-0.885445	571.308645	0.025559	13.6
18	-0.973617	568.423237	0.019166	8.9
19	-0.319050	565.576365	0.015748	8.7
20	0.000000	562.767201	0.000000	8.9
21	-0.754192	559.994938	0.011700	12.0
22	-0.606601	557.258797	0.012263	8.8
23	-0.041675	554.558018	0.000619	8.1
24	-1.030120	551.891865	0.020517	8.8
25	-0.918253	549.259621	0.015398	15.8
26	-0.590719	546.660592	0.020185	16.1
27	-0.666919	544.094102	0.012011	12.9
28	-0.565694	541.559494	0.008924	22.1
29	-0.388014	539.056129	0.010508	20.6
30	0.000000	536.583387	0.000000	13.3
31	-0.662884	534.140663	0.021860	20.2
32	0.000000	531.727370	0.000000	12.8
33	-0.126135	529.342935	0.002255	14.4
34	-0.990026	526.986802	0.017062	18.3
35	-0.218835	524.658430	0.003842	20.9
36	-0.201348	522.357290	0.004137	13.6
37	0.000000	520.082868	0.000000	15.5
38	-0.011319	517.834665	0.000437	15.9
39	-0.847907	515.612193	0.026150	12.6
40	-0.754122	513.414976	0.014133	16.8
41	-0.338717	511.242551	0.004160	8.7
42	-0.997067	509.094468	0.022237	15.3
43	-0.871230	506.970285	0.032804	16.0
44	0.000000	504.869574	0.000000	14.9
45	-0.433637	502.791916	0.015663	11.8
46	-0.283855	500.736903	0.003673	15.6
47	-0.978376	498.704137	0.033321	15.3
48	-0.145632	496.693228	0.004588	13.7
49	0.000000	494.703798	0.000000	9.5
50	-0.000000	492.735476	0.000000	13.7
51	0.000000	490.787900	0.000000	8.5
52	-0.458238	488.860718	0.023513	8.8
53	-0.310896	486.953585	0.011060	16.3
54	-0.920627	485.066164	0.020021	10.8
55	-0.216358	483.198126	0.002785	13.5
56	-0.903252	481.349149	0.009250	8.2
57	-0.352560	479.518920	0.012723	12.7
58	-0.815322	477.707132	0.020059	10.1
59	-0.504040	475.913485	0.006842	8.7
60	-0.955884	474.137684	0.022454	10.0
61	-0.515649	472.379445	0.017048	12.6
62	-0.000000	470.638485	0.000000	8.4
63	-0.252567	468.914531	0.008341	11.2
64	-0.706874	467.207315	0.009527	9.8
65	-1.043051	465.516573	0.036501	10.6
66	0.000000	463.842050	0.000000	14.4
67	-0.887925	462.183494	0.010017	8.4
68	-0.666477	460.540658	0.023517	8.7
69	-0.683899	458.913303	0.015225	11.5
70	-0.485241	457.301192	0.010292	10.5
71	-0.285898	455.704096	0.005613	12.4
72	-0.000000	454.121787	0.000000	8.8
73	-0.958751	452.554045	0.030762	9.7
74	-0.649070	451.000653	0.007250	14.4
75	-0.768375	449.461399	0.013654	8.3
76	-0.000000	447.936075	0.000000	8.1
77	-0.660071	446.424477	0.017641	8.2
78	-0.008219	444.926406	0.001294	13.4
79	-0.733006	443.441666	0.009016	12.4
80	-0.854462	441.970065	0.009644	9.2
81	-0.630965	440.511415	0.017022	10.6
82	-0.626501	439.065533	0.033519	11.7
83	-0.656247	437.632238	0.011097	8.2
84	-0.506262	436.211351	0.006833	8.5
85	-0.000000	434.802701	0.000000	8.6
86	-0.737269	433.406117	0.012593	11.9
87	-0.093435	432.021430	0.000913	9.3
88	-0.000067	430.648479	0.000059	8.4
89	-0.000000	429.287101	0.000000	8.2
90	-0.878387	427.937140	0.029059	8.4
91	-0.179581	426.598440	0.000890	17.0
92	-0.499649	425.270849	0.027397	9.0
93	-0.090036	423.954220	0.002288	9.0
94	-0.659761	422.648404	0.006939	8.8
95	-0.069369	421.353259	0.001846	13.1
96	-0.053373	420.068643	0.002209	12.0
97	-0.029511	418.794419	0.000782	8.7
98	-0.000000	417.530451	0.000000	8.7
99	-0.783432	416.276604	0.009774	12.6
100	-0.888083	415.032748	0.014490	8.9
101	-0.904374	413.798754	0.019214	8.3
102	0.000000	412.574495	0.000000	8.4
103	-0.659350	411.359849	0.009379	10.6
104	-1.072818	410.154691	0.009290	10.2
105	-0.596088	408.958904	0.013335	8.8
106	-0.559071	407.772368	0.007629	8.3
107	-0.813448	406.594968	0.008489	10.0
108	-0.936956	405.426590	0.014372	16.3
109	-0.000008	404.267122	0.000000	8.6
110	-0.535218	403.116456	0.007298	8.6
111	-1.081161	401.974481	0.014636	8.6
112	0.000000	400.841093	0.000000	12.9
113	-0.939217	399.716187	0.020654	12.7
114	-0.070063	398.599660	0.002260	8.4
115	-0.000000	397.491411	0.000000	8.4
116	0.000000	396.391342	0.000000	13.3
117	-0.252583	395.299353	0.002088	7.9
118	-0.760863	394.215350	0.017528	8.7
119	-0.134903	393.139238	0.003135	8.4
120	-0.825370	392.070924	0.018127	10.2
121	-0.767634	391.010316	0.006465	11.4
122	-0.000212	389.957325	0.000064	8.2
123	-0.940493	388.911862	0.030034	8.4
124	-0.588503	387.873839	0.006927	8.3
125	-0.918190	386.843173	0.006685	16.8
126	-0.000001	385.819777	0.000001	10.9
127	-0.885959	384.803569	0.022253	8.2
128	-0.786363	383.794468	0.018381	8.7
129	-0.773738	382.792393	0.008015	10.4
130	-1.043971	381.797264	0.028083	11.9
131	-0.241889	380.809005	0.005385	10.7
132	-0.877256	379.827537	0.018210	8.0
133	-0.011234	378.852786	0.000659	9.1
134	-1.051856	377.884678	0.044830	12.3
135	-0.562385	376.923138	0.009566	9.2
136	-0.846245	375.968095	0.009640	9.3
137	-0.589815	375.019479	0.008652	8.2
138	-0.755697	374.077218	0.017729	12.0
139	-0.681216	373.141244	0.026322	8.8
140	-0.097513	372.211489	0.003526	8.9
141	-0.921937	371.287887	0.020634	9.4
142	-0.560018	370.370370	0.017772	10.3
143	-0.353171	369.458876	0.003491	13.8
144	-0.000000	368.553338	0.000000	8.7
145	-0.996414	367.653696	0.023700	8.3
146	-0.943605	366.759885	0.013775	9.7
147	-0.587451	365.871846	0.013020	21.2
148	-0.000709	364.989518	0.000027	9.7
149	-0.336206	364.112841	0.023515	11.2
150	0.000000	363.241757	0.000000	12.7
151	-0.422108	362.376208	0.011524	8.4
152	-0.018667	361.516137	0.002009	8.4
153	-0.558200	360.661488	0.009033	8.5
154	-0.624996	359.812206	0.011420	8.6
155	-0.106938	358.968236	0.000905	19.0
156	-0.489084	358.129524	0.011177	20.1
157	-0.469722	357.296018	0.010289	23.9
158	0.000000	356.467665	0.000000	14.9
159	-0.744333	355.644414	0.006519	13.4
160	-0.921130	354.826213	0.010130	18.5
161	-1.079748	354.013012	0.030629	12.4
162	0.000000	353.204763	0.000000	10.9
163	-0.683987	352.401415	0.007000	8.4
164	0.000000	351.602922	0.000000	12.6
165	-0.000000	350.809235	0.000000	10.7
166	-0.453316	350.020308	0.010248	9.2
167	-0.946613	349.236095	0.007654	10.2
168	-0.700971	348.456550	0.014308	16.5
169	0.000000	347.681627	0.000000	10.8
170	-0.740483	346.911283	0.021064	12.3
171	-0.777018	346.145474	0.010727	8.7
172	-0.322247	345.384157	0.004514	14.0
173	-1.066850	344.627288	0.034035	10.3
174	-1.004539	343.874826	0.017288	8.1
175	-0.004188	343.126729	0.000079	12.9
176	-0.915424	342.382957	0.013536	13.3
177	-0.000000	341.643469	0.000000	8.1
178	-0.164334	340.908224	0.003939	10.7
179	-0.547869	340.177184	0.008680	8.2
180	-0.689185	339.450309	0.016525	10.3
181	0.000000	338.727561	0.000000	14.8
182	-0.076108	338.008902	0.001980	8.4
183	-0.884232	337.294295	0.011907	11.4
184	-0.541769	336.583703	0.006500	11.8
185	-0.878290	335.877089	0.021439	11.2
186	-0.273148	335.174416	0.004618	11.7
187	-1.057874	334.475651	0.015994	9.4
188	-0.753061	333.780756	0.007477	17.1
189	-0.000092	333.089698	0.000036	8.6
190	0.000000	332.402443	0.000000	12.5
191	-0.783784	331.718955	0.021238	10.6
192	-0.661666	331.039203	0.007211	12.8
193	-0.769326	330.363153	0.007864	10.8
194	-0.364813	329.690771	0.003133	9.6
195	-0.000000	329.022027	0.000000	8.0
196	-1.030844	328.356888	0.038323	11.7
197	0.000000	327.695322	0.000000	9.7
198	-0.571893	327.037299	0.008998	8.5
199	0.000000	326.382787	0.000000	12.3
200	-0.306610	325.731758	0.008434	9.8
201	0.000000	325.084179	0.000000	9.8
202	-1.014335	324.440023	0.037458	8.9
203	-0.857423	323.799258	0.029857	8.5
204	-0.955785	323.161858	0.020021	8.0
205	-0.000649	322.527792	0.000036	11.9
206	-0.530110	321.897034	0.008835	8.5
207	-0.019598	321.269554	0.001018	8.7
208	-0.421676	320.645325	0.003001	8.3
209	-0.060295	320.024320	0.001879	9.5
210	-0.388619	319.406512	0.006779	13.3
211	-0.778270	318.791875	0.009962	11.7
212	-0.919504	318.180381	0.018039	8.7
213	-0.000000	317.572005	0.000000	8.6
214	-0.643677	316.966721	0.008472	12.8
215	0.000000	316.364504	0.000000	8.1
216	0.000000	315.765329	0.000000	11.7
217	0.000000	315.169170	0.000000	9.0
218	-1.084206	314.576003	0.020400	11.9
219	-1.117655	313.985804	0.021480	8.9
220	-0.910227	313.398548	0.014390	8.2
221	0.000000	312.814213	0.000000	8.6
222	-0.599547	312.232773	0.006122	7.9
223	-0.962794	311.654207	0.011572	13.6
224	-0.543909	311.078491	0.011629	9.3
225	0.000000	310.505602	0.000000	8.7
226	0.000000	309.935518	0.000000	8.9
227	-0.852812	309.368217	0.007164	11.3
228	-0.935995	308.803676	0.018738	12.1
229	0.000000	308.241874	0.000000	9.1
230	-0.497850	307.682789	0.008094	8.6
231	-0.143271	307.126400	0.005331	11.0
232	0.000000	306.572687	0.000000	9.7
233	-0.000000	306.021627	0.000000	9.4
234	-0.385761	305.473201	0.013962	10.4
235	-0.610663	304.927388	0.009711	12.0
236	-0.524322	304.384168	0.008063	9.2
237	0.000000	303.843521	0.000000	8.9
238	-0.717676	303.305427	0.014568	8.6
239	-0.866764	302.769867	0.008712	9.0
240	-0.840272	302.236821	0.018927	13.2
241	-0.000000	301.706270	0.000000	8.2
242	-1.010995	301.178196	0.006713	8.9
243	0.000000	300.652580	0.000000	8.3
244	-0.614996	300.129402	0.012228	11.8
245	-0.859291	299.608645	0.010656	10.1
246	-0.141780	299.090291	0.002017	10.4
247	-0.709034	298.574321	0.012702	8.3
248	-0.902959	298.060718	0.011974	10.3
249	-1.008136	297.549465	0.031348	11.0
250	-0.678037	297.040543	0.008579	8.4
251	-0.665504	296.533936	0.016484	13.0
252	-0.000000	296.029626	0.000000	10.2
253	-0.684038	295.527597	0.005589	11.0
254	-0.505195	295.027832	0.007875	8.7
255	-0.053339	294.530315	0.002661	8.5
256	-0.316511	294.035028	0.007724	8.0
257	-0.860395	293.541956	0.011071	11.5
258	0.000000	293.051083	0.000000	8.2
259	-0.480574	292.562393	0.006396	8.5
260	0.000000	292.075870	0.000000	8.2
261	-0.996131	291.591498	0.014605	9.0
262	-0.000000	291.109263	0.000000	13.2
263	-1.076985	290.629149	0.021082	12.6
264	-0.000145	290.151140	0.000097	8.0
265	-0.600740	289.675222	0.009404	8.3
266	-0.106878	289.201380	0.005091	12.3
267	0.000000	288.729600	0.000000	8.5
268	-0.000000	288.259866	0.000000	9.4
269	-0.876051	287.792165	0.011134	10.8
270	0.000000	287.326481	0.000000	9.4
271	-0.870642	286.862802	0.009318	10.6
272	-0.001940	286.401113	0.000296	8.4
273	-0.136721	285.941400	0.003543	8.1
274	-0.000000	285.483649	0.000000	8.1
275	-0.677552	285.027847	0.018782	10.3
276	-0.763109	284.573981	0.010500	9.2
277	-0.601507	284.122037	0.007711	8.0
278	-0.954379	283.672002	0.009113	8.3
279	-0.296718	283.223863	0.004024	8.1
280	-0.900427	282.777607	0.017703	12.3
281	0.000000	282.333221	0.000000	10.7
282	-0.766284	281.890692	0.007431	9.4
283	-0.633080	281.450008	0.006839	8.2
284	-0.940265	281.011157	0.010224	9.8
285	-0.965279	280.574125	0.022292	10.7
286	-0.790421	280.138901	0.006029	8.7
287	-0.236837	279.705473	0.006715	12.1
288	-0.471220	279.273829	0.006792	8.7
289	0.000000	278.843956	0.000000	11.8
290	-0.804494	278.415844	0.012039	12.2
291	-0.185710	277.989479	0.002603	8.7
292	-0.228399	277.564851	0.004036	8.3
293	-0.255681	277.141949	0.002178	13.0
294	-1.098178	276.720761	0.030958	8.8
295	-0.876971	276.301275	0.024563	11.0
296	-1.241044	275.883480	0.015159	11.9
297	-0.031783	275.467366	0.000912	12.0
298	0.000000	275.052922	0.000000	7.9
299	-0.269999	274.640136	0.002563	8.9
300	-0.871671	274.228998	0.024892	8.2
301	-0.430331	273.819497	0.012332	10.4
302	0.000000	273.411623	0.000000	9.4
303	-0.569996	273.005365	0.012099	8.0
304	-0.525345	272.600712	0.008714	8.1
305	-0.000000	272.197655	0.000000	7.8
306	-0.008607	271.796184	0.000759	11.7
307	-0.367680	271.396287	0.007011	12.9
308	-0.518336	270.997956	0.007225	9.7
309	-0.679491	270.601180	0.035001	8.4
310	-0.000034	270.205949	0.000020	11.0
311	-0.675164	269.812254	0.011566	8.5
312	-0.812530	269.420085	0.005944	7.9
313	-0.998371	269.029432	0.008376	11.8
314	-0.454009	268.640287	0.006067	9.7
315	-0.883435	268.252638	0.014342	11.5
316	0.000000	267.866478	0.000000	9.3
317	-0.173686	267.481796	0.003288	8.5
318	-0.000198	267.098584	0.000004	8.2
319	0.000000	266.716833	0.000000	12.3
320	-0.583600	266.336533	0.006828	8.4
321	-0.794789	265.957676	0.013126	8.3
322	0.000000	265.580253	0.000000	8.4
323	-0.761469	265.204254	0.009038	9.4
324	-0.264813	264.829672	0.005851	11.9
325	-1.044547	264.456497	0.012033	11.2
326	-0.371655	264.084721	0.002695	9.4
327	-0.235472	263.714335	0.002444	8.5
328	-0.735262	263.345332	0.008494	13.2
329	-0.576505	262.977702	0.009127	8.5
330	-0.557009	262.611438	0.005693	10.1
331	-0.576934	262.246531	0.006811	10.2
332	-0.647008	261.882973	0.007772	12.4
333	-1.095243	261.520756	0.010139	8.4
334	-0.785859	261.159871	0.007885	8.2
335	-0.738043	260.800312	0.029665	8.3
336	-0.000000	260.442070	0.000000	8.1
337	-0.404856	260.085137	0.007722	12.2
338	-1.053613	259.729505	0.026170	7.8
339	-0.000000	259.375167	0.000000	8.2
340	-0.292507	259.022116	0.005462	8.3
341	-0.793610	258.670343	0.006499	7.4
342	-0.028178	258.319841	0.001642	11.1
343	-0.676872	257.970602	0.024959	11.6
344	-1.055903	257.622620	0.028843	8.4
345	-0.026258	257.275887	0.001909	8.2
346	-1.111144	256.930396	0.031496	9.3
347	-0.318807	256.586139	0.007375	11.6
348	-0.981598	256.243109	0.014434	10.1
349	-0.280788	255.901300	0.006309	11.6
350	-0.658513	255.560703	0.017811	10.1
351	-0.594365	255.221313	0.006122	11.2
352	-0.608184	254.883122	0.007732	8.2
353	-0.635463	254.546124	0.006954	8.5
354	-0.642847	254.210311	0.012811	8.4
355	-0.626710	253.875677	0.006449	11.2
356	-0.109842	253.542215	0.001395	8.6
357	-0.851772	253.209918	0.015013	8.0
358	-0.000562	252.878781	0.000186	9.0
359	-0.736978	252.548795	0.015383	8.4
360	-0.416941	252.219956	0.006637	13.1
361	-0.713143	251.892255	0.014238	11.8
362	-0.644806	251.565688	0.006922	8.4
363	0.000000	251.240247	0.000000	8.0
364	-0.060926	250.915926	0.001631	12.2
365	-0.000074	250.592720	0.000005	7.9
366	-0.937947	250.270621	0.011767	10.5
367	-0.570696	249.949624	0.004952	9.8
368	-0.733554	249.629723	0.010125	9.4
369	-0.000029	249.310911	0.000015	11.5
370	0.000000	248.993182	0.000000	7.2
371	-1.146038	248.676531	0.024848	8.1
372	-0.919818	248.360952	0.009951	7.8
373	-0.000000	248.046438	0.000000	9.7
374	-0.000000	247.732984	0.000000	9.9
375	-1.000628	247.420584	0.025312	8.2
376	-0.628465	247.109233	0.006440	8.5
377	-0.025478	246.798924	0.001126	8.2
378	0.000000	246.489652	0.000000	11.6
379	0.000000	246.181412	0.000000	12.3
380	0.000000	245.874197	0.000000	10.4
381	-0.205491	245.568002	0.005233	9.1
382	-0.000208	245.262822	0.000067	13.2
383	-0.688487	244.958652	0.007292	8.6
384	-0.239743	244.655485	0.007614	8.3
385	-0.212183	244.353317	0.005214	8.0
386	-0.009753	244.052142	0.000125	8.0
387	-0.205374	243.751955	0.002561	12.1
388	-0.542882	243.452750	0.006990	8.2
389	-0.478498	243.154523	0.004940	9.4
390	-1.003756	242.857268	0.021182	8.0
391	-1.118303	242.560980	0.029788	8.4
392	-0.503889	242.265654	0.003698	12.3
393	0.000000	241.971285	0.000000	7.7
394	-0.983131	241.677868	0.012012	8.1
395	-0.738679	241.385397	0.012040	8.1
396	-0.500551	241.093869	0.006476	11.0
397	-0.967241	240.803278	0.013650	10.0
398	-0.000949	240.513619	0.000088	8.2
399	-0.400037	240.224887	0.004815	8.0
400	-0.000000	239.937077	0.000000	8.2
401	-0.513610	239.650186	0.012708	11.9
402	0.000000	239.364207	0.000000	8.1
403	-0.941918	239.079136	0.005268	8.1
404	-0.799959	238.794969	0.011606	8.1
405	-0.000000	238.511701	0.000000	8.0
406	-1.022540	238.229327	0.008161	11.6
407	-1.032644	237.947843	0.006982	8.0
408	-1.102401	237.667244	0.012183	8.1
409	-0.011111	237.387526	0.000649	8.2
410	-0.000000	237.108684	0.000000	7.7
411	-0.791753	236.830714	0.005288	11.9
412	-0.164798	236.553610	0.001276	8.1
413	0.000000	236.277370	0.000000	8.2
414	0.000000	236.001989	0.000000	8.0
415	-0.000000	235.727461	0.000000	8.7
416	-0.572502	235.453784	0.011790	15.8
417	-0.584932	235.180952	0.006014	10.1
418	-0.339681	234.908962	0.006932	12.5
419	-0.578491	234.637809	0.005779	9.5
420	-0.186826	234.367488	0.006237	12.0
421	-0.000000	234.097997	0.000000	8.5
422	-0.690210	233.829331	0.007903	8.4
423	-1.008662	233.561485	0.015270	9.0
424	-0.093426	233.294456	0.001956	8.2
425	-0.211259	233.028239	0.003037	13.3
426	-0.559412	232.762831	0.007766	8.9
427	-0.832777	232.498228	0.009499	8.5
428	-0.148864	232.234425	0.004031	8.1
429	-0.529225	231.971419	0.008069	10.2
430	-0.703649	231.709205	0.013659	9.3
431	-0.734965	231.447781	0.006776	8.7
432	-1.146156	231.187141	0.016379	8.4
433	-0.869384	230.927283	0.023417	7.8
434	0.000000	230.668202	0.000000	11.9
435	-0.000000	230.409895	0.000000	8.5
436	0.000000	230.152358	0.000000	8.1
437	0.000000	229.895587	0.000000	8.1
438	-0.072931	229.639578	0.003214	8.1
439	-0.613165	229.384329	0.005924	12.1
440	-0.814172	229.129834	0.003637	8.1
441	-0.888399	228.876091	0.021310	8.7
442	-1.117506	228.623096	0.017427	7.9
443	-1.083383	228.370846	0.019225	8.1
444	-0.361290	228.119336	0.002853	12.2
445	0.000000	227.868563	0.000000	9.2
446	-0.024840	227.618525	0.001339	8.3
447	-0.948203	227.369216	0.012652	8.5
448	-0.886301	227.120635	0.009780	8.2
449	-1.155306	226.872777	0.031065	13.0
450	-0.213086	226.625638	0.002001	8.1
451	-0.264799	226.379217	0.005658	8.7
452	-0.353409	226.133509	0.006159	7.8
453	-0.662899	225.888510	0.013169	9.8
454	-1.168089	225.644218	0.051607	10.2
455	0.000000	225.400630	0.000000	8.6
456	-0.945582	225.157741	0.012771	8.1
457	-0.765702	224.915549	0.007897	8.2
458	0.000000	224.674051	0.000000	10.5
459	0.000000	224.433242	0.000000	8.7
460	-0.028529	224.193121	0.000768	8.0
461	-0.000000	223.953684	0.000000	8.2
462	-0.621447	223.714927	0.006848	8.6
463	-0.009045	223.476848	0.000663	12.5
464	-0.148232	223.239444	0.002467	8.4
465	-0.650905	223.002710	0.018419	8.6
466	-0.171142	222.766645	0.007105	8.8
467	-0.370057	222.531245	0.002923	9.4
468	-0.601824	222.296508	0.007831	12.1
469	-0.958090	222.062429	0.015380	9.2
470	-0.000000	221.829007	0.000000	9.0
471	-0.293810	221.596238	0.003589	7.7
472	-0.982834	221.364119	0.006011	11.6
473	-0.169990	221.132647	0.003723	8.6
474	-0.252092	220.901820	0.004339	8.7
475	-0.986464	220.671634	0.022371	8.4
476	-0.965552	220.442086	0.019139	8.7
477	-0.226295	220.213174	0.005264	13.4
478	-0.148702	219.984895	0.002671	9.0
479	-0.707382	219.757246	0.005427	8.4
480	-0.278757	219.530224	0.005423	8.7
481	-0.352350	219.303826	0.008052	11.5
482	-0.377412	219.078050	0.003687	8.2
483	-0.000000	218.852893	0.000000	8.8
484	-1.011174	218.628352	0.010029	8.3
485	-1.119845	218.404424	0.015580	8.2
486	-0.063726	218.181106	0.001283	13.7
487	-0.674007	217.958397	0.006971	8.2
488	-0.000000	217.736292	0.000000	9.2
489	-0.000014	217.514790	0.000008	7.9
490	0.000000	217.293888	0.000000	11.4
491	0.000000	217.073584	0.000000	8.5
492	-0.012544	216.853873	0.000750	8.4
493	-0.444831	216.634755	0.006481	8.5
494	-0.873763	216.416227	0.010745	8.9
495	-0.592059	216.198285	0.003561	12.0
496	0.000000	215.980927	0.000000	8.5
497	-0.056675	215.764151	0.002872	8.5
498	-0.550923	215.547955	0.006367	8.5
499	-0.781535	215.332335	0.007633	10.6
500	-0.000000	215.117289	0.000000	8.9
501	-0.000000	214.902815	0.000000	8.6
502	-0.965797	214.688911	0.009649	8.4
503	-1.038993	214.475573	0.018289	8.1
504	-0.636229	214.262800	0.007474	12.5
505	-0.682646	214.050588	0.006282	8.1
506	-0.302541	213.838936	0.002425	8.8
507	-0.398333	213.627842	0.006074	8.2
508	-0.064730	213.417302	0.000926	8.8
509	0.000000	213.207314	0.000000	12.7
510	-0.042364	212.997877	0.002580	8.0
511	-0.970979	212.788987	0.007789	8.1
512	-0.039846	212.580642	0.000336	7.9
513	0.000000	212.372841	0.000000	8.7
514	-0.551892	212.165581	0.007242	10.2
515	-0.322579	211.958859	0.005695	8.2
516	-0.000205	211.752673	0.000016	8.0
517	-1.166847	211.547021	0.034697	8.0
518	-0.543011	211.341902	0.008477	10.0
519	-1.134611	211.137311	0.018612	9.8
520	-1.001985	210.933248	0.016086	8.1
521	-0.754009	210.729710	0.010595	8.0
522	-0.439490	210.526695	0.003494	8.1
523	-1.028710	210.324200	0.006758	11.9
524	-0.000000	210.122224	0.000000	7.9
525	0.000000	209.920765	0.000000	8.2
526	0.000000	209.719820	0.000000	9.0
527	-0.429462	209.519387	0.004536	7.8
528	-0.834555	209.319463	0.008959	12.2
529	-0.988621	209.120048	0.015511	8.0
530	-0.651868	208.921139	0.021416	11.0
531	-0.709752	208.722733	0.015155	8.3
532	-1.091080	208.524829	0.011598	8.0
533	-1.136475	208.327425	0.015114	13.3
534	0.000000	208.130518	0.000000	8.3
535	-1.123234	207.934107	0.023386	8.0
536	-0.860280	207.738189	0.011196	8.0
537	-0.963539	207.542762	0.019659	10.1
538	-0.847419	207.347825	0.007987	10.1
539	-0.641171	207.153376	0.011534	8.0
540	-0.001592	206.959412	0.000204	7.9
541	-0.502868	206.765932	0.004615	8.5
542	-0.597348	206.572933	0.008134	11.7
543	-1.052758	206.380414	0.006642	8.4
544	-0.421814	206.188373	0.007137	8.8
545	-0.011157	205.996807	0.000457	8.0
546	-0.006241	205.805716	0.000905	7.8
547	-0.744989	205.615096	0.015017	13.1
548	-1.087715	205.424946	0.020193	8.1
549	-0.037007	205.235265	0.000958	8.8
550	-0.905995	205.046050	0.009441	8.5
551	-0.583217	204.857299	0.003349	9.9
552	-0.961019	204.669011	0.009513	10.2
553	-0.399857	204.481184	0.006031	8.6
554	-0.000000	204.293816	0.000000	8.3
555	-0.851605	204.106905	0.009084	8.3
556	-0.608961	203.920449	0.006019	11.9
557	-0.800738	203.734447	0.012611	8.3
558	-1.223719	203.548896	0.039589	8.2
559	-0.783096	203.363795	0.008091	8.6
560	-0.382110	203.179143	0.002704	8.6
561	-0.127703	202.994937	0.003883	14.1
562	-1.014395	202.811176	0.009174	8.4
563	0.000000	202.627857	0.000000	7.8
564	-0.432172	202.444980	0.011340	8.3
565	-0.529059	202.262543	0.006521	11.3
566	0.000000	202.080543	0.000000	8.7
567	-0.941702	201.898979	0.034258	8.7
568	-0.651954	201.717849	0.005023	7.7
569	-0.959509	201.537153	0.022502	9.1
570	-0.523169	201.356887	0.006953	13.3
571	-0.698233	201.177050	0.012062	8.4
572	-0.231488	200.997642	0.006015	8.6
573	-0.127101	200.818659	0.001494	8.5
574	-0.664812	200.640100	0.006185	10.7
575	0.000000	200.461965	0.000000	7.8
576	-0.624656	200.284250	0.010528	8.3
577	-0.733311	200.106955	0.007476	8.2
578	-0.554890	199.930078	0.006354	7.9
579	-0.615844	199.753617	0.006540	11.6
580	-0.701142	199.577571	0.005779	8.9
581	-0.710776	199.401938	0.007177	8.2
582	-0.543491	199.226717	0.005719	8.3
583	-0.524787	199.051905	0.017827	8.8
584	-0.856284	198.877502	0.008787	12.6
585	-0.390230	198.703506	0.008411	8.3
586	-0.545702	198.529916	0.004871	8.2
587	-0.017159	198.356729	0.000747	8.3
588	-1.109422	198.183944	0.016305	9.8
589	0.000000	198.011560	0.000000	9.8
590	0.000000	197.839576	0.000000	8.2
591	-0.549855	197.667989	0.010292	8.1
592	-1.109612	197.496798	0.024002	8.1
593	-0.000000	197.326002	0.000000	10.6
594	-1.031133	197.155600	0.015548	9.3
595	-0.377046	196.985589	0.004308	9.1
596	-1.159163	196.815969	0.033863	8.3
597	-0.000000	196.646738	0.000000	8.3
598	0.000000	196.477894	0.000000	13.5
599	-0.551644	196.309436	0.006024	8.4
600	0.000000	196.141363	0.000000	8.4
601	0.000000	195.973673	0.000000	8.5
602	-0.000381	195.806365	0.000097	11.7
603	-0.000000	195.639437	0.000000	8.4
604	-0.688461	195.472888	0.022049	7.7
605	-0.002094	195.306717	0.000146	8.7
606	-0.150244	195.140922	0.004097	8.3
607	-1.035605	194.975501	0.032664	13.3
608	0.000000	194.810454	0.000000	9.4
609	-0.971894	194.645779	0.011461	7.7
610	-0.000753	194.481475	0.000151	9.7
611	-0.004316	194.317540	0.000398	11.4
612	-1.164914	194.153973	0.012951	8.1
613	-0.583052	193.990773	0.006196	8.5
614	-0.694870	193.827938	0.005843	9.2
615	-0.001645	193.665467	0.000533	10.0
616	-0.623417	193.503358	0.007244	11.0
617	-1.011130	193.341611	0.013489	8.6
618	-0.000000	193.180224	0.000000	8.5
619	-0.000031	193.019196	0.000002	9.1
620	-0.792485	192.858525	0.005960	12.2
621	-1.037458	192.698210	0.010620	8.5
622	-0.000000	192.538251	0.000000	8.4
623	-0.976841	192.378644	0.011440	8.5
624	-0.133529	192.219391	0.001198	8.4
625	-0.833774	192.060488	0.012835	11.9
626	-0.721761	191.901935	0.008781	9.1
627	-0.585436	191.743730	0.005518	8.1
628	-0.473352	191.585873	0.012895	8.2
629	-0.818014	191.428362	0.018353	10.2
630	-0.122189	191.271196	0.003612	10.1
631	-1.154368	191.114374	0.032562	8.0
632	-0.000134	190.957893	0.000038	8.4
633	-0.666441	190.801755	0.007424	7.8
634	-1.140561	190.645956	0.010907	11.8
635	-0.857951	190.490495	0.007439	8.0
636	-0.867666	190.335373	0.006876	8.2
637	0.000000	190.180587	0.000000	8.1
638	-1.032151	190.026136	0.012962	8.2
639	-0.672124	189.872019	0.011579	12.6
640	-0.657600	189.718235	0.005880	8.6
641	-0.858145	189.564782	0.026695	9.0
642	-0.660373	189.411661	0.004721	8.2
643	-1.197188	189.258868	0.020052	9.0
644	-0.791232	189.106404	0.004256	12.9
645	-1.116490	188.954267	0.018156	9.0
646	-0.089123	188.802456	0.002793	8.2
647	-0.560298	188.650969	0.010478	8.7
648	-1.105831	188.499807	0.008516	10.9
649	-0.785388	188.348967	0.007497	8.4
650	-0.401011	188.198448	0.005113	8.7
651	-0.061168	188.048250	0.002366	8.9
652	-1.102655	187.898371	0.015689	8.3
653	-0.000002	187.748810	0.000000	12.5
654	-1.024018	187.599566	0.009269	7.9
655	-0.583610	187.450638	0.009450	9.4
656	-0.772697	187.302025	0.013285	7.9
657	-0.786232	187.153725	0.022328	8.3
658	-0.355396	187.005739	0.003020	13.7
659	-0.020924	186.858064	0.001336	8.6
660	-0.393631	186.710699	0.008038	9.0
661	-0.000544	186.563645	0.000149	8.2
662	0.000000	186.416898	0.000000	10.5
663	-0.345735	186.270459	0.004976	8.6
664	-0.646517	186.124326	0.008526	8.7
665	-0.037639	185.978499	0.001603	7.8
666	-0.859426	185.832976	0.009185	8.1
667	-0.796267	185.687756	0.010296	11.9
668	-0.992677	185.542838	0.017246	8.5
669	-0.000033	185.398222	0.000022	19.5
670	-0.978629	185.253906	0.012722	23.9
671	-0.508255	185.109889	0.006005	16.5
672	-0.365702	184.966170	0.004425	15.5
673	-0.812762	184.822748	0.034469	17.4
674	-0.000000	184.679623	0.000000	15.2
675	-0.000003	184.536792	0.000000	13.4
676	-0.994567	184.394256	0.010429	10.0
677	-0.787786	184.252013	0.010680	16.4
678	-0.920414	184.110062	0.010810	9.2
679	0.000000	183.968403	0.000000	10.5
680	0.000000	183.827034	0.000000	9.3
681	-0.812266	183.685954	0.003742	13.8
682	0.000000	183.545163	0.000000	10.9
683	-0.753457	183.404658	0.010944	8.4
684	-0.287811	183.264441	0.004039	10.6
685	0.000000	183.124509	0.000000	14.0
686	-0.512740	182.984861	0.006176	8.3
687	-0.863593	182.845497	0.009716	9.8
688	-0.574142	182.706416	0.008477	8.5
689	-0.295314	182.567616	0.007160	14.5
690	0.000000	182.429098	0.000000	10.2
691	-0.000002	182.290859	0.000001	8.6
692	-0.612037	182.152899	0.005118	11.1
693	-0.831474	182.015217	0.010587	14.1
694	-0.758699	181.877813	0.007225	9.6
695	-0.979989	181.740684	0.007464	10.7
696	-0.948097	181.603832	0.030921	13.7
697	-0.261584	181.467253	0.003081	12.7
698	-0.663923	181.330948	0.006879	14.5
699	-0.464359	181.194916	0.003521	9.3
700	-0.000000	181.059155	0.000000	15.5
701	0.000000	180.923666	0.000000	7.9
702	-0.350467	180.788446	0.009468	8.1
703	-0.057655	180.653496	0.002036	8.3
704	-1.101475	180.518814	0.020313	8.1
705	-0.878421	180.384399	0.007769	12.0
706	-0.991384	180.250251	0.010761	8.6
707	-0.123683	180.116369	0.002266	8.1
708	-0.000000	179.982752	0.000000	8.1
709	-0.862936	179.849398	0.007804	8.2
710	-0.000000	179.716308	0.000000	12.1
711	-0.000000	179.583480	0.000000	8.5
712	-0.000000	179.450913	0.000000	8.3
713	-1.086897	179.318607	0.018183	8.0
714	-0.245717	179.186561	0.003266	8.1
715	-0.000009	179.054774	0.000003	11.8
716	-1.014790	178.923245	0.036970	8.8
717	-0.545201	178.791973	0.005839	8.1
718	-0.000000	178.660958	0.000000	9.0
719	-0.544171	178.530199	0.007702	9.3
720	-0.721167	178.399694	0.010656	13.1
721	-1.108862	178.269444	0.020956	9.5
722	-0.895248	178.139447	0.009092	9.2
723	0.000000	178.009702	0.000000	8.4
724	-1.043320	177.880209	0.012253	12.1
725	-0.473912	177.750967	0.006081	8.2
726	-0.703410	177.621975	0.007138	8.7
727	-0.000000	177.493232	0.000000	8.0
728	-0.758688	177.364738	0.023255	8.8
729	-0.780020	177.236492	0.009348	12.8
730	-0.959012	177.108492	0.009098	8.2
731	-0.389621	176.980739	0.007507	8.6
732	-0.515452	176.853231	0.005441	8.0
733	-0.951164	176.725968	0.009580	9.2
734	-0.444869	176.598949	0.002909	10.9
735	-0.502860	176.472173	0.005457	8.4
736	-0.543341	176.345639	0.008186	8.1
737	-1.147339	176.219348	0.013855	8.0
738	-0.593721	176.093296	0.003440	11.0
739	-0.367139	175.967486	0.008804	8.5
740	-0.419036	175.841914	0.011621	8.6
741	-0.830125	175.716581	0.006724	8.2
742	-0.391499	175.591486	0.008592	9.4
743	-0.587077	175.466629	0.011868	13.1
744	-0.000000	175.342008	0.000000	7.7
745	0.000000	175.217622	0.000000	8.6
746	-0.001417	175.093472	0.000193	9.7
747	-0.749073	174.969556	0.009201	13.0
748	-1.251057	174.845873	0.037618	7.8
749	-0.496575	174.722423	0.005696	10.1
750	-0.286683	174.599206	0.004096	8.6
751	0.000000	174.476220	0.000000	8.1
752	-1.111170	174.353464	0.040753	14.2
753	-0.276779	174.230939	0.005152	8.9
754	-0.664406	174.108643	0.015160	9.3
755	-0.159879	173.986576	0.003456	8.5
756	-1.020312	173.864737	0.005487	12.7
757	-0.798456	173.743124	0.018941	9.2
758	-0.741578	173.621739	0.004981	8.5
759	-0.000012	173.500579	0.000002	8.6
760	-0.597872	173.379645	0.005952	8.6
761	-0.756119	173.258935	0.007561	13.2
762	-1.147693	173.138449	0.017260	8.9
763	-0.000000	173.018186	0.000000	8.2
764	-0.905060	172.898146	0.014888	8.4
765	-0.765621	172.778327	0.010448	12.5
766	-0.002223	172.658730	0.000584	8.3
767	-0.791815	172.539353	0.006686	8.5
768	-1.123517	172.420196	0.020055	8.2
769	-0.329682	172.301258	0.002470	8.5
770	-0.037637	172.182539	0.001138	13.3
771	-0.271943	172.064037	0.004190	8.8
772	-0.980767	171.945753	0.016178	8.0
773	-0.078238	171.827686	0.000699	8.6
774	-1.216839	171.709834	0.041915	10.8
775	-0.135648	171.592198	0.002817	8.2
776	-0.902168	171.474776	0.006784	8.6
777	-0.933341	171.357568	0.007774	8.2
778	-1.015510	171.240574	0.008806	8.1
779	0.000000	171.123793	0.000000	11.6
780	-0.031779	171.007223	0.002172	8.6
781	-0.812923	170.890865	0.007175	8.2
782	-0.583188	170.774718	0.006286	8.2
783	-0.343123	170.658782	0.007385	8.2
784	-0.000000	170.543055	0.000000	13.5
785	-1.007047	170.427537	0.007737	8.7
786	-0.000000	170.312227	0.000000	8.1
787	0.000000	170.197125	0.000000	8.6
788	-0.905454	170.082231	0.013158	11.0
789	0.000000	169.967543	0.000000	8.0
790	-1.139749	169.853061	0.013957	8.1
791	-0.055311	169.738784	0.001426	8.3
792	-0.264457	169.624713	0.004716	8.7
793	-0.000000	169.510845	0.000000	11.8
794	-0.826424	169.397181	0.004060	8.6
795	-1.026745	169.283720	0.006995	8.3
796	-0.585194	169.170462	0.006251	9.3
797	-0.602038	169.057405	0.004985	8.9
798	-1.068484	168.944549	0.011605	12.0
799	0.000000	168.831895	0.000000	8.2
800	-0.482345	168.719440	0.003710	8.8
801	-0.894557	168.607185	0.024867	9.1
802	-0.599446	168.495129	0.006647	11.0
803	-1.016357	168.383271	0.008463	8.6
804	-0.819268	168.271611	0.012874	8.1
805	-0.931952	168.160148	0.006878	8.8
806	-0.000000	168.048882	0.000000	8.5
807	-0.000000	167.937812	0.000000	12.9
808	-1.057146	167.826938	0.007893	8.5
809	-0.717606	167.716258	0.011662	8.2
810	-0.000000	167.605773	0.000000	8.5
811	-1.198258	167.495482	0.011699	11.2
812	-1.044194	167.385384	0.009599	15.1
813	-0.000000	167.275479	0.000000	17.0
814	-0.382336	167.165766	0.004861	12.9
815	-0.819034	167.056245	0.011065	8.7
816	-0.415639	166.946915	0.008855	8.3
817	-0.000000	166.837776	0.000000	8.7
818	-0.000000	166.728826	0.000000	8.8
819	-0.445815	166.620067	0.005855	12.5
820	-0.128851	166.511496	0.002907	8.8
821	0.000000	166.403113	0.000000	8.0
822	-0.357093	166.294919	0.003787	8.2
823	-0.844337	166.186912	0.006074	11.6
824	-1.044137	166.079091	0.042721	7.9
825	-0.338708	165.971458	0.007576	9.3
826	-0.512396	165.864009	0.005751	8.1
827	-0.670955	165.756747	0.011672	9.1
828	-0.518466	165.649669	0.007150	12.6
829	-0.775765	165.542775	0.007306	7.7
830	-0.819549	165.436065	0.007331	8.9
831	-0.664996	165.329538	0.003663	8.3
832	-0.921888	165.223194	0.012243	10.2
833	-0.130240	165.117032	0.002028	9.8
834	-1.199661	165.011052	0.026638	9.0
835	-0.651720	164.905253	0.004349	8.2
836	-1.009964	164.799635	0.008942	7.7
837	-0.116433	164.694197	0.004681	12.2
838	-0.802271	164.588939	0.009323	8.2
839	-0.127288	164.483859	0.008178	8.2
840	0.000000	164.378959	0.000000	8.3
841	-0.000000	164.274237	0.000000	8.2
842	-0.393900	164.169692	0.012214	12.4
843	-0.614374	164.065325	0.009317	8.8
844	-1.047805	163.961135	0.040421	8.7
845	-0.000003	163.857120	0.000001	8.4
846	-0.655532	163.753282	0.004474	10.4
847	-0.475745	163.649619	0.006336	9.2
848	-0.036244	163.546130	0.003826	8.2
849	-0.152876	163.442816	0.003895	8.0
850	0.000000	163.339676	0.000000	8.0
851	-1.166508	163.236709	0.032667	11.6
852	-0.000000	163.133915	0.000000	8.2
853	0.000000	163.031294	0.000000	8.0
854	0.000000	162.928844	0.000000	8.1
855	-0.012980	162.826566	0.000889	8.1
856	-1.172785	162.724459	0.024137	12.6
857	-0.546542	162.622523	0.013137	8.1
858	-0.667178	162.520757	0.004268	8.2
859	-0.000000	162.419160	0.000000	8.1
860	-1.000113	162.317733	0.011290	8.2
861	-0.001338	162.216474	0.000137	12.6
862	-0.605596	162.115383	0.005999	10.2
863	-0.593823	162.014461	0.007556	8.8
864	-0.000057	161.913705	0.000002	8.1
865	-0.851152	161.813117	0.022814	8.9
866	0.000000	161.712695	0.000000	12.4
867	-0.971882	161.612439	0.004861	8.3
868	-1.129229	161.512349	0.017951	8.1
869	-0.000000	161.412424	0.000000	8.1
870	-0.168773	161.312663	0.002871	12.9
871	0.000000	161.213067	0.000000	8.5
872	-0.000000	161.113635	0.000000	8.4
873	-0.010716	161.014366	0.000668	8.4
874	-0.000000	160.915260	0.000000	8.2
875	-0.348554	160.816316	0.012126	13.5
876	-0.935346	160.717535	0.007242	8.2
877	-0.668786	160.618915	0.007754	8.9
878	-0.002231	160.520456	0.000248	8.2
879	-1.114924	160.422158	0.023847	10.5
880	0.000000	160.324021	0.000000	9.6
881	-0.001750	160.226043	0.000109	8.2
882	0.000000	160.128225	0.000000	7.8
883	-0.549654	160.030566	0.005525	8.2
884	-0.000000	159.933066	0.000000	12.1
885	-0.000007	159.835723	0.000001	8.5
886	-0.983648	159.738539	0.008697	8.9
887	-0.112175	159.641512	0.002912	8.3
888	-0.830993	159.544642	0.012600	9.8
889	-0.609287	159.447929	0.007894	11.7
890	-1.139698	159.351372	0.016788	8.1
891	-0.285791	159.254971	0.003591	8.6
892	0.000000	159.158725	0.000000	8.4
893	-0.413512	159.062634	0.005590	11.0
894	-1.025226	158.966697	0.007181	9.3
895	-0.785120	158.870915	0.011004	8.2
896	-0.881016	158.775286	0.004679	8.4
897	-0.851129	158.679811	0.008731	8.8
898	-0.730901	158.584489	0.005627	12.8
899	-0.351134	158.489319	0.006622	8.1
900	-0.000000	158.394302	0.000000	9.3
901	-0.762950	158.299436	0.006773	8.5
902	-0.728005	158.204721	0.007106	9.5
903	-0.000000	158.110158	0.000000	12.2
904	0.000000	158.015745	0.000000	8.4
905	-0.826172	157.921482	0.008243	9.3
906	0.000000	157.827369	0.000000	8.3
907	0.000000	157.733406	0.000000	11.8
908	-0.200825	157.639591	0.001965	8.2
909	-0.886110	157.545925	0.013102	8.1
910	-0.151166	157.452408	0.002007	8.1
911	-1.072838	157.359038	0.006314	8.7
912	-0.561810	157.265816	0.004323	12.8
913	-1.320615	157.172741	0.020862	8.3
914	-0.991547	157.079813	0.036652	8.9
915	-0.594216	156.987031	0.007617	8.6
916	-0.000119	156.894395	0.000067	9.6
917	-1.072107	156.801904	0.006216	11.7
918	-1.137283	156.709559	0.052243	8.3
919	-0.301576	156.617359	0.003364	8.6
920	-0.660149	156.525304	0.006700	8.2
921	-0.822340	156.433392	0.008368	11.5
922	-1.144133	156.341624	0.022975	13.3
923	-0.990041	156.250000	0.010239	13.2
924	-1.170850	156.158519	0.019966	14.4
925	-0.804346	156.067180	0.010204	17.4
926	-1.084869	155.975984	0.009257	15.1
927	-0.984249	155.884930	0.008386	18.6
928	-0.541092	155.794017	0.002153	16.8
929	-0.913578	155.703246	0.009544	85.1
930	-0.591578	155.612615	0.004629	24.2
931	-0.438979	155.522125	0.002774	26.8
932	-0.000000	155.431775	0.000000	15.9
933	-0.971082	155.341565	0.047899	9.0
934	-0.859477	155.251495	0.008777	10.6
935	-0.724177	155.161563	0.009741	17.6
936	0.000000	155.071771	0.000000	12.2
937	-0.030632	154.982117	0.000292	13.0
938	-0.000001	154.892601	0.000000	18.7
939	-0.707567	154.803222	0.008101	12.8
940	0.000000	154.713981	0.000000	13.9
941	-0.329309	154.624878	0.010877	16.8
942	-0.835709	154.535910	0.008949	13.1
943	-0.621438	154.447080	0.006380	13.9
944	-1.231321	154.358385	0.012699	14.7
945	-0.006737	154.269826	0.000433	14.1
946	0.000000	154.181402	0.000000	13.5
947	-0.555878	154.093114	0.005512	13.6
948	-0.961115	154.004960	0.008519	14.7
949	-1.075826	153.916940	0.025799	13.3
950	-0.009770	153.829054	0.000105	15.8
951	-0.955891	153.741303	0.009940	13.7
952	-0.945697	153.653684	0.007070	16.3
953	-0.871821	153.566198	0.007409	16.1
954	-0.044616	153.478846	0.002528	13.7
955	-0.037267	153.391625	0.000873	15.3
956	-0.925987	153.304537	0.008155	12.3
957	-1.056481	153.217580	0.012030	12.3
958	-0.802953	153.130755	0.016530	13.3
959	-0.248595	153.044061	0.004705	15.9
960	-0.003392	152.957498	0.000294	10.7
961	-0.762119	152.871065	0.006735	12.1
962	-1.118994	152.784762	0.008738	15.9
963	-0.736912	152.698589	0.005808	12.3
964	-1.132567	152.612545	0.039426	12.0
965	-0.049968	152.526631	0.001410	18.8
966	-0.692295	152.440845	0.014285	12.3
967	-0.549756	152.355188	0.025849	10.1
968	-0.447078	152.269660	0.010616	9.6
969	-1.088679	152.184259	0.028738	15.0
970	-0.403035	152.098986	0.004564	8.2
971	-0.816933	152.013840	0.006202	15.1
972	-0.000000	151.928821	0.000000	15.7
973	-0.839835	151.843928	0.003715	11.5
974	-1.056993	151.759163	0.011404	12.4
975	-0.580636	151.674523	0.004578	12.1
976	-0.904598	151.590009	0.009983	15.3
977	-1.086501	151.505620	0.007629	13.2
978	-0.740336	151.421357	0.009052	10.8
979	0.000000	151.337218	0.000000	14.5
980	-0.721497	151.253204	0.011895	13.0
981	-0.713093	151.169314	0.005736	13.9
982	-0.362854	151.085549	0.007088	18.3
983	-1.192530	151.001907	0.025744	11.2
984	-0.976878	150.918388	0.005730	12.4
985	-0.430331	150.834992	0.006010	9.4
986	-0.001422	150.751719	0.000307	13.2
987	-0.631235	150.668569	0.004815	10.7
988	-1.035638	150.585541	0.039297	11.6
989	-0.811300	150.502634	0.012190	9.4
990	-0.659158	150.419849	0.005997	16.5
991	-0.710953	150.337186	0.003994	18.2
992	-0.095590	150.254644	0.003421	12.2
993	-0.472617	150.172222	0.005397	14.6
994	-1.005455	150.089921	0.006492	12.9
995	-0.007067	150.007740	0.000807	14.4
996	-1.076157	149.925679	0.019380	17.2
997	0.000000	149.843737	0.000000	10.5
998	-1.007411	149.761915	0.027553	7.8
999	-0.744085	149.680212	0.005092	13.7
1000	-1.127638	149.598627	0.006949	16.5
1001	-0.002544	149.517161	0.000116	12.2
1002	-0.433784	149.435814	0.007711	12.2
1003	-0.848501	149.354584	0.007275	14.9
1004	-0.862652	149.273472	0.012513	16.5
1005	-0.756462	149.192477	0.006272	10.2
1006	-1.115833	149.111599	0.014733	8.6
1007	-0.000000	149.030838	0.000000	14.3
1008	-0.697519	148.950194	0.004309	10.0
1009	-0.000000	148.869666	0.000000	8.0
1010	-0.758548	148.789253	0.007105	9.0
1011	-0.875392	148.708957	0.014633	11.9
1012	-0.574178	148.628776	0.004263	13.2
1013	-0.312838	148.548710	0.005711	7.9
1014	0.000000	148.468759	0.000000	8.4
1015	0.000000	148.388923	0.000000	8.4
1016	-1.067792	148.309201	0.007453	14.4
1017	-0.747754	148.229594	0.007485	10.6
1018	-0.697697	148.150100	0.004420	8.2
1019	-0.405793	148.070719	0.007093	8.2
1020	-0.777417	147.991452	0.004936	13.2
1021	-1.227700	147.912298	0.019072	16.9
1022	-0.000000	147.833257	0.000000	12.3
1023	-0.746008	147.754329	0.007520	13.8
1024	-1.061455	147.675512	0.010460	15.6
1025	-0.914181	147.596808	0.010127	11.6
1026	-0.107149	147.518216	0.002582	10.4
1027	-0.497043	147.439735	0.007232	12.1
1028	0.000000	147.361365	0.000000	9.6
1029	-0.733018	147.283106	0.012956	11.4
1030	-0.789319	147.204958	0.006075	15.6
1031	-0.376071	147.126920	0.005167	12.0
1032	-0.240157	147.048993	0.003290	13.4
1033	-0.947561	146.971175	0.005413	12.3
1034	-0.538260	146.893468	0.014258	11.5
1035	-0.927628	146.815869	0.008565	8.3
1036	-1.181260	146.738380	0.037995	9.0
1037	-1.056297	146.661000	0.018442	8.4
1038	-0.969809	146.583729	0.009614	13.6
1039	-0.858892	146.506566	0.007135	9.1
1040	0.000000	146.429511	0.000000	7.8
1041	-0.220667	146.352565	0.006069	13.7
1042	-0.408856	146.275726	0.005929	16.4
1043	-0.000000	146.198994	0.000000	8.9
1044	0.000000	146.122370	0.000000	8.4
1045	-0.845021	146.045853	0.006975	9.8
1046	-0.005925	145.969442	0.000968	8.7
1047	-0.000131	145.893139	0.000009	11.6
1048	-0.000538	145.816941	0.000132	9.7
1049	-0.578032	145.740849	0.006951	8.3
1050	-0.343357	145.664863	0.007388	8.0
1051	-0.878853	145.588983	0.011714	16.4
1052	-0.826129	145.513208	0.014709	11.9
1053	-0.761779	145.437538	0.018261	12.3
1054	-0.625122	145.361973	0.005908	14.8
1055	-0.000000	145.286513	0.000000	13.8
1056	0.000000	145.211157	0.000000	12.2
1057	0.000000	145.135905	0.000000	12.9
1058	-0.791290	145.060757	0.022241	18.9
1059	0.000000	144.985712	0.000000	12.5
1060	-0.863155	144.910771	0.009084	14.6
1061	-0.599298	144.835934	0.013497	14.5
1062	-0.378398	144.761199	0.006094	13.2
1063	-0.000000	144.686567	0.000000	13.0
1064	0.000000	144.612037	0.000000	17.0
1065	0.000000	144.537610	0.000000	13.8
1066	-0.611865	144.463285	0.004640	12.9
1067	-0.852837	144.389062	0.008931	15.8
1068	-0.723519	144.314940	0.005488	12.8
1069	-0.297495	144.240920	0.003478	12.7
1070	-0.886758	144.167001	0.020738	18.9
1071	-0.791328	144.093182	0.006999	12.7
1072	-0.672758	144.019465	0.005921	14.8
1073	-0.837781	143.945848	0.026112	16.3
1074	-0.988716	143.872331	0.010262	12.2
1075	-0.686026	143.798914	0.021468	14.8
1076	-0.282963	143.725597	0.003813	17.8
1077	-1.048462	143.652380	0.013799	12.9
1078	-1.149818	143.579262	0.011884	14.0
1079	-1.060178	143.506243	0.011895	13.6
1080	-1.196607	143.433323	0.021964	12.4
1081	-0.833680	143.360502	0.006033	12.3
1082	-0.927433	143.287780	0.008511	15.1
1083	-0.529251	143.215155	0.005703	8.4
1084	-0.295434	143.142629	0.006868	7.7
1085	-0.792798	143.070201	0.022939	7.8
1086	-0.000000	142.997870	0.000000	9.2
1087	-0.584519	142.925637	0.004737	14.2
1088	-0.981704	142.853501	0.007831	8.0
1089	-0.538966	142.781462	0.005429	8.1
1090	-0.183909	142.709519	0.004785	12.3
1091	-0.477354	142.637674	0.005332	14.4
1092	-0.806903	142.565924	0.013330	14.5
1093	-0.884217	142.494271	0.010058	12.3
1094	-0.799315	142.422714	0.008657	14.4
1095	-0.405732	142.351252	0.003071	14.4
1096	-0.858018	142.279886	0.008646	13.2
1097	-0.725024	142.208616	0.014841	13.8
1098	0.000000	142.137440	0.000000	14.3
1099	-0.083170	142.066360	0.003349	13.0
1100	-0.875524	141.995374	0.012768	13.5
1101	0.000000	141.924483	0.000000	16.3
1102	-0.924075	141.853685	0.013001	13.2
1103	-1.033734	141.782983	0.008448	15.5
1104	-0.218964	141.712373	0.002211	14.7
1105	-0.272781	141.641858	0.002351	12.2
1106	-1.092299	141.571436	0.013642	14.7
1107	-0.501832	141.501108	0.005580	16.3
1108	-1.050341	141.430872	0.016277	12.2
1109	-0.307185	141.360730	0.003472	13.0
1110	0.000000	141.290680	0.000000	17.7
1111	-0.618812	141.220722	0.007734	12.5
1112	-0.810955	141.150857	0.010239	12.2
1113	-0.505115	141.081084	0.005029	19.3
1114	-0.268689	141.011403	0.004382	12.3
1115	0.000000	140.941813	0.000000	12.7
1116	-0.138161	140.872315	0.003310	18.7
1117	0.000000	140.802909	0.000000	12.6
1118	-0.033560	140.733593	0.001381	12.0
1119	-0.000000	140.664369	0.000000	18.4
1120	0.000000	140.595235	0.000000	13.4
1121	0.000000	140.526192	0.000000	13.5
1122	-1.186001	140.457239	0.023772	15.3
1123	-0.572300	140.388376	0.014655	14.3
1124	0.000000	140.319603	0.000000	9.6
1125	-0.708080	140.250920	0.005230	18.3
1126	-1.174819	140.182326	0.023590	13.5
1127	-0.144888	140.113822	0.004021	14.9
1128	-0.103323	140.045407	0.003387	11.1
1129	-0.203158	139.977081	0.003392	7.9
1130	0.000000	139.908844	0.000000	8.1
1131	-0.016748	139.840696	0.001836	12.1
1132	-0.100135	139.772635	0.004409	11.4
1133	-0.067379	139.704664	0.003118	7.7
1134	-1.120287	139.636780	0.007201	8.1
1135	-0.205237	139.568984	0.006566	7.9
1136	0.000000	139.501276	0.000000	12.8
1137	0.000000	139.433655	0.000000	13.6
1138	-0.050996	139.366122	0.002700	12.3
1139	0.000000	139.298676	0.000000	12.9
1140	-0.650282	139.231317	0.006139	12.5
1141	-0.244877	139.164045	0.005370	8.0
1142	-0.482277	139.096859	0.007443	7.8
1143	-0.481575	139.029760	0.004290	8.0
1144	-1.080388	138.962747	0.016043	11.7
1145	-0.743927	138.895820	0.009238	7.8
1146	-0.000000	138.828978	0.000000	8.4
1147	-1.027191	138.762223	0.016408	7.9
1148	-1.120483	138.695553	0.009988	10.3
1149	-0.846522	138.628969	0.007215	15.3
1150	-0.000465	138.562469	0.000018	12.5
1151	0.000000	138.496055	0.000000	8.5
1152	-0.005723	138.429725	0.000315	8.5
1153	-1.178078	138.363481	0.017776	11.6
1154	-0.063963	138.297320	0.001972	7.8
1155	-0.357734	138.231244	0.002636	7.9
1156	-0.822776	138.165252	0.019564	8.0
1157	-0.000054	138.099344	0.000020	9.4
1158	-0.348449	138.033520	0.007014	10.7
1159	-0.441377	137.967779	0.005996	7.7
1160	0.000000	137.902122	0.000000	7.9
1161	-0.720924	137.836548	0.006968	14.6
1162	-0.205251	137.771057	0.003174	16.8
1163	-0.611502	137.705649	0.005910	12.2
1164	-0.934398	137.640324	0.010594	15.1
1165	-0.967379	137.575081	0.009017	14.1
1166	-0.927916	137.509921	0.017842	12.1
1167	-0.470106	137.444842	0.005019	12.0
1168	-0.802283	137.379846	0.007997	24.1
1169	-0.041725	137.314932	0.002563	14.3
1170	0.000000	137.250100	0.000000	14.8
1171	-1.281552	137.185349	0.012449	20.7
1172	-1.009305	137.120680	0.005961	14.6
1173	-0.000000	137.056092	0.000000	17.2
1174	-0.902925	136.991585	0.011673	22.9
1175	-0.869148	136.927158	0.009962	16.8
1176	-1.038173	136.862813	0.017989	19.9
1177	-0.625912	136.798548	0.006369	18.6
1178	-0.912331	136.734363	0.006313	16.8
1179	-0.716206	136.670259	0.008545	18.8
1180	-0.571870	136.606235	0.019758	14.7
1181	0.000000	136.542291	0.000000	16.3
1182	-1.088675	136.478426	0.030832	16.9
1183	-0.219273	136.414641	0.003621	27.7
1184	-0.535640	136.350936	0.009913	15.2
1185	-0.091412	136.287310	0.002223	15.5
1186	-0.004992	136.223763	0.000298	21.8
1187	-0.356401	136.160295	0.002315	16.1
1188	-0.812125	136.096905	0.006613	16.5
1189	-0.038215	136.033594	0.001574	20.7
1190	-0.296596	135.970362	0.003446	21.8
1191	-0.510732	135.907208	0.003925	18.3
1192	-0.360931	135.844133	0.003404	18.4
1193	-0.890066	135.781135	0.005050	15.3
1194	-0.000000	135.718215	0.000000	18.9
1195	-0.340379	135.655373	0.003527	15.7
1196	-0.713899	135.592608	0.007608	20.2
1197	0.000000	135.529921	0.000000	17.4
1198	-0.021848	135.467311	0.001050	14.4
1199	-0.937022	135.404778	0.005606	14.3
1200	-0.839974	135.342322	0.006375	13.2
1201	-0.705129	135.279942	0.007580	8.4
1202	-0.017433	135.217640	0.000828	9.9
1203	-0.128451	135.155413	0.002493	16.4
1204	-0.686445	135.093263	0.005454	10.6
1205	-0.265705	135.031190	0.004577	15.5
1206	-0.362641	134.969192	0.006356	8.5
1207	-0.681860	134.907270	0.010195	13.1
1208	-0.226309	134.845424	0.005732	8.4
1209	-0.709969	134.783653	0.004208	9.7
1210	0.000000	134.721958	0.000000	8.5
1211	0.000000	134.660338	0.000000	12.7
1212	-0.633880	134.598793	0.005416	8.0
1213	-0.590753	134.537323	0.009092	14.0
1214	-0.893519	134.475927	0.013522	17.0
1215	-0.272235	134.414607	0.005984	16.1
1216	0.000000	134.353361	0.000000	16.8
1217	-0.989599	134.292189	0.018331	17.6
1218	-0.825672	134.231092	0.013827	12.3
1219	-0.634073	134.170068	0.005967	13.6
1220	0.000000	134.109119	0.000000	14.0
1221	-0.662558	134.048243	0.007012	12.0
1222	-0.000000	133.987441	0.000000	12.1
1223	-0.659303	133.926713	0.006853	14.9
1224	-0.779814	133.866057	0.004556	14.8
1225	-0.743861	133.805475	0.017027	12.2
1226	-1.218040	133.744966	0.019827	12.1
1227	-0.020825	133.684530	0.000628	15.0
1228	-0.853987	133.624167	0.007247	9.7
1229	-0.551536	133.563877	0.004740	11.9
1230	-0.000000	133.503658	0.000000	14.4
1231	-0.909433	133.443513	0.004715	9.2
1232	-0.546960	133.383439	0.003036	8.0
1233	-0.730973	133.323437	0.006791	7.8
1234	-0.412489	133.263508	0.005975	7.8
1235	-1.100517	133.203650	0.009100	14.3
1236	-0.741482	133.143864	0.006849	12.2
1237	-0.912835	133.084149	0.016312	12.2
1238	-0.571588	133.024506	0.005179	13.8
1239	-0.851374	132.964934	0.006278	10.8
1240	-0.706545	132.905433	0.012215	8.0
1241	-1.128364	132.846003	0.020277	8.0
1242	-0.186498	132.786643	0.005108	9.7
1243	-0.986349	132.727355	0.006715	13.5
1244	-0.000000	132.668137	0.000000	8.0
1245	-0.772642	132.608989	0.002760	8.3
1246	-0.000000	132.549912	0.000000	11.6
1247	-0.917369	132.490904	0.012259	15.0
1248	-0.000001	132.431967	0.000000	12.0
1249	-0.418618	132.373100	0.004100	8.5
1250	-0.000000	132.314302	0.000000	12.7
1251	-0.854115	132.255574	0.006776	13.7
1252	-0.014820	132.196916	0.000384	10.1
1253	-0.971571	132.138326	0.026819	9.7
1254	-0.360735	132.079806	0.003120	11.5
1255	0.000000	132.021355	0.000000	13.0
1256	-0.000000	131.962973	0.000000	10.2
1257	-0.047712	131.904660	0.004166	12.3
1258	-0.725574	131.846415	0.010633	14.1
1259	-0.272773	131.788239	0.001862	16.6
1260	-0.635753	131.730131	0.006600	12.6
1261	-0.758046	131.672092	0.005300	12.1
1262	-0.100648	131.614121	0.002315	16.3
1263	-0.246947	131.556217	0.004656	12.2
1264	-0.640278	131.498382	0.005570	12.2
1265	-0.237879	131.440614	0.003842	15.7
1266	-1.201888	131.382914	0.023088	12.2
1267	-0.793542	131.325282	0.008391	12.5
1268	0.000000	131.267717	0.000000	13.9
1269	-0.246171	131.210219	0.004064	14.9
1270	-0.579996	131.152788	0.005713	12.5
1271	-0.448218	131.095424	0.006097	12.5
1272	-0.455235	131.038127	0.004379	18.1
1273	-0.074303	130.980897	0.002130	13.5
1274	-0.821006	130.923733	0.009332	13.0
1275	-0.697103	130.866636	0.008206	17.3
1276	-0.378930	130.809605	0.005551	13.7
1277	-0.765392	130.752641	0.006762	15.5
1278	-0.167296	130.695742	0.002470	13.4
1279	-0.449398	130.638910	0.003284	12.7
1280	-1.107549	130.582143	0.005834	13.4
1281	0.000000	130.525442	0.000000	16.1
1282	-0.474584	130.468807	0.007666	12.5
1283	0.000000	130.412237	0.000000	13.0
1284	-1.025535	130.355733	0.013384	18.3
1285	-0.044826	130.299294	0.002537	12.5
1286	0.000000	130.242920	0.000000	13.5
1287	-0.000000	130.186611	0.000000	17.1
1288	-0.915924	130.130366	0.010075	12.7
1289	-1.120519	130.074187	0.009010	13.7
1290	-1.131205	130.018072	0.006754	15.2
1291	-1.000005	129.962022	0.009393	11.8
1292	0.000000	129.906036	0.000000	10.4
1293	-0.622727	129.850114	0.005329	16.0
1294	0.000000	129.794257	0.000000	12.9
1295	-1.057342	129.738463	0.016632	12.7
1296	0.000000	129.682734	0.000000	15.4
1297	-1.246016	129.627068	0.035129	13.2
1298	-0.330157	129.571466	0.002424	12.5
1299	-0.253725	129.515927	0.008993	14.2
1300	-0.000035	129.460452	0.000005	16.5
1301	-0.000000	129.405040	0.000000	12.5
1302	-0.918498	129.349692	0.007910	12.8
1303	-0.766672	129.294406	0.008813	15.8
1304	-0.160297	129.239183	0.003723	12.4
1305	-0.895054	129.184024	0.010656	12.8
1306	-0.610894	129.128927	0.006947	16.0
1307	-0.872350	129.073892	0.011442	10.3
1308	0.000000	129.018921	0.000000	8.1
1309	-0.000000	128.964011	0.000000	9.1
1310	-0.002155	128.909164	0.000387	8.4
1311	-0.007049	128.854379	0.001325	14.7
1312	-0.321062	128.799656	0.002940	12.7
1313	-0.105251	128.744995	0.003930	12.4
1314	-0.888892	128.690396	0.008649	15.1
1315	-0.992037	128.635858	0.006083	7.9
1316	-0.924338	128.581382	0.007983	10.2
1317	-0.944589	128.526968	0.008225	7.7
1318	-0.000000	128.472615	0.000000	9.5
1319	-0.959924	128.418323	0.035230	11.4
1320	-0.906485	128.364092	0.007249	9.9
1321	-0.813852	128.309922	0.009323	7.9
1322	-0.763616	128.255814	0.005594	8.2
1323	-1.074874	128.201766	0.012520	14.9
1324	-1.067885	128.147778	0.008259	13.9
1325	-0.004122	128.093852	0.000706	12.2
1326	-0.544186	128.039985	0.005122	9.0
1327	-0.712162	127.986180	0.006021	14.3
1328	-1.054234	127.932434	0.007780	7.9
1329	-0.103482	127.878749	0.003001	7.9
1330	-0.000004	127.825123	0.000000	7.8
1331	0.000000	127.771558	0.000000	9.6
1332	0.000000	127.718052	0.000000	10.9
1333	-1.002576	127.664606	0.012793	7.7
1334	-0.144457	127.611220	0.002935	7.9
1335	-0.707282	127.557893	0.010760	10.5
1336	-0.000830	127.504625	0.000035	16.6
1337	-0.731233	127.451417	0.006433	12.6
1338	-0.000000	127.398268	0.000000	12.6
1339	-0.935828	127.345178	0.007572	15.0
1340	-0.019528	127.292147	0.001115	13.5
1341	-0.540884	127.239175	0.005232	12.4
1342	-0.215369	127.186261	0.005804	12.2
1343	-1.022353	127.133407	0.006668	12.7
1344	-0.834346	127.080610	0.004682	10.5
1345	-0.859912	127.027872	0.006062	12.3
1346	-1.137009	126.975193	0.025055	15.0
1347	-0.537363	126.922572	0.006192	12.5
1348	-0.563671	126.870008	0.007124	12.3
1349	-0.019437	126.817503	0.000287	14.7
1350	-0.699696	126.765056	0.006558	13.0
1351	-0.471238	126.712667	0.006639	12.4
1352	-0.688877	126.660335	0.005156	15.4
1353	0.000000	126.608061	0.000000	13.9
1354	-0.025471	126.555844	0.000492	12.2
1355	-0.791182	126.503685	0.015169	12.6
1356	0.000000	126.451583	0.000000	17.9
1357	-0.698164	126.399538	0.008637	12.4
1358	-0.595068	126.347550	0.010776	12.4
1359	-0.234842	126.295619	0.005775	15.9
1360	-0.499972	126.243745	0.006230	10.5
1361	-0.032129	126.191928	0.000739	8.3
1362	-0.336942	126.140168	0.005580	9.2
1363	-0.629450	126.088464	0.005678	12.9
1364	0.000000	126.036817	0.000000	10.6
1365	0.000000	125.985226	0.000000	12.6
1366	-0.760549	125.933691	0.005806	14.3
1367	-0.128185	125.882212	0.002636	12.2
1368	-0.717295	125.830790	0.004961	8.1
1369	-0.803601	125.779423	0.008677	8.5
1370	-0.100639	125.728113	0.002444	9.5
1371	-0.319302	125.676858	0.007836	10.9
1372	-0.539746	125.625659	0.007605	9.7
1373	-0.977082	125.574515	0.008929	9.5
1374	-0.364017	125.523427	0.002932	7.9
1375	-0.581859	125.472394	0.005808	13.5
1376	-0.003357	125.421417	0.000454	12.3
1377	-0.005722	125.370495	0.000180	11.3
1378	-1.060444	125.319628	0.005778	12.1
1379	-1.159970	125.268815	0.026441	13.4
1380	-1.060142	125.218058	0.004921	9.4
1381	-0.540732	125.167356	0.005252	8.1
1382	-0.572314	125.116708	0.003845	8.9
1383	-0.477271	125.066115	0.005110	11.4
1384	-0.146363	125.015576	0.004524	9.2
1385	-0.000000	124.965092	0.000000	8.6
1386	-0.892778	124.914662	0.006970	8.2
1387	-0.157610	124.864287	0.004138	12.3
1388	-0.766756	124.813965	0.005889	12.7
1389	-1.067298	124.763698	0.005392	10.8
1390	-0.768010	124.713485	0.024542	11.9
1391	-0.916953	124.663325	0.009135	13.3
1392	-0.633874	124.613219	0.007899	7.8
1393	-0.000000	124.563167	0.000000	7.7
1394	0.000000	124.513168	0.000000	7.7
1395	-1.145534	124.463223	0.011062	9.9
1396	-0.000000	124.413332	0.000000	11.1
1397	-0.757171	124.363493	0.009249	7.9
1398	-0.804049	124.313708	0.007260	7.8
1399	-0.736116	124.263976	0.008020	8.4
1400	-0.779876	124.214297	0.007201	12.2
1401	-0.323934	124.164671	0.005722	12.3
1402	-0.000000	124.115097	0.000000	12.5
1403	-0.593608	124.065577	0.006777	13.7
1404	-0.834365	124.016109	0.005170	13.1
1405	-0.790085	123.966693	0.012815	10.5
1406	-0.974660	123.917330	0.005998	7.7
1407	-0.038335	123.868020	0.001408	8.8
1408	-0.000000	123.818762	0.000000	11.2
1409	-0.687154	123.769556	0.010077	7.8
1410	-0.805515	123.720402	0.004548	7.7
1411	-0.686526	123.671300	0.005136	7.9
1412	-0.607026	123.622250	0.004362	9.9
1413	-0.014321	123.573252	0.001542	13.3
1414	-0.819131	123.524305	0.005783	12.4
1415	-1.260530	123.475411	0.016696	12.1
1416	-1.004537	123.426568	0.011078	13.1
1417	-0.000000	123.377776	0.000000	12.2
1418	-0.080488	123.329036	0.001838	12.2
1419	-0.104864	123.280347	0.002131	14.6
1420	-0.115800	123.231709	0.004330	14.4
1421	-0.500015	123.183122	0.006590	12.2
1422	-0.000000	123.134587	0.000000	12.3
1423	-0.660999	123.086102	0.006637	16.8
1424	-1.046083	123.037669	0.010489	12.1
1425	-0.963698	122.989286	0.005109	12.2
1426	0.000000	122.940954	0.000000	14.5
1427	-0.801058	122.892672	0.005724	12.3
1428	-0.490886	122.844441	0.004995	12.1
1429	-0.696104	122.796261	0.002297	11.0
1430	0.000000	122.748130	0.000000	14.3
1431	-0.353553	122.700050	0.002709	12.3
1432	-0.959773	122.652021	0.011161	12.4
1433	-0.567152	122.604041	0.005632	14.5
1434	-0.645507	122.556111	0.005422	12.1
1435	0.000000	122.508232	0.000000	11.2
1436	-0.382983	122.460402	0.004825	12.2
1437	-0.507474	122.412622	0.005961	17.7
1438	-0.905251	122.364891	0.013947	12.9
1439	-1.083031	122.317210	0.010957	12.3
1440	-0.002683	122.269579	0.000354	16.6
1441	-0.600076	122.221997	0.003250	12.3
1442	0.000000	122.174465	0.000000	10.7
1443	0.000000	122.126981	0.000000	14.6
1444	-0.907587	122.079547	0.006023	12.2
1445	-0.083646	122.032162	0.002224	12.2
1446	-0.591351	121.984826	0.003729	12.7
1447	-0.842705	121.937539	0.006745	13.3
1448	-0.832279	121.890301	0.007914	12.1
1449	-0.007370	121.843112	0.000612	10.2
1450	-0.984451	121.795971	0.014032	9.2
1451	-0.643206	121.748879	0.003874	13.3
1452	-0.629232	121.701835	0.005889	12.2
1453	-0.940777	121.654840	0.010460	12.3
1454	-0.009628	121.607893	0.000779	13.4
1455	-0.763591	121.560994	0.007615	8.2
1456	-0.846523	121.514144	0.013948	8.2
1457	-0.942639	121.467342	0.007278	7.9
1458	0.000000	121.420588	0.000000	8.0
1459	-0.560950	121.373882	0.003881	12.3
1460	-0.637081	121.327223	0.004529	7.8
1461	-0.981997	121.280613	0.019974	8.0
1462	-0.000008	121.234050	0.000006	7.9
1463	-0.000017	121.187535	0.000008	8.8
1464	-1.194112	121.141067	0.029854	15.1
1465	-0.762584	121.094647	0.007354	12.1
1466	-1.203028	121.048274	0.014042	12.2
1467	-0.591718	121.001949	0.006273	13.0
1468	-0.326713	120.955671	0.003336	14.7
1469	-0.886283	120.909440	0.015089	8.0
1470	-0.000000	120.863256	0.000000	11.4
1471	-0.000138	120.817119	0.000003	14.4
1472	0.000000	120.771029	0.000000	10.6
1473	-0.081991	120.724986	0.002572	7.9
1474	0.000000	120.678990	0.000000	11.2
1475	-1.063317	120.633040	0.004722	15.5
1476	-0.843255	120.587137	0.005996	10.5
1477	-0.435864	120.541281	0.002949	12.0
1478	-0.194563	120.495471	0.004099	12.2
1479	-0.000883	120.449707	0.000079	13.2
1480	-0.842329	120.403990	0.006550	12.5
1481	-0.300530	120.358319	0.002997	12.6
1482	-0.585409	120.312694	0.011227	12.8
1483	0.000000	120.267115	0.000000	10.3
1484	-0.107061	120.221582	0.002187	8.2
1485	-1.152844	120.176096	0.011408	12.0
1486	-0.561493	120.130655	0.006536	15.0
1487	-0.103468	120.085260	0.003320	12.2
1488	-0.190326	120.039910	0.003827	12.4
1489	-0.967701	119.994606	0.013877	14.3
1490	-0.082629	119.949348	0.001479	10.7
1491	-0.477826	119.904135	0.007306	7.9
1492	-0.315261	119.858968	0.005818	8.0
1493	-1.173513	119.813846	0.035969	7.8
1494	-0.579419	119.768769	0.004267	12.0
1495	-0.440330	119.723738	0.002496	7.8
1496	-0.969907	119.678752	0.008448	12.3
1497	-0.954791	119.633810	0.008159	10.5
1498	-1.061863	119.588914	0.010134	14.7
1499	-0.394519	119.544062	0.004523	9.7
1500	-1.081374	119.499256	0.008513	8.0
1501	-1.177047	119.454494	0.011048	9.8
1502	-0.000001	119.409777	0.000000	13.1
1503	-0.809257	119.365104	0.007423	10.1
1504	-0.857244	119.320476	0.004898	7.9
1505	-0.904929	119.275893	0.004675	8.1
1506	-0.710728	119.231353	0.005552	8.0
1507	-1.174805	119.186859	0.012610	12.5
1508	-0.870094	119.142408	0.008474	12.3
1509	-0.000000	119.098002	0.000000	12.3
1510	-1.032374	119.053639	0.013128	13.9
1511	-0.574139	119.009321	0.004031	11.2
1512	-0.419518	118.965047	0.004694	8.2
1513	-0.024764	118.920816	0.000916	8.9
1514	0.000000	118.876630	0.000000	10.2
1515	-0.857597	118.832487	0.009519	12.8
1516	-0.762580	118.788388	0.006235	8.2
1517	-1.058610	118.744332	0.012146	8.9
1518	0.000000	118.700320	0.000000	8.0
1519	-0.000000	118.656352	0.000000	11.6
1520	-1.122979	118.612427	0.006566	13.1
1521	-0.430575	118.568545	0.006838	12.2
1522	-1.034566	118.524706	0.006918	8.0
1523	-0.785375	118.480911	0.004953	17.8
1524	-0.004332	118.437159	0.000017	15.7
1525	-1.151157	118.393450	0.008040	9.1
1526	-0.768789	118.349784	0.005051	13.3
1527	-1.099034	118.306160	0.016028	15.3
1528	-0.315542	118.262580	0.004765	8.4
1529	-0.541666	118.219042	0.004479	17.5
1530	-0.809471	118.175548	0.006738	20.1
1531	-0.708798	118.132095	0.006025	12.4
1532	-0.194066	118.088686	0.003876	16.1
1533	-0.314724	118.045319	0.004536	17.8
1534	-0.214557	118.001994	0.003602	15.8
1535	0.000000	117.958712	0.000000	17.2
1536	-0.898981	117.915472	0.009822	17.9
1537	-0.358122	117.872274	0.004953	18.6
1538	-0.880914	117.829118	0.004101	20.1
1539	0.000000	117.786005	0.000000	17.7
1540	-0.045679	117.742933	0.001898	24.8
1541	-1.132340	117.699904	0.008890	12.5
1542	-0.000000	117.656916	0.000000	13.7
1543	-1.012870	117.613971	0.021546	12.6
1544	-0.000000	117.571067	0.000000	14.8
1545	-0.928052	117.528205	0.005715	12.9
1546	-0.834192	117.485384	0.008890	13.4
1547	-0.032336	117.442605	0.001087	17.5
1548	-1.031067	117.399867	0.004307	12.3
1549	-0.000007	117.357171	0.000004	13.4
1550	-0.120953	117.314517	0.003134	17.6
1551	-0.343766	117.271903	0.005236	12.5
1552	0.000000	117.229331	0.000000	14.0
1553	-0.968168	117.186800	0.008305	17.0
1554	-0.518972	117.144311	0.005747	12.9
1555	-0.922212	117.101862	0.010795	12.3
1556	-0.992856	117.059454	0.004892	17.3
1557	-0.862656	117.017087	0.006430	12.4
1558	-0.403510	116.974762	0.003028	12.8
1559	-0.560370	116.932476	0.004441	16.7
1560	-0.372064	116.890232	0.006804	11.6
1561	-0.203261	116.848028	0.005299	13.5
1562	-0.863592	116.805865	0.004920	13.5
1563	0.000000	116.763743	0.000000	14.9
1564	-1.168862	116.721661	0.015653	12.4
1565	-0.263580	116.679619	0.002209	13.1
1566	-0.528999	116.637618	0.008341	17.9
1567	-0.839123	116.595657	0.004938	12.4
1568	-0.992762	116.553736	0.010003	13.1
1569	0.000000	116.511855	0.000000	12.9
1570	-0.891270	116.470015	0.011043	12.5
1571	-0.715412	116.428214	0.004831	12.2
1572	-1.098201	116.386454	0.012846	15.0
1573	-1.066170	116.344733	0.010377	11.2
1574	-1.084964	116.303052	0.007576	10.7
1575	-0.101960	116.261412	0.003319	7.8
1576	-0.913656	116.219810	0.006505	10.2
1577	-0.856920	116.178249	0.008947	10.5
1578	-0.071008	116.136727	0.003918	8.0
1579	-0.591691	116.095245	0.014993	7.7
1580	-0.360561	116.053802	0.009584	8.0
1581	-0.952079	116.012398	0.007620	11.0
1582	-1.313899	115.971034	0.023173	12.7
1583	-1.038526	115.929710	0.012226	13.1
1584	-1.064703	115.888424	0.004781	11.8
1585	-0.813620	115.847178	0.007023	14.1
1586	0.000000	115.805970	0.000000	8.3
1587	0.000000	115.764802	0.000000	7.9
1588	-1.115945	115.723673	0.009435	7.8
1589	-0.028912	115.682583	0.001407	12.4
1590	-1.111030	115.641532	0.022650	7.9
1591	0.000000	115.600519	0.000000	7.8
1592	-0.725059	115.559546	0.008549	7.8
1593	-1.076825	115.518610	0.023735	7.7
1594	-1.198689	115.477714	0.009368	14.4
1595	-1.225880	115.436856	0.021518	12.5
1596	-1.048752	115.396037	0.011601	12.8
1597	-1.118370	115.355256	0.009834	10.5
1598	-1.102653	115.314514	0.009564	11.5
1599	-0.045788	115.273810	0.001601	8.2
1600	-0.825948	115.233144	0.013263	7.8
1601	-0.919560	115.192517	0.008301	8.8
1602	-0.054576	115.151927	0.001495	9.8
1603	-0.608721	115.111376	0.019219	12.2
1604	-0.000042	115.070863	0.000016	8.4
1605	-0.935272	115.030388	0.005495	8.3
1606	-0.356069	114.989951	0.004727	15.2
1607	-0.806971	114.949551	0.008217	14.8
1608	-0.916368	114.909190	0.007646	13.3
1609	-0.000000	114.868866	0.000000	17.9
1610	-0.722153	114.828580	0.009093	14.5
1611	-1.156752	114.788332	0.008136	12.6
1612	-1.130175	114.748121	0.018661	14.2
1613	-1.141964	114.707948	0.013685	15.3
1614	-0.561554	114.667812	0.009015	12.4
1615	-0.482819	114.627714	0.004675	14.5
1616	-0.870906	114.587653	0.012702	14.6
1617	-0.636187	114.547629	0.014233	13.5
1618	-0.836807	114.507643	0.007449	13.2
1619	-1.045720	114.467693	0.004989	16.5
1620	0.000000	114.427781	0.000000	12.7
1621	-0.165653	114.387907	0.005433	16.0
1622	-0.910512	114.348069	0.004584	15.0
1623	-0.698468	114.308268	0.007894	12.2
1624	-0.983427	114.268504	0.009684	12.6
1625	-0.500063	114.228777	0.004774	18.7
1626	-0.093530	114.189086	0.000685	12.5
1627	-0.848541	114.149433	0.007985	13.1
1628	-0.592789	114.109816	0.005028	17.8
1629	-0.462064	114.070235	0.005614	12.9
1630	-0.155619	114.030692	0.004971	10.4
1631	-0.697300	113.991185	0.005848	12.5
1632	-0.001959	113.951714	0.000142	11.7
1633	0.000000	113.912280	0.000000	12.4
1634	-1.059236	113.872882	0.007768	13.1
1635	-0.729724	113.833521	0.007842	16.5
1636	-0.327920	113.794195	0.003997	9.4
1637	-0.569952	113.754906	0.003230	9.1
1638	0.000000	113.715653	0.000000	11.3
1639	-1.006690	113.676437	0.004675	11.1
1640	-0.000000	113.637256	0.000000	9.3
1641	-0.079166	113.598111	0.001720	8.8
1642	-0.000000	113.559002	0.000000	8.4
1643	-0.000000	113.519929	0.000000	14.4
1644	-1.001932	113.480892	0.007389	13.1
1645	-0.665158	113.441891	0.005897	12.3
1646	-0.650889	113.402925	0.006376	15.5
1647	-0.372195	113.363995	0.005329	10.4
1648	-0.930818	113.325101	0.015226	8.3
1649	-0.794070	113.286242	0.005618	7.7
1650	-0.081090	113.247419	0.002430	9.8
1651	-0.239565	113.208631	0.006362	11.8
1652	-0.781393	113.169879	0.004742	8.6
1653	-0.870270	113.131162	0.009403	8.7
1654	-0.796117	113.092480	0.007544	7.9
1655	-0.654160	113.053833	0.006260	12.8
1656	-0.045894	113.015222	0.000989	13.1
1657	-0.000000	112.976646	0.000000	9.7
1658	-0.082689	112.938105	0.002591	11.3
1659	-1.131629	112.899599	0.021365	13.8
1660	-0.365525	112.861128	0.002471	8.1
1661	-0.583142	112.822692	0.005522	8.4
1662	0.000000	112.784291	0.000000	8.0
1663	-0.222213	112.745924	0.001589	12.5
1664	0.000000	112.707593	0.000000	8.4
1665	-1.022964	112.669296	0.015819	8.0
1666	-0.392357	112.631034	0.005961	9.1
1667	-0.879078	112.592806	0.007425	11.4
1668	-0.895729	112.554613	0.009170	16.0
1669	-0.000000	112.516455	0.000000	12.1
1670	-1.112249	112.478331	0.008186	7.8
1671	-0.672746	112.440241	0.009736	10.0
1672	-0.877826	112.402186	0.006171	10.9
1673	-0.000000	112.364165	0.000000	7.8
1674	-0.943108	112.326179	0.003813	7.9
1675	-0.998918	112.288227	0.007481	7.7
1676	-0.000000	112.250309	0.000000	12.3
1677	-0.735993	112.212425	0.005541	8.1
1678	-1.071471	112.174575	0.010027	7.6
1679	-0.901231	112.136759	0.009619	8.5
1680	-1.093196	112.098977	0.010410	13.9
1681	-0.015999	112.061229	0.001014	14.0
1682	-1.046397	112.023515	0.007885	12.4
1683	-0.073405	111.985834	0.002978	10.8
1684	-1.184739	111.948188	0.023637	14.0
1685	-1.284777	111.910575	0.013038	8.4
1686	-0.998889	111.872996	0.004779	8.9
1687	-0.599689	111.835450	0.009377	8.4
1688	-0.212308	111.797939	0.004578	11.9
1689	-0.027025	111.760460	0.001332	9.4
1690	-0.663398	111.723015	0.012226	10.3
1691	-0.634130	111.685604	0.004950	15.3
1692	0.000000	111.648226	0.000000	39.8
1693	-0.769943	111.610881	0.004021	15.2
1694	-1.043649	111.573570	0.006434	11.9
1695	-1.077550	111.536292	0.009156	11.9
1696	-0.589960	111.499047	0.003815	15.5
1697	-1.109928	111.461835	0.020588	11.0
1698	-0.611003	111.424656	0.003452	15.9
1699	-0.628327	111.387510	0.019865	28.5
1700	-0.000000	111.350398	0.000000	13.5
1701	-0.000000	111.313318	0.000000	15.1
1702	-0.325089	111.276271	0.004700	15.3
1703	-0.524835	111.239257	0.009196	10.3
1704	-1.001352	111.202276	0.005075	12.3
1705	-0.943732	111.165328	0.004878	26.0
1706	-0.942017	111.128412	0.007466	39.9
1707	-0.000030	111.091529	0.000010	16.4
1708	-0.742328	111.054679	0.006806	19.4
1709	-0.707969	111.017861	0.006810	20.1
1710	-0.604298	110.981076	0.006379	9.5
1711	0.000000	110.944323	0.000000	10.1
1712	-0.723321	110.907603	0.008004	19.0
1713	-0.000000	110.870915	0.000000	14.7
1714	-0.848627	110.834259	0.010297	13.4
1715	-0.928599	110.797636	0.020939	16.8
1716	-0.508875	110.761045	0.007092	11.3
1717	-1.015874	110.724486	0.024111	14.8
1718	-0.793207	110.687959	0.010695	12.9
1719	-0.048838	110.651465	0.001557	13.0
1720	-0.000000	110.615002	0.000000	8.1
1721	-0.479455	110.578572	0.007833	13.0
1722	-0.620154	110.542173	0.011893	16.2
1723	-0.690766	110.505807	0.005313	13.2
1724	-0.000000	110.469472	0.000000	10.7
1725	-0.349013	110.433169	0.003765	16.9
1726	-0.844639	110.396898	0.005682	13.4
1727	-0.019833	110.360659	0.000666	9.5
1728	-0.791673	110.324451	0.008594	8.4
1729	-1.001816	110.288276	0.007788	14.5
1730	-0.780605	110.252131	0.008141	9.1
1731	-0.339328	110.216019	0.004675	14.1
1732	-0.659868	110.179937	0.006369	14.4
1733	-1.084794	110.143888	0.009881	18.7
1734	-0.027426	110.107869	0.000520	12.2
1735	-1.126955	110.071882	0.006783	8.7
1736	-0.056479	110.035927	0.001591	15.4
1737	-0.858682	110.000003	0.009807	9.9
1738	-0.994699	109.964110	0.012693	9.0
1739	-0.436097	109.928248	0.012918	10.6
1740	-0.000000	109.892417	0.000000	12.0
1741	-0.000000	109.856618	0.000000	16.2
1742	-0.991658	109.820850	0.010751	14.6
1743	-0.578001	109.785112	0.006377	18.6
1744	-0.024542	109.749406	0.000289	14.0
1745	-0.483846	109.713730	0.002714	14.5
1746	-0.004604	109.678086	0.000116	18.3
1747	-0.706269	109.642472	0.006897	14.5
1748	-0.141802	109.606890	0.004397	14.2
1749	-1.056047	109.571337	0.006589	17.7
1750	-0.596008	109.535816	0.004890	14.2
1751	-0.000000	109.500326	0.000000	15.2
1752	-0.606967	109.464866	0.003871	16.7
1753	-0.032626	109.429436	0.000969	15.5
1754	-0.965233	109.394038	0.008189	13.4
1755	-0.930820	109.358669	0.006720	18.3
1756	-0.201862	109.323331	0.003842	14.1
1757	-0.866349	109.288024	0.006589	13.3
1758	0.000000	109.252747	0.000000	16.6
1759	-0.286631	109.217501	0.004323	13.9
1760	-0.801504	109.182284	0.010285	13.6
1761	0.000000	109.147098	0.000000	15.6
1762	-0.299063	109.111942	0.005068	13.0
1763	-0.673364	109.076817	0.003096	12.2
1764	-0.806085	109.041721	0.004292	14.6
1765	-0.000000	109.006656	0.000000	14.0
1766	-0.995272	108.971620	0.008212	13.0
1767	-0.533365	108.936615	0.004115	13.0
1768	-0.763804	108.901640	0.006926	16.9
1769	-0.658190	108.866694	0.007578	12.9
1770	-0.953616	108.831779	0.006397	13.0
1771	-0.349795	108.796893	0.008480	15.1
1772	-0.626461	108.762037	0.012401	12.0
1773	-0.253895	108.727211	0.003933	12.8
1774	-0.231712	108.692415	0.003428	15.4
1775	-0.922206	108.657648	0.012586	12.3
1776	0.000000	108.622911	0.000000	12.8
1777	-0.708898	108.588203	0.006489	14.4
1778	-0.729339	108.553525	0.005085	14.5
1779	-1.278695	108.518877	0.043557	12.7
1780	0.000000	108.484258	0.000000	12.8
1781	-0.971252	108.449668	0.006950	17.3
1782	-0.569037	108.415108	0.012176	12.7
1783	-0.651688	108.380578	0.005919	13.3
1784	-0.133627	108.346076	0.004699	16.2
1785	-0.969965	108.311604	0.010190	14.2
1786	-0.472458	108.277161	0.004189	13.9
1787	-0.979837	108.242747	0.009921	16.9
1788	-0.000539	108.208363	0.000013	12.8
1789	-0.229003	108.174007	0.003543	13.6
1790	-0.523192	108.139681	0.005375	16.2
1791	-0.210776	108.105383	0.004369	12.7
1792	-0.894655	108.071115	0.006490	14.1
1793	-0.894853	108.036875	0.036023	15.1
1794	-0.917555	108.002665	0.005591	13.0
1795	-1.180339	107.968483	0.017997	12.6
1796	-1.016341	107.934330	0.006002	16.8
1797	-0.729089	107.900206	0.018330	12.5
1798	-1.148456	107.866111	0.008937	14.2
1799	-0.620352	107.832044	0.007064	16.5
1800	-0.598047	107.798007	0.007878	12.6
1801	-0.717764	107.763997	0.004007	12.8
1802	-1.029072	107.730017	0.007689	14.1
1803	-0.357299	107.696065	0.003677	12.6
1804	-0.973232	107.662141	0.009311	12.4
1805	0.000000	107.628246	0.000000	15.5
1806	-0.631812	107.594379	0.012468	12.6
1807	-1.021427	107.560541	0.006864	12.6
1808	-0.000000	107.526731	0.000000	12.8
1809	0.000000	107.492949	0.000000	13.5
1810	-0.876031	107.459196	0.005262	8.7
1811	0.000000	107.425471	0.000000	12.7
1812	-0.670298	107.391774	0.006043	15.6
1813	-0.918912	107.358106	0.021288	12.3
1814	-1.029341	107.324465	0.006784	12.6
1815	-0.769848	107.290853	0.015081	14.6
1816	-1.124066	107.257268	0.017368	14.6
1817	0.000000	107.223712	0.000000	12.7
1818	-0.772118	107.190184	0.006885	14.1
1819	-0.684390	107.156683	0.004262	15.0
1820	-0.000000	107.123211	0.000000	11.9
1821	-0.196216	107.089766	0.004174	13.2
1822	0.000000	107.056349	0.000000	17.8
1823	-0.872368	107.022960	0.009782	13.1
1824	-0.234083	106.989599	0.005526	14.0
1825	-0.037289	106.956265	0.000919	16.1
1826	-0.928537	106.922960	0.009076	12.4
1827	0.000000	106.889681	0.000000	13.9
1828	-0.000000	106.856431	0.000000	15.4
1829	-0.903457	106.823208	0.008073	12.8
1830	-0.594460	106.790012	0.005089	13.6
1831	-0.061106	106.756844	0.001696	17.4
1832	-1.093599	106.723703	0.009659	13.0
1833	0.000000	106.690590	0.000000	19.7
1834	-1.043116	106.657505	0.008130	17.2
1835	-0.186518	106.624446	0.001830	17.6
1836	-0.902883	106.591415	0.009090	25.3
1837	-0.000000	106.558411	0.000000	17.7
1838	-0.956888	106.525435	0.011028	22.4
1839	-0.617683	106.492485	0.005660	15.9
1840	-0.212008	106.459563	0.004244	17.8
1841	-0.132261	106.426668	0.003822	31.8
1842	-1.017591	106.393800	0.006059	32.9
1843	-0.537769	106.360959	0.004441	15.6
1844	-0.814169	106.328145	0.008003	18.0
1845	-0.517000	106.295358	0.004840	28.5
1846	-0.974469	106.262598	0.007841	20.5
1847	-0.605687	106.229865	0.003040	27.1
1848	-0.659626	106.197158	0.009122	17.9
1849	0.000000	106.164479	0.000000	19.9
1850	0.000000	106.131826	0.000000	20.2
1851	-0.891697	106.099201	0.009429	16.6
1852	-0.429517	106.066602	0.004073	21.9
1853	-0.588058	106.034029	0.006246	15.0
1854	-0.409921	106.001483	0.005868	16.8
1855	-1.038181	105.968964	0.008267	20.2
1856	-0.319296	105.936472	0.005052	15.6
1857	-1.193095	105.904006	0.022280	19.4
1858	-0.920221	105.871566	0.007644	23.6
1859	-0.384882	105.839153	0.004250	17.7
1860	-0.166584	105.806767	0.003643	24.1
1861	0.000000	105.774407	0.000000	18.8
1862	-0.890838	105.742073	0.007716	25.7
1863	-0.495671	105.709766	0.005471	17.9
1864	-0.476078	105.677485	0.008839	24.4
1865	-0.708868	105.645230	0.004066	20.6
1866	0.000000	105.613001	0.000000	18.9
1867	0.000000	105.580799	0.000000	21.9
1868	-1.096823	105.548623	0.005512	20.3
1869	-0.011407	105.516473	0.000693	18.7
1870	0.000000	105.484349	0.000000	21.8
1871	0.000000	105.452251	0.000000	20.1
1872	0.000000	105.420179	0.000000	9.5
1873	-1.124873	105.388133	0.010325	12.4
1874	-0.122396	105.356113	0.001748	12.1
1875	-1.004770	105.324119	0.010750	12.4
1876	-0.000000	105.292151	0.000000	10.5
1877	-1.211272	105.260209	0.009874	16.0
1878	0.000000	105.228293	0.000000	11.2
1879	-0.560443	105.196402	0.005157	8.9
1880	-0.000532	105.164537	0.000030	8.9
1881	-0.858848	105.132698	0.006559	16.2
1882	-0.743728	105.100885	0.006424	17.4
1883	-0.886971	105.069097	0.005896	21.1
1884	0.000000	105.037335	0.000000	23.9
1885	-0.772481	105.005598	0.013611	20.8
1886	0.000000	104.973887	0.000000	25.6
1887	-0.703964	104.942202	0.009813	24.5
1888	-0.575153	104.910542	0.004966	13.5
1889	-0.186989	104.878907	0.002442	14.5
1890	-0.809942	104.847298	0.005349	14.3
1891	-0.890550	104.815715	0.007512	14.1
1892	-0.001003	104.784156	0.000286	12.6
1893	-0.000326	104.752623	0.000143	15.3
1894	-0.599343	104.721116	0.006541	14.6
1895	-0.714483	104.689633	0.007039	14.2
1896	-0.318246	104.658176	0.003411	16.9
1897	0.000000	104.626744	0.000000	13.3
1898	0.000000	104.595337	0.000000	12.9
1899	-1.157915	104.563955	0.015679	15.0
1900	-0.129725	104.532599	0.005570	14.3
1901	-0.842094	104.501267	0.008181	13.0
1902	-0.030597	104.469960	0.000916	15.0
1903	-0.414029	104.438679	0.004093	13.4
1904	-1.158230	104.407422	0.017051	12.9
1905	-0.152757	104.376191	0.004965	14.3
1906	0.000000	104.344984	0.000000	23.8
1907	-0.853763	104.313802	0.008049	20.0
1908	-0.554037	104.282645	0.006906	17.7
1909	-0.003442	104.251513	0.000366	13.2
1910	-0.941311	104.220405	0.010750	18.3
1911	-1.025393	104.189323	0.008016	24.4
1912	-0.495760	104.158265	0.004640	23.0
1913	0.000000	104.127231	0.000000	17.5
1914	-0.000000	104.096222	0.000000	18.7
1915	-0.000000	104.065238	0.000000	19.6
1916	-0.052403	104.034279	0.001018	16.3
1917	-1.039704	104.003344	0.009137	18.9
1918	-1.199481	103.972433	0.009211	13.2
1919	-0.437618	103.941547	0.002661	12.7
1920	-0.133880	103.910686	0.003380	15.4
1921	-0.991274	103.879849	0.006870	13.3
1922	0.000000	103.849036	0.000000	18.9
1923	-0.775968	103.818248	0.007446	18.2
1924	-0.776884	103.787484	0.012385	12.9
1925	-1.091294	103.756744	0.005317	12.6
1926	-0.324533	103.726029	0.002479	13.9
1927	-0.749843	103.695338	0.007972	15.5
1928	0.000000	103.664671	0.000000	13.5
1929	-0.478068	103.634028	0.005975	15.7
1930	-0.801142	103.603409	0.009858	14.1
1931	-0.752307	103.572814	0.012106	13.1
1932	-0.000000	103.542244	0.000000	14.0
1933	-0.000000	103.511698	0.000000	14.8
1934	-1.046377	103.481175	0.009495	13.1
1935	-1.050453	103.450677	0.009136	13.4
1936	-0.544891	103.420202	0.004374	18.3
1937	-0.627857	103.389752	0.010509	12.5
1938	-0.829090	103.359325	0.010697	13.7
1939	-0.302449	103.328922	0.004113	19.5
1940	-0.037448	103.298543	0.000355	17.3
1941	-0.786635	103.268188	0.006621	20.4
1942	-0.000000	103.237857	0.000000	13.2
1943	-1.099215	103.207549	0.004696	14.3
1944	-0.862321	103.177265	0.005120	16.9
1945	0.000000	103.147005	0.000000	12.9
1946	0.000000	103.116768	0.000000	12.0
1947	-0.834720	103.086556	0.008510	16.5
1948	-1.081716	103.056366	0.005684	13.4
1949	-0.984816	103.026200	0.006527	11.8
1950	-0.084577	102.996058	0.002344	12.1
1951	-0.000000	102.965939	0.000000	19.4
1952	0.000000	102.935844	0.000000	11.6
1953	-0.503543	102.905772	0.004116	11.4
1954	-0.165509	102.875724	0.003256	14.4
1955	-0.667997	102.845699	0.009257	12.1
1956	-0.365301	102.815697	0.005509	12.2
1957	-1.042978	102.785719	0.005877	14.8
1958	-0.556673	102.755764	0.012112	14.8
1959	-0.566190	102.725832	0.003588	15.2
1960	-0.961385	102.695924	0.003185	14.0
1961	-0.397117	102.666038	0.007907	14.7
1962	-0.022512	102.636176	0.000492	12.0
1963	-0.644595	102.606337	0.004880	16.6
1964	-1.061638	102.576521	0.013309	14.4
1965	-0.982148	102.546728	0.007855	12.9
1966	-0.989114	102.516959	0.006398	12.5
1967	-0.873126	102.487212	0.006605	19.1
1968	-0.320074	102.457488	0.004655	20.3
1969	-0.798849	102.427788	0.008436	25.2
1970	-0.000000	102.398110	0.000000	15.8
1971	0.000000	102.368455	0.000000	13.4
1972	-0.786438	102.338823	0.007158	19.5
1973	-0.039642	102.309214	0.001404	20.6
1974	-0.640167	102.279628	0.005632	24.3
1975	-0.000000	102.250064	0.000000	20.8
1976	-0.045677	102.220524	0.003614	18.8
1977	0.000000	102.191006	0.000000	23.3
1978	-0.236270	102.161511	0.003764	72.3
1979	-1.031288	102.132038	0.018626	56.9
1980	-1.046542	102.102588	0.014991	15.9
1981	-0.820312	102.073161	0.006909	17.5
1982	-0.885663	102.043757	0.008585	18.7
1983	-0.000000	102.014375	0.000000	23.3
1984	-0.883459	101.985015	0.005645	9.1
1985	-0.045794	101.955678	0.001673	11.8
1986	-0.374447	101.926364	0.003884	9.7
1987	-1.104351	101.897072	0.007071	12.5
1988	-0.966714	101.867802	0.006772	10.5
1989	-0.000126	101.838555	0.000013	11.0
1990	-0.000000	101.809330	0.000000	9.6
1991	0.000000	101.780128	0.000000	22.7
1992	0.000000	101.750948	0.000000	17.2
1993	-0.000002	101.721790	0.000000	16.5
1994	-0.494617	101.692654	0.003727	21.6
1995	-0.568630	101.663541	0.005871	14.6
1996	-0.972721	101.634450	0.006611	21.6
1997	-0.000517	101.605381	0.000065	15.2
1998	-0.654318	101.576335	0.006319	14.8
1999	-0.058716	101.547310	0.001486	18.9
