1:ItNr	2:Metric	3:StepSize	4:||Gradient||	Time[ms]
0	-0.056168	627.201626	0.001551	1052.6
1	-1.353434	623.504937	0.008985	7.8
2	-0.000021	619.865785	0.000004	7.6
3	-0.957385	616.282728	0.005865	7.5
4	-1.293000	612.754375	0.024760	11.0
5	-1.551909	609.279381	0.011738	7.6
6	-0.522656	605.856447	0.016611	8.3
7	-0.021988	602.484317	0.001421	7.5
8	-1.379435	599.161779	0.005566	8.2
9	-0.125034	595.887656	0.000395	11.5
10	-1.354186	592.660813	0.017047	8.1
11	-1.108209	589.480151	0.011644	7.5
12	-1.670183	586.344606	0.011885	8.8
13	-1.298728	583.253145	0.014489	7.5
14	-0.532764	580.204771	0.007918	11.2
15	-1.119507	577.198517	0.014588	7.6
16	-1.029787	574.233444	0.020608	9.3
17	-0.101764	571.308645	0.001823	7.5
18	-0.572556	568.423237	0.011562	9.0
19	-0.770973	565.576365	0.007291	11.0
20	-1.137633	562.767201	0.009344	7.6
21	-0.989958	559.994938	0.013721	8.6
22	-0.969301	557.258797	0.012261	8.1
23	-0.000000	554.558018	0.000000	9.3
24	-0.000033	551.891865	0.000007	9.5
25	-1.110923	549.259621	0.009091	8.5
26	-0.425577	546.660592	0.014234	7.9
27	-0.713749	544.094102	0.004430	8.4
28	0.000000	541.559494	0.000000	10.6
29	-0.068055	539.056129	0.001299	9.5
30	-1.565608	536.583387	0.017037	8.6
31	-1.368917	534.140663	0.014558	7.6
32	-1.049404	531.727370	0.010182	8.0
33	-0.497883	529.342935	0.004567	12.2
34	-0.000000	526.986802	0.000000	9.2
35	-0.725468	524.658430	0.010099	9.3
36	-0.019658	522.357290	0.001163	9.3
37	-1.279617	520.082868	0.014203	11.7
38	-0.785312	517.834665	0.006827	11.7
39	-1.199026	515.612193	0.025784	10.7
40	-1.240249	513.414976	0.016001	15.3
41	-1.196479	511.242551	0.019197	17.3
42	-0.835349	509.094468	0.007765	13.8
43	-1.384562	506.970285	0.013435	13.6
44	-1.148596	504.869574	0.026443	14.2
45	-0.000000	502.791916	0.000000	11.1
46	-0.097664	500.736903	0.001523	9.6
47	-0.666860	498.704137	0.006076	13.3
48	-0.000075	496.693228	0.000015	8.6
49	-1.466597	494.703798	0.010243	8.7
50	-0.863281	492.735476	0.006579	8.5
51	-0.000000	490.787900	0.000000	7.9
52	-0.950428	488.860718	0.010058	21.0
53	-0.876389	486.953585	0.011035	9.0
54	-1.165260	485.066164	0.012790	8.2
55	-0.014145	483.198126	0.001590	8.5
56	-1.698242	481.349149	0.005964	12.2
57	-1.270453	479.518920	0.007850	8.3
58	-0.167279	477.707132	0.002253	8.3
59	-0.806977	475.913485	0.008742	9.8
60	-0.068057	474.137684	0.000587	12.5
61	-1.133763	472.379445	0.008468	13.7
62	-0.154640	470.638485	0.004227	9.5
63	-1.627549	468.914531	0.012504	14.1
64	-1.104157	467.207315	0.008688	11.6
65	-0.000000	465.516573	0.000000	8.7
66	-1.671876	463.842050	0.009361	8.2
67	-1.188866	462.183494	0.009212	8.0
68	-0.806901	460.540658	0.004632	8.0
69	-1.381977	458.913303	0.016018	12.8
70	-0.802747	457.301192	0.014311	10.0
71	-1.081561	455.704096	0.011643	15.0
72	-1.111716	454.121787	0.028891	13.6
73	-1.039612	452.554045	0.007908	14.7
74	-0.325471	451.000653	0.000714	10.6
75	-1.152598	449.461399	0.018789	13.3
76	-1.059126	447.936075	0.022571	18.0
77	-0.710866	446.424477	0.022483	13.2
78	-0.448886	444.926406	0.003132	11.4
79	-0.425794	443.441666	0.008769	8.1
80	-0.000000	441.970065	0.000000	12.2
81	-0.000000	440.511415	0.000000	8.4
82	-1.653050	439.065533	0.013867	7.9
83	-1.255088	437.632238	0.010571	8.0
84	-1.230756	436.211351	0.008967	7.6
85	-0.000000	434.802701	0.000000	11.3
86	-1.016327	433.406117	0.011033	7.6
87	-1.091338	432.021430	0.007579	7.6
88	-1.015461	430.648479	0.008104	7.6
89	-0.000014	429.287101	0.000003	7.7
90	-0.522383	427.937140	0.006154	10.0
91	-0.111629	426.598440	0.002504	7.9
92	-1.313257	425.270849	0.018079	7.5
93	-0.024425	423.954220	0.001875	7.6
94	-0.772056	422.648404	0.020942	7.6
95	-1.217962	421.353259	0.006292	10.2
96	-0.516559	420.068643	0.003589	7.9
97	-0.348859	418.794419	0.009317	7.1
98	-1.321944	417.530451	0.009293	7.6
99	-0.446835	416.276604	0.003686	7.7
100	-0.988002	415.032748	0.004648	9.7
101	-0.950341	413.798754	0.010127	8.7
102	-0.898431	412.574495	0.025944	7.6
103	-1.279441	411.359849	0.004824	7.8
104	-0.004961	410.154691	0.000200	7.7
105	-1.150715	408.958904	0.023791	10.0
106	-1.043009	407.772368	0.011893	8.6
107	-1.430994	406.594968	0.022378	7.8
108	-1.379452	405.426590	0.016521	7.6
109	-1.160114	404.267122	0.027100	7.6
110	-1.373367	403.116456	0.011907	10.3
111	-1.162166	401.974481	0.010530	7.9
112	-0.210638	400.841093	0.005943	7.0
113	-0.273252	399.716187	0.003539	8.3
114	-1.208715	398.599660	0.012815	7.5
115	-0.698595	397.491411	0.006740	10.5
116	0.000000	396.391342	0.000000	7.7
117	-1.134339	395.299353	0.019312	7.7
118	-0.644606	394.215350	0.006839	7.5
119	-0.117479	393.139238	0.002456	7.7
120	-0.211864	392.070924	0.004368	10.3
121	-0.358746	391.010316	0.004066	7.9
122	-1.304561	389.957325	0.017512	8.0
123	-0.803181	388.911862	0.007522	7.7
124	-0.003093	387.873839	0.000384	7.5
125	-1.585039	386.843173	0.015729	10.3
126	-1.464562	385.819777	0.018361	7.8
127	-0.000000	384.803569	0.000000	7.6
128	-0.539649	383.794468	0.005665	7.5
129	-0.000005	382.792393	0.000001	7.5
130	-0.469744	381.797264	0.008109	10.9
131	-0.299753	380.809005	0.003572	8.9
132	-0.000000	379.827537	0.000000	8.0
133	-0.951261	378.852786	0.008081	8.1
134	-0.324311	377.884678	0.005751	8.0
135	-0.600247	376.923138	0.004349	11.7
136	-1.234472	375.968095	0.017135	8.0
137	-0.356363	375.019479	0.005194	7.9
138	-0.857909	374.077218	0.015405	8.0
139	-1.333015	373.141244	0.012061	7.8
140	-0.404562	372.211489	0.005302	11.7
141	-1.047822	371.287887	0.012602	8.4
142	-0.820331	370.370370	0.008565	8.4
143	-1.267684	369.458876	0.019400	8.3
144	-1.477964	368.553338	0.010702	8.4
145	-0.001617	367.653696	0.000202	12.2
146	-1.374706	366.759885	0.007002	8.3
147	-0.001547	365.871846	0.000239	8.3
148	-0.015123	364.989518	0.001322	8.3
149	-1.136998	364.112841	0.004877	8.6
150	-1.265446	363.241757	0.017453	13.2
151	-0.700866	362.376208	0.008194	8.1
152	-1.250511	361.516137	0.013907	8.2
153	-0.000001	360.661488	0.000000	7.8
154	-0.956285	359.812206	0.018825	9.4
155	-0.010529	358.968236	0.000719	10.7
156	-1.186910	358.129524	0.024047	8.8
157	-0.858128	357.296018	0.014243	8.2
158	-0.000000	356.467665	0.000000	8.9
159	-1.545675	355.644414	0.023075	11.7
160	-1.198106	354.826213	0.015038	8.6
161	-1.593101	354.013012	0.012517	8.2
162	-0.619801	353.204763	0.007315	8.2
163	-0.130433	352.401415	0.003495	8.2
164	-1.216648	351.602922	0.010593	12.5
165	-0.123340	350.809235	0.003899	8.3
166	-1.331881	350.020308	0.013042	8.3
167	-0.806401	349.236095	0.005895	8.7
168	-0.000000	348.456550	0.000000	8.3
169	-0.179099	347.681627	0.005335	13.2
170	-1.311624	346.911283	0.012422	8.1
171	-0.000000	346.145474	0.000000	8.1
172	-1.268201	345.384157	0.017942	8.0
173	-0.638670	344.627288	0.008629	9.5
174	-1.194701	343.874826	0.015094	9.5
175	-1.267933	343.126729	0.023623	7.9
176	-0.000000	342.382957	0.000000	7.6
177	-0.643510	341.643469	0.007720	7.5
178	-1.324696	340.908224	0.010768	9.8
179	-0.464459	340.177184	0.004688	9.0
180	-1.245735	339.450309	0.007217	7.8
181	-1.574156	338.727561	0.021303	7.6
182	-1.074696	338.008902	0.012333	7.7
183	-0.005603	337.294295	0.000605	10.5
184	-0.821211	336.583703	0.015014	8.1
185	-0.296835	335.877089	0.004026	7.9
186	-0.266608	335.174416	0.003862	8.1
187	-1.434175	334.475651	0.019305	8.1
188	-0.000000	333.780756	0.000000	11.2
189	-1.213336	333.089698	0.012041	8.1
190	-1.492474	332.402443	0.009911	8.1
191	-0.833028	331.718955	0.005327	8.0
192	-0.000006	331.039203	0.000001	7.9
193	-0.646962	330.363153	0.020660	11.5
194	-1.306526	329.690771	0.014134	8.0
195	-0.714120	329.022027	0.009621	8.0
196	-0.067145	328.356888	0.001144	8.0
197	-0.007079	327.695322	0.000652	8.4
198	-0.037995	327.037299	0.002101	11.6
199	-1.213747	326.382787	0.006351	8.7
200	-0.920317	325.731758	0.007827	8.2
201	-0.466228	325.084179	0.005642	8.3
202	-1.242797	324.440023	0.023903	8.3
203	-0.129275	323.799258	0.001592	12.4
204	-0.973997	323.161858	0.014188	8.3
205	-1.232316	322.527792	0.010351	8.2
206	-0.008636	321.897034	0.000149	8.4
207	-0.000000	321.269554	0.000000	11.0
208	-0.000673	320.645325	0.000107	10.2
209	-1.046545	320.024320	0.010590	8.4
210	-0.219265	319.406512	0.003614	8.1
211	-1.444238	318.791875	0.013949	8.1
212	-1.200621	318.180381	0.008351	12.5
213	-0.721901	317.572005	0.004852	8.3
214	-0.211936	316.966721	0.003337	8.4
215	-1.460268	316.364504	0.007260	8.5
216	-0.370932	315.765329	0.004543	8.7
217	-0.000000	315.169170	0.000000	13.3
218	-0.000000	314.576003	0.000000	8.1
219	-1.398772	313.985804	0.014861	8.3
220	-1.437830	313.398548	0.010385	8.2
221	-1.517424	312.814213	0.012993	9.9
222	-0.005919	312.232773	0.000747	10.3
223	-0.000156	311.654207	0.000025	8.4
224	-1.322150	311.078491	0.009665	8.1
225	-0.022867	310.505602	0.000992	7.7
226	-0.000004	309.935518	0.000001	12.2
227	-1.579906	309.368217	0.009236	8.6
228	-0.999290	308.803676	0.007919	8.1
229	-1.561827	308.241874	0.008578	8.4
230	-0.391203	307.682789	0.008077	8.3
231	-1.424657	307.126400	0.012892	13.7
232	-0.293293	306.572687	0.006199	8.4
233	-1.368134	306.021627	0.009290	8.2
234	-0.643701	305.473201	0.006570	8.7
235	-0.524448	304.927388	0.006442	11.0
236	-0.564033	304.384168	0.018481	8.2
237	-0.000000	303.843521	0.000000	7.8
238	-0.000000	303.305427	0.000000	7.9
239	-0.168579	302.769867	0.004048	7.8
240	-0.919929	302.236821	0.018020	10.7
241	-0.011299	301.706270	0.000952	7.3
242	-1.291653	301.178196	0.014284	7.6
243	-0.994304	300.652580	0.013851	7.5
244	-1.391841	300.129402	0.012558	7.8
245	-0.532489	299.608645	0.005941	10.2
246	-0.716280	299.090291	0.004486	8.1
247	-1.575886	298.574321	0.013828	7.5
248	-1.290455	298.060718	0.010184	7.6
249	-0.811821	297.549465	0.007249	7.5
250	-0.083172	297.040543	0.004068	10.0
251	-0.280063	296.533936	0.003366	7.8
252	-1.241302	296.029626	0.009512	7.7
253	-0.385479	295.527597	0.015646	7.6
254	-0.959995	295.027832	0.015556	7.5
255	-0.000006	294.530315	0.000002	10.0
256	-1.510962	294.035028	0.010362	8.0
257	-0.184634	293.541956	0.004833	7.5
258	-0.051897	293.051083	0.001554	7.5
259	-0.915646	292.562393	0.007722	7.5
260	-0.000000	292.075870	0.000000	10.1
261	-1.092143	291.591498	0.005639	8.0
262	-1.414782	291.109263	0.020354	7.7
263	-1.214616	290.629149	0.015873	7.6
264	-1.254821	290.151140	0.011436	7.8
265	-1.218921	289.675222	0.012093	10.0
266	-1.365419	289.201380	0.010466	8.1
267	-0.030889	288.729600	0.001465	7.5
268	-0.884129	288.259866	0.009882	7.7
269	-0.635094	287.792165	0.008397	7.6
270	-0.700912	287.326481	0.012921	10.3
271	-0.874254	286.862802	0.019956	7.7
272	-0.371867	286.401113	0.002622	7.8
273	-0.420477	285.941400	0.014790	7.6
274	-1.046492	285.483649	0.007289	7.4
275	-0.791337	285.027847	0.007569	10.1
276	-0.128754	284.573981	0.002462	8.1
277	-1.429631	284.122037	0.009363	7.6
278	-1.217528	283.672002	0.012404	7.6
279	-0.419355	283.223863	0.004198	7.5
280	-1.526351	282.777607	0.014249	10.3
281	-0.032398	282.333221	0.001750	7.8
282	-0.005659	281.890692	0.000154	7.7
283	-1.428504	281.450008	0.015587	7.6
284	-1.453723	281.011157	0.006521	7.6
285	-1.633392	280.574125	0.013166	10.1
286	-0.505293	280.138901	0.013579	8.4
287	-0.000113	279.705473	0.000020	7.5
288	-0.753499	279.273829	0.023618	7.7
289	-1.141266	278.843956	0.010155	7.5
290	-0.000000	278.415844	0.000000	10.2
291	-0.749834	277.989479	0.013690	7.7
292	-0.568923	277.564851	0.008874	7.6
293	-1.252085	277.141949	0.018564	7.6
294	-1.428469	276.720761	0.012361	8.1
295	-0.100398	276.301275	0.003324	10.3
296	-0.983938	275.883480	0.009175	9.2
297	-0.817328	275.467366	0.004952	8.1
298	-1.117591	275.052922	0.010989	7.5
299	-0.724388	274.640136	0.003026	7.7
300	-1.167748	274.228998	0.027039	12.1
301	-1.039408	273.819497	0.018880	8.4
302	-1.182376	273.411623	0.006885	8.5
303	-1.252918	273.005365	0.009167	8.1
304	-0.043004	272.600712	0.001779	8.7
305	-1.185876	272.197655	0.020048	14.4
306	-1.256259	271.796184	0.010315	8.6
307	-1.544963	271.396287	0.014035	8.6
308	-0.059365	270.997956	0.001569	8.3
309	-1.234066	270.601180	0.008637	12.3
310	-0.000001	270.205949	0.000000	9.6
311	-0.086007	269.812254	0.002774	10.7
312	-0.414175	269.420085	0.010401	11.5
313	-0.203733	269.029432	0.003458	16.2
314	-0.642172	268.640287	0.007096	10.6
315	-0.759070	268.252638	0.013153	10.7
316	-1.046991	267.866478	0.019261	12.7
317	-1.298126	267.481796	0.008146	13.9
318	-1.570989	267.098584	0.013139	8.0
319	-1.229118	266.716833	0.004964	8.8
320	-0.005227	266.336533	0.000308	8.0
321	-0.828054	265.957676	0.009332	11.0
322	-0.000000	265.580253	0.000000	9.4
323	-0.418283	265.204254	0.003192	10.1
324	-0.000000	264.829672	0.000000	8.3
325	-0.579241	264.456497	0.014050	8.3
326	-0.000001	264.084721	0.000000	15.5
327	-1.504953	263.714335	0.010023	9.5
328	-0.467555	263.345332	0.004577	9.9
329	-0.952125	262.977702	0.005948	11.6
330	-0.001860	262.611438	0.000298	10.3
331	-0.719693	262.246531	0.005516	7.9
332	-1.220974	261.882973	0.007645	9.6
333	-0.827842	261.520756	0.006866	9.8
334	-0.000284	261.159871	0.000039	13.5
335	-0.393303	260.800312	0.005326	10.3
336	-0.658504	260.442070	0.013303	10.0
337	-0.870135	260.085137	0.007751	8.1
338	-1.354008	259.729505	0.011060	13.3
339	-1.053436	259.375167	0.009402	10.4
340	-1.256820	259.022116	0.015146	8.0
341	-0.892465	258.670343	0.023558	9.3
342	-0.000000	258.319841	0.000000	13.5
343	-1.515889	257.970602	0.018278	12.1
344	-0.000047	257.622620	0.000010	11.1
345	-1.000880	257.275887	0.015613	10.5
346	-1.271134	256.930396	0.010724	12.6
347	-1.471418	256.586139	0.021073	9.8
348	-0.000000	256.243109	0.000000	10.4
349	-1.646979	255.901300	0.016777	7.9
350	-1.134693	255.560703	0.010744	9.4
351	-1.372152	255.221313	0.010554	13.0
352	-0.563737	254.883122	0.006743	10.1
353	-1.177215	254.546124	0.017489	9.6
354	-1.291902	254.210311	0.007110	8.4
355	-0.007085	253.875677	0.000764	12.0
356	-0.212014	253.542215	0.003341	10.2
357	-1.275562	253.209918	0.013076	10.8
358	-0.668158	252.878781	0.018782	11.6
359	-0.000000	252.548795	0.000000	11.8
360	-0.924855	252.219956	0.008079	7.9
361	-0.743844	251.892255	0.009399	8.2
362	-0.007062	251.565688	0.000355	7.6
363	-1.292198	251.240247	0.019771	12.4
364	-0.349999	250.915926	0.005905	7.9
365	-0.668913	250.592720	0.010561	9.8
366	-0.141763	250.270621	0.003197	10.3
367	-1.245803	249.949624	0.006323	54.1
368	-0.651324	249.629723	0.009543	60.7
369	-1.391777	249.310911	0.014018	20.4
370	-0.000143	248.993182	0.000033	10.8
371	-0.527199	248.676531	0.005793	15.1
372	-0.000000	248.360952	0.000000	9.5
373	-0.982927	248.046438	0.008460	10.1
374	-1.557615	247.732984	0.011559	8.0
375	-1.496091	247.420584	0.007724	8.7
376	-0.731295	247.109233	0.009848	15.4
377	-0.000000	246.798924	0.000000	9.9
378	-1.221841	246.489652	0.005270	9.9
379	-0.000042	246.181412	0.000010	12.7
380	-0.675427	245.874197	0.015173	10.5
381	-1.439562	245.568002	0.004945	10.0
382	-1.622282	245.262822	0.012624	10.6
383	-0.155037	244.958652	0.002397	11.7
384	-1.489855	244.655485	0.007512	8.1
385	-1.079607	244.353317	0.017708	10.2
386	-0.000001	244.052142	0.000000	9.4
387	-0.297071	243.751955	0.003667	8.1
388	-0.013762	243.452750	0.000842	14.3
389	-0.000000	243.154523	0.000000	10.1
390	-0.830086	242.857268	0.024843	10.4
391	-1.455592	242.560980	0.014813	11.4
392	-1.026446	242.265654	0.017462	11.5
393	-0.009253	241.971285	0.000328	10.9
394	-1.468139	241.677868	0.005006	10.5
395	-1.348021	241.385397	0.009928	12.9
396	-1.156042	241.093869	0.010106	8.5
397	-0.000001	240.803278	0.000000	10.2
398	-1.291231	240.513619	0.009396	10.9
399	-0.015777	240.224887	0.000973	9.6
400	-0.144914	239.937077	0.002577	11.6
401	-0.009762	239.650186	0.000576	10.4
402	-0.000000	239.364207	0.000000	7.7
403	-0.335136	239.079136	0.004939	8.5
404	-1.658851	238.794969	0.012047	13.8
405	-1.460813	238.511701	0.011001	11.2
406	-0.370976	238.229327	0.018701	11.4
407	-0.000000	237.947843	0.000000	14.9
408	-0.209567	237.667244	0.001559	11.4
409	-1.261700	237.387526	0.012339	11.4
410	-1.182413	237.108684	0.011116	10.0
411	-0.000000	236.830714	0.000000	12.9
412	-1.570799	236.553610	0.011387	10.2
413	-0.605826	236.277370	0.027627	10.1
414	-1.236655	236.001989	0.009008	8.4
415	-1.565606	235.727461	0.009617	12.4
416	-1.037209	235.453784	0.011225	10.8
417	-0.562225	235.180952	0.009100	11.6
418	-0.494256	234.908962	0.008897	10.7
419	-0.674395	234.637809	0.014439	14.0
420	-1.102019	234.367488	0.009000	8.5
421	-0.980577	234.097997	0.006129	10.2
422	-1.391961	233.829331	0.003318	12.4
423	-1.342372	233.561485	0.004200	10.7
424	-0.633617	233.294456	0.009619	12.0
425	-1.467345	233.028239	0.011025	10.3
426	-0.970044	232.762831	0.017936	14.1
427	-0.000000	232.498228	0.000000	10.6
428	-0.635057	232.234425	0.015524	9.5
429	-1.354143	231.971419	0.005895	8.1
430	-1.229891	231.709205	0.009662	12.9
431	-0.561938	231.447781	0.012095	12.0
432	-1.280797	231.187141	0.012352	10.6
433	-0.088006	230.927283	0.001685	10.6
434	-0.868859	230.668202	0.002819	12.8
435	0.000000	230.409895	0.000000	7.1
436	-0.040218	230.152358	0.001506	10.7
437	-0.689552	229.895587	0.009652	9.9
438	-1.504731	229.639578	0.010235	9.3
439	-1.054637	229.384329	0.011327	13.2
440	-0.095960	229.129834	0.002020	11.1
441	-1.271988	228.876091	0.011760	18.3
442	-0.000000	228.623096	0.000000	23.3
443	-0.820943	228.370846	0.010333	15.6
444	-0.000208	228.119336	0.000029	10.6
445	-0.000000	227.868563	0.000000	16.0
446	-0.501132	227.618525	0.007572	8.9
447	-1.149737	227.369216	0.015152	8.3
448	-1.206011	227.120635	0.008127	11.0
449	-0.052773	226.872777	0.001905	17.2
450	-0.230001	226.625638	0.004162	21.6
451	-1.090834	226.379217	0.012403	29.6
452	-0.786713	226.133509	0.003961	29.4
453	-0.000000	225.888510	0.000000	24.4
454	-0.040041	225.644218	0.001286	29.6
455	-0.172462	225.400630	0.003398	19.9
456	-1.671325	225.157741	0.016118	24.3
457	-0.516588	224.915549	0.006946	22.1
458	-0.137842	224.674051	0.002244	20.3
459	-1.072131	224.433242	0.018027	32.5
460	-0.671969	224.193121	0.005819	30.8
461	0.000000	223.953684	0.000000	20.0
462	-0.999246	223.714927	0.024696	29.7
463	-0.727015	223.476848	0.018863	21.7
464	-1.062506	223.239444	0.014647	30.1
465	-0.443035	223.002710	0.009615	18.7
466	-1.338749	222.766645	0.010343	22.7
467	-1.171012	222.531245	0.021539	17.9
468	-1.181858	222.296508	0.010937	21.7
469	-1.326710	222.062429	0.007036	31.1
470	-1.050432	221.829007	0.008365	12.5
471	-1.615649	221.596238	0.010667	19.0
472	-0.618211	221.364119	0.006987	7.8
473	-0.474463	221.132647	0.006775	9.8
474	-1.525964	220.901820	0.008836	8.1
475	0.000000	220.671634	0.000000	8.3
476	-1.523007	220.442086	0.005901	11.4
477	-0.873913	220.213174	0.010535	7.7
478	-0.844552	219.984895	0.005508	7.9
479	-1.061067	219.757246	0.018398	7.8
480	-1.428644	219.530224	0.012364	8.8
481	-1.014964	219.303826	0.007832	10.2
482	-1.484140	219.078050	0.010585	9.2
483	-0.006808	218.852893	0.000488	7.9
484	-1.561892	218.628352	0.012857	8.2
485	-1.355417	218.404424	0.007384	11.5
486	-1.264665	218.181106	0.021576	8.5
487	-1.184549	217.958397	0.005526	8.4
488	-0.032534	217.736292	0.001153	8.5
489	-1.290572	217.514790	0.014456	8.2
490	-0.593323	217.293888	0.016896	13.5
491	-1.183969	217.073584	0.026484	8.5
492	-0.017256	216.853873	0.000775	8.2
493	-0.000001	216.634755	0.000000	12.0
494	-1.468522	216.416227	0.016538	18.5
495	-0.263597	216.198285	0.002874	10.5
496	0.000000	215.980927	0.000000	8.1
497	-0.765733	215.764151	0.006842	11.7
498	-0.017375	215.547955	0.000958	14.2
499	-0.222245	215.332335	0.004229	8.2
500	-0.749528	215.117289	0.015225	13.9
501	-1.084018	214.902815	0.014194	14.1
502	-1.072563	214.688911	0.011021	9.5
503	-1.200946	214.475573	0.014376	7.9
504	-0.135647	214.262800	0.004628	8.0
505	-1.536886	214.050588	0.004773	7.8
506	-0.642763	213.838936	0.013106	12.2
507	-0.055345	213.627842	0.002961	8.3
508	-0.095504	213.417302	0.002504	8.0
509	-0.843590	213.207314	0.002481	8.2
510	-1.380039	212.997877	0.008553	8.1
511	-0.857648	212.788987	0.022419	12.0
512	-0.101642	212.580642	0.001459	8.1
513	-0.575283	212.372841	0.019143	8.1
514	-0.183769	212.165581	0.002698	8.0
515	-0.000000	211.958859	0.000000	8.0
516	-0.702263	211.752673	0.007178	11.9
517	-1.382070	211.547021	0.010875	8.2
518	-0.797362	211.341902	0.007400	8.1
519	-0.910685	211.137311	0.003696	8.1
520	-1.443016	210.933248	0.010567	8.2
521	-0.136041	210.729710	0.003470	11.9
522	-0.000490	210.526695	0.000082	7.8
523	-1.554889	210.324200	0.010337	8.0
524	-1.524656	210.122224	0.026058	8.0
525	-1.639195	209.920765	0.002662	7.9
526	-0.703272	209.719820	0.015797	11.1
527	-1.383645	209.519387	0.006510	7.8
528	-0.000000	209.319463	0.000000	8.1
529	-1.440421	209.120048	0.013401	8.4
530	-0.695414	208.921139	0.008291	7.9
531	-0.367429	208.722733	0.003792	12.5
532	-1.315468	208.524829	0.006844	8.5
533	-1.317386	208.327425	0.010220	8.2
534	-1.274964	208.130518	0.008134	8.0
535	-0.122788	207.934107	0.002924	8.0
536	-0.000000	207.738189	0.000000	11.0
537	-0.000000	207.542762	0.000000	7.2
538	-0.759861	207.347825	0.017316	8.1
539	-0.155974	207.153376	0.002926	8.1
540	-0.204486	206.959412	0.004886	8.0
541	-0.776228	206.765932	0.010589	11.6
542	-0.058403	206.572933	0.001566	8.1
543	-0.759526	206.380414	0.003594	8.3
544	0.000000	206.188373	0.000000	7.9
545	-1.358519	205.996807	0.007539	8.4
546	-1.316977	205.805716	0.007967	11.9
547	-0.000000	205.615096	0.000000	7.9
548	-0.695899	205.424946	0.016480	7.9
549	-1.098869	205.235265	0.021968	7.8
550	-1.054857	205.046050	0.009971	7.9
551	-0.968298	204.857299	0.008261	10.9
552	-1.189578	204.669011	0.011783	8.3
553	-1.394342	204.481184	0.021090	8.0
554	-1.566179	204.293816	0.004115	8.0
555	-0.410046	204.106905	0.006177	8.5
556	-0.842402	203.920449	0.006287	11.7
557	-1.136698	203.734447	0.011123	8.3
558	-0.000000	203.548896	0.000000	8.0
559	-0.000000	203.363795	0.000000	8.1
560	-0.520451	203.179143	0.006350	8.1
561	-1.639514	202.994937	0.015447	11.4
562	-1.256879	202.811176	0.019156	8.1
563	-1.208100	202.627857	0.012037	7.9
564	-1.510687	202.444980	0.012673	7.9
565	-0.420537	202.262543	0.008360	8.3
566	-1.246687	202.080543	0.018411	11.7
567	-1.527324	201.898979	0.011241	8.1
568	-0.111991	201.717849	0.003565	8.0
569	-1.267200	201.537153	0.018576	8.2
570	-1.275169	201.356887	0.011176	8.3
571	-1.021718	201.177050	0.012293	11.6
572	-0.066304	200.997642	0.002420	8.2
573	-0.011751	200.818659	0.000506	8.2
574	-1.006359	200.640100	0.011973	8.4
575	-0.000000	200.461965	0.000000	8.3
576	-0.000183	200.284250	0.000030	12.2
577	-0.581154	200.106955	0.014535	8.1
578	-0.933273	199.930078	0.011361	8.0
579	-1.017149	199.753617	0.008228	8.6
580	-0.040029	199.577571	0.001291	8.1
581	-0.000000	199.401938	0.000000	12.1
582	-1.333138	199.226717	0.007332	8.4
583	-1.225694	199.051905	0.009280	7.9
584	-0.160786	198.877502	0.004330	8.2
585	-0.000002	198.703506	0.000000	7.8
586	-1.108634	198.529916	0.007844	11.1
587	-1.640378	198.356729	0.012594	8.3
588	-0.155220	198.183944	0.003484	8.5
589	-1.025283	198.011560	0.007001	8.0
590	-1.316821	197.839576	0.014349	8.4
591	-1.514630	197.667989	0.006493	12.8
592	-0.000000	197.496798	0.000000	8.1
593	-0.009971	197.326002	0.000718	8.3
594	-0.000000	197.155600	0.000000	8.2
595	-0.814918	196.985589	0.006029	8.4
596	-0.000000	196.815969	0.000000	11.7
597	-0.438528	196.646738	0.004481	8.1
598	-1.273800	196.477894	0.016615	8.1
599	-0.238113	196.309436	0.003174	8.4
600	-0.353339	196.141363	0.004864	8.2
601	-0.138380	195.973673	0.001468	11.8
602	-0.760085	195.806365	0.003434	8.4
603	-1.051821	195.639437	0.011135	8.2
604	-1.422761	195.472888	0.012646	8.4
605	-1.043177	195.306717	0.002943	8.4
606	-1.441010	195.140922	0.019173	12.3
607	-0.000000	194.975501	0.000000	8.0
608	-1.450573	194.810454	0.006179	8.5
609	-0.570192	194.645779	0.006096	8.1
610	-1.250984	194.481475	0.017984	8.2
611	-0.409745	194.317540	0.004358	12.7
612	-0.000000	194.153973	0.000000	8.2
613	-0.706359	193.990773	0.003855	8.3
614	-0.587011	193.827938	0.004486	8.0
615	-0.799382	193.665467	0.008311	8.4
616	-0.826825	193.503358	0.005434	11.8
617	-0.000000	193.341611	0.000000	8.5
618	-1.211297	193.180224	0.009642	8.0
619	-0.147884	193.019196	0.003611	7.9
620	-1.032003	192.858525	0.010128	8.0
621	-0.814153	192.698210	0.012239	12.4
622	-0.689944	192.538251	0.015482	8.3
623	-1.590778	192.378644	0.008130	8.0
624	-0.000000	192.219391	0.000000	8.3
625	-1.403954	192.060488	0.016512	8.5
626	-1.633638	191.901935	0.007313	12.2
627	-0.000161	191.743730	0.000023	9.1
628	-1.630283	191.585873	0.017417	8.1
629	-0.379296	191.428362	0.008208	8.0
630	-1.487462	191.271196	0.005179	8.0
631	-1.185859	191.114374	0.022163	11.3
632	-1.180484	190.957893	0.006620	8.3
633	-1.039461	190.801755	0.002597	8.0
634	-1.524858	190.645956	0.010390	7.6
635	-0.669968	190.490495	0.004873	8.0
636	-0.733037	190.335373	0.021112	12.3
637	-0.988546	190.180587	0.016036	8.1
638	-0.348307	190.026136	0.003424	8.0
639	-0.771321	189.872019	0.007211	7.9
640	-0.000063	189.718235	0.000009	8.2
641	-1.052576	189.564782	0.004122	12.0
642	-0.000000	189.411661	0.000000	8.0
643	-1.300895	189.258868	0.006459	8.4
644	-0.000312	189.106404	0.000061	8.2
645	-1.606222	188.954267	0.011274	8.0
646	-0.051936	188.802456	0.001759	11.0
647	-1.098236	188.650969	0.009646	8.2
648	-0.096626	188.499807	0.002288	8.3
649	-0.170659	188.348967	0.003962	8.3
650	-1.470822	188.198448	0.021079	8.4
651	-1.476384	188.048250	0.008005	13.3
652	-1.499097	187.898371	0.006720	8.3
653	-0.013278	187.748810	0.001434	7.7
654	-0.789453	187.599566	0.008451	8.4
655	-0.783674	187.450638	0.006888	9.3
656	-0.679069	187.302025	0.022469	11.3
657	-1.397821	187.153725	0.014663	7.8
658	-0.810252	187.005739	0.004222	7.9
659	-0.756729	186.858064	0.019005	7.8
660	-1.029766	186.710699	0.021480	10.2
661	-0.000048	186.563645	0.000008	8.5
662	-0.903031	186.416898	0.010994	7.8
663	-1.542096	186.270459	0.009524	7.8
664	-1.456540	186.124326	0.003347	7.9
665	-1.400716	185.978499	0.010393	10.6
666	-1.337098	185.832976	0.011066	8.0
667	-1.190326	185.687756	0.013190	7.9
668	-1.587963	185.542838	0.009968	8.4
669	-0.002134	185.398222	0.000328	7.6
670	-0.061100	185.253906	0.002078	10.4
671	-0.146296	185.109889	0.004230	7.7
672	-1.326041	184.966170	0.011049	7.8
673	-0.533295	184.822748	0.006711	7.6
674	-0.905027	184.679623	0.015501	7.6
675	-0.000000	184.536792	0.000000	9.9
676	-0.000863	184.394256	0.000141	8.0
677	-0.693026	184.252013	0.008949	9.3
678	-0.007100	184.110062	0.000429	10.4
679	-0.910127	183.968403	0.007644	9.1
680	-1.139372	183.827034	0.018378	12.4
681	-0.168777	183.685954	0.003098	7.6
682	-1.103844	183.545163	0.004571	8.4
683	-0.265091	183.404658	0.003488	7.6
684	-1.027260	183.264441	0.007872	9.9
685	-1.587967	183.124509	0.010788	10.5
686	-1.277627	182.984861	0.007315	9.4
687	-0.123849	182.845497	0.003877	8.0
688	-0.696373	182.706416	0.010877	8.6
689	-0.633243	182.567616	0.009349	11.1
690	-1.182174	182.429098	0.010424	8.6
691	-0.017512	182.290859	0.000946	8.9
692	-0.002137	182.152899	0.000315	7.7
693	-0.572934	182.015217	0.004983	77.1
694	-0.792057	181.877813	0.013072	11.5
695	-1.064770	181.740684	0.009542	42.7
696	-1.112094	181.603832	0.005888	20.9
697	-1.142545	181.467253	0.014132	12.3
698	-0.000239	181.330948	0.000049	14.5
699	-0.813269	181.194916	0.009462	10.6
700	-0.984208	181.059155	0.011302	10.2
701	-0.008763	180.923666	0.000457	9.0
702	-1.380891	180.788446	0.007296	10.0
703	-0.741777	180.653496	0.023361	9.5
704	-1.016985	180.518814	0.007808	8.1
705	-1.079904	180.384399	0.008659	7.9
706	-1.000220	180.250251	0.007217	8.3
707	-0.429176	180.116369	0.001595	10.7
708	-1.240975	179.982752	0.017343	9.2
709	-1.339316	179.849398	0.015832	7.6
710	-1.676303	179.716308	0.005324	8.4
711	-1.062473	179.583480	0.008299	7.7
712	-0.718127	179.450913	0.010671	11.8
713	-1.161020	179.318607	0.015406	7.6
714	-0.000000	179.186561	0.000000	7.8
715	-0.956979	179.054774	0.004891	7.5
716	-0.795147	178.923245	0.007553	7.7
717	-0.145858	178.791973	0.003163	10.2
718	-1.467891	178.660958	0.008657	9.6
719	-0.689410	178.530199	0.008515	7.7
720	-0.948217	178.399694	0.009097	8.8
721	-0.705366	178.269444	0.006464	7.6
722	-0.771163	178.139447	0.005800	12.0
723	-1.324037	178.009702	0.009810	8.5
724	-1.435447	177.880209	0.003986	7.6
725	-1.178655	177.750967	0.020547	9.1
726	-0.786636	177.621975	0.006376	7.6
727	0.000000	177.493232	0.000000	12.1
728	-1.107517	177.364738	0.011265	7.6
729	-0.051942	177.236492	0.001870	7.6
730	-0.449533	177.108492	0.007310	7.6
731	-0.000011	176.980739	0.000002	8.1
732	-1.522133	176.853231	0.011588	10.5
733	-1.519382	176.725968	0.015440	9.0
734	-1.149572	176.598949	0.009665	7.7
735	-0.424275	176.472173	0.007046	8.6
736	-0.113124	176.345639	0.002395	8.3
737	-0.707234	176.219348	0.014780	12.1
738	-1.424309	176.093296	0.011108	8.8
739	-0.828542	175.967486	0.005952	8.6
740	-0.777596	175.841914	0.006513	8.8
741	-1.264685	175.716581	0.007809	8.2
742	-1.002008	175.591486	0.025148	7.9
743	-0.079619	175.466629	0.002751	8.3
744	-0.222556	175.342008	0.002870	8.8
745	-0.628681	175.217622	0.007052	9.0
746	-1.170597	175.093472	0.014026	8.5
747	-1.609790	174.969556	0.018533	8.2
748	-1.109197	174.845873	0.020746	9.4
749	-1.089284	174.722423	0.008333	8.4
750	-1.152617	174.599206	0.006013	9.4
751	-1.257493	174.476220	0.008068	10.1
752	-1.237715	174.353464	0.007985	7.9
753	-0.000271	174.230939	0.000050	8.3
754	-0.000000	174.108643	0.000000	7.6
755	-1.527958	173.986576	0.015633	8.7
756	-0.534524	173.864737	0.003699	8.5
757	-0.411551	173.743124	0.011522	9.3
758	-1.397399	173.621739	0.009515	8.2
759	-1.091064	173.500579	0.006464	8.5
760	-0.827236	173.379645	0.008670	8.0
761	-0.654784	173.258935	0.006778	9.7
762	-0.175434	173.138449	0.001483	8.1
763	-0.000612	173.018186	0.000076	8.8
764	-1.167946	172.898146	0.004001	8.5
765	-1.467167	172.778327	0.009398	8.9
766	-0.000002	172.658730	0.000000	8.4
767	-1.551988	172.539353	0.012188	8.7
768	-0.011434	172.420196	0.000348	8.2
769	-1.065018	172.301258	0.010300	8.3
770	-1.377246	172.182539	0.020302	7.6
771	-0.000000	172.064037	0.000000	8.6
772	-1.008374	171.945753	0.011097	8.6
773	-1.517252	171.827686	0.008043	8.3
774	-0.444219	171.709834	0.005979	7.9
775	-0.025490	171.592198	0.001156	9.1
776	-1.390254	171.474776	0.019369	7.9
777	-0.637668	171.357568	0.004530	9.0
778	-1.049306	171.240574	0.004624	8.9
779	-0.102886	171.123793	0.001844	9.0
780	-1.322008	171.007223	0.004279	8.1
781	-0.774544	170.890865	0.007066	8.4
782	-1.243956	170.774718	0.007062	8.7
783	-1.489475	170.658782	0.012839	8.7
784	-0.022475	170.543055	0.001176	8.8
785	-0.383488	170.427537	0.005007	8.1
786	-1.388713	170.312227	0.016784	9.8
787	-1.244249	170.197125	0.006495	7.9
788	-1.091192	170.082231	0.015927	8.8
789	-1.446182	169.967543	0.006184	8.4
790	-1.557545	169.853061	0.007336	9.0
791	-1.132248	169.738784	0.019879	8.4
792	-1.411814	169.624713	0.013792	9.1
793	-0.041609	169.510845	0.001745	8.7
794	-1.295003	169.397181	0.009405	9.7
795	-1.314486	169.283720	0.009866	12.7
796	-0.311372	169.170462	0.003997	13.9
797	-1.292500	169.057405	0.018234	13.8
798	-1.249538	168.944549	0.006801	12.9
799	-0.000110	168.831895	0.000023	12.1
800	-1.282516	168.719440	0.005862	10.3
801	-0.602185	168.607185	0.013037	9.5
802	-1.392972	168.495129	0.019754	9.7
803	-1.105760	168.383271	0.016727	7.6
804	-0.608631	168.271611	0.017061	8.5
805	-0.854762	168.160148	0.007480	8.7
806	-0.758857	168.048882	0.007448	9.5
807	-0.163516	167.937812	0.001248	7.9
808	-1.360209	167.826938	0.012448	8.0
809	-1.495285	167.716258	0.018959	7.8
810	-1.313461	167.605773	0.023031	13.3
811	-1.400304	167.495482	0.003549	16.1
812	-1.642933	167.385384	0.007799	16.5
813	-0.000000	167.275479	0.000000	15.4
814	-0.283527	167.165766	0.003584	39.6
815	-0.632787	167.056245	0.004324	32.7
816	-0.997733	166.946915	0.020736	31.0
817	-1.454888	166.837776	0.010123	18.9
818	-1.226494	166.728826	0.017011	15.6
819	-0.788407	166.620067	0.006928	13.4
820	-0.000000	166.511496	0.000000	15.6
821	-0.000008	166.403113	0.000001	14.0
822	-0.000000	166.294919	0.000000	15.0
823	-0.534135	166.186912	0.011412	11.3
824	-0.465374	166.079091	0.007972	11.9
825	-0.809898	165.971458	0.004858	13.2
826	-0.402559	165.864009	0.004394	12.3
827	-1.163163	165.756747	0.012453	12.4
828	-1.048726	165.649669	0.011008	13.2
829	-1.255991	165.542775	0.009217	9.8
830	-0.887491	165.436065	0.011165	10.6
831	-1.297695	165.329538	0.016362	8.0
832	-0.717587	165.223194	0.016279	11.3
833	-1.113669	165.117032	0.022111	13.2
834	-0.771447	165.011052	0.007135	13.9
835	-0.952098	164.905253	0.012726	8.0
836	-1.030936	164.799635	0.004219	9.5
837	-1.587166	164.694197	0.006003	9.0
838	-1.576534	164.588939	0.005981	8.4
839	-1.416835	164.483859	0.010339	8.4
840	-0.002277	164.378959	0.000179	7.8
841	-0.192393	164.274237	0.004737	8.4
842	-0.563886	164.169692	0.013397	7.4
843	-0.819370	164.065325	0.007714	8.4
844	-1.475000	163.961135	0.010519	7.6
845	-0.000811	163.857120	0.000153	8.1
846	-0.000000	163.753282	0.000000	7.6
847	-1.563376	163.649619	0.011467	8.5
848	-1.247410	163.546130	0.008623	7.7
849	-0.859256	163.442816	0.012719	8.7
850	-0.000421	163.339676	0.000063	8.0
851	-0.548472	163.236709	0.005694	8.0
852	-0.000220	163.133915	0.000042	7.9
853	-0.092239	163.031294	0.002648	8.4
854	-1.341339	162.928844	0.003267	7.5
855	-0.000008	162.826566	0.000002	8.1
856	-0.808829	162.724459	0.004875	7.7
857	-1.282227	162.622523	0.016487	8.2
858	-0.000000	162.520757	0.000000	7.6
859	-0.354583	162.419160	0.002746	7.8
860	-0.071405	162.317733	0.002093	7.9
861	-1.280778	162.216474	0.017852	7.5
862	-1.587143	162.115383	0.008313	8.3
863	-1.049726	162.014461	0.004393	7.4
864	-1.391971	161.913705	0.007342	8.7
865	-0.103444	161.813117	0.000698	7.6
866	-0.871595	161.712695	0.013576	9.1
867	-0.000000	161.612439	0.000000	12.7
868	-0.000000	161.512349	0.000000	13.7
869	-0.064930	161.412424	0.002004	9.7
870	-1.115051	161.312663	0.007011	9.5
871	-0.004979	161.213067	0.000436	8.0
872	-1.374349	161.113635	0.021486	8.5
873	-0.785816	161.014366	0.012822	7.5
874	-1.122455	160.915260	0.015122	12.9
875	-1.266964	160.816316	0.008559	15.2
876	-1.021057	160.717535	0.018888	12.8
877	-0.000000	160.618915	0.000000	13.4
878	-0.362316	160.520456	0.003117	13.9
879	-0.000000	160.422158	0.000000	7.7
880	-0.764605	160.324021	0.007770	11.6
881	-0.039456	160.226043	0.002414	8.6
882	-0.980058	160.128225	0.007963	8.5
883	-1.318712	160.030566	0.013808	7.9
884	-0.000063	159.933066	0.000008	10.8
885	-1.565919	159.835723	0.011306	13.1
886	-1.698876	159.738539	0.007515	13.9
887	-1.492494	159.641512	0.010048	7.7
888	-0.127071	159.544642	0.002300	9.1
889	-1.604234	159.447929	0.012793	8.2
890	-1.274313	159.351372	0.010077	7.8
891	-1.185391	159.254971	0.008102	7.8
892	-0.252097	159.158725	0.002490	7.9
893	-0.007034	159.062634	0.000498	7.8
894	-0.000000	158.966697	0.000000	8.5
895	-1.386532	158.870915	0.020182	8.9
896	-1.056588	158.775286	0.010313	14.9
897	-0.322472	158.679811	0.004312	9.8
898	-0.932516	158.584489	0.013693	7.9
899	-1.012577	158.489319	0.005069	8.2
900	-1.494676	158.394302	0.012097	7.7
901	-0.000000	158.299436	0.000000	7.3
902	-1.304915	158.204721	0.018472	7.8
903	-0.910008	158.110158	0.008833	7.9
904	-0.022105	158.015745	0.000605	7.7
905	-1.297785	157.921482	0.009790	8.1
906	-0.261147	157.827369	0.004428	8.1
907	-0.063684	157.733406	0.001570	8.5
908	-1.243883	157.639591	0.010667	8.2
909	-1.056883	157.545925	0.021227	7.9
910	-0.685811	157.452408	0.007622	7.7
911	-1.259955	157.359038	0.008657	7.8
912	-0.000000	157.265816	0.000000	7.7
913	-1.531559	157.172741	0.012818	7.9
914	-0.102553	157.079813	0.002576	7.7
915	-0.000000	156.987031	0.000000	7.9
916	-0.000530	156.894395	0.000070	8.4
917	-1.619793	156.801904	0.011104	7.9
918	-1.299432	156.709559	0.021787	7.7
919	-0.658082	156.617359	0.006687	7.8
920	-1.360921	156.525304	0.023958	7.8
921	-1.283429	156.433392	0.005292	7.9
922	-0.569602	156.341624	0.013088	8.0
923	0.000000	156.250000	0.000000	7.8
924	-1.169139	156.158519	0.012377	7.8
925	-0.653846	156.067180	0.010659	7.8
926	-0.000000	155.975984	0.000000	8.1
927	-1.107319	155.884930	0.012060	7.8
928	-0.072071	155.794017	0.001533	8.1
929	-0.715973	155.703246	0.009543	7.8
930	-1.485958	155.612615	0.008583	7.8
931	-0.647963	155.522125	0.007523	8.7
932	-0.618945	155.431775	0.007479	12.1
933	-0.000000	155.341565	0.000000	14.5
934	-1.182229	155.251495	0.011075	9.6
935	-1.311936	155.161563	0.014833	10.9
936	-1.357111	155.071771	0.009825	8.3
937	-1.187770	154.982117	0.010816	7.9
938	-1.222070	154.892601	0.013837	7.9
939	-1.453497	154.803222	0.011264	13.2
940	-0.000000	154.713981	0.000000	12.0
941	-1.577804	154.624878	0.006679	12.8
942	-1.556747	154.535910	0.016594	8.2
943	-0.000007	154.447080	0.000002	9.0
944	-0.943665	154.358385	0.011670	8.2
945	-1.108205	154.269826	0.020840	7.5
946	-0.000000	154.181402	0.000000	8.0
947	-0.972183	154.093114	0.012202	8.0
948	-0.871125	154.004960	0.006447	8.5
949	-0.000010	153.916940	0.000002	7.3
950	-1.493992	153.829054	0.006791	8.2
951	-0.000000	153.741303	0.000000	7.7
952	-0.753897	153.653684	0.014855	8.4
953	-0.562665	153.566198	0.020738	7.5
954	-0.180031	153.478846	0.003047	8.5
955	-1.311885	153.391625	0.005533	12.6
956	-0.528824	153.304537	0.007795	15.1
957	-1.330784	153.217580	0.007741	8.8
958	-1.590965	153.130755	0.010390	10.3
959	-0.000000	153.044061	0.000000	8.5
960	-1.304911	152.957498	0.008797	8.4
961	-0.000051	152.871065	0.000011	7.6
962	-0.006699	152.784762	0.000496	9.3
963	-0.000000	152.698589	0.000000	12.7
964	-0.922434	152.612545	0.005997	13.9
965	-1.324093	152.526631	0.006142	8.8
966	-1.507429	152.440845	0.015507	10.2
967	-0.651241	152.355188	0.008665	8.2
968	-1.079057	152.269660	0.003895	8.9
969	-0.087251	152.184259	0.003182	7.6
970	-1.250863	152.098986	0.012415	8.0
971	-0.000058	152.013840	0.000013	8.5
972	-0.907271	151.928821	0.002425	8.2
973	-0.488121	151.843928	0.004594	7.9
974	-0.000002	151.759163	0.000001	7.9
975	-1.402639	151.674523	0.016876	8.1
976	-1.535744	151.590009	0.007359	7.9
977	-0.000202	151.505620	0.000025	8.1
978	0.000000	151.421357	0.000000	7.9
979	-1.393089	151.337218	0.015633	8.3
980	-0.059853	151.253204	0.001193	7.9
981	-1.363293	151.169314	0.010734	7.9
982	-1.264739	151.085549	0.008245	7.9
983	-1.025270	151.001907	0.015215	8.1
984	-1.643996	150.918388	0.011533	8.7
985	-0.009195	150.834992	0.000797	7.9
986	-0.000000	150.751719	0.000000	8.1
987	-0.642946	150.668569	0.018999	8.0
988	-1.565997	150.585541	0.007200	8.0
989	-0.901881	150.502634	0.006578	7.9
990	-0.835900	150.419849	0.010294	7.9
991	-1.103503	150.337186	0.004225	8.6
992	-1.368403	150.254644	0.014236	8.7
993	-0.445233	150.172222	0.002235	12.9
994	-1.541937	150.089921	0.017610	15.3
995	-0.639376	150.007740	0.020037	8.2
996	-0.722693	149.925679	0.009951	12.5
997	-0.000003	149.843737	0.000001	13.1
998	-1.557079	149.761915	0.013170	14.5
999	-1.263023	149.680212	0.009208	8.6
1000	-0.806975	149.598627	0.010142	10.8
1001	-1.056935	149.517161	0.021292	7.5
1002	-0.628036	149.435814	0.005189	12.1
1003	-0.000001	149.354584	0.000000	12.5
1004	-1.431478	149.273472	0.016093	12.3
1005	-0.000000	149.192477	0.000000	11.2
1006	-0.000018	149.111599	0.000004	9.6
1007	-0.283563	149.030838	0.003903	7.6
1008	-0.000000	148.950194	0.000000	8.3
1009	-0.579931	148.869666	0.014157	7.7
1010	-1.128047	148.789253	0.007408	9.4
1011	-0.066777	148.708957	0.001752	10.0
1012	-0.945760	148.628776	0.006681	10.3
1013	-0.001553	148.548710	0.000265	15.0
1014	-0.039180	148.468759	0.001984	9.2
1015	-0.000020	148.388923	0.000005	11.2
1016	-1.219113	148.309201	0.023302	11.1
1017	-0.307756	148.229594	0.003972	10.3
1018	-0.458155	148.150100	0.004650	11.4
1019	-1.115179	148.070719	0.007809	12.9
1020	-0.000004	147.991452	0.000001	8.2
1021	-1.322198	147.912298	0.007467	8.5
1022	-0.570749	147.833257	0.009149	8.2
1023	-0.763843	147.754329	0.021239	8.2
1024	-1.267145	147.675512	0.013404	8.1
1025	-1.196311	147.596808	0.012002	8.1
1026	-0.684670	147.518216	0.008843	8.0
1027	-1.356825	147.439735	0.006979	9.3
1028	-0.345546	147.361365	0.006351	12.7
1029	-1.614059	147.283106	0.012188	12.7
1030	-0.032710	147.204958	0.001392	11.3
1031	-0.672990	147.126920	0.010772	13.0
1032	-1.223080	147.048993	0.013216	12.5
1033	-0.820729	146.971175	0.005636	15.4
1034	-1.460938	146.893468	0.018527	7.9
1035	-0.760191	146.815869	0.011166	9.2
1036	-1.494990	146.738380	0.015978	8.6
1037	-0.971949	146.661000	0.017030	7.5
1038	-1.208625	146.583729	0.011705	7.6
1039	-1.366992	146.506566	0.014032	8.5
1040	-0.967655	146.429511	0.017053	7.8
1041	-0.000726	146.352565	0.000111	7.6
1042	0.000000	146.275726	0.000000	7.2
1043	-1.304357	146.198994	0.014307	11.9
1044	-0.907057	146.122370	0.008758	12.4
1045	-1.063993	146.045853	0.011020	10.9
1046	-1.161664	145.969442	0.013761	9.9
1047	-1.113437	145.893139	0.006955	8.2
1048	-1.562357	145.816941	0.005574	8.8
1049	-1.296813	145.740849	0.014524	8.1
1050	-0.254456	145.664863	0.003739	8.1
1051	-1.074484	145.588983	0.014721	7.8
1052	-1.400648	145.513208	0.022501	11.3
1053	-1.383192	145.437538	0.014934	13.9
1054	-0.825985	145.361973	0.003316	13.1
1055	-0.231128	145.286513	0.005399	8.0
1056	-0.156387	145.211157	0.003395	8.8
1057	-0.173330	145.135905	0.004538	7.9
1058	-0.079928	145.060757	0.001742	10.9
1059	-0.006008	144.985712	0.000737	13.2
1060	-0.003191	144.910771	0.000450	14.9
1061	-0.030255	144.835934	0.001383	9.4
1062	-1.169332	144.761199	0.011287	8.3
1063	-1.368591	144.686567	0.015694	8.3
1064	-1.390712	144.612037	0.009849	7.9
1065	-1.148516	144.537610	0.009036	8.4
1066	-0.080461	144.463285	0.002008	7.7
1067	-1.282354	144.389062	0.024156	8.5
1068	-1.079511	144.314940	0.016349	7.5
1069	-0.730469	144.240920	0.008098	8.6
1070	-0.000707	144.167001	0.000114	12.0
1071	-0.736796	144.093182	0.006720	14.8
1072	-0.700460	144.019465	0.015668	8.1
1073	-1.448218	143.945848	0.006692	9.5
1074	-0.602355	143.872331	0.005667	7.8
1075	-0.000000	143.798914	0.000000	8.7
1076	-0.369670	143.725597	0.002558	7.6
1077	-1.385535	143.652380	0.017389	8.6
1078	-0.024870	143.579262	0.000776	7.6
1079	-0.559900	143.506243	0.008361	7.9
1080	-1.038270	143.433323	0.003563	7.6
1081	-1.629874	143.360502	0.009476	8.2
1082	-1.011727	143.287780	0.006239	7.5
1083	-1.432225	143.215155	0.005068	8.8
1084	-0.137206	143.142629	0.002374	7.6
1085	-1.077300	143.070201	0.005445	7.9
1086	-0.000000	142.997870	0.000000	6.9
1087	-1.081891	142.925637	0.009169	8.0
1088	-1.561132	142.853501	0.012500	7.7
1089	-1.322857	142.781462	0.005318	10.9
1090	-1.319214	142.709519	0.009572	12.3
1091	-1.399074	142.637674	0.012261	12.6
1092	-0.841768	142.565924	0.013310	9.7
1093	-1.503611	142.494271	0.018535	9.0
1094	-0.787958	142.422714	0.006677	8.7
1095	-1.545477	142.351252	0.011880	8.2
1096	-0.899774	142.279886	0.009146	8.2
1097	-0.040769	142.208616	0.001438	8.8
1098	-1.116995	142.137440	0.012176	7.5
1099	-1.568226	142.066360	0.006500	8.3
1100	-0.000000	141.995374	0.000000	7.6
1101	-1.617050	141.924483	0.009708	8.6
1102	-1.295800	141.853685	0.008025	7.6
1103	-0.866799	141.782983	0.004272	8.4
1104	-0.843192	141.712373	0.007446	8.4
1105	-1.802970	141.641858	0.004922	8.3
1106	-0.003481	141.571436	0.000307	7.4
1107	-1.254363	141.501108	0.009471	8.9
1108	-1.099692	141.430872	0.007452	7.5
1109	-1.143252	141.360730	0.010344	8.3
1110	-0.999860	141.290680	0.009189	7.4
1111	-1.107849	141.220722	0.016026	8.7
1112	0.000000	141.150857	0.000000	6.8
1113	-0.000000	141.081084	0.000000	8.6
1114	-1.344244	141.011403	0.012858	7.4
1115	-0.001498	140.941813	0.000191	8.4
1116	-0.731351	140.872315	0.006226	7.7
1117	-1.245176	140.802909	0.011910	8.0
1118	-1.285050	140.733593	0.026233	7.4
1119	-0.599171	140.664369	0.006026	8.2
1120	-0.005473	140.595235	0.000719	7.7
1121	-1.481223	140.526192	0.003525	8.0
1122	-0.000000	140.457239	0.000000	9.2
1123	-0.496991	140.388376	0.005497	8.3
1124	-0.000000	140.319603	0.000000	8.1
1125	-0.553463	140.250920	0.006602	8.3
1126	-0.006510	140.182326	0.000440	8.4
1127	-0.717064	140.113822	0.013496	7.8
1128	-0.434418	140.045407	0.006173	7.9
1129	-1.011221	139.977081	0.005313	7.7
1130	-0.239912	139.908844	0.005549	8.2
1131	-1.174206	139.840696	0.009589	7.8
1132	-1.026214	139.772635	0.015150	8.0
1133	-0.472254	139.704664	0.006192	7.8
1134	-0.893610	139.636780	0.006282	7.8
1135	-1.215648	139.568984	0.015827	7.8
1136	-0.940908	139.501276	0.008895	8.0
1137	-1.525544	139.433655	0.010731	7.8
1138	-1.395096	139.366122	0.018778	7.8
1139	-1.037101	139.298676	0.018587	7.8
1140	-1.462167	139.231317	0.010053	7.8
1141	-1.017455	139.164045	0.005705	7.8
1142	-1.239884	139.096859	0.017865	8.2
1143	-0.866480	139.029760	0.013073	7.8
1144	-0.000000	138.962747	0.000000	7.9
1145	-1.212870	138.895820	0.004769	7.9
1146	-1.575491	138.828978	0.007392	7.9
1147	-1.092402	138.762223	0.009599	8.2
1148	-1.453633	138.695553	0.013075	8.1
1149	-1.381080	138.628969	0.016976	11.8
1150	-1.560275	138.562469	0.010141	12.7
1151	-1.314229	138.496055	0.005500	16.4
1152	-1.136256	138.429725	0.007089	12.5
1153	-1.260670	138.363481	0.021934	16.5
1154	-0.434430	138.297320	0.006664	12.5
1155	-0.000000	138.231244	0.000000	14.8
1156	-0.000000	138.165252	0.000000	11.0
1157	-0.641900	138.099344	0.005706	7.6
1158	-0.285224	138.033520	0.004812	10.2
1159	-0.129691	137.967779	0.002290	8.6
1160	-1.061778	137.902122	0.006339	7.9
1161	-0.009433	137.836548	0.000622	7.5
1162	-1.527604	137.771057	0.018042	7.9
1163	-1.432408	137.705649	0.014839	7.9
1164	-0.607579	137.640324	0.014802	8.0
1165	-0.915506	137.575081	0.008545	7.9
1166	-1.602981	137.509921	0.004305	7.9
1167	-0.000000	137.444842	0.000000	7.7
1168	-1.222601	137.379846	0.010192	8.1
1169	-0.257468	137.314932	0.002789	7.9
1170	-0.000006	137.250100	0.000001	8.5
1171	-1.413653	137.185349	0.009385	8.3
1172	-0.066303	137.120680	0.001519	8.2
1173	-1.410824	137.056092	0.005666	8.1
1174	-0.692020	136.991585	0.016149	8.1
1175	-1.307477	136.927158	0.007001	8.1
1176	-0.850559	136.862813	0.003949	9.0
1177	-0.684062	136.798548	0.007900	8.1
1178	-0.000000	136.734363	0.000000	9.7
1179	-0.032450	136.670259	0.001193	8.2
1180	-0.744158	136.606235	0.004418	8.2
1181	-0.000000	136.542291	0.000000	8.4
1182	-0.000447	136.478426	0.000068	7.5
1183	-0.000000	136.414641	0.000000	8.3
1184	-1.566495	136.350936	0.007442	8.5
1185	-1.235539	136.287310	0.009345	8.2
1186	-0.898495	136.223763	0.007712	8.5
1187	-0.808449	136.160295	0.006777	8.3
1188	-1.207355	136.096905	0.019721	8.6
1189	-0.000000	136.033594	0.000000	8.2
1190	-0.880763	135.970362	0.019509	8.0
1191	-1.031704	135.907208	0.008441	8.3
1192	-1.168266	135.844133	0.009616	8.2
1193	-1.429836	135.781135	0.011244	8.3
1194	-1.040925	135.718215	0.004559	9.1
1195	-1.365545	135.655373	0.008711	8.8
1196	-1.308818	135.592608	0.012839	8.1
1197	-0.968590	135.529921	0.013186	8.2
1198	0.000000	135.467311	0.000000	8.3
1199	-0.000000	135.404778	0.000000	8.2
1200	-0.000008	135.342322	0.000002	6.9
1201	-0.003678	135.279942	0.000475	9.3
1202	-0.557668	135.217640	0.010025	8.3
1203	-0.639598	135.155413	0.008838	8.4
1204	-0.130798	135.093263	0.001291	8.7
1205	-0.932784	135.031190	0.018402	8.3
1206	-0.816139	134.969192	0.006671	8.5
1207	-1.365363	134.907270	0.005372	8.7
1208	-1.544193	134.845424	0.019033	8.4
1209	-0.703993	134.783653	0.005514	8.3
1210	-0.019659	134.721958	0.000757	8.1
1211	-0.463005	134.660338	0.008795	8.5
1212	-0.035113	134.598793	0.001491	8.1
1213	-0.003240	134.537323	0.000270	12.7
1214	-1.462581	134.475927	0.008723	7.6
1215	-0.278984	134.414607	0.005232	9.7
1216	-0.642624	134.353361	0.005588	8.3
1217	-1.334161	134.292189	0.009225	8.1
1218	-1.182303	134.231092	0.010174	8.7
1219	-1.234592	134.170068	0.004412	8.2
1220	-0.995248	134.109119	0.010403	8.2
1221	-1.379803	134.048243	0.010115	8.3
1222	-1.369473	133.987441	0.009156	8.4
1223	-1.158056	133.926713	0.014855	8.0
1224	-0.841716	133.866057	0.009784	8.0
1225	-1.229404	133.805475	0.003196	8.4
1226	-0.643945	133.744966	0.005362	9.2
1227	-1.364682	133.684530	0.009501	8.0
1228	-1.064533	133.624167	0.002600	9.1
1229	-1.351093	133.563877	0.010176	7.8
1230	-1.499849	133.503658	0.012519	8.9
1231	-1.085376	133.443513	0.018906	7.9
1232	-0.184147	133.383439	0.002109	8.4
1233	-0.996980	133.323437	0.012997	8.9
1234	-1.477232	133.263508	0.018078	11.9
1235	-0.211593	133.203650	0.005158	14.5
1236	-0.356951	133.143864	0.005228	8.6
1237	-0.036231	133.084149	0.001757	10.4
1238	-0.302149	133.024506	0.005851	8.5
1239	-0.819868	132.964934	0.007342	7.7
1240	-0.924076	132.905433	0.023511	8.0
1241	-0.760746	132.846003	0.003036	7.9
1242	-1.475105	132.786643	0.016184	8.1
1243	-0.071920	132.727355	0.001100	8.0
1244	-0.037517	132.668137	0.001143	8.1
1245	-1.463229	132.608989	0.009234	7.9
1246	-0.753437	132.549912	0.023856	7.9
1247	-0.000000	132.490904	0.000000	8.7
1248	-0.271456	132.431967	0.002848	8.4
1249	-1.542962	132.373100	0.009189	7.9
1250	-1.644723	132.314302	0.019142	7.9
1251	-0.000043	132.255574	0.000006	8.2
1252	-1.246547	132.196916	0.011142	7.8
1253	-0.415749	132.138326	0.005850	8.6
1254	-0.464379	132.079806	0.005427	13.0
1255	-1.090478	132.021355	0.012268	8.1
1256	-1.312128	131.962973	0.014385	8.4
1257	-1.401848	131.904660	0.011149	7.9
1258	-1.617612	131.846415	0.006911	7.9
1259	-0.931447	131.788239	0.016851	7.8
1260	-1.364194	131.730131	0.007459	7.9
1261	-1.325262	131.672092	0.022270	7.8
1262	-0.000000	131.614121	0.000000	7.9
1263	-1.190617	131.556217	0.010188	7.5
1264	-0.985523	131.498382	0.012197	7.6
1265	-1.429736	131.440614	0.012557	9.0
1266	-1.113935	131.382914	0.016306	7.6
1267	-1.406302	131.325282	0.012496	7.5
1268	-1.264888	131.267717	0.009893	7.7
1269	-1.409502	131.210219	0.012699	7.5
1270	-0.078062	131.152788	0.002805	7.4
1271	-1.353730	131.095424	0.016178	7.4
1272	-0.937655	131.038127	0.012415	7.5
1273	-1.277741	130.980897	0.012074	7.8
1274	-1.078032	130.923733	0.007280	7.5
1275	-0.142704	130.866636	0.002000	7.5
1276	-1.254341	130.809605	0.008232	7.4
1277	-0.827058	130.752641	0.009989	8.6
1278	-1.501306	130.695742	0.006598	8.7
1279	-0.673867	130.638910	0.009972	7.5
1280	-1.545883	130.582143	0.018073	7.6
1281	-1.537141	130.525442	0.013940	7.7
1282	-1.460116	130.468807	0.010508	8.1
1283	-1.598353	130.412237	0.018838	9.1
1284	-0.480857	130.355733	0.004398	8.6
1285	-1.468972	130.299294	0.011560	7.8
1286	-1.368974	130.242920	0.008513	7.5
1287	-0.876619	130.186611	0.015223	7.6
1288	-0.015270	130.130366	0.000691	7.5
1289	-0.602532	130.074187	0.005747	7.6
1290	-0.006398	130.018072	0.000387	7.4
1291	-1.128289	129.962022	0.011436	7.6
1292	-0.735310	129.906036	0.008455	7.5
1293	-0.726320	129.850114	0.009567	7.5
1294	-0.249399	129.794257	0.005101	8.4
1295	-0.938290	129.738463	0.010026	7.6
1296	-0.110974	129.682734	0.002806	7.8
1297	-1.443154	129.627068	0.006174	8.4
1298	-1.334714	129.571466	0.005285	7.9
1299	-0.793734	129.515927	0.012457	7.9
1300	-0.699138	129.460452	0.006826	7.8
1301	-0.887277	129.405040	0.020321	7.8
1302	-0.000726	129.349692	0.000146	8.2
1303	-0.000000	129.294406	0.000000	7.7
1304	-0.000302	129.239183	0.000045	7.3
1305	-1.249650	129.184024	0.005733	8.1
1306	-0.220141	129.128927	0.003071	8.2
1307	-0.000000	129.073892	0.000000	8.5
1308	-1.543543	129.018921	0.017277	8.3
1309	-0.310624	128.964011	0.006333	8.1
1310	-1.064076	128.909164	0.010188	12.7
1311	-0.947596	128.854379	0.014555	8.2
1312	-0.000000	128.799656	0.000000	8.8
1313	-1.551899	128.744995	0.016976	8.2
1314	-1.465717	128.690396	0.015372	8.4
1315	-1.498446	128.635858	0.005767	8.3
1316	-0.399075	128.581382	0.003705	8.3
1317	-1.316305	128.526968	0.011940	8.1
1318	-0.066124	128.472615	0.001915	8.3
1319	-1.267564	128.418323	0.009277	8.1
1320	-0.000000	128.364092	0.000000	8.1
1321	-0.000000	128.309922	0.000000	8.7
1322	-1.459500	128.255814	0.011365	8.2
1323	-1.304934	128.201766	0.024864	8.4
1324	-1.596544	128.147778	0.008835	8.2
1325	-1.146743	128.093852	0.019090	8.1
1326	-1.037867	128.039985	0.003899	9.6
1327	-0.969324	127.986180	0.005104	8.0
1328	-1.378570	127.932434	0.018158	7.6
1329	-0.636207	127.878749	0.014911	8.9
1330	-0.697727	127.825123	0.010666	8.1
1331	-0.000000	127.771558	0.000000	8.8
1332	-0.375188	127.718052	0.006142	8.4
1333	-1.113926	127.664606	0.008169	8.5
1334	-0.098756	127.611220	0.002307	8.7
1335	-1.247420	127.557893	0.005967	8.2
1336	-1.294768	127.504625	0.011530	8.2
1337	-1.470877	127.451417	0.008426	8.3
1338	-0.954333	127.398268	0.012955	8.3
1339	-0.967655	127.345178	0.009113	8.4
1340	-0.916160	127.292147	0.007322	8.2
1341	-1.177632	127.239175	0.018734	8.5
1342	-1.606666	127.186261	0.005541	8.1
1343	-0.747765	127.133407	0.014884	8.3
1344	-0.807270	127.080610	0.018319	8.1
1345	-0.339860	127.027872	0.002194	8.2
1346	-0.517860	126.975193	0.006100	9.2
1347	-1.317855	126.922572	0.007962	7.5
1348	-1.556697	126.870008	0.008911	9.1
1349	-0.760101	126.817503	0.004674	7.7
1350	-0.000002	126.765056	0.000000	9.1
1351	0.000000	126.712667	0.000000	7.7
1352	-0.920946	126.660335	0.007632	8.4
1353	-0.099668	126.608061	0.001978	8.1
1354	-0.000000	126.555844	0.000000	8.3
1355	-0.814893	126.503685	0.008859	8.2
1356	-0.948710	126.451583	0.018488	8.9
1357	-0.528587	126.399538	0.007039	8.4
1358	-1.179586	126.347550	0.008890	8.4
1359	-0.001095	126.295619	0.000148	8.4
1360	-0.744976	126.243745	0.011944	11.8
1361	-0.000114	126.191928	0.000025	11.8
1362	-0.173956	126.140168	0.003476	10.0
1363	-1.080162	126.088464	0.017769	17.0
1364	-0.753079	126.036817	0.005520	8.0
1365	-1.068926	125.985226	0.011518	9.3
1366	-1.617448	125.933691	0.011531	8.3
1367	-0.968129	125.882212	0.004386	8.0
1368	-0.614439	125.830790	0.009023	7.9
1369	-0.000041	125.779423	0.000008	8.0
1370	-1.506207	125.728113	0.016844	7.9
1371	-0.178472	125.676858	0.002762	8.3
1372	-0.000006	125.625659	0.000001	7.7
1373	-0.835878	125.574515	0.007990	8.0
1374	-0.000000	125.523427	0.000000	7.9
1375	-0.605003	125.472394	0.005067	11.1
1376	-1.196937	125.421417	0.010335	11.7
1377	-1.592607	125.370495	0.009681	16.5
1378	-1.561594	125.319628	0.013152	12.5
1379	-0.722271	125.268815	0.013874	13.0
1380	-1.204268	125.218058	0.015730	11.6
1381	-1.162066	125.167356	0.010473	14.0
1382	-1.255281	125.116708	0.012023	14.8
1383	-1.611380	125.066115	0.016292	12.5
1384	-0.000176	125.015576	0.000027	14.4
1385	-1.401168	124.965092	0.016834	13.4
1386	-1.465341	124.914662	0.009821	13.8
1387	-0.684517	124.864287	0.008654	15.4
1388	-0.219775	124.813965	0.002456	13.2
1389	-0.000015	124.763698	0.000003	14.6
1390	-0.432317	124.713485	0.004674	13.1
1391	-1.258021	124.663325	0.007167	14.0
1392	-0.642998	124.613219	0.012678	13.5
1393	-0.459310	124.563167	0.004946	14.6
1394	-1.278450	124.513168	0.017196	12.6
1395	-0.001593	124.463223	0.000227	15.4
1396	-1.604134	124.413332	0.012452	10.1
1397	-1.140733	124.363493	0.006256	11.4
1398	-1.080512	124.313708	0.009893	8.0
1399	-0.626088	124.263976	0.016065	14.6
1400	-0.000000	124.214297	0.000000	14.1
1401	-1.578978	124.164671	0.007010	12.0
1402	-1.303591	124.115097	0.004083	8.0
1403	-1.177821	124.065577	0.016229	9.1
1404	-0.621055	124.016109	0.004872	7.5
1405	-1.201218	123.966693	0.007506	8.0
1406	-1.283533	123.917330	0.012747	7.7
1407	-0.116930	123.868020	0.002019	8.1
1408	-1.491174	123.818762	0.011780	7.5
1409	-1.237660	123.769556	0.009967	9.4
1410	-0.000840	123.720402	0.000107	12.4
1411	-0.607813	123.671300	0.009487	14.9
1412	-1.088122	123.622250	0.010405	14.5
1413	-0.681333	123.573252	0.008209	14.1
1414	-1.335750	123.524305	0.015516	13.1
1415	-0.837673	123.475411	0.017159	14.2
1416	-0.024236	123.426568	0.002273	13.8
1417	-0.332309	123.377776	0.003574	14.2
1418	-0.240409	123.329036	0.004576	13.2
1419	-0.095212	123.280347	0.003202	13.4
1420	-0.387055	123.231709	0.003582	14.4
1421	-1.633138	123.183122	0.014347	12.9
1422	-0.638777	123.134587	0.004838	15.6
1423	-0.133845	123.086102	0.001894	13.7
1424	-0.732921	123.037669	0.004639	14.9
1425	-0.621314	122.989286	0.004693	9.9
1426	-1.514079	122.940954	0.005765	10.6
1427	-1.529745	122.892672	0.003567	8.7
1428	-0.023209	122.844441	0.001643	15.3
1429	-0.955671	122.796261	0.006379	14.4
1430	-0.000000	122.748130	0.000000	11.6
1431	-0.724936	122.700050	0.005527	9.5
1432	-1.282611	122.652021	0.006340	8.0
1433	-0.789224	122.604041	0.013187	11.8
1434	-0.000001	122.556111	0.000000	14.9
1435	-1.556711	122.508232	0.010055	10.6
1436	-0.367268	122.460402	0.005215	11.2
1437	-0.000000	122.412622	0.000000	9.8
1438	-1.118458	122.364891	0.007670	11.4
1439	-0.883283	122.317210	0.010676	13.8
1440	-0.000000	122.269579	0.000000	12.4
1441	-1.423822	122.221997	0.012366	12.8
1442	-0.863828	122.174465	0.004634	13.3
1443	0.000000	122.126981	0.000000	11.9
1444	-1.418572	122.079547	0.014783	13.3
1445	-1.033215	122.032162	0.008189	11.7
1446	-1.645552	121.984826	0.011026	15.5
1447	-0.004417	121.937539	0.000555	13.4
1448	-0.138060	121.890301	0.002150	14.2
1449	-0.697749	121.843112	0.011436	10.2
1450	-1.158617	121.795971	0.005878	10.5
1451	-0.068179	121.748879	0.002397	13.0
1452	-0.015741	121.701835	0.001138	14.3
1453	-1.333922	121.654840	0.014748	13.8
1454	-1.232438	121.607893	0.009681	14.2
1455	-0.336012	121.560994	0.005505	11.6
1456	-1.137985	121.514144	0.016750	7.9
1457	-0.000058	121.467342	0.000014	13.8
1458	-1.545410	121.420588	0.012564	12.4
1459	-0.000270	121.373882	0.000051	15.3
1460	-1.249775	121.327223	0.012566	8.4
1461	-0.573675	121.280613	0.006388	10.7
1462	-1.319493	121.234050	0.018746	12.6
1463	-1.431302	121.187535	0.013107	15.7
1464	-1.035003	121.141067	0.005546	8.5
1465	-1.168824	121.094647	0.014715	8.2
1466	-0.000000	121.048274	0.000000	8.3
1467	-0.157110	121.001949	0.002264	11.9
1468	-1.285677	120.955671	0.017407	14.7
1469	-1.151152	120.909440	0.015333	8.7
1470	-0.105396	120.863256	0.002518	10.0
1471	-0.995096	120.817119	0.011034	8.5
1472	-1.422142	120.771029	0.015988	8.8
1473	-0.822791	120.724986	0.007253	7.5
1474	-1.390805	120.678990	0.022514	9.0
1475	-0.000000	120.633040	0.000000	7.6
1476	-0.805047	120.587137	0.018140	9.5
1477	-1.206252	120.541281	0.006259	13.9
1478	-1.579919	120.495471	0.004959	13.0
1479	-0.702212	120.449707	0.006971	8.5
1480	-1.000653	120.403990	0.004880	10.4
1481	-1.204858	120.358319	0.008323	9.4
1482	0.000000	120.312694	0.000000	8.0
1483	-1.650801	120.267115	0.013645	10.1
1484	-0.001927	120.221582	0.000225	11.6
1485	-0.003389	120.176096	0.000321	14.9
1486	-1.309442	120.130655	0.015383	10.0
1487	-1.459759	120.085260	0.015287	9.6
1488	-1.362880	120.039910	0.007396	13.0
1489	-1.521810	119.994606	0.003537	14.1
1490	-1.364714	119.949348	0.009626	9.4
1491	-0.207959	119.904135	0.002920	11.0
1492	-0.000146	119.858968	0.000028	12.9
1493	-0.588887	119.813846	0.006054	14.8
1494	-1.428134	119.768769	0.008224	7.9
1495	-1.210659	119.723738	0.007804	15.6
1496	-1.452794	119.678752	0.010955	15.0
1497	-0.571277	119.633810	0.004328	9.7
1498	-1.227576	119.588914	0.015090	8.2
1499	-0.562138	119.544062	0.010368	13.4
1500	-1.222398	119.499256	0.016109	14.4
1501	-0.003735	119.454494	0.000312	11.9
1502	-1.081685	119.409777	0.007368	7.9
1503	-0.661834	119.365104	0.008055	9.9
1504	-1.053309	119.320476	0.016589	8.1
1505	-0.959645	119.275893	0.004893	10.4
1506	-0.000000	119.231353	0.000000	10.8
1507	-0.854331	119.186859	0.019574	13.1
1508	-1.117141	119.142408	0.007802	9.5
1509	-1.300062	119.098002	0.015083	12.5
1510	-0.000000	119.053639	0.000000	7.3
1511	-1.360890	119.009321	0.010272	10.7
1512	-1.418419	118.965047	0.009749	11.5
1513	-1.294626	118.920816	0.012291	15.0
1514	-0.000000	118.876630	0.000000	9.1
1515	-1.206049	118.832487	0.009441	8.5
1516	-0.534790	118.788388	0.004791	8.3
1517	-0.622655	118.744332	0.010022	8.0
1518	-1.574945	118.700320	0.006215	8.3
1519	-1.319113	118.656352	0.005277	8.5
1520	-1.212387	118.612427	0.018586	7.9
1521	-1.165887	118.568545	0.014644	8.1
1522	-0.032089	118.524706	0.001514	7.7
1523	-1.425532	118.480911	0.005319	10.3
1524	-1.425411	118.437159	0.007033	8.7
1525	-1.442178	118.393450	0.003904	15.6
1526	-0.971017	118.349784	0.008325	10.2
1527	-1.464343	118.306160	0.010968	8.7
1528	-0.564428	118.262580	0.005182	7.9
1529	-1.563775	118.219042	0.010382	7.6
1530	-0.434513	118.175548	0.006042	12.2
1531	-1.666567	118.132095	0.007334	13.6
1532	-1.290930	118.088686	0.005395	12.1
1533	-1.547814	118.045319	0.012687	8.2
1534	-1.366125	118.001994	0.014219	8.7
1535	-0.012057	117.958712	0.000780	8.4
1536	-1.121340	117.915472	0.010929	7.6
1537	-1.075942	117.872274	0.010059	10.3
1538	-0.037846	117.829118	0.000977	8.7
1539	-0.520937	117.786005	0.010624	11.1
1540	-1.005611	117.742933	0.013151	12.4
1541	-1.061983	117.699904	0.010750	10.7
1542	-1.447241	117.656916	0.002955	8.6
1543	-0.252161	117.613971	0.003494	8.2
1544	-1.571859	117.571067	0.007766	8.6
1545	-1.413603	117.528205	0.003313	8.4
1546	-0.480546	117.485384	0.007048	7.5
1547	-1.367867	117.442605	0.012127	10.1
1548	-0.000189	117.399867	0.000042	8.8
1549	-1.411090	117.357171	0.017853	13.6
1550	-1.218614	117.314517	0.013555	10.1
1551	-0.953284	117.271903	0.008434	10.9
1552	-1.073937	117.229331	0.012493	8.2
1553	-0.004600	117.186800	0.000269	8.5
1554	-1.469229	117.144311	0.010690	7.8
1555	-0.043766	117.101862	0.001231	8.3
1556	-1.277753	117.059454	0.014279	7.9
1557	-1.462864	117.017087	0.010658	8.0
1558	-0.979416	116.974762	0.011989	7.8
1559	-0.226868	116.932476	0.004279	7.9
1560	-0.410169	116.890232	0.008559	7.8
1561	-0.637127	116.848028	0.010717	7.6
1562	-0.000007	116.805865	0.000002	8.2
1563	-0.245910	116.763743	0.002789	8.0
1564	-0.243185	116.721661	0.003236	7.9
1565	-0.240737	116.679619	0.001830	7.9
1566	-0.885014	116.637618	0.007219	7.7
1567	-0.698200	116.595657	0.015188	8.1
1568	-1.485297	116.553736	0.008608	7.8
1569	-1.315930	116.511855	0.025291	7.8
1570	-1.484641	116.470015	0.025239	7.8
1571	-0.000000	116.428214	0.000000	8.0
1572	-1.456761	116.386454	0.014222	7.9
1573	-0.723989	116.344733	0.004371	7.9
1574	-0.869607	116.303052	0.009092	7.8
1575	-1.424821	116.261412	0.010113	7.8
1576	-0.082078	116.219810	0.001988	7.8
1577	-1.403088	116.178249	0.006177	7.8
1578	-0.000017	116.136727	0.000004	7.7
1579	-0.303651	116.095245	0.004144	8.4
1580	-0.585944	116.053802	0.006950	7.9
1581	-0.705706	116.012398	0.007831	7.8
1582	-1.450437	115.971034	0.019629	7.8
1583	-1.455990	115.929710	0.011659	7.9
1584	-1.322364	115.888424	0.021855	8.1
1585	-1.482089	115.847178	0.011954	7.9
1586	-0.303925	115.805970	0.004727	7.9
1587	-0.000000	115.764802	0.000000	7.3
1588	-0.000000	115.723673	0.000000	7.9
1589	-0.933457	115.682583	0.010048	8.0
1590	-0.439457	115.641532	0.005676	8.7
1591	-0.983570	115.600519	0.008746	12.4
1592	-1.598012	115.559546	0.012018	12.3
1593	-0.001347	115.518610	0.000165	12.2
1594	-0.829974	115.477714	0.018047	11.6
1595	-1.384494	115.436856	0.010375	14.8
1596	-1.152790	115.396037	0.006605	13.2
1597	-0.141002	115.355256	0.003233	14.9
1598	-0.273341	115.314514	0.004658	9.6
1599	-1.590699	115.273810	0.011437	8.2
1600	-0.000000	115.233144	0.000000	12.2
1601	-0.121932	115.192517	0.002333	14.0
1602	-1.404411	115.151927	0.014492	13.0
1603	-0.000000	115.111376	0.000000	7.7
1604	-1.376620	115.070863	0.013244	11.9
1605	-1.655407	115.030388	0.007307	7.5
1606	-0.000003	114.989951	0.000001	12.3
1607	-0.958292	114.949551	0.008250	9.8
1608	-0.328331	114.909190	0.007816	13.6
1609	-1.226132	114.868866	0.007862	9.9
1610	-1.633922	114.828580	0.010205	10.8
1611	-0.933181	114.788332	0.013932	7.7
1612	-1.360026	114.748121	0.009955	10.7
1613	-1.597588	114.707948	0.015498	12.1
1614	-1.289918	114.667812	0.005217	15.5
1615	-0.433802	114.627714	0.005380	9.6
1616	-1.432734	114.587653	0.010349	11.0
1617	-1.172627	114.547629	0.008189	10.0
1618	-0.398105	114.507643	0.003610	13.4
1619	-1.145572	114.467693	0.008949	9.5
1620	-0.000000	114.427781	0.000000	8.8
1621	-0.000857	114.387907	0.000103	11.2
1622	-1.614597	114.348069	0.009252	14.1
1623	-1.336965	114.308268	0.010850	10.8
1624	-1.412399	114.268504	0.011909	8.4
1625	-0.699974	114.228777	0.006347	8.4
1626	-1.457145	114.189086	0.009351	8.2
1627	-1.303999	114.149433	0.012565	7.7
1628	-1.099442	114.109816	0.007424	12.0
1629	-0.007473	114.070235	0.000579	10.7
1630	-1.324075	114.030692	0.011323	12.8
1631	-0.000000	113.991185	0.000000	6.7
1632	-0.494913	113.951714	0.005224	11.1
1633	-0.586416	113.912280	0.013153	9.0
1634	-0.107397	113.872882	0.004299	12.1
1635	-1.109441	113.833521	0.005116	13.0
1636	-0.000000	113.794195	0.000000	13.6
1637	-0.348516	113.754906	0.004609	16.4
1638	-1.236792	113.715653	0.009582	13.6
1639	-0.790180	113.676437	0.012732	7.8
1640	-1.476840	113.637256	0.006096	9.5
1641	-1.311468	113.598111	0.014274	8.1
1642	-0.000002	113.559002	0.000001	9.0
1643	-0.000020	113.519929	0.000003	8.2
1644	-1.347127	113.480892	0.017922	7.9
1645	-0.887286	113.441891	0.016980	7.9
1646	-1.197748	113.402925	0.014078	8.1
1647	-0.000066	113.363995	0.000013	8.5
1648	-0.735098	113.325101	0.006784	8.6
1649	-1.424898	113.286242	0.017941	7.6
1650	-0.911579	113.247419	0.007863	8.9
1651	-1.544779	113.208631	0.016497	7.4
1652	-1.440918	113.169879	0.012015	8.3
1653	-1.346458	113.131162	0.021045	7.5
1654	-0.592076	113.092480	0.005713	8.5
1655	-0.844259	113.053833	0.005417	7.5
1656	-0.731385	113.015222	0.005492	8.4
1657	-1.122046	112.976646	0.018756	8.4
1658	-0.748866	112.938105	0.005529	9.1
1659	-1.116397	112.899599	0.010982	7.9
1660	-1.453966	112.861128	0.010088	8.1
1661	-0.026753	112.822692	0.001226	8.5
1662	-0.015796	112.784291	0.000671	7.7
1663	-0.000000	112.745924	0.000000	7.2
1664	-1.440118	112.707593	0.005830	8.0
1665	-0.380283	112.669296	0.005935	7.9
1666	-1.336159	112.631034	0.003888	8.4
1667	-1.534428	112.592806	0.004870	8.3
1668	-1.219705	112.554613	0.019646	8.0
1669	-0.000017	112.516455	0.000004	10.1
1670	-0.353301	112.478331	0.004894	8.6
1671	-0.047440	112.440241	0.001801	8.4
1672	-1.108207	112.402186	0.011180	7.6
1673	-0.000096	112.364165	0.000021	8.2
1674	-0.000000	112.326179	0.000000	7.8
1675	-1.539828	112.288227	0.017449	8.3
1676	-1.356719	112.250309	0.006771	7.6
1677	-0.973727	112.212425	0.014331	8.6
1678	-1.736485	112.174575	0.011840	7.9
1679	-0.312037	112.136759	0.004442	12.8
1680	-1.433012	112.098977	0.026709	14.4
1681	-1.191603	112.061229	0.013663	14.2
1682	-0.604184	112.023515	0.012001	14.3
1683	-0.000000	111.985834	0.000000	12.4
1684	-0.532924	111.948188	0.004773	7.9
1685	-1.202198	111.910575	0.012343	11.2
1686	-1.254291	111.872996	0.004903	8.6
1687	-1.037250	111.835450	0.005422	15.3
1688	-1.374884	111.797939	0.014381	13.4
1689	-0.432472	111.760460	0.003569	10.6
1690	-0.000000	111.723015	0.000000	8.4
1691	-0.466436	111.685604	0.004725	9.1
1692	-0.081091	111.648226	0.001769	9.0
1693	-0.000677	111.610881	0.000106	7.9
1694	-1.347979	111.573570	0.014986	7.8
1695	-0.318100	111.536292	0.004145	8.0
1696	-0.703357	111.499047	0.005747	8.4
1697	-1.252746	111.461835	0.017571	8.1
1698	-0.000000	111.424656	0.000000	8.0
1699	-0.011423	111.387510	0.000880	8.0
1700	-0.529743	111.350398	0.005000	8.2
1701	-1.222841	111.313318	0.007359	7.7
1702	-0.260348	111.276271	0.003477	8.1
1703	-0.011626	111.239257	0.000563	7.5
1704	-0.384566	111.202276	0.005179	8.3
1705	-1.177953	111.165328	0.011514	7.5
1706	-1.476175	111.128412	0.007223	8.2
1707	-1.129007	111.091529	0.006776	7.5
1708	-0.903847	111.054679	0.007190	8.3
1709	-1.448873	111.017861	0.011588	7.6
1710	-1.047757	110.981076	0.011901	8.1
1711	-1.745967	110.944323	0.012523	7.5
1712	-0.000000	110.907603	0.000000	7.9
1713	-0.000000	110.870915	0.000000	7.6
1714	-0.482105	110.834259	0.006159	8.0
1715	-1.553112	110.797636	0.009877	7.6
1716	-0.000000	110.761045	0.000000	8.2
1717	-1.126284	110.724486	0.011221	7.7
1718	-1.556593	110.687959	0.005201	8.3
1719	-1.177294	110.651465	0.005842	8.6
1720	-1.057149	110.615002	0.006471	8.4
1721	-0.631839	110.578572	0.014637	7.7
1722	-1.582277	110.542173	0.011972	8.2
1723	-0.000000	110.505807	0.000000	7.7
1724	-0.651907	110.469472	0.009635	8.4
1725	-0.043421	110.433169	0.000960	7.6
1726	-1.301287	110.396898	0.018455	8.4
1727	-0.817581	110.360659	0.013781	8.3
1728	-0.009601	110.324451	0.000678	9.7
1729	-1.505733	110.288276	0.014649	8.0
1730	-0.294021	110.252131	0.005002	7.6
1731	-0.568827	110.216019	0.016236	7.9
1732	-0.556327	110.179937	0.010354	7.7
1733	-1.165576	110.143888	0.011038	8.0
1734	-0.894507	110.107869	0.013935	8.0
1735	-1.429757	110.071882	0.010818	7.9
1736	-0.587283	110.035927	0.007769	7.7
1737	-0.325753	110.000003	0.005073	8.2
1738	-0.593251	109.964110	0.004880	7.8
1739	-1.303997	109.928248	0.004750	7.8
1740	-1.464515	109.892417	0.014821	7.8
1741	-0.922005	109.856618	0.007143	7.8
1742	-1.014948	109.820850	0.007065	7.8
1743	-1.347538	109.785112	0.027783	7.8
1744	-1.216556	109.749406	0.017687	8.0
1745	-1.014920	109.713730	0.008210	8.2
1746	-1.423970	109.678086	0.011192	7.7
1747	-0.017130	109.642472	0.000694	8.2
1748	-1.512806	109.606890	0.019937	8.0
1749	-0.497977	109.571337	0.004201	7.7
1750	-0.960343	109.535816	0.010945	7.7
1751	-0.000001	109.500326	0.000000	7.7
1752	-0.523161	109.464866	0.006697	7.8
1753	-0.000000	109.429436	0.000000	8.2
1754	-0.000694	109.394038	0.000132	8.0
1755	-1.230472	109.358669	0.009288	7.6
1756	-1.103524	109.323331	0.008074	7.8
1757	-1.547225	109.288024	0.008623	7.8
1758	-0.000471	109.252747	0.000083	7.9
1759	-0.904136	109.217501	0.007581	7.9
1760	-1.487737	109.182284	0.012155	7.9
1761	-0.680397	109.147098	0.005934	7.8
1762	-1.366695	109.111942	0.013771	7.8
1763	-0.000028	109.076817	0.000007	7.8
1764	-0.570221	109.041721	0.006242	8.8
1765	-1.628277	109.006656	0.011293	7.8
1766	-1.192289	108.971620	0.009669	8.6
1767	-1.138871	108.936615	0.009156	8.2
1768	-0.835763	108.901640	0.008521	7.8
1769	-1.550429	108.866694	0.004978	11.4
1770	-1.759125	108.831779	0.007493	15.6
1771	-1.220969	108.796893	0.007671	12.6
1772	-1.401244	108.762037	0.009801	8.6
1773	-0.000000	108.727211	0.000000	8.3
1774	-0.306072	108.692415	0.004318	10.7
1775	0.000000	108.657648	0.000000	9.6
1776	-0.000000	108.622911	0.000000	9.8
1777	-0.595747	108.588203	0.009218	12.8
1778	-1.513710	108.553525	0.009610	12.6
1779	-0.739279	108.518877	0.007695	14.8
1780	-0.076142	108.484258	0.001499	10.8
1781	-1.072917	108.449668	0.009742	11.1
1782	-0.479297	108.415108	0.005081	9.0
1783	-1.249850	108.380578	0.021207	9.6
1784	-0.827243	108.346076	0.004337	8.1
1785	-0.023658	108.311604	0.001109	10.0
1786	-1.433196	108.277161	0.016939	12.8
1787	-1.393594	108.242747	0.008903	18.5
1788	-0.970667	108.208363	0.009730	9.4
1789	-1.290436	108.174007	0.010468	10.2
1790	-1.179318	108.139681	0.002848	10.9
1791	-0.197676	108.105383	0.002668	15.6
1792	-0.700650	108.071115	0.019799	8.4
1793	-0.564116	108.036875	0.006421	9.3
1794	-0.000001	108.002665	0.000000	7.7
1795	-0.544547	107.968483	0.008874	9.4
1796	-0.001482	107.934330	0.000101	8.0
1797	-0.000000	107.900206	0.000000	9.2
1798	-0.161290	107.866111	0.001825	8.7
1799	-0.285838	107.832044	0.003376	7.8
1800	-1.483628	107.798007	0.014532	7.8
1801	-1.337535	107.763997	0.006167	7.8
1802	-0.759014	107.730017	0.013242	8.1
1803	-0.164155	107.696065	0.003623	8.4
1804	-0.000003	107.662141	0.000001	9.0
1805	-1.261268	107.628246	0.008538	8.9
1806	-1.106528	107.594379	0.019713	11.1
1807	-0.676098	107.560541	0.010594	19.2
1808	-1.479681	107.526731	0.011382	8.5
1809	-1.309451	107.492949	0.015633	10.5
1810	-1.069283	107.459196	0.005166	8.9
1811	-0.000414	107.425471	0.000077	15.8
1812	-0.000110	107.391774	0.000016	17.8
1813	-1.277525	107.358106	0.011537	12.2
1814	-0.191046	107.324465	0.004740	13.2
1815	-1.192556	107.290853	0.010796	14.4
1816	-0.304676	107.257268	0.003336	14.9
1817	-0.736603	107.223712	0.008030	13.4
1818	-1.429847	107.190184	0.009173	15.2
1819	-0.000888	107.156683	0.000075	8.0
1820	-0.025082	107.123211	0.000840	11.3
1821	-1.112650	107.089766	0.005224	14.1
1822	-1.341721	107.056349	0.005368	16.3
1823	-1.371829	107.022960	0.009640	7.9
1824	-1.051551	106.989599	0.008532	8.8
1825	-0.936228	106.956265	0.005691	8.3
1826	-1.380992	106.922960	0.005222	13.3
1827	-1.442127	106.889681	0.010182	12.6
1828	-1.296858	106.856431	0.006723	10.8
1829	-0.041584	106.823208	0.001852	9.2
1830	-0.948457	106.790012	0.005945	8.4
1831	-0.452453	106.756844	0.007632	7.9
1832	-1.395366	106.723703	0.012048	8.5
1833	-0.043469	106.690590	0.001228	8.0
1834	-0.144322	106.657505	0.003381	7.4
1835	-1.156931	106.624446	0.016594	11.0
1836	-1.485451	106.591415	0.016981	15.8
1837	-1.390020	106.558411	0.016551	13.3
1838	-0.009893	106.525435	0.000468	12.9
1839	-1.496786	106.492485	0.005862	13.1
1840	-1.491590	106.459563	0.009094	7.9
1841	-0.004833	106.426668	0.000271	10.3
1842	-0.600395	106.393800	0.009138	9.0
1843	-1.104487	106.360959	0.009926	9.7
1844	-0.065301	106.328145	0.002493	8.6
1845	-0.495166	106.295358	0.006789	8.1
1846	-1.464741	106.262598	0.012699	7.6
1847	-1.430823	106.229865	0.007331	8.2
1848	-0.658677	106.197158	0.010635	7.5
1849	-1.095616	106.164479	0.014136	8.2
1850	-1.233396	106.131826	0.014942	7.5
1851	-0.398752	106.099201	0.003929	8.3
1852	-1.400111	106.066602	0.011930	7.7
1853	-1.476952	106.034029	0.008200	8.3
1854	-0.447656	106.001483	0.004487	8.3
1855	-0.429487	105.968964	0.004964	7.8
1856	-0.285944	105.936472	0.003970	7.6
1857	-1.165447	105.904006	0.008304	8.2
1858	-0.897326	105.871566	0.012582	7.4
1859	-0.782149	105.839153	0.009447	10.6
1860	-0.440316	105.806767	0.004745	12.6
1861	-0.741684	105.774407	0.009688	14.6
1862	-1.528782	105.742073	0.009614	12.7
1863	-1.342956	105.709766	0.019116	13.9
1864	-0.891981	105.677485	0.018183	15.1
1865	-1.216521	105.645230	0.025597	17.2
1866	-0.336397	105.613001	0.005470	14.6
1867	-0.095934	105.580799	0.002917	13.5
1868	-1.816505	105.548623	0.008038	12.7
1869	-0.000000	105.516473	0.000000	14.5
1870	-1.198411	105.484349	0.025011	12.5
1871	-0.761498	105.452251	0.014356	13.4
1872	-1.245481	105.420179	0.003278	15.5
1873	-1.246959	105.388133	0.016916	15.4
1874	-1.128780	105.356113	0.009394	13.7
1875	-0.992591	105.324119	0.004236	13.1
1876	-1.206423	105.292151	0.005758	14.0
1877	-0.335781	105.260209	0.004005	14.4
1878	-0.963772	105.228293	0.007484	7.9
1879	-1.197820	105.196402	0.013276	9.6
1880	-0.000000	105.164537	0.000000	14.2
1881	-1.579355	105.132698	0.011829	13.0
1882	-1.322619	105.100885	0.014211	13.8
1883	-1.129761	105.069097	0.014027	14.0
1884	-0.016730	105.037335	0.000745	14.1
1885	-0.031228	105.005598	0.001576	13.3
1886	-0.000000	104.973887	0.000000	9.1
1887	-1.053307	104.942202	0.005209	8.9
1888	-0.256918	104.910542	0.003302	8.8
1889	-1.001791	104.878907	0.006182	8.5
1890	-1.485525	104.847298	0.020765	10.3
1891	-1.539314	104.815715	0.004790	10.2
1892	-0.001520	104.784156	0.000228	8.6
1893	-1.347036	104.752623	0.014345	11.7
1894	-1.093422	104.721116	0.011716	14.4
1895	-1.426236	104.689633	0.017210	14.8
1896	-0.087605	104.658176	0.002068	15.3
1897	-0.395802	104.626744	0.005261	13.9
1898	-0.000000	104.595337	0.000000	13.7
1899	-0.338016	104.563955	0.004246	14.8
1900	-1.553470	104.532599	0.009464	13.6
1901	-0.157176	104.501267	0.003210	14.2
1902	-0.959835	104.469960	0.008025	15.2
1903	-1.247346	104.438679	0.022465	13.7
1904	-1.361339	104.407422	0.012152	14.3
1905	-0.000000	104.376191	0.000000	13.8
1906	-0.675523	104.344984	0.007933	15.5
1907	-1.194038	104.313802	0.005519	14.5
1908	-0.757749	104.282645	0.010508	14.6
1909	-1.383198	104.251513	0.013235	12.3
1910	-1.200030	104.220405	0.013348	14.9
1911	-0.843711	104.189323	0.008460	14.4
1912	-0.468398	104.158265	0.006673	13.9
1913	-0.000000	104.127231	0.000000	13.6
1914	-1.186841	104.096222	0.011834	14.5
1915	-1.495646	104.065238	0.021522	14.8
1916	-0.701663	104.034279	0.016804	12.5
1917	-0.000000	104.003344	0.000000	15.8
1918	-1.300638	103.972433	0.010744	13.2
1919	-0.156770	103.941547	0.001678	14.8
1920	-0.000117	103.910686	0.000023	12.9
1921	-1.269348	103.879849	0.010103	14.4
1922	-0.431830	103.849036	0.004814	14.6
1923	-0.003144	103.818248	0.000238	12.1
1924	-1.317618	103.787484	0.013511	14.5
1925	-0.392880	103.756744	0.002844	14.5
1926	-1.576992	103.726029	0.011519	14.9
1927	-0.908770	103.695338	0.007838	12.6
1928	-1.058109	103.664671	0.007904	13.9
1929	-0.379410	103.634028	0.004466	12.6
1930	-0.679923	103.603409	0.007308	14.5
1931	-0.473441	103.572814	0.008925	13.0
1932	0.000000	103.542244	0.000000	10.9
1933	-1.531799	103.511698	0.014524	15.8
1934	-1.288098	103.481175	0.017281	11.1
1935	-1.164567	103.450677	0.018980	14.0
1936	-0.798134	103.420202	0.004852	15.1
1937	-1.178413	103.389752	0.007386	14.7
1938	-1.635564	103.359325	0.011138	13.2
1939	-1.491169	103.328922	0.018216	13.8
1940	-0.000000	103.298543	0.000000	10.5
1941	-0.063946	103.268188	0.001566	13.1
1942	-0.173619	103.237857	0.003175	13.6
1943	-1.435877	103.207549	0.015176	11.0
1944	-0.475125	103.177265	0.014238	10.8
1945	-0.741639	103.147005	0.007696	13.2
1946	-1.432981	103.116768	0.014006	11.9
1947	-1.728239	103.086556	0.018545	14.0
1948	-0.000000	103.056366	0.000000	10.1
1949	-1.243597	103.026200	0.011370	11.9
1950	-0.790015	102.996058	0.013563	13.6
1951	-1.287876	102.965939	0.011931	14.7
1952	-0.218706	102.935844	0.004149	12.1
1953	-1.000335	102.905772	0.005991	13.6
1954	-1.054306	102.875724	0.006867	11.3
1955	-1.531089	102.845699	0.019515	14.6
1956	-1.593449	102.815697	0.012464	10.3
1957	-0.008308	102.785719	0.000821	10.7
1958	-1.489880	102.755764	0.014616	9.1
1959	-1.606016	102.725832	0.013384	7.7
1960	-1.535581	102.695924	0.005316	8.6
1961	-1.296483	102.666038	0.007066	7.7
1962	-1.147208	102.636176	0.011181	7.7
1963	-1.527945	102.606337	0.019768	7.7
1964	-0.989915	102.576521	0.013474	11.5
1965	-0.458272	102.546728	0.005624	9.8
1966	-1.396271	102.516959	0.018178	13.6
1967	-1.153301	102.487212	0.011615	9.6
1968	-1.568955	102.457488	0.006491	8.0
1969	-0.000000	102.427788	0.000000	8.9
1970	-0.409143	102.398110	0.004065	8.0
1971	-1.444250	102.368455	0.012530	7.9
1972	-0.044769	102.338823	0.001249	7.8
1973	-1.239820	102.309214	0.008688	8.2
1974	-0.225192	102.279628	0.004487	7.9
1975	-0.573620	102.250064	0.005044	8.1
1976	-1.448410	102.220524	0.015280	7.9
1977	-1.252742	102.191006	0.015892	8.4
1978	-1.393967	102.161511	0.007672	7.9
1979	0.000000	102.132038	0.000000	11.8
1980	-0.979164	102.102588	0.008059	9.9
1981	-1.093725	102.073161	0.010126	14.1
1982	-1.320352	102.043757	0.003983	11.2
1983	-1.011779	102.014375	0.003488	10.5
1984	-0.000000	101.985015	0.000000	12.3
1985	-1.396378	101.955678	0.004603	13.1
1986	-0.000000	101.926364	0.000000	12.3
1987	-1.660723	101.897072	0.005890	13.6
1988	-0.000000	101.867802	0.000000	11.1
1989	-1.301722	101.838555	0.003463	11.5
1990	-1.115205	101.809330	0.013504	14.5
1991	-0.002814	101.780128	0.000354	13.4
1992	-1.614193	101.750948	0.008100	14.6
1993	-1.419394	101.721790	0.005606	8.9
1994	-0.314638	101.692654	0.004322	14.1
1995	-1.789428	101.663541	0.008675	9.7
1996	-1.526615	101.634450	0.006003	14.0
1997	-0.000015	101.605381	0.000003	7.9
1998	-1.510689	101.576335	0.019264	11.5
1999	-0.714728	101.547310	0.011297	11.4
