1:ItNr	2:Metric	3a:Time	3b:StepSize	4:||Gradient||	Time[ms]
0	-0.471613	0.000000	6.245114	0.008461	2755
1	-0.503302	0.000000	6.245114	0.016103	12
2	-0.478776	0.000000	6.245114	0.007457	12
3	-0.485490	0.000000	6.245114	0.010628	12
4	-0.494742	0.000000	6.245114	0.012591	12
5	-0.493062	0.000000	6.245114	0.015298	12
6	-0.484252	0.000000	6.245114	0.011101	12
7	-0.482988	1.000000	5.961245	0.011533	12
8	-0.482986	0.052964	6.229403	0.011699	12
9	-0.486296	0.000000	6.245114	0.009797	12
10	-0.453057	0.999497	5.961381	0.009981	12
11	-0.501444	1.921649	5.721551	0.009181	12
12	-0.502967	0.969243	5.969591	0.011245	12
13	-0.480610	1.968071	5.709987	0.014270	13
14	-0.498661	2.968071	5.471754	0.007478	12
15	-0.478274	2.014235	5.698534	0.008944	10
16	-0.480050	1.060893	5.944791	0.008995	12
17	-0.464434	2.046736	5.690497	0.007796	12
18	-0.483706	1.119661	5.928996	0.014989	12
19	-0.498318	2.064355	5.686151	0.008723	14
20	-0.479505	3.063773	5.449993	0.014512	12
21	-0.482825	3.630197	5.324659	0.011370	12
22	-0.469023	2.676335	5.539176	0.012348	12
23	-0.488780	3.667455	5.316616	0.019856	12
24	-0.466919	4.667379	5.109497	0.020386	12
25	-0.503214	3.713517	5.306707	0.010179	12
26	-0.489623	4.713517	5.100329	0.010907	12
27	-0.501796	4.810132	5.081237	0.011878	12
28	-0.490411	4.931290	5.057496	0.014553	12
29	-0.498790	5.323017	4.982233	0.009844	12
30	-0.445073	5.104999	5.023842	0.008608	12
31	-0.465174	4.151255	5.214348	0.009948	12
32	-0.475603	3.215904	5.415755	0.010300	12
33	-0.488431	2.323141	5.623059	0.011852	12
34	-0.493965	1.374914	5.861358	0.015353	12
35	-0.494289	0.423313	6.121714	0.015466	13
36	-0.480711	0.000000	6.245114	0.018340	11
37	-0.486045	0.992263	5.963342	0.018273	14
38	-0.473901	0.038424	6.233708	0.010817	12
39	-0.478488	0.440056	6.116933	0.015037	12
40	-0.506848	0.000000	6.245114	0.013111	12
41	-0.495348	0.000000	6.245114	0.013525	12
42	-0.519932	1.000000	5.961245	0.010668	12
43	-0.468308	1.999996	5.702062	0.014664	12
44	-0.493254	1.089037	5.937217	0.009532	13
45	-0.498863	2.089036	5.680072	0.009789	13
46	-0.469491	3.080965	5.446102	0.010156	12
47	-0.487156	2.243632	5.642294	0.012227	13
48	-0.480019	1.338322	5.870960	0.011081	12
49	-0.491848	2.280615	5.633330	0.010432	12
50	-0.466935	2.260211	5.638272	0.013769	12
51	-0.475944	1.548151	5.816326	0.014423	12
52	-0.480489	2.548151	5.569329	0.011711	12
53	-0.473456	1.594312	5.804443	0.012490	12
54	-0.527304	0.640451	6.060289	0.010957	13
55	-0.477234	0.739365	6.032715	0.013184	12
56	-0.505649	0.000000	6.245114	0.019809	12
57	-0.456015	1.000000	5.961245	0.010845	12
58	-0.492878	1.989357	5.704700	0.012963	14
59	-0.475418	2.989357	5.466899	0.013340	12
60	-0.486780	3.989354	5.248131	0.018057	12
61	-0.496718	3.266847	5.404385	0.008718	12
62	-0.470431	4.266725	5.190518	0.019512	11
63	-0.499385	5.266723	4.992910	0.019390	13
64	-0.481395	6.072519	4.844300	0.013348	11
65	-0.466477	5.525098	4.944276	0.007769	10
66	-0.475665	6.525097	4.764648	0.015263	10
67	-0.478305	5.572247	4.935503	0.012332	12
68	-0.502135	4.618385	5.119269	0.012006	12
69	-0.514781	4.798832	5.083462	0.008371	12
70	-0.503228	5.561219	4.937552	0.008185	12
71	-0.481351	6.205229	4.820669	0.008247	10
72	-0.495291	5.265520	4.993139	0.013678	13
73	-0.483320	4.311695	5.181296	0.008867	12
74	-0.475882	5.307868	4.985102	0.013992	10
75	-0.486156	6.307867	4.802550	0.014043	13
76	-0.487403	5.379398	4.971584	0.010009	12
77	-0.503646	6.378662	4.790131	0.016017	12
78	-0.486857	5.424875	4.963028	0.013025	11
79	-0.477243	6.424874	4.782060	0.008462	12
80	-0.523757	5.566153	4.936635	0.012960	12
81	-0.478988	6.266428	4.809849	0.015756	12
82	-0.496099	7.266428	4.639688	0.011484	12
83	-0.490187	8.266269	4.481179	0.015598	10
84	-0.487623	7.344670	4.626880	0.010283	12
85	-0.518325	7.078141	4.670800	0.016080	12
86	-0.524490	7.996511	4.522868	0.015105	13
87	-0.472557	7.042651	4.676712	0.008226	11
88	-0.471655	7.690793	4.571062	0.016305	10
89	-0.461123	6.740011	4.727734	0.008644	11
90	-0.496529	7.733649	4.564244	0.012921	13
91	-0.482154	8.733312	4.410790	0.014844	11
92	-0.486250	9.733312	4.267272	0.013083	14
93	-0.500949	8.779489	4.403950	0.010418	12
94	-0.480620	7.829422	4.549082	0.010468	12
95	-0.474331	7.677636	4.573159	0.011569	11
96	-0.504475	8.677630	4.419066	0.016494	12
97	-0.465560	7.723768	4.565814	0.012399	12
98	-0.502027	8.723768	4.412206	0.010935	12
99	-0.496316	8.199135	4.491482	0.006868	13
100	-0.489407	9.174877	4.346244	0.013595	11
101	-0.495848	8.221176	4.488094	0.011608	12
102	-0.500858	9.221176	4.339586	0.011874	12
103	-0.471910	8.268234	4.480878	0.012203	14
104	-0.492300	7.314373	4.631831	0.012450	12
105	-0.478125	6.360511	4.793309	0.016061	11
106	-0.489904	5.491376	4.950569	0.017220	12
107	-0.516541	6.465667	4.774958	0.012533	12
108	-0.487423	7.465666	4.607213	0.016840	12
109	-0.513809	8.465666	4.450855	0.021023	13
110	-0.501454	9.465666	4.304760	0.014219	12
111	-0.487112	8.511804	4.443896	0.015933	12
112	-0.467013	7.558022	4.592314	0.014599	12
113	-0.504215	6.604160	4.751001	0.010297	10
114	-0.467991	7.603987	4.584934	0.014095	13
115	-0.500054	6.655548	4.742173	0.015517	12
116	-0.500370	7.613589	4.583395	0.010737	12
117	-0.459106	8.610489	4.429086	0.009047	10
118	-0.477101	9.595650	4.286472	0.017780	12
119	-0.472301	10.595546	4.150819	0.008970	12
120	-0.503584	9.641684	4.280032	0.011685	11
121	-0.472108	10.458909	4.168847	0.013532	12
122	-0.471030	11.441033	4.042639	0.011488	12
123	-0.511477	10.487182	4.165104	0.014290	12
124	-0.469488	11.487178	4.036897	0.006226	12
125	-0.470005	10.536081	4.158646	0.010363	12
126	-0.475251	10.482780	4.165687	0.008777	12
127	-0.470258	11.402680	4.047424	0.009920	12
128	-0.483675	10.491195	4.164573	0.010421	11
129	-0.458109	9.633613	4.281160	0.019532	12
130	-0.478274	10.633613	4.145824	0.011653	12
131	-0.470265	11.633613	4.018783	0.016095	12
132	-0.471895	10.679901	4.139766	0.015248	13
133	-0.473816	9.726039	4.268282	0.010361	12
134	-0.481622	8.772178	4.405032	0.015497	12
135	-0.482369	7.818316	4.550835	0.013724	12
136	-0.486794	6.864454	4.706620	0.017020	12
137	-0.489620	7.864454	4.543561	0.014642	11
138	-0.476190	8.864454	4.391421	0.013087	14
139	-0.474957	7.910592	4.536310	0.010989	12
140	-0.498759	8.910314	4.384688	0.013269	12
141	-0.483320	9.910314	4.242836	0.012393	12
142	-0.489659	9.276485	4.331659	0.014306	12
143	-0.531265	10.276485	4.193163	0.012539	12
144	-0.493907	9.322623	4.325068	0.010588	12
145	-0.479194	10.322015	4.187068	0.014504	12
146	-0.506549	9.368153	4.318583	0.008376	12
147	-0.508723	8.414305	4.458626	0.009144	11
148	-0.471500	9.414240	4.312039	0.010069	10
149	-0.508100	8.460786	4.451592	0.012960	13
150	-0.465304	9.438702	4.308574	0.008343	12
151	-0.508608	8.524968	4.441915	0.015555	12
152	-0.485476	7.573912	4.589760	0.010677	12
153	-0.469518	6.620050	4.748268	0.010225	11
154	-0.478283	5.666214	4.918111	0.016169	12
155	-0.486503	6.666212	4.740345	0.013765	12
156	-0.461561	5.953874	4.865623	0.013105	12
157	-0.512521	5.000012	5.044128	0.018690	12
158	-0.500777	4.564062	5.130147	0.017374	12
159	-0.486792	5.564062	4.937023	0.006791	10
160	-0.489418	4.611961	5.120553	0.012546	14
161	-0.484583	4.853360	5.072741	0.014262	12
162	-0.475825	5.853338	4.883839	0.012938	12
163	-0.499796	4.899476	5.063708	0.008456	12
164	-0.456512	3.967195	5.252788	0.016885	12
165	-0.503558	4.967073	5.050527	0.014701	12
166	-0.482968	4.017332	5.242261	0.015222	12
167	-0.486148	5.017150	5.040806	0.007723	15
168	-0.490284	4.063288	5.232649	0.012114	10
169	-0.497710	5.063288	5.031882	0.019296	12
170	-0.459430	4.109426	5.223034	0.010663	12
171	-0.498634	3.155567	5.429282	0.015481	12
172	-0.474572	4.155563	5.213455	0.010366	12
173	-0.499709	5.155563	5.014130	0.017224	11
174	-0.470588	6.155563	4.829485	0.013100	12
175	-0.490233	7.155563	4.657957	0.010712	12
176	-0.495190	8.155424	4.498216	0.013938	12
177	-0.475079	7.201566	4.650359	0.018466	11
178	-0.495627	6.247704	4.813154	0.013218	12
179	-0.468448	7.063908	4.673169	0.010708	12
180	-0.499456	6.110591	4.837497	0.012471	12
181	-0.497611	6.060075	4.846527	0.010043	12
182	-0.460716	7.059170	4.673958	0.014859	12
183	-0.482363	8.059170	4.513116	0.011253	13
184	-0.482669	9.059170	4.362975	0.010124	12
185	-0.492031	10.059170	4.222502	0.010643	12
186	-0.505461	9.105839	4.356211	0.012387	12
187	-0.467266	8.152084	4.498731	0.011804	12
188	-0.474668	7.205200	4.649759	0.011919	14
189	-0.485840	6.251338	4.812512	0.010666	12
190	-0.488323	7.251336	4.642166	0.008521	11
191	-0.500810	8.251022	4.483515	0.008627	12
192	-0.481779	8.168047	4.496269	0.007906	12
193	-0.460059	8.995259	4.372271	0.006387	12
194	-0.487366	9.994193	4.231354	0.022340	12
195	-0.501532	9.129331	4.352815	0.014767	13
196	-0.477125	8.175469	4.495125	0.010960	12
197	-0.469157	9.175468	4.346159	0.008765	12
198	-0.487648	10.170083	4.207477	0.009736	12
199	-0.476288	10.114463	4.214998	0.015178	12
200	-0.505364	11.111821	4.084085	0.007134	12
201	-0.493240	12.090144	3.963337	0.016415	12
202	-0.496720	12.789859	3.881265	0.012309	12
203	-0.467568	13.789859	3.769702	0.008313	12
204	-0.470215	14.789859	3.664373	0.007832	12
205	-0.486848	14.840152	3.659231	0.012586	12
206	-0.446815	15.610799	3.582205	0.014578	13
207	-0.489129	14.656938	3.678033	0.022642	12
208	-0.478958	13.703076	3.779129	0.011388	12
209	-0.464452	12.749254	3.885935	0.011399	12
210	-0.497679	11.795396	3.998957	0.007597	12
211	-0.470694	12.795395	3.880629	0.011792	13
212	-0.475457	11.842140	3.993266	0.009212	14
213	-0.480620	11.817394	3.996277	0.009303	12
214	-0.489417	12.735138	3.887561	0.007467	12
215	-0.473382	13.735120	3.775642	0.017272	12
216	-0.495813	12.781354	3.882242	0.008723	12
217	-0.490914	13.781354	3.770624	0.011062	12
218	-0.486305	14.771913	3.666211	0.012123	12
219	-0.469368	14.131903	3.733000	0.011629	12
220	-0.474197	13.210103	3.833587	0.018045	12
221	-0.470665	12.256365	3.943528	0.009846	12
222	-0.463218	13.256365	3.828410	0.016794	12
223	-0.502673	12.313377	3.936779	0.013042	14
224	-0.481218	11.359515	4.052823	0.011839	12
225	-0.485282	10.438792	4.171515	0.007908	12
226	-0.484949	9.798119	4.258292	0.008566	11
227	-0.486430	8.892064	4.387365	0.011769	12
228	-0.465974	9.863090	4.249328	0.013051	12
229	-0.490024	8.909963	4.384739	0.012251	12
230	-0.473771	7.956101	4.529180	0.009761	11
231	-0.508496	8.956101	4.377986	0.008148	12
232	-0.449639	9.889769	4.245658	0.009001	12
233	-0.488823	10.887751	4.112783	0.013688	12
234	-0.504546	9.933889	4.239602	0.016966	14
235	-0.495928	8.980029	4.374492	0.015023	12
236	-0.465916	8.026170	4.518247	0.011625	12
237	-0.472516	9.026170	4.367770	0.013957	12
238	-0.473292	8.072313	4.511075	0.009416	12
239	-0.468985	9.072313	4.361068	0.014313	13
240	-0.480574	8.118451	4.503927	0.012055	12
241	-0.487435	9.118451	4.354387	0.014348	15
242	-0.476090	9.836413	4.253004	0.014709	12
243	-0.457059	8.954068	4.378283	0.006983	11
244	-0.472570	8.000369	4.522266	0.010528	12
245	-0.468978	7.190011	4.652265	0.010067	12
246	-0.454318	6.301350	4.803696	0.006612	12
247	-0.469768	7.271118	4.638918	0.010262	12
248	-0.448863	8.210025	4.489808	0.007893	12
249	-0.507550	9.200053	4.342621	0.019223	12
250	-0.510526	8.246191	4.484256	0.011077	12
251	-0.469658	7.292331	4.635440	0.007455	12
252	-0.484984	6.338477	4.797173	0.011843	14
253	-0.487071	7.301651	4.633913	0.015977	12
254	-0.479870	6.347789	4.795539	0.008959	12
255	-0.502619	7.347789	4.626371	0.010645	12
256	-0.470038	6.396289	4.787050	0.015944	12
257	-0.466302	5.459286	4.956573	0.012421	12
258	-0.481507	4.505481	5.141930	0.012701	12
259	-0.504343	4.902812	5.063056	0.009235	12
260	-0.482498	5.853859	4.883745	0.015316	12
261	-0.493228	4.900105	5.063585	0.009435	12
262	-0.506546	3.946245	5.257200	0.011758	12
263	-0.459587	4.358878	5.171656	0.014424	14
264	-0.451575	3.405016	5.373789	0.010141	12
265	-0.471308	2.453345	5.591842	0.006615	11
266	-0.481482	1.499965	5.828782	0.016184	12
267	-0.506180	0.546116	6.086823	0.008298	12
268	-0.475555	0.000000	6.245114	0.016945	13
269	-0.495119	0.000000	6.245114	0.013239	13
270	-0.474273	0.000000	6.245114	0.010530	12
271	-0.476361	0.000000	6.245114	0.010173	12
272	-0.487017	0.000000	6.245114	0.016301	12
273	-0.469497	0.998285	5.961710	0.011957	12
274	-0.473496	0.044573	6.231887	0.012427	12
275	-0.489064	0.000000	6.245114	0.008282	12
276	-0.510597	0.381716	6.133623	0.015828	11
277	-0.496492	1.381244	5.859701	0.014645	13
278	-0.476123	0.427406	6.120545	0.012084	12
279	-0.488465	0.000000	6.245114	0.015939	12
280	-0.498783	0.000000	6.245114	0.014489	13
281	-0.480159	0.000000	6.245114	0.011414	13
282	-0.487902	0.000000	6.245114	0.009833	12
283	-0.482145	0.000000	6.245114	0.016305	12
284	-0.463615	0.267867	6.166457	0.013979	12
285	-0.489068	0.109110	6.212834	0.008937	11
286	-0.494269	1.017244	5.956576	0.017112	12
287	-0.520828	2.017244	5.697789	0.009603	12
288	-0.457712	3.016480	5.460725	0.010741	11
289	-0.487666	2.146375	5.666001	0.009153	12
290	-0.506218	2.225407	5.646721	0.008027	12
291	-0.475687	1.446422	5.842686	0.013885	14
292	-0.461236	2.204863	5.651720	0.006104	12
293	-0.494286	3.204240	5.418364	0.005368	12
294	-0.475002	2.497822	5.581257	0.010984	12
295	-0.499093	1.646503	5.791066	0.013202	12
296	-0.480055	1.717167	5.773052	0.011252	12
297	-0.478218	2.717166	5.529640	0.007693	11
298	-0.508917	3.481110	5.357085	0.013434	14
299	-0.469352	2.900198	5.487293	0.012450	12
300	-0.493932	1.946416	5.715376	0.015972	12
301	-0.472147	2.946416	5.476702	0.015764	12
302	-0.496878	3.946416	5.257164	0.011601	12
303	-0.486474	2.995759	5.465440	0.012549	12
304	-0.487939	3.451034	5.363675	0.014649	12
305	-0.480765	4.409010	5.161452	0.015561	12
306	-0.471996	5.271640	4.991976	0.010623	13
307	-0.452070	6.148215	4.830793	0.009144	12
308	-0.508505	7.148179	4.659179	0.015777	12
309	-0.485142	6.216543	4.818665	0.011145	13
310	-0.492928	5.262681	4.993679	0.012658	12
311	-0.471958	6.262574	4.810529	0.019594	12
312	-0.483776	5.308712	4.984942	0.011475	12
313	-0.465294	4.354851	5.172477	0.012610	12
314	-0.476841	3.401086	5.374654	0.012485	12
315	-0.489888	2.448263	5.593054	0.011771	12
316	-0.482703	1.499318	5.828950	0.013598	12
317	-0.497703	1.742350	5.766660	0.018952	12
318	-0.473267	1.308768	5.878738	0.012035	12
319	-0.450987	0.354906	6.141324	0.006553	12
320	-0.477683	1.348312	5.868336	0.013328	13
321	-0.471437	2.266097	5.636846	0.010022	12
322	-0.480237	3.266097	5.404552	0.009406	12
323	-0.476355	4.266092	5.190648	0.014020	12
324	-0.478035	3.313176	5.394087	0.010647	12
325	-0.493067	2.359528	5.614300	0.012534	13
326	-0.479047	3.359527	5.383823	0.008000	12
327	-0.499050	4.359520	5.171525	0.010630	14
328	-0.493562	5.226220	5.000621	0.011650	12
329	-0.457918	4.297871	5.184128	0.011475	12
330	-0.483007	3.344045	5.387248	0.010713	12
331	-0.462748	2.425720	5.598436	0.010679	12
332	-0.471166	3.423657	5.369687	0.008480	11
333	-0.472291	4.423653	5.158480	0.015145	12
334	-0.460684	5.408172	4.966167	0.005397	13
335	-0.517039	6.315137	4.801272	0.009182	12
336	-0.517564	6.325796	4.799399	0.016092	12
337	-0.454230	7.325795	4.629963	0.010093	12
338	-0.480525	6.371933	4.791309	0.011127	14
339	-0.483075	7.359295	4.624494	0.009596	12
340	-0.470422	6.410863	4.784504	0.013075	12
341	-0.485729	6.316294	4.801068	0.015330	12
342	-0.474695	7.312085	4.632205	0.011048	12
343	-0.494792	8.312085	4.474175	0.010466	12
344	-0.500009	8.886375	4.388200	0.010700	13
345	-0.516825	9.411418	4.312439	0.014031	12
346	-0.481681	10.411417	4.175150	0.010488	11
347	-0.477119	9.458520	4.305770	0.010386	12
348	-0.476856	10.370197	4.180637	0.004586	12
349	-0.492452	9.428475	4.310022	0.010076	14
350	-0.483672	9.054625	4.363634	0.006341	12
351	-0.538415	8.181975	4.494123	0.016438	12
352	-0.485546	8.763171	4.406365	0.011627	12
353	-0.479920	9.763082	4.263142	0.022606	12
354	-0.466625	10.763082	4.128925	0.018879	12
355	-0.487581	11.763082	4.002902	0.009183	12
356	-0.477174	10.813056	4.122439	0.009158	14
357	-0.503155	9.859353	4.249843	0.011725	12
358	-0.489351	8.905750	4.385357	0.010158	12
359	-0.479138	8.422956	4.457315	0.011231	11
360	-0.480017	7.553728	4.593004	0.010534	12
361	-0.498067	6.600373	4.751653	0.014831	12
362	-0.512683	7.600359	4.585516	0.013248	12
363	-0.481997	8.600359	4.430601	0.009267	13
364	-0.507220	7.647629	4.577949	0.019613	12
365	-0.484438	8.647594	4.423543	0.012865	12
366	-0.479815	9.193593	4.343550	0.013062	12
367	-0.489733	10.191773	4.204551	0.009919	14
368	-0.516884	9.904624	4.243617	0.017954	12
369	-0.513624	9.005942	4.370714	0.013500	12
370	-0.459046	10.005942	4.229750	0.015614	12
371	-0.497007	9.052080	4.364004	0.010729	12
372	-0.484408	8.098219	4.507059	0.013918	13
373	-0.478891	7.144357	4.659811	0.015492	12
374	-0.492066	8.144357	4.499924	0.007475	11
375	-0.513463	7.190700	4.652151	0.012080	12
376	-0.491771	8.181866	4.494140	0.013903	12
377	-0.487829	9.181865	4.345238	0.016477	12
378	-0.473099	8.228009	4.487045	0.009119	14
379	-0.478327	7.274147	4.638421	0.009106	12
380	-0.476914	8.066768	4.511936	0.013202	12
381	-0.499412	7.113829	4.664871	0.019323	12
382	-0.477107	8.113829	4.504643	0.009752	13
383	-0.487600	9.050267	4.364267	0.010422	12
384	-0.464824	10.046908	4.224169	0.011810	12
385	-0.486097	9.093046	4.358063	0.016837	13
386	-0.453810	9.806723	4.257103	0.009498	12
387	-0.496283	8.852861	4.393126	0.010531	12
388	-0.463842	7.899176	4.538101	0.010236	12
389	-0.477626	7.075487	4.671242	0.011622	12
390	-0.482466	8.075477	4.510584	0.009359	12
391	-0.506717	9.075466	4.360610	0.008203	12
392	-0.497958	8.468569	4.450416	0.013825	12
393	-0.479975	9.468569	4.304350	0.014236	12
394	-0.481978	10.260149	4.195354	0.013819	12
395	-0.499281	9.670203	4.276052	0.016535	12
396	-0.505393	10.669408	4.141138	0.010349	14
397	-0.492654	11.666783	4.014702	0.019161	12
398	-0.485035	12.666783	3.895454	0.019793	12
399	-0.474223	11.712921	4.009039	0.011993	12
400	-0.491750	10.883952	4.113273	0.017762	11
401	-0.467091	11.878250	3.988880	0.009353	13
402	-0.487848	12.878250	3.871138	0.015705	12
403	-0.486006	13.764765	3.772423	0.012973	12
404	-0.466004	14.326788	3.712406	0.010116	12
405	-0.467493	13.372926	3.815427	0.016172	12
406	-0.490357	14.370889	3.707778	0.022943	13
407	-0.507951	13.417041	3.810537	0.009676	12
408	-0.508220	14.404851	3.704221	0.012114	12
409	-0.487707	15.404672	3.602488	0.010195	12
410	-0.462996	15.029885	3.639961	0.013490	13
411	-0.500688	16.029865	3.541665	0.009703	11
412	-0.491832	15.076003	3.635308	0.012267	12
413	-0.474279	14.122460	3.734004	0.018650	14
414	-0.455779	13.168598	3.838243	0.010545	12
415	-0.486540	12.215089	3.948428	0.013035	12
416	-0.472963	13.215073	3.833030	0.013022	12
417	-0.520805	12.261211	3.942953	0.012852	12
418	-0.490997	11.327289	4.056863	0.011399	11
419	-0.501931	12.327289	3.935135	0.008859	12
420	-0.494516	12.775722	3.882889	0.007666	13
421	-0.454653	11.837999	3.993769	0.010640	10
422	-0.495389	12.525644	3.911853	0.013499	12
423	-0.482340	13.474704	3.804163	0.011010	12
424	-0.496815	12.524295	3.912010	0.010639	14
425	-0.477785	13.505669	3.800749	0.008049	12
426	-0.475738	14.438896	3.700662	0.012647	12
427	-0.498212	15.086875	3.634213	0.018961	12
428	-0.477071	16.086875	3.536221	0.009885	12
429	-0.454921	17.086848	3.443377	0.014262	13
430	-0.486671	18.086632	3.355300	0.018519	12
431	-0.479508	19.086632	3.271599	0.017253	14
432	-0.501995	18.132771	3.351344	0.014706	12
433	-0.479990	17.178909	3.435074	0.015938	12
434	-0.487551	18.178906	3.347398	0.010293	12
435	-0.477153	19.177457	3.264203	0.012510	12
436	-0.486089	20.158070	3.186432	0.017174	12
437	-0.490381	21.157417	3.110897	0.011375	12
438	-0.491582	20.361665	3.170747	0.012355	12
439	-0.483740	21.358779	3.096109	0.008623	13
440	-0.461623	22.324953	3.027064	0.010997	12
441	-0.464615	22.385058	3.022870	0.011187	13
442	-0.465535	23.385049	2.954765	0.007066	13
443	-0.499356	22.433247	3.019516	0.010697	12
444	-0.497498	21.481116	3.087193	0.011106	12
445	-0.496670	20.545847	3.156691	0.012281	12
446	-0.487233	21.439654	3.090209	0.006810	12
447	-0.476397	22.169540	3.037961	0.012116	12
448	-0.509155	21.357390	3.096210	0.022724	12
449	-0.491468	20.403528	3.167541	0.008614	12
450	-0.495538	19.449666	3.242237	0.019602	12
451	-0.497814	18.495804	3.320540	0.007407	12
452	-0.491167	17.738620	3.385443	0.008231	14
453	-0.489345	18.006769	3.362170	0.012307	11
454	-0.509859	17.053009	3.446440	0.004835	12
455	-0.465891	16.818889	3.467775	0.011021	12
456	-0.506604	15.993226	3.545173	0.009664	11
457	-0.497686	16.985258	3.452587	0.015325	13
458	-0.482981	16.031396	3.541519	0.007209	11
459	-0.490677	17.031255	3.448411	0.008376	14
460	-0.450467	16.187500	3.526653	0.014053	12
461	-0.502046	17.160091	3.436768	0.009777	12
462	-0.494865	18.160076	3.349008	0.012601	12
463	-0.494004	18.889302	3.287784	0.017484	12
464	-0.484218	17.935440	3.368330	0.006385	12
465	-0.483500	16.981578	3.452921	0.011432	11
466	-0.505751	17.981312	3.364366	0.010864	12
467	-0.498405	18.518135	3.318664	0.012300	12
468	-0.501279	18.923949	3.284930	0.010249	12
469	-0.466086	19.921843	3.204826	0.017317	12
470	-0.479953	20.917608	3.128695	0.013439	14
471	-0.489179	19.965958	3.201375	0.013579	12
472	-0.505083	19.012096	3.277694	0.017022	12
473	-0.484024	20.012096	3.197773	0.013841	11
474	-0.482091	21.012095	3.121658	0.015914	12
475	-0.493063	22.012094	3.049082	0.013283	12
476	-0.476935	21.058945	3.118181	0.015210	12
477	-0.495193	20.105083	3.190540	0.013906	11
478	-0.490025	19.174663	3.264430	0.015147	12
479	-0.486769	20.174663	3.185148	0.016198	12
480	-0.510639	21.174663	3.109625	0.009053	12
481	-0.495676	21.935127	3.054548	0.008982	14
482	-0.509083	21.996486	3.050189	0.015573	12
483	-0.497341	22.996126	2.980885	0.009412	10
484	-0.480165	22.055072	3.046038	0.014049	12
485	-0.483073	23.055052	2.976898	0.011912	12
486	-0.492123	22.101190	3.042779	0.007299	12
487	-0.514237	23.032386	2.978430	0.016190	13
488	-0.496800	23.843472	2.924559	0.019177	13
489	-0.468513	24.843472	2.860765	0.014622	12
490	-0.477543	25.843472	2.799694	0.008080	12
491	-0.491194	24.889610	2.857889	0.016395	10
492	-0.516844	23.935749	2.918554	0.010701	12
493	-0.484403	24.900628	2.857203	0.010594	12
494	-0.465141	23.946796	2.917836	0.013862	12
495	-0.482859	22.992935	2.981101	0.010678	12
496	-0.484604	23.941560	2.918176	0.014174	12
497	-0.472738	24.941560	2.854657	0.011280	12
498	-0.473537	23.987862	2.915173	0.010685	14
499	-0.465426	23.034292	2.978301	0.015452	12
