1:ItNr	2:Metric	3a:Time	3b:StepSize	4:||Gradient||	Time[ms]
0	-0.511252	0.000000	22.291850	0.018332	2399
1	-0.544545	0.000000	22.291850	0.014476	12
2	-0.539350	0.000000	22.291850	0.017939	11
3	-0.547823	0.000000	22.291850	0.018739	11
4	-0.555930	0.000000	22.291850	0.016268	11
5	-0.558517	0.000000	22.291850	0.018492	11
6	-0.573848	0.000000	22.291850	0.014442	11
7	-0.542103	0.000000	22.291850	0.017858	11
8	-0.536682	0.000000	22.291850	0.015259	12
9	-0.601105	0.000000	22.291850	0.021978	11
10	-0.601328	0.000000	22.291850	0.018112	12
11	-0.591572	0.000000	22.291850	0.016698	12
12	-0.597407	0.000000	22.291850	0.015456	11
13	-0.595490	0.000000	22.291850	0.016400	13
14	-0.602464	0.000000	22.291850	0.019729	11
15	-0.630345	0.000000	22.291850	0.015279	12
16	-0.652992	0.000000	22.291850	0.009770	12
17	-0.611464	0.000000	22.291850	0.014924	12
18	-0.617542	0.000000	22.291850	0.013814	11
19	-0.644822	0.000000	22.291850	0.016265	12
20	-0.624833	0.000000	22.291850	0.015077	11
21	-0.651887	0.000000	22.291850	0.016473	12
22	-0.640629	0.000000	22.291850	0.009501	12
23	-0.661296	0.000000	22.291850	0.006378	10
24	-0.630560	0.000000	22.291850	0.012604	10
25	-0.649426	0.000000	22.291850	0.012481	10
26	-0.641274	0.000000	22.291850	0.012277	11
27	-0.662841	0.000000	22.291850	0.013330	14
28	-0.668541	0.000000	22.291850	0.009933	12
29	-0.654070	0.000000	22.291850	0.006483	12
30	-0.647712	0.000000	22.291850	0.011207	15
31	-0.662940	0.000000	22.291850	0.011634	12
32	-0.632616	0.000000	22.291850	0.005565	12
33	-0.665817	0.000000	22.291850	0.004851	12
34	-0.649413	0.999916	21.278665	0.004762	12
35	-0.660480	1.999916	20.353502	0.006468	12
36	-0.652356	2.999916	19.505437	0.008962	13
37	-0.667485	2.940442	19.553893	0.006927	11
38	-0.650311	2.880969	19.602590	0.006053	12
39	-0.681976	3.671247	18.974673	0.008712	12
40	-0.654580	3.611773	19.020525	0.004731	13
41	-0.650451	3.552299	19.066599	0.005006	13
42	-0.626196	3.492826	19.112897	0.007121	12
43	-0.649756	3.433352	19.159420	0.006926	11
44	-0.684662	3.373878	19.206170	0.006318	12
45	-0.665425	3.314405	19.253148	0.006271	12
46	-0.658917	3.254931	19.300358	0.003382	12
47	-0.650759	3.195457	19.347799	0.006193	16
48	-0.668149	3.138290	19.393620	0.009237	12
49	-0.639102	3.078817	19.441522	0.005119	11
50	-0.676269	3.019343	19.489660	0.006025	12
51	-0.638176	2.959869	19.538038	0.005239	11
52	-0.658822	3.959869	18.755260	0.003047	12
53	-0.661893	3.900397	18.800055	0.011478	12
54	-0.684365	4.900397	18.074196	0.007216	12
55	-0.670619	5.900397	17.402302	0.005572	11
56	-0.666176	5.840924	17.440862	0.006430	12
57	-0.658521	6.782054	16.850045	0.008054	14
58	-0.663443	6.722580	16.886193	0.004623	12
59	-0.645455	6.663106	16.922497	0.004786	12
60	-0.646413	7.663097	16.332110	0.006156	12
61	-0.671349	7.603627	16.366066	0.006244	11
62	-0.662033	7.544153	16.400166	0.008045	12
63	-0.683882	7.484973	16.434239	0.005672	12
64	-0.668445	8.479263	15.879937	0.007186	11
65	-0.656358	8.419790	15.912039	0.007013	10
66	-0.631361	8.360316	15.944271	0.006395	12
67	-0.610905	9.360316	15.419103	0.003884	12
68	-0.638605	10.360316	14.927427	0.005891	16
69	-0.684606	11.319905	14.484227	0.006676	10
70	-0.640678	11.260432	14.510929	0.005556	12
71	-0.619291	12.258923	14.075286	0.007542	12
72	-0.650590	12.199450	14.100500	0.007579	13
73	-0.643841	12.139976	14.125805	0.007259	11
74	-0.678647	13.139976	13.712044	0.004452	17
75	-0.643205	13.082329	13.735236	0.008014	11
76	-0.627810	13.586471	13.535028	0.004523	12
77	-0.656153	13.526998	13.558342	0.008165	12
78	-0.677948	13.467524	13.581737	0.005739	12
79	-0.636421	13.408050	13.605213	0.006199	12
80	-0.620410	14.406968	13.221376	0.004569	11
81	-0.689689	14.347859	13.243485	0.005182	13
82	-0.642309	15.339176	12.882208	0.005934	12
83	-0.680099	16.339176	12.537203	0.005854	12
84	-0.678417	16.279787	12.557176	0.007972	15
85	-0.661200	17.279787	12.229139	0.005392	12
86	-0.655106	18.279787	11.917805	0.004426	12
87	-0.629582	18.220314	11.935877	0.004563	11
88	-0.655979	18.160840	11.954004	0.005218	12
89	-0.668787	18.101369	11.972186	0.006171	12
90	-0.662115	18.041895	11.990423	0.005210	12
91	-0.665931	19.041895	11.690976	0.006855	11
92	-0.684339	18.982422	11.708366	0.007454	12
93	-0.637310	18.922948	11.725809	0.007087	12
94	-0.607830	19.922948	11.439275	0.004456	12
95	-0.643111	19.863474	11.455924	0.006847	15
96	-0.668491	19.804008	11.472619	0.005902	12
97	-0.624643	19.744534	11.489365	0.006719	12
98	-0.670644	20.567441	11.261912	0.004930	12
99	-0.669368	20.507967	11.278048	0.005970	13
100	-0.668847	20.915537	11.168385	0.004063	12
101	-0.642436	20.856100	11.184244	0.003928	15
102	-0.665190	21.856099	10.923272	0.005101	11
103	-0.657844	21.796629	10.938451	0.009036	12
104	-0.647345	22.796629	10.688696	0.006918	11
105	-0.689162	22.737155	10.703230	0.005593	12
106	-0.639992	22.677689	10.717803	0.006727	12
107	-0.645716	23.677655	10.477919	0.006031	12
108	-0.620340	23.620185	10.491414	0.005685	12
109	-0.619900	23.560711	10.505417	0.006334	11
110	-0.633126	23.501238	10.519457	0.006784	12
111	-0.688440	23.441764	10.533534	0.005280	12
112	-0.670564	23.382290	10.547650	0.006010	16
113	-0.679435	24.330119	10.327104	0.005847	12
114	-0.666203	24.270646	10.340671	0.007243	11
115	-0.645984	24.211412	10.354219	0.006857	12
116	-0.650250	24.151939	10.367857	0.007422	12
117	-0.671635	24.094801	10.380994	0.005142	13
118	-0.636960	24.035327	10.394703	0.005602	12
119	-0.682557	23.975853	10.408448	0.005882	11
120	-0.653334	24.975853	10.182059	0.007790	12
121	-0.676383	25.975853	9.965308	0.008428	11
122	-0.627294	26.754618	9.802797	0.004857	14
123	-0.671116	26.695144	9.815021	0.004939	13
124	-0.658902	27.693237	9.613837	0.005387	12
125	-0.677030	27.633763	9.625594	0.006064	12
126	-0.646360	27.574289	9.637379	0.004718	13
127	-0.642655	28.573195	9.443185	0.006080	12
128	-0.663496	29.573195	9.256462	0.005356	12
129	-0.636020	30.573195	9.076980	0.007651	16
130	-0.645330	31.573195	8.904326	0.004349	10
131	-0.656444	32.573185	8.738119	0.006586	12
132	-0.691544	33.573185	8.578001	0.006528	10
133	-0.629460	34.573185	8.423646	0.008163	11
134	-0.690301	34.513711	8.432671	0.004690	12
135	-0.659294	34.454890	8.441615	0.005796	11
136	-0.654953	34.679567	8.407552	0.005510	12
137	-0.662640	35.660236	8.262035	0.004007	12
138	-0.671494	35.600818	8.270708	0.005827	12
139	-0.648522	36.596667	8.127707	0.004806	14
140	-0.681825	36.537193	8.136108	0.005081	11
141	-0.656752	37.537193	7.997118	0.005206	12
142	-0.655425	37.477720	8.005251	0.004845	12
143	-0.682345	38.477678	7.870664	0.008178	12
144	-0.651184	39.477678	7.740523	0.007243	13
145	-0.681131	39.418205	7.748142	0.007698	12
146	-0.672716	40.418205	7.621988	0.004786	16
147	-0.646258	40.358731	7.629376	0.005313	11
148	-0.666890	41.358729	7.507030	0.005563	12
149	-0.658108	41.300303	7.514070	0.005856	12
150	-0.645012	41.240829	7.521250	0.005001	12
151	-0.668752	42.239995	7.402417	0.005046	12
152	-0.672092	42.180533	7.409384	0.007307	12
153	-0.666819	43.180533	7.293938	0.006767	13
154	-0.670149	43.121059	7.300704	0.007246	12
155	-0.685941	44.121059	7.188594	0.006073	12
156	-0.664731	45.121059	7.079875	0.004300	16
157	-0.655975	46.119094	6.974600	0.006465	12
158	-0.647333	46.059639	6.980784	0.004581	12
159	-0.629696	46.263625	6.959614	0.005248	12
160	-0.638442	46.204151	6.965773	0.006346	12
161	-0.671863	47.204101	6.863647	0.006843	12
162	-0.688204	48.204101	6.764467	0.004190	11
163	-0.676939	48.715044	6.714890	0.005490	13
164	-0.641684	48.655574	6.720623	0.004939	10
165	-0.669232	48.596100	6.726366	0.005628	12
166	-0.689092	48.536632	6.732118	0.006677	12
167	-0.657029	49.532338	6.637081	0.005971	16
168	-0.648436	50.532337	6.544297	0.005247	12
169	-0.678929	50.474338	6.549607	0.008214	12
170	-0.661083	50.414873	6.555061	0.009514	12
171	-0.677854	50.466728	6.550305	0.006289	12
172	-0.657772	50.407254	6.555760	0.004357	13
173	-0.685333	50.347781	6.561225	0.005573	14
174	-0.656503	50.288307	6.566699	0.005367	13
175	-0.642464	51.259668	6.478425	0.005168	11
176	-0.679773	52.259668	6.389994	0.003671	12
177	-0.693446	52.916765	6.333189	0.008575	12
178	-0.646468	52.857291	6.338289	0.005331	11
179	-0.650713	53.857291	6.253617	0.005623	11
180	-0.655364	53.797818	6.258590	0.004037	12
181	-0.672149	53.739316	6.263488	0.005161	13
182	-0.635313	53.741244	6.263327	0.005105	11
183	-0.641961	53.681771	6.268315	0.006560	12
184	-0.635996	53.622297	6.273311	0.007306	15
185	-0.662842	54.622297	6.190355	0.004248	12
186	-0.656012	54.562823	6.195227	0.004707	11
187	-0.669541	55.562823	6.114310	0.006349	10
188	-0.658910	56.525804	6.038362	0.006775	12
189	-0.657582	56.466331	6.042998	0.006015	12
190	-0.672293	56.406857	6.047641	0.007827	12
191	-0.654891	57.406857	5.970509	0.004850	12
192	-0.643041	58.406857	5.895320	0.006389	12
193	-0.635098	58.347383	5.899739	0.006223	12
194	-0.658745	58.287910	5.904164	0.005922	13
195	-0.664252	58.228436	5.908596	0.005581	14
196	-0.655847	58.214815	5.909612	0.008108	12
197	-0.671838	59.030801	5.849358	0.003840	11
198	-0.662309	60.030801	5.777172	0.005446	12
199	-0.679525	61.030801	5.706745	0.007405	13
200	-0.645903	60.971328	5.710885	0.005489	12
201	-0.651793	61.971314	5.642057	0.005233	15
202	-0.656275	61.911841	5.646104	0.005811	12
203	-0.669693	61.852367	5.650157	0.004764	12
204	-0.650780	61.796449	5.653972	0.004840	12
205	-0.681007	61.736976	5.658037	0.007441	11
206	-0.683223	61.729464	5.658550	0.004241	12
207	-0.609502	61.674389	5.662320	0.005257	11
208	-0.657457	61.614983	5.666392	0.005114	13
209	-0.658408	61.555509	5.670474	0.005722	12
210	-0.692301	61.501510	5.674185	0.003847	12
211	-0.671988	61.985521	5.641091	0.004517	12
212	-0.690087	62.985188	5.573945	0.006339	14
213	-0.656084	63.985188	5.508358	0.007764	12
214	-0.678203	63.925714	5.512216	0.008206	12
215	-0.652832	63.866240	5.516078	0.005268	12
216	-0.644315	63.806867	5.519940	0.008790	12
217	-0.647500	63.748729	5.523727	0.005220	13
218	-0.673034	64.748729	5.459309	0.005330	12
219	-0.681060	65.748729	5.396377	0.005359	12
220	-0.644981	65.689255	5.400079	0.002829	12
221	-0.655883	65.639876	5.403157	0.004675	12
222	-0.656720	65.580408	5.406868	0.005517	16
223	-0.658354	66.493215	5.350459	0.008670	12
224	-0.661720	67.493215	5.289997	0.008571	12
225	-0.672239	68.493215	5.230886	0.005819	12
226	-0.650988	68.635608	5.222577	0.006252	12
227	-0.660835	68.577301	5.225976	0.005668	13
228	-0.668107	68.517827	5.229448	0.004299	12
229	-0.700768	68.458354	5.232925	0.006807	16
230	-0.664670	68.398880	5.236406	0.007547	12
231	-0.641731	68.339406	5.239892	0.004857	11
232	-0.644935	68.280147	5.243370	0.004804	10
233	-0.621568	68.225839	5.246561	0.006172	12
234	-0.667998	68.237358	5.245884	0.007617	12
235	-0.678927	68.177885	5.249383	0.009843	12
236	-0.671674	68.118411	5.252886	0.004591	12
237	-0.639611	68.058937	5.256394	0.003410	12
238	-0.635737	67.999464	5.259906	0.005992	16
239	-0.664206	68.999464	5.201463	0.005857	12
240	-0.675007	68.939990	5.204902	0.003599	12
241	-0.659385	69.939823	5.147677	0.006544	11
242	-0.670430	69.880349	5.151046	0.009621	12
243	-0.664021	69.820878	5.154419	0.005614	10
244	-0.689162	69.761404	5.157796	0.004804	12
245	-0.691077	70.702504	5.104864	0.005034	13
246	-0.645805	70.644520	5.108094	0.005816	12
247	-0.646427	71.644520	5.052958	0.003516	12
248	-0.644181	71.585066	5.056203	0.004191	13
249	-0.656217	71.525592	5.059453	0.005844	14
250	-0.662204	71.466120	5.062707	0.004459	10
251	-0.678812	71.406646	5.065965	0.005209	12
252	-0.667411	72.073284	5.029680	0.004153	12
253	-0.644709	72.013811	5.032896	0.004105	12
254	-0.634528	71.954337	5.036116	0.008323	13
255	-0.650725	71.894863	5.039340	0.003902	12
256	-0.637748	72.894863	4.985670	0.005982	12
257	-0.660047	72.835432	4.988828	0.003615	12
258	-0.670932	72.775958	4.991992	0.005893	12
259	-0.653226	72.716485	4.995160	0.006820	15
260	-0.650777	73.570147	4.950070	0.005215	13
261	-0.653394	73.596456	4.948693	0.005711	10
262	-0.683088	73.536982	4.951807	0.007560	12
263	-0.641086	74.536982	4.899975	0.007664	12
264	-0.669722	75.536982	4.849218	0.003320	12
265	-0.664014	76.536982	4.799501	0.008044	12
266	-0.649876	76.477509	4.802429	0.006365	16
267	-0.673444	76.418035	4.805361	0.006813	12
268	-0.664450	77.418035	4.756535	0.005600	12
269	-0.676276	78.332844	4.712730	0.004716	12
270	-0.665821	79.289796	4.667761	0.006322	11
271	-0.672331	80.248036	4.623584	0.007063	12
272	-0.672740	81.248036	4.578365	0.009115	12
273	-0.639947	81.188562	4.581030	0.006939	13
274	-0.656234	81.129088	4.583697	0.006119	11
275	-0.658771	82.129088	4.539251	0.007776	12
276	-0.658789	82.069614	4.541871	0.006671	12
277	-0.652643	83.069596	4.498229	0.005872	14
278	-0.617354	84.060803	4.455790	0.003013	12
279	-0.654884	84.008821	4.457995	0.004220	12
280	-0.644273	85.006737	4.416029	0.011512	11
281	-0.654716	86.006732	4.374761	0.008417	12
282	-0.697277	87.006732	4.334256	0.006403	13
283	-0.690586	86.947258	4.336644	0.007380	13
284	-0.680498	87.947258	4.296839	0.007026	12
285	-0.650437	87.887786	4.299186	0.004368	12
286	-0.663777	88.887784	4.260063	0.005171	12
287	-0.685448	88.845102	4.261718	0.007971	13
288	-0.661174	89.844988	4.223275	0.006391	14
289	-0.640230	89.785515	4.225542	0.007921	12
290	-0.655921	89.726041	4.227812	0.007168	12
291	-0.651255	90.726041	4.189971	0.007541	13
292	-0.655655	91.726041	4.152801	0.004747	12
293	-0.664564	92.726041	4.116285	0.003806	10
294	-0.632563	93.724194	4.080472	0.008523	16
295	-0.632709	93.664720	4.082588	0.005660	12
296	-0.656086	94.664688	4.047293	0.005404	12
297	-0.671604	95.664688	4.012601	0.009711	12
298	-0.640419	96.576156	3.981495	0.005772	11
299	-0.694111	97.576156	3.947917	0.010284	12
300	-0.665131	97.516682	3.949898	0.007788	12
301	-0.655566	97.457209	3.951881	0.005195	12
302	-0.668102	98.457209	3.918799	0.002900	12
303	-0.639712	98.525401	3.916564	0.003740	12
304	-0.631846	98.469518	3.918396	0.006347	13
305	-0.665719	98.410044	3.920347	0.007472	14
306	-0.664772	98.350570	3.922301	0.005767	12
307	-0.636935	98.301324	3.923920	0.006390	11
308	-0.664848	99.299735	3.891354	0.006418	12
309	-0.642536	100.299735	3.859273	0.005180	13
310	-0.657351	101.299735	3.827718	0.005531	12
311	-0.647425	101.240261	3.829580	0.006137	15
312	-0.651429	102.240261	3.798506	0.008455	12
313	-0.647758	102.180787	3.800340	0.011028	12
314	-0.655831	103.180787	3.769736	0.008124	12
315	-0.668543	103.121314	3.771543	0.005534	10
316	-0.662880	103.061840	3.773351	0.006415	12
317	-0.666369	103.091388	3.772452	0.003011	12
318	-0.608608	103.033312	3.774219	0.006747	13
319	-0.629151	104.033303	3.744033	0.004404	12
320	-0.660565	105.033302	3.714327	0.007387	12
321	-0.639030	104.980022	3.715897	0.006493	13
322	-0.605202	104.920550	3.717652	0.004004	13
323	-0.663257	105.920550	3.688361	0.006138	12
324	-0.647908	106.920550	3.659528	0.006373	10
325	-0.647608	106.861076	3.661230	0.005742	12
326	-0.684804	106.801602	3.662934	0.008344	12
327	-0.660239	107.426451	3.645112	0.004939	13
328	-0.667575	107.366978	3.646801	0.007462	12
329	-0.644075	107.309371	3.648438	0.004621	10
330	-0.660652	108.309371	3.620224	0.007492	11
331	-0.661792	109.296817	3.592788	0.004985	12
332	-0.677214	110.296817	3.565424	0.005135	15
333	-0.648607	111.294460	3.538537	0.007727	10
334	-0.689566	112.294197	3.511997	0.005398	10
335	-0.678802	112.234724	3.513565	0.005068	12
336	-0.674766	113.234724	3.487390	0.006910	12
337	-0.647106	114.227634	3.461784	0.004460	12
338	-0.658727	114.168652	3.463294	0.004427	12
339	-0.678915	115.167115	3.437899	0.005717	13
340	-0.641391	115.118655	3.439123	0.004509	10
341	-0.649875	115.059268	3.440624	0.004803	12
342	-0.673317	114.999801	3.442129	0.008719	12
343	-0.676667	115.999801	3.417004	0.005599	10
344	-0.657979	115.940327	3.418488	0.006417	12
345	-0.634777	116.935178	3.393832	0.006713	13
346	-0.662546	117.935178	3.369405	0.005772	11
347	-0.655827	118.935164	3.345327	0.005270	12
348	-0.687603	119.908562	3.322217	0.007826	12
349	-0.657064	119.849088	3.323620	0.005959	15
350	-0.666207	119.789615	3.325024	0.004589	12
351	-0.669257	120.789615	3.301574	0.006921	12
352	-0.629715	121.698280	3.280550	0.006379	11
353	-0.675971	121.638806	3.281918	0.007499	10
354	-0.681380	122.638806	3.259069	0.005552	13
355	-0.660570	122.582859	3.260339	0.006136	12
356	-0.667365	123.582842	3.237790	0.004888	12
357	-0.627019	123.523369	3.239122	0.007424	12
358	-0.657033	124.523369	3.216864	0.005046	12
359	-0.624450	124.589319	3.215406	0.006663	13
360	-0.668157	124.529846	3.216721	0.009078	14
361	-0.669791	125.529846	3.194768	0.005876	12
362	-0.684998	125.470372	3.196065	0.003936	11
363	-0.664808	125.410901	3.197363	0.006149	13
364	-0.663685	125.351427	3.198663	0.005520	13
365	-0.655902	126.351426	3.176955	0.004995	14
366	-0.668651	126.291953	3.178238	0.004117	12
367	-0.669795	126.951904	3.164061	0.003990	11
368	-0.657712	126.892436	3.165333	0.008503	11
369	-0.670516	127.717600	3.147770	0.007184	12
370	-0.653430	127.658126	3.149030	0.004293	12
371	-0.640454	127.598652	3.150290	0.003362	12
372	-0.662463	127.583087	3.150620	0.007721	12
373	-0.677011	127.523613	3.151882	0.005531	12
374	-0.636169	128.523613	3.130802	0.007097	12
375	-0.674558	128.464140	3.132048	0.004384	15
376	-0.658993	128.405368	3.133280	0.004742	12
377	-0.648849	129.207916	3.116539	0.004577	11
378	-0.709376	129.148444	3.117774	0.005975	12
379	-0.669653	130.148444	3.097146	0.004676	12
380	-0.677931	130.128005	3.097565	0.004294	12
381	-0.659030	130.069301	3.098769	0.005674	11
382	-0.644021	130.009827	3.099989	0.012009	12
383	-0.679604	129.951581	3.101185	0.006290	12
384	-0.685629	130.951581	3.080776	0.005115	14
385	-0.655836	130.893098	3.081963	0.006821	13
386	-0.637009	130.863254	3.082568	0.005793	11
387	-0.712853	130.823323	3.083379	0.005870	12
388	-0.659818	131.823323	3.063203	0.004874	12
389	-0.680780	131.763850	3.064395	0.004383	13
390	-0.659949	131.704376	3.065589	0.004979	12
391	-0.679206	131.644904	3.066783	0.007127	12
392	-0.662943	131.585430	3.067979	0.004852	12
393	-0.638154	132.585430	3.048003	0.006387	12
394	-0.657213	133.585430	3.028286	0.007803	15
395	-0.659239	134.585430	3.008822	0.006720	12
396	-0.654243	134.531168	3.009872	0.005318	12
397	-0.650344	134.471694	3.011023	0.006317	13
398	-0.659457	135.013112	3.000574	0.006898	12
399	-0.637065	136.013112	2.981463	0.007630	12
400	-0.651802	135.953638	2.982593	0.009474	15
401	-0.658133	136.327376	2.975508	0.007809	12
402	-0.651776	137.327376	2.956714	0.007868	12
403	-0.692540	137.267902	2.957826	0.005114	13
404	-0.664075	137.376557	2.955796	0.005460	12
405	-0.671144	137.317083	2.956907	0.004286	13
406	-0.686791	137.275714	2.957680	0.007312	12
407	-0.693491	137.216240	2.958791	0.007466	12
408	-0.684995	137.156766	2.959904	0.007439	11
409	-0.639445	137.103876	2.960894	0.008343	16
410	-0.664141	137.044403	2.962008	0.009860	12
411	-0.667218	138.044396	2.943385	0.004237	10
412	-0.677514	139.044396	2.924994	0.004605	13
413	-0.676642	140.043888	2.906840	0.008053	12
414	-0.714834	141.043888	2.888902	0.006454	13
415	-0.698892	142.043763	2.871185	0.008008	14
416	-0.681416	143.043763	2.853683	0.006398	12
417	-0.682468	144.043763	2.836392	0.004934	13
418	-0.643559	143.984290	2.837415	0.007933	12
419	-0.674232	143.924821	2.838438	0.004703	12
420	-0.663617	143.865347	2.839462	0.005272	12
421	-0.679057	143.805951	2.840485	0.006070	13
422	-0.659103	144.792753	2.823578	0.006218	12
423	-0.673844	144.733279	2.824592	0.007671	12
424	-0.628979	144.673807	2.825606	0.005302	16
425	-0.680920	144.614333	2.826620	0.010782	12
426	-0.637018	145.614333	2.809655	0.009227	12
427	-0.631299	146.614333	2.792893	0.008938	13
428	-0.665088	146.554859	2.793884	0.005891	11
429	-0.664352	146.495386	2.794876	0.006254	13
430	-0.661981	146.435912	2.795869	0.007942	13
431	-0.667732	147.429096	2.779382	0.005820	12
432	-0.668034	148.429096	2.762978	0.006196	12
433	-0.647828	148.369625	2.763948	0.005209	15
434	-0.667567	149.369623	2.747725	0.004880	12
435	-0.691355	149.310149	2.748684	0.009692	12
436	-0.651797	150.310039	2.732641	0.004403	13
437	-0.678071	150.635373	2.727461	0.004575	12
438	-0.667265	151.635369	2.711662	0.003385	12
439	-0.649087	151.575895	2.712597	0.005513	12
440	-0.670147	152.575803	2.696971	0.004561	12
441	-0.669039	152.516329	2.697895	0.006550	10
442	-0.645518	153.516329	2.682436	0.004388	12
443	-0.658656	154.516329	2.667153	0.009951	16
444	-0.685277	154.456856	2.668057	0.006553	12
445	-0.661844	154.397382	2.668961	0.003999	11
446	-0.679252	154.337908	2.669867	0.004826	12
447	-0.676695	155.334088	2.654784	0.005591	12
448	-0.677275	155.274614	2.655679	0.005659	12
449	-0.673748	156.274614	2.640699	0.006001	14
450	-0.619279	157.274614	2.625886	0.005004	11
451	-0.651638	158.274599	2.611239	0.005186	12
452	-0.654693	159.274599	2.596754	0.005660	12
453	-0.656424	159.215126	2.597611	0.006408	12
454	-0.675699	159.156020	2.598464	0.007271	12
455	-0.646177	159.096546	2.599322	0.008131	12
456	-0.640225	159.037073	2.600180	0.005146	12
457	-0.682100	158.977599	2.601039	0.005695	12
458	-0.662860	158.918126	2.601899	0.006777	12
459	-0.658802	158.859162	2.602752	0.004531	11
460	-0.674607	159.859148	2.588361	0.006163	14
461	-0.658827	160.061416	2.585470	0.006217	10
462	-0.660470	160.030803	2.585907	0.006111	12
463	-0.672386	161.030803	2.571701	0.004838	12
464	-0.703907	160.971329	2.572542	0.005584	12
465	-0.687667	161.971320	2.558482	0.006113	12
466	-0.653553	161.911846	2.559314	0.008092	12
467	-0.662094	162.911846	2.545398	0.005823	11
468	-0.633426	162.852372	2.546221	0.008887	12
469	-0.624693	162.792899	2.547045	0.006824	12
470	-0.655756	163.792899	2.533262	0.006564	13
471	-0.633753	163.733425	2.534078	0.005762	13
472	-0.663560	163.674312	2.534889	0.005823	12
473	-0.635452	163.616748	2.535679	0.005651	12
474	-0.665964	163.557275	2.536496	0.009869	13
475	-0.672023	164.442605	2.524387	0.004491	12
476	-0.655865	164.383131	2.525197	0.006246	15
477	-0.683466	165.383131	2.511648	0.004696	12
478	-0.625024	166.383131	2.498244	0.005399	12
479	-0.658286	166.323657	2.499037	0.006128	12
480	-0.689720	166.509463	2.496561	0.005230	12
481	-0.670639	166.449990	2.497353	0.009799	10
482	-0.661950	166.390516	2.498146	0.004452	12
483	-0.684530	167.390516	2.484885	0.007793	12
484	-0.675590	167.331042	2.485670	0.008346	12
485	-0.661528	167.398875	2.484775	0.005450	11
486	-0.655103	167.339401	2.485560	0.007599	16
487	-0.657434	168.339401	2.472432	0.004057	12
488	-0.655851	169.142085	2.461995	0.006697	13
489	-0.618027	169.082611	2.462765	0.005759	12
490	-0.698058	170.082611	2.449877	0.005335	12
491	-0.642520	170.023137	2.450639	0.003742	13
492	-0.673806	169.964546	2.451391	0.005109	12
493	-0.620283	169.905073	2.452155	0.004809	12
494	-0.647571	170.905073	2.439377	0.005511	12
495	-0.664420	171.905073	2.426732	0.009618	14
496	-0.668156	171.860429	2.427293	0.006109	13
497	-0.677316	171.800955	2.428042	0.007869	14
498	-0.659511	172.800694	2.415517	0.005087	13
499	-0.661046	172.741220	2.416258	0.006956	15
