1:ItNr	2:Metric	3:StepSize	4:||Gradient||	Time[ms]
0	0.000000	627.201626	0.000000	1051
1	-0.941794	623.504937	0.007417	46
2	-0.782953	619.865785	0.006176	41
3	-0.324557	616.282728	0.004837	47
4	-0.375426	612.754375	0.005787	43
5	0.000000	609.279381	0.000000	43
6	-0.000000	605.856447	0.000000	42
7	-0.697022	602.484317	0.004585	42
8	-0.558934	599.161779	0.008016	43
9	-0.000197	595.887656	0.000015	41
10	-0.790488	592.660813	0.011271	46
11	0.000000	589.480151	0.000000	46
12	-0.419219	586.344606	0.007102	47
13	0.000000	583.253145	0.000000	48
14	-0.604632	580.204771	0.006550	44
15	-0.269314	577.198517	0.004825	50
16	-0.332752	574.233444	0.003687	49
17	-0.433502	571.308645	0.005442	52
18	-0.001233	568.423237	0.000040	46
19	-0.608270	565.576365	0.007118	47
20	-0.000004	562.767201	0.000003	49
21	-0.797968	559.994938	0.006446	51
22	-0.746923	557.258797	0.005904	48
23	-0.828781	554.558018	0.006788	53
24	-0.648412	551.891865	0.005244	47
25	-0.788613	549.259621	0.008798	43
26	-0.520263	546.660592	0.006062	51
27	0.000000	544.094102	0.000000	49
28	-0.427643	541.559494	0.006632	44
29	-0.144194	539.056129	0.001762	41
30	-0.237250	536.583387	0.006226	50
31	-0.591650	534.140663	0.006421	46
32	-0.029082	531.727370	0.001542	50
33	-0.051884	529.342935	0.001426	45
34	-0.488403	526.986802	0.005739	53
35	-0.734758	524.658430	0.005781	53
36	-0.003973	522.357290	0.000149	46
37	-0.497739	520.082868	0.005847	50
38	-0.401476	517.834665	0.006370	47
39	-1.025381	515.612193	0.013694	43
40	-0.884073	513.414976	0.008431	52
41	-0.412684	511.242551	0.007159	45
42	-0.404045	509.094468	0.004770	48
43	-0.000368	506.970285	0.000019	43
44	-0.692686	504.869574	0.006517	44
45	-0.662738	502.791916	0.006303	50
46	-0.714886	500.736903	0.006069	46
47	0.000000	498.704137	0.000000	45
48	-0.539965	496.693228	0.006984	46
49	-0.512554	494.703798	0.004799	45
50	0.000000	492.735476	0.000000	43
51	-0.000218	490.787900	0.000106	46
52	-0.078780	488.860718	0.001697	46
53	-0.412641	486.953585	0.005043	48
54	-0.700944	485.066164	0.008404	55
55	-0.661964	483.198126	0.005927	44
56	0.000000	481.349149	0.000000	56
57	0.000000	479.518920	0.000000	47
58	0.000000	477.707132	0.000000	45
59	-0.316537	475.913485	0.004457	44
60	0.000000	474.137684	0.000000	59
61	-0.000000	472.379445	0.000001	48
62	-0.402797	470.638485	0.005566	48
63	0.000000	468.914531	0.000000	50
64	-0.539976	467.207315	0.004601	44
65	-0.849727	465.516573	0.007946	50
66	-0.691532	463.842050	0.005789	43
67	-0.696305	462.183494	0.011274	49
68	-0.826662	460.540658	0.007059	47
69	-0.009005	458.913303	0.000130	45
70	-0.536677	457.301192	0.003592	47
71	-0.620617	455.704096	0.005671	60
72	-0.802771	454.121787	0.009818	56
73	-0.156650	452.554045	0.002160	44
74	-0.648872	451.000653	0.006025	46
75	-0.538691	449.461399	0.006312	45
76	-0.166629	447.936075	0.002202	48
77	0.000000	446.424477	0.000000	46
78	-0.107868	444.926406	0.001616	42
79	-0.028124	443.441666	0.001045	53
80	0.000000	441.970065	0.000000	45
81	0.000000	440.511415	0.000000	45
82	-0.199170	439.065533	0.003052	61
83	-0.342360	437.632238	0.005055	43
84	-0.811518	436.211351	0.006641	57
85	0.000000	434.802701	0.000000	45
86	-0.180281	433.406117	0.002104	62
87	-0.402839	432.021430	0.005469	47
88	0.000000	430.648479	0.000000	49
89	-0.018933	429.287101	0.000852	47
90	-0.410634	427.937140	0.006027	53
91	-0.830841	426.598440	0.007576	45
92	-0.751671	425.270849	0.006698	45
93	0.000000	423.954220	0.000000	48
94	0.000000	422.648404	0.000000	45
95	-0.570289	421.353259	0.010064	46
96	-0.321540	420.068643	0.002720	44
97	-0.050640	418.794419	0.001065	47
98	-0.324236	417.530451	0.004013	49
99	-0.054549	416.276604	0.001627	46
100	-0.000000	415.032748	0.000001	47
101	-0.492136	413.798754	0.005826	47
102	-0.377050	412.574495	0.006974	45
103	-0.793650	411.359849	0.006138	51
104	-0.450732	410.154691	0.004646	47
105	-0.800206	408.958904	0.005653	44
106	-0.025564	407.772368	0.001916	53
107	-0.732013	406.594968	0.009204	47
108	-0.579152	405.426590	0.005238	46
109	0.000000	404.267122	0.000000	51
110	0.000000	403.116456	0.000000	45
111	-0.422368	401.974481	0.008081	43
112	-0.329589	400.841093	0.004177	49
113	-0.655063	399.716187	0.004751	47
114	-0.309070	398.599660	0.004194	45
115	-0.872755	397.491411	0.007803	50
116	-0.237858	396.391342	0.004489	47
117	0.000000	395.299353	0.000000	46
118	0.000000	394.215350	0.000000	51
119	-0.200852	393.139238	0.002850	46
120	-0.733143	392.070924	0.005105	45
121	-0.114243	391.010316	0.001986	49
122	-0.867477	389.957325	0.008327	45
123	0.000000	388.911862	0.000000	46
124	0.000000	387.873839	0.000000	49
125	-0.000000	386.843173	0.000000	47
126	0.000000	385.819777	0.000000	43
127	-0.179417	384.803569	0.003930	59
128	-0.639757	383.794468	0.007675	47
129	-0.709787	382.792393	0.005763	44
130	-0.014598	381.797264	0.000940	49
131	0.000000	380.809005	0.000000	45
132	-0.000000	379.827537	0.000000	45
133	-0.832825	378.852786	0.005978	53
134	-0.787518	377.884678	0.005707	47
135	-0.044005	376.923138	0.001799	44
136	-0.933870	375.968095	0.010558	53
137	-0.529183	375.019479	0.007638	47
138	-0.741999	374.077218	0.004767	45
139	-0.200358	373.141244	0.004318	51
140	-0.640395	372.211489	0.007038	46
141	-0.028374	371.287887	0.000611	44
142	-0.915355	370.370370	0.008536	49
143	-0.823529	369.458876	0.005522	47
144	-0.009497	368.553338	0.000341	46
145	-0.424123	367.653696	0.007105	50
146	-0.472614	366.759885	0.009209	47
147	-0.037732	365.871846	0.001112	46
148	-0.815059	364.989518	0.006927	53
149	-0.458563	364.112841	0.005579	47
150	-0.393713	363.241757	0.004746	45
151	0.000000	362.376208	0.000000	53
152	-0.522429	361.516137	0.005245	47
153	-0.245663	360.661488	0.003610	45
154	0.000000	359.812206	0.000000	56
155	-0.000017	358.968236	0.000001	47
156	-0.390006	358.129524	0.004804	44
157	-0.638651	357.296018	0.003977	49
158	-0.662302	356.467665	0.006150	47
159	-0.453233	355.644414	0.004417	45
160	-0.553726	354.826213	0.005982	51
161	0.000000	354.013012	0.000000	47
162	-0.000082	353.204763	0.000020	45
163	0.000000	352.401415	0.000000	47
164	0.000000	351.602922	0.000000	47
165	-0.828275	350.809235	0.008921	44
166	-0.731149	350.020308	0.005397	50
167	0.000000	349.236095	0.000000	47
168	0.000000	348.456550	0.000000	45
169	-0.580244	347.681627	0.006319	53
170	-0.900298	346.911283	0.009035	46
171	0.000000	346.145474	0.000000	43
172	-0.863008	345.384157	0.008409	47
173	0.000000	344.627288	0.000000	47
174	-0.483378	343.874826	0.006448	45
175	-0.756815	343.126729	0.003994	51
176	-0.486303	342.382957	0.005538	47
177	-0.635294	341.643469	0.004998	44
178	-0.058011	340.908224	0.003514	51
179	0.000000	340.177184	0.000000	47
180	-0.867122	339.450309	0.009991	46
181	-0.471477	338.727561	0.007596	50
182	-0.483805	338.008902	0.006733	47
183	-0.593500	337.294295	0.004915	46
184	-0.739205	336.583703	0.005750	52
185	-0.288410	335.877089	0.003420	47
186	-0.668536	335.174416	0.004645	45
187	-0.369652	334.475651	0.004352	50
188	0.000000	333.780756	0.000000	47
189	-0.578750	333.089698	0.006520	46
190	0.000000	332.402443	0.000000	50
191	-0.870868	331.718955	0.007753	47
192	-0.649128	331.039203	0.005735	45
193	-0.768969	330.363153	0.005434	56
194	-0.000000	329.690771	0.000000	47
195	-0.834184	329.022027	0.006970	44
196	0.000000	328.356888	0.000000	50
197	-0.375627	327.695322	0.008337	47
198	-0.757912	327.037299	0.006859	45
199	-0.525691	326.382787	0.006107	52
200	-0.679512	325.731758	0.012903	47
201	-0.059223	325.084179	0.000912	45
202	-0.792799	324.440023	0.004644	50
203	-0.837241	323.799258	0.008463	47
204	-0.121906	323.161858	0.002941	46
205	-0.938452	322.527792	0.006798	54
206	-0.960584	321.897034	0.011446	47
207	-0.667694	321.269554	0.006569	44
208	-0.738059	320.645325	0.010367	56
209	-0.502359	320.024320	0.005545	45
210	-0.493313	319.406512	0.006397	45
211	-0.164005	318.791875	0.002028	54
212	-0.204244	318.180381	0.006184	47
213	-0.019236	317.572005	0.000211	44
214	0.000000	316.966721	0.000000	53
215	-0.801675	316.364504	0.007300	47
216	-0.409954	315.765329	0.007015	46
217	-0.735066	315.169170	0.006299	47
218	-0.576725	314.576003	0.005917	47
219	-0.552539	313.985804	0.007599	45
220	-0.758567	313.398548	0.008119	53
221	-1.119064	312.814213	0.011037	47
222	-0.137311	312.232773	0.002457	45
223	-0.000341	311.654207	0.000019	53
224	0.000000	311.078491	0.000000	47
225	0.000000	310.505602	0.000000	44
226	-0.286516	309.935518	0.002799	54
227	0.000000	309.368217	0.000000	44
228	-0.058750	308.803676	0.001026	44
229	-0.000000	308.241874	0.000000	56
230	-0.204705	307.682789	0.004276	45
231	-0.959066	307.126400	0.006520	43
232	-0.799553	306.572687	0.009934	49
233	-0.950573	306.021627	0.011198	47
234	-0.464778	305.473201	0.005940	44
235	-0.772164	304.927388	0.008817	55
236	-0.756822	304.384168	0.008590	47
237	-0.478637	303.843521	0.003392	44
238	-0.957855	303.305427	0.006786	49
239	-0.372710	302.769867	0.005807	47
240	-0.175177	302.236821	0.002727	44
241	-0.308378	301.706270	0.004369	55
242	-0.977805	301.178196	0.009287	47
243	-0.660195	300.652580	0.005153	45
244	0.000000	300.129402	0.000000	47
245	-0.624154	299.608645	0.005312	47
246	-0.473611	299.090291	0.003788	45
247	-0.490997	298.574321	0.006625	57
248	-0.398649	298.060718	0.005308	45
249	-0.010127	297.549465	0.000111	44
250	-0.915975	297.040543	0.010715	50
251	-0.754142	296.533936	0.006637	45
252	-0.677511	296.029626	0.008427	45
253	-0.047019	295.527597	0.001782	50
254	-0.694354	295.027832	0.007822	47
255	0.000000	294.530315	0.000000	45
256	-0.000000	294.035028	0.000000	49
257	0.000000	293.541956	0.000000	47
258	-0.000000	293.051083	0.000000	45
259	-0.191455	292.562393	0.002586	54
260	-0.402621	292.075870	0.004900	47
261	-0.491645	291.591498	0.007435	45
262	-0.892191	291.109263	0.007434	53
263	-0.915404	290.629149	0.009656	46
264	-0.467886	290.151140	0.005175	44
265	-0.000476	289.675222	0.000376	49
266	-0.206593	289.201380	0.003778	47
267	-0.799104	288.729600	0.007506	44
268	-0.614069	288.259866	0.006478	58
269	-0.861644	287.792165	0.006166	47
270	0.000000	287.326481	0.000000	44
271	0.000000	286.862802	0.000000	50
272	-0.367976	286.401113	0.004971	47
273	-1.057309	285.941400	0.010776	44
274	0.000000	285.483649	0.000000	57
275	0.000000	285.027847	0.000000	47
276	-0.510211	284.573981	0.003293	44
277	-0.256850	284.122037	0.002803	49
278	0.000000	283.672002	0.000000	46
279	-1.002218	283.223863	0.008506	46
280	-0.915889	282.777607	0.006429	49
281	-0.322192	282.333221	0.003154	47
282	-0.932269	281.890692	0.007844	44
283	-0.660788	281.450008	0.005932	52
284	-0.443419	281.011157	0.003464	46
285	-0.710672	280.574125	0.008336	46
286	-0.045590	280.138901	0.002137	52
287	-0.025838	279.705473	0.000888	47
288	-0.703745	279.273829	0.005819	46
289	0.000000	278.843956	0.000000	51
290	-0.061916	278.415844	0.001324	47
291	-0.509338	277.989479	0.006641	47
292	-1.003461	277.564851	0.009904	49
293	-0.611243	277.141949	0.006254	47
294	0.000000	276.720761	0.000000	43
295	0.000000	276.301275	0.000000	49
296	-0.455993	275.883480	0.004939	47
297	-0.708855	275.467366	0.005386	42
298	-0.424859	275.052922	0.003982	50
299	-0.655518	274.640136	0.005147	46
300	-0.378742	274.228998	0.003048	46
301	-0.059859	273.819497	0.003417	52
302	-0.036034	273.411623	0.000946	47
303	-0.593613	273.005365	0.007069	44
304	-0.581760	272.600712	0.006576	53
305	-0.266036	272.197655	0.004192	47
306	-0.644764	271.796184	0.006652	45
307	-0.866075	271.396287	0.006072	51
308	-0.214789	270.997956	0.003092	46
309	-0.846263	270.601180	0.007334	44
310	-0.327017	270.205949	0.003327	50
311	-0.535031	269.812254	0.009175	46
312	-0.129843	269.420085	0.002517	46
313	-0.690380	269.029432	0.004757	46
314	-0.934411	268.640287	0.008327	45
315	-0.691771	268.252638	0.005980	44
316	-0.854758	267.866478	0.006181	49
317	0.000000	267.481796	0.000000	44
318	-0.270785	267.098584	0.004227	43
319	-0.761791	266.716833	0.005009	51
320	-0.613847	266.336533	0.009320	45
321	-0.899070	265.957676	0.007920	42
322	-0.475710	265.580253	0.006048	55
323	-0.536971	265.204254	0.006151	46
324	-0.250900	264.829672	0.003165	45
325	0.000000	264.456497	0.000000	54
326	0.000000	264.084721	0.000000	47
327	-0.285458	263.714335	0.003794	45
328	-0.970638	263.345332	0.007892	49
329	-0.570188	262.977702	0.005389	47
330	-0.516078	262.611438	0.004379	45
331	-0.858125	262.246531	0.006509	48
332	0.000000	261.882973	0.000000	45
333	-0.443402	261.520756	0.003141	46
334	-1.101579	261.159871	0.012424	46
335	-0.627893	260.800312	0.004409	46
336	-0.466789	260.442070	0.004444	49
337	-0.753002	260.085137	0.005811	45
338	-0.783546	259.729505	0.008496	42
339	-0.669287	259.375167	0.006363	55
340	-0.676601	259.022116	0.005957	47
341	-0.001858	258.670343	0.000047	45
342	-0.537274	258.319841	0.003272	48
343	-0.589154	257.970602	0.007917	45
344	-0.717246	257.622620	0.005658	50
345	-0.005545	257.275887	0.000102	45
346	-0.872446	256.930396	0.009616	41
347	-0.218484	256.586139	0.003553	51
348	-0.480803	256.243109	0.005987	46
349	-0.657119	255.901300	0.006238	62
350	-0.636883	255.560703	0.005254	47
351	-0.029489	255.221313	0.001006	55
352	0.000000	254.883122	0.000000	45
353	-0.078054	254.546124	0.001650	45
354	-0.186293	254.210311	0.002582	54
355	-0.006861	253.875677	0.000308	43
356	-0.422737	253.542215	0.005362	56
357	-0.642830	253.209918	0.007639	47
358	-0.790276	252.878781	0.005388	43
359	-0.664595	252.548795	0.008268	52
360	-0.147686	252.219956	0.002618	44
361	-0.648545	251.892255	0.005696	51
362	-0.258089	251.565688	0.003999	44
363	-0.046585	251.240247	0.003121	41
364	-0.354016	250.915926	0.005180	42
365	-0.688350	250.592720	0.008670	43
366	-0.002402	250.270621	0.000233	41
367	-0.872275	249.949624	0.008160	46
368	-0.394514	249.629723	0.005264	46
369	-0.208280	249.310911	0.003729	45
370	-0.733444	248.993182	0.006791	43
371	-0.354016	248.676531	0.002952	41
372	-0.933847	248.360952	0.007241	45
373	-0.464718	248.046438	0.005100	43
374	-0.827718	247.732984	0.007266	53
375	-0.930976	247.420584	0.007497	45
376	-0.732401	247.109233	0.008271	45
377	0.000000	246.798924	0.000000	56
378	-0.569850	246.489652	0.007761	46
379	0.000000	246.181412	0.000000	48
380	-0.532199	245.874197	0.007252	44
381	-0.707678	245.568002	0.005136	51
382	0.000000	245.262822	0.000000	45
383	-0.453452	244.958652	0.004086	60
384	-0.621495	244.655485	0.003459	44
385	-0.786088	244.353317	0.005677	45
386	-0.277670	244.052142	0.005180	60
387	-0.485467	243.751955	0.004361	42
388	-0.786271	243.452750	0.009105	60
389	0.000000	243.154523	0.000000	45
390	-0.689082	242.857268	0.006589	45
391	-0.491334	242.560980	0.004628	59
392	-0.113198	242.265654	0.002894	44
393	-0.810982	241.971285	0.006579	53
394	-0.746821	241.677868	0.007791	44
395	-0.479678	241.385397	0.005262	58
396	-0.337571	241.093869	0.004286	46
397	0.000000	240.803278	0.000000	42
398	-0.625993	240.513619	0.005855	53
399	-0.502204	240.224887	0.006200	44
400	-0.022010	239.937077	0.000975	59
401	-0.812907	239.650186	0.006327	45
402	-0.867455	239.364207	0.006203	50
403	-0.005920	239.079136	0.001632	44
404	0.000000	238.794969	0.000000	43
405	-0.000000	238.511701	0.000000	57
406	0.000000	238.229327	0.000000	43
407	-0.734295	237.947843	0.006731	56
408	-0.000000	237.667244	0.000000	56
409	-0.015631	237.387526	0.001612	49
410	0.000000	237.108684	0.000000	46
411	0.000000	236.830714	0.000000	52
412	0.000000	236.553610	0.000000	45
413	-0.773983	236.277370	0.006296	45
414	-0.013625	236.001989	0.001184	48
415	-0.854257	235.727461	0.008574	45
416	-0.620292	235.453784	0.006107	42
417	0.000000	235.180952	0.000000	49
418	-0.742209	234.908962	0.008393	47
419	-0.600644	234.637809	0.006582	45
420	-0.008592	234.367488	0.000000	45
421	-0.841511	234.097997	0.006476	45
422	0.000000	233.829331	0.000000	41
423	0.000000	233.561485	0.000000	50
424	-0.840424	233.294456	0.006910	45
425	-0.456264	233.028239	0.004538	45
426	-0.925306	232.762831	0.008905	48
427	-0.612655	232.498228	0.006448	48
428	0.000000	232.234425	0.000000	42
429	-0.405076	231.971419	0.007485	46
430	-0.034327	231.709205	0.000974	46
431	-0.777976	231.447781	0.007647	48
432	0.000000	231.187141	0.000000	46
433	0.000000	230.927283	0.000000	43
434	-0.804037	230.668202	0.006564	48
435	-0.744500	230.409895	0.010150	44
436	-0.609407	230.152358	0.005647	48
437	-0.879112	229.895587	0.008147	46
438	-0.399703	229.639578	0.004780	43
439	-0.878590	229.384329	0.007252	48
440	-0.504187	229.129834	0.005682	45
441	-0.665233	228.876091	0.004686	43
442	-0.844540	228.623096	0.005297	52
443	-0.042982	228.370846	0.001762	45
444	-0.358696	228.119336	0.003801	47
445	-0.264262	227.868563	0.003021	47
446	-0.585766	227.618525	0.004928	47
447	-0.000158	227.369216	0.000013	46
448	-0.715977	227.120635	0.006491	47
449	-0.807993	226.872777	0.006888	48
450	-0.552373	226.625638	0.004902	44
451	-0.050351	226.379217	0.001081	50
452	-0.323110	226.133509	0.005519	46
453	0.000000	225.888510	0.000000	44
454	-0.301582	225.644218	0.004434	49
455	-0.870497	225.400630	0.009027	45
456	-0.417146	225.157741	0.006567	45
457	-0.636827	224.915549	0.004108	48
458	0.000000	224.674051	0.000000	45
459	-0.790306	224.433242	0.006479	44
460	-0.344575	224.193121	0.006191	47
461	-0.000000	223.953684	0.000000	45
462	0.000000	223.714927	0.000000	44
463	0.000000	223.476848	0.000000	50
464	-0.724606	223.239444	0.007082	45
465	-0.720094	223.002710	0.006432	43
466	-0.442075	222.766645	0.007109	49
467	-0.659643	222.531245	0.006157	45
468	-0.651072	222.296508	0.004610	43
469	-0.629238	222.062429	0.004814	49
470	-0.284302	221.829007	0.003814	47
471	-0.544514	221.596238	0.005733	48
472	-0.869675	221.364119	0.006319	45
473	-0.433979	221.132647	0.005701	45
474	0.000000	220.901820	0.000000	44
475	-0.049127	220.671634	0.001674	50
476	-0.637108	220.442086	0.006389	47
477	-0.461218	220.213174	0.004551	41
478	-0.333501	219.984895	0.004210	49
479	-0.736069	219.757246	0.004972	43
480	-0.707255	219.530224	0.008095	42
481	-0.573013	219.303826	0.007595	50
482	-0.665696	219.078050	0.005001	47
483	0.000000	218.852893	0.000000	48
484	-0.004106	218.628352	0.000521	46
485	-0.128730	218.404424	0.000925	51
486	-0.650272	218.181106	0.006906	49
487	0.000000	217.958397	0.000000	41
488	-0.678411	217.736292	0.005991	42
489	-0.250875	217.514790	0.003805	45
490	-0.034770	217.293888	0.001775	51
491	-0.000015	217.073584	0.000004	42
492	-0.603565	216.853873	0.006638	47
493	-0.182448	216.634755	0.003211	46
494	-0.159096	216.416227	0.001815	49
495	0.000000	216.198285	0.000000	45
496	-0.114746	215.980927	0.001788	57
497	-0.896185	215.764151	0.007824	45
498	-0.217057	215.547955	0.003031	50
499	-0.680170	215.332335	0.006864	49
500	-0.628025	215.117289	0.005969	51
501	-0.668978	214.902815	0.006631	42
502	-0.095067	214.688911	0.002259	46
503	-0.953276	214.475573	0.005365	46
504	-0.816317	214.262800	0.005098	43
505	0.000000	214.050588	0.000000	48
506	-0.081930	213.838936	0.001339	46
507	-0.158745	213.627842	0.002462	48
508	-0.730531	213.417302	0.005964	43
509	-0.494411	213.207314	0.006021	49
510	-0.640497	212.997877	0.006089	44
511	-0.717760	212.788987	0.010167	46
512	-0.385131	212.580642	0.004764	41
513	-0.033984	212.372841	0.001971	44
514	0.000000	212.165581	0.000000	43
515	-0.792837	211.958859	0.005210	48
516	-0.961855	211.752673	0.007312	45
517	-0.344752	211.547021	0.005934	52
518	-0.052874	211.341902	0.002826	45
519	-0.000656	211.137311	0.000073	43
520	0.000000	210.933248	0.000000	47
521	-0.786409	210.729710	0.006879	46
522	-1.039739	210.526695	0.008789	44
523	-0.345729	210.324200	0.004419	51
524	-0.184461	210.122224	0.003165	47
525	-0.260659	209.920765	0.002574	45
526	-0.907397	209.719820	0.006010	49
527	-0.000013	209.519387	0.000009	44
528	-0.206321	209.319463	0.002211	42
529	-0.118779	209.120048	0.002107	46
530	-0.187821	208.921139	0.003184	42
531	-0.625739	208.722733	0.003490	43
532	-0.725689	208.524829	0.006122	47
533	0.000000	208.327425	0.000000	45
534	-0.688331	208.130518	0.005704	48
535	-0.652561	207.934107	0.006709	45
536	0.000000	207.738189	0.000000	45
537	0.000000	207.542762	0.000000	38
538	-0.000761	207.347825	0.000022	46
539	0.000000	207.153376	0.000000	47
540	-0.648095	206.959412	0.006132	43
541	0.000000	206.765932	0.000000	52
542	-0.483544	206.572933	0.004097	45
543	-0.799992	206.380414	0.005760	44
544	-0.021504	206.188373	0.000472	51
545	-0.430564	205.996807	0.004569	46
546	-0.534001	205.805716	0.006328	45
547	-0.523655	205.615096	0.005862	55
548	0.000000	205.424946	0.000000	45
549	-0.523479	205.235265	0.005300	43
550	-0.774827	205.046050	0.007678	46
551	-0.734826	204.857299	0.005243	46
552	-0.594279	204.669011	0.005020	52
553	-0.838821	204.481184	0.007146	45
554	-0.499059	204.293816	0.008184	43
555	-0.802700	204.106905	0.007770	50
556	-0.944781	203.920449	0.007129	42
557	-0.418948	203.734447	0.006334	52
558	0.000000	203.548896	0.000000	43
559	-0.786362	203.363795	0.008043	44
560	-0.912548	203.179143	0.006924	48
561	-0.694211	202.994937	0.007950	47
562	0.000000	202.811176	0.000000	48
563	-0.645404	202.627857	0.004395	46
564	-0.257695	202.444980	0.003880	46
565	-0.876912	202.262543	0.006961	46
566	-0.109491	202.080543	0.001818	47
567	-0.747654	201.898979	0.006323	45
568	-0.371123	201.717849	0.003522	50
569	-0.683146	201.537153	0.005307	39
570	-0.533759	201.356887	0.005068	43
571	-0.006032	201.177050	0.001093	48
572	0.000000	200.997642	0.000000	44
573	-0.885333	200.818659	0.006894	44
574	-0.535118	200.640100	0.006703	51
575	-0.425191	200.461965	0.006978	45
576	0.000000	200.284250	0.000000	43
577	-0.645358	200.106955	0.006817	48
578	-0.821163	199.930078	0.005822	45
579	-0.000388	199.753617	0.000009	46
580	-0.008294	199.577571	0.000374	45
581	-0.004373	199.401938	0.000262	46
582	-0.682642	199.226717	0.004956	46
583	-0.785841	199.051905	0.006637	50
584	-0.253739	198.877502	0.005776	44
585	0.000000	198.703506	0.000000	49
586	-0.418348	198.529916	0.005408	44
587	-0.514273	198.356729	0.006313	44
588	-0.434786	198.183944	0.006523	43
589	-0.264671	198.011560	0.002754	46
590	-0.427376	197.839576	0.006151	47
591	-0.138837	197.667989	0.002653	45
592	0.000000	197.496798	0.000000	42
593	-0.666732	197.326002	0.007776	51
594	-0.000210	197.155600	0.000116	46
595	-0.507967	196.985589	0.004693	44
596	-0.230417	196.815969	0.002467	49
597	-0.498661	196.646738	0.006960	44
598	-0.738726	196.477894	0.005096	42
599	0.000000	196.309436	0.000000	47
600	-0.001378	196.141363	0.000050	43
601	-0.887846	195.973673	0.006647	48
602	-0.993817	195.806365	0.007766	46
603	0.000000	195.639437	0.000000	45
604	-0.364018	195.472888	0.003590	45
605	-0.875477	195.306717	0.007690	49
606	-0.039188	195.140922	0.000514	45
607	0.000000	194.975501	0.000000	51
608	-0.000000	194.810454	0.000000	47
609	-0.759973	194.645779	0.005246	45
610	-0.913713	194.481475	0.007866	42
611	-0.570855	194.317540	0.006366	53
612	-0.574899	194.153973	0.004204	46
613	-0.145608	193.990773	0.002596	43
614	0.000000	193.827938	0.000000	47
615	0.000000	193.665467	0.000000	45
616	0.000000	193.503358	0.000000	43
617	-0.825086	193.341611	0.005625	47
618	-0.070516	193.180224	0.002932	46
619	-0.285084	193.019196	0.006084	48
620	-0.308448	192.858525	0.002952	46
621	-0.288708	192.698210	0.003876	45
622	-0.825388	192.538251	0.006941	45
623	-0.004401	192.378644	0.000056	49
624	-0.593499	192.219391	0.006035	44
625	-0.744569	192.060488	0.007647	42
626	-0.586755	191.901935	0.009872	50
627	-0.431881	191.743730	0.005701	45
628	-0.130662	191.585873	0.002312	42
629	-0.631462	191.428362	0.006618	49
630	-0.731208	191.271196	0.005573	44
631	0.000000	191.114374	0.000000	49
632	-0.974931	190.957893	0.008023	45
633	-0.720720	190.801755	0.007080	44
634	-0.501875	190.645956	0.007411	47
635	-0.903316	190.490495	0.007351	45
636	-0.030706	190.335373	0.000242	42
637	-0.616882	190.180587	0.006297	48
638	-0.595970	190.026136	0.005556	45
639	-0.000000	189.872019	0.000000	45
640	0.000000	189.718235	0.000000	43
641	-0.675812	189.564782	0.005837	45
642	-0.045654	189.411661	0.000652	42
643	-0.639206	189.258868	0.007440	49
644	-0.402151	189.106404	0.003839	45
645	-0.144982	188.954267	0.002200	45
646	-0.828523	188.802456	0.005646	52
647	-0.727355	188.650969	0.004957	46
648	-0.732850	188.499807	0.006313	43
649	0.000000	188.348967	0.000000	54
650	-0.224903	188.198448	0.002887	45
651	-0.254385	188.048250	0.004196	43
652	-0.768764	187.898371	0.004650	43
653	-0.062460	187.748810	0.002410	45
654	-0.516111	187.599566	0.006821	55
655	0.000000	187.450638	0.000000	41
656	-0.613099	187.302025	0.004856	46
657	0.000000	187.153725	0.000000	44
658	-0.830022	187.005739	0.007205	52
659	-0.655058	186.858064	0.007882	47
660	-0.803100	186.710699	0.008610	42
661	-0.371326	186.563645	0.004813	54
662	0.000000	186.416898	0.000000	42
663	0.000000	186.270459	0.000000	44
664	-0.728100	186.124326	0.004767	44
665	-0.479508	185.978499	0.005269	43
666	-0.901866	185.832976	0.005898	49
667	-0.560915	185.687756	0.006445	45
668	-0.846523	185.542838	0.006805	45
669	-0.798149	185.398222	0.006246	51
670	-0.934331	185.253906	0.007374	47
671	0.000000	185.109889	0.000000	42
672	-0.709701	184.966170	0.005719	51
673	0.000000	184.822748	0.000000	45
674	0.000000	184.679623	0.000000	42
675	-0.381042	184.536792	0.005332	48
676	-0.570275	184.394256	0.006553	46
677	-0.358869	184.252013	0.003533	46
678	0.000000	184.110062	0.000000	45
679	-0.735408	183.968403	0.005621	46
680	-0.928108	183.827034	0.007790	49
681	-0.355193	183.685954	0.004724	43
682	-0.496703	183.545163	0.004305	44
683	-0.023577	183.404658	0.000698	44
684	-0.110513	183.264441	0.002427	48
685	-0.604834	183.124509	0.005924	47
686	-0.404129	182.984861	0.006346	41
687	-0.636407	182.845497	0.007553	50
688	0.000000	182.706416	0.000000	46
689	0.000000	182.567616	0.000000	57
690	0.000000	182.429098	0.000000	45
691	-0.462883	182.290859	0.004848	43
692	-0.356493	182.152899	0.002764	46
693	-0.621074	182.015217	0.008423	47
694	-0.471327	181.877813	0.005249	52
695	0.000000	181.740684	0.000000	46
696	-0.459159	181.603832	0.004771	44
697	0.000000	181.467253	0.000000	45
698	-0.256501	181.330948	0.003353	49
699	-0.262631	181.194916	0.003515	46
700	-0.652488	181.059155	0.007225	44
701	0.000000	180.923666	0.000000	50
702	-0.964222	180.788446	0.008029	45
703	0.000000	180.653496	0.000000	45
704	-0.780193	180.518814	0.008455	51
705	-0.201867	180.384399	0.003141	45
706	-0.161867	180.250251	0.003789	42
707	-0.845640	180.116369	0.008204	55
708	-0.839730	179.982752	0.004982	44
709	-0.484149	179.849398	0.007125	43
710	-0.633484	179.716308	0.006148	47
711	-0.693643	179.583480	0.006325	45
712	-0.646984	179.450913	0.007315	43
713	-0.611617	179.318607	0.005850	50
714	-0.638675	179.186561	0.007755	45
715	-0.561918	179.054774	0.004182	42
716	-0.840717	178.923245	0.005178	47
717	-0.141463	178.791973	0.003412	46
718	-0.631026	178.660958	0.007834	47
719	-0.551722	178.530199	0.005675	45
720	-0.969870	178.399694	0.007651	46
721	0.000000	178.269444	0.000000	43
722	-0.454868	178.139447	0.005365	50
723	-0.467592	178.009702	0.006390	46
724	-0.043613	177.880209	0.000844	46
725	-0.335040	177.750967	0.003966	45
726	-0.595954	177.621975	0.005836	43
727	-0.602148	177.493232	0.003967	44
728	-0.202535	177.364738	0.003327	57
729	-0.570322	177.236492	0.007977	44
730	-0.906961	177.108492	0.004916	43
731	-0.843250	176.980739	0.009200	52
732	-0.048974	176.853231	0.001521	46
733	-0.672006	176.725968	0.006896	44
734	-0.431676	176.598949	0.004645	51
735	-0.099083	176.472173	0.002623	47
736	-0.608782	176.345639	0.006227	43
737	-0.264582	176.219348	0.003529	50
738	0.000000	176.093296	0.000000	47
739	-0.447158	175.967486	0.005914	44
740	-0.197491	175.841914	0.002943	56
741	-0.696987	175.716581	0.005753	45
742	0.000000	175.591486	0.000000	42
743	-0.410890	175.466629	0.005313	50
744	-0.768565	175.342008	0.005547	44
745	0.000000	175.217622	0.000000	44
746	-0.647125	175.093472	0.008323	51
747	-0.296494	174.969556	0.003115	44
748	-0.881407	174.845873	0.006481	42
749	-0.908982	174.722423	0.007342	49
750	-0.854129	174.599206	0.005410	45
751	-0.013887	174.476220	0.000814	44
752	-0.624350	174.353464	0.006945	47
753	-0.072925	174.230939	0.001142	45
754	-0.451307	174.108643	0.003211	44
755	-0.136244	173.986576	0.003167	46
756	-0.823196	173.864737	0.005364	45
757	-0.067395	173.743124	0.002451	41
758	-0.297013	173.621739	0.003898	49
759	0.000000	173.500579	0.000000	44
760	-0.225550	173.379645	0.003798	43
761	0.000000	173.258935	0.000000	47
762	-0.853612	173.138449	0.007866	45
763	-0.049241	173.018186	0.000999	44
764	-0.459111	172.898146	0.007348	48
765	-0.422398	172.778327	0.004494	45
766	-0.817869	172.658730	0.008235	43
767	-0.037405	172.539353	0.000416	48
768	-0.563230	172.420196	0.004898	44
769	0.000000	172.301258	0.000000	43
770	-0.538758	172.182539	0.005526	49
771	-0.298638	172.064037	0.002883	47
772	-0.404134	171.945753	0.005600	47
773	-0.802768	171.827686	0.007673	46
774	-0.596212	171.709834	0.007027	45
775	0.000000	171.592198	0.000000	43
776	-0.773415	171.474776	0.004715	49
777	-0.066231	171.357568	0.003408	45
778	-0.372517	171.240574	0.005055	42
779	0.000000	171.123793	0.000000	50
780	-0.688269	171.007223	0.006515	45
781	-0.650568	170.890865	0.007020	52
782	-0.004184	170.774718	0.000083	48
783	0.000000	170.658782	0.000000	41
784	-0.425570	170.543055	0.006713	53
785	-0.013697	170.427537	0.001708	45
786	-0.026619	170.312227	0.000843	43
787	-0.793298	170.197125	0.007344	57
788	-0.069664	170.082231	0.002421	45
789	-0.766144	169.967543	0.006283	44
790	-0.806861	169.853061	0.009012	48
791	-0.137042	169.738784	0.002024	46
792	-0.920953	169.624713	0.007974	50
793	0.000000	169.510845	0.000000	46
794	-0.271610	169.397181	0.004029	45
795	-0.378384	169.283720	0.003154	45
796	-0.530835	169.170462	0.005010	45
797	0.000000	169.057405	0.000000	43
798	-0.732034	168.944549	0.004934	58
799	0.000000	168.831895	0.000000	44
800	-0.702769	168.719440	0.005282	42
801	0.000000	168.607185	0.000000	51
802	-0.035028	168.495129	0.000378	42
803	-0.416763	168.383271	0.004855	50
804	-0.007973	168.271611	0.000665	47
805	-0.807721	168.160148	0.005390	45
806	-0.673267	168.048882	0.006343	50
807	-0.633159	167.937812	0.005705	47
808	-0.848684	167.826938	0.006366	44
809	-0.664104	167.716258	0.005873	55
810	-0.335144	167.605773	0.003988	46
811	-0.772594	167.495482	0.006981	43
812	-0.707882	167.385384	0.007283	53
813	-0.051448	167.275479	0.001675	45
814	-0.658525	167.165766	0.005307	44
815	-0.830099	167.056245	0.006646	50
816	-0.110694	166.946915	0.001063	45
817	0.000000	166.837776	0.000000	44
818	-0.878940	166.728826	0.007112	51
819	0.000000	166.620067	0.000000	46
820	-0.855750	166.511496	0.005189	44
821	0.000000	166.403113	0.000000	50
822	0.000000	166.294919	0.000000	44
823	-0.590145	166.186912	0.005456	46
824	-0.887280	166.079091	0.005903	50
825	-0.418830	165.971458	0.003206	47
826	-0.468143	165.864009	0.005584	44
827	-0.021812	165.756747	0.000253	50
828	-0.774013	165.649669	0.005522	47
829	-0.171231	165.542775	0.002350	44
830	-0.000000	165.436065	0.000000	50
831	-0.402162	165.329538	0.005882	48
832	-0.998698	165.223194	0.009982	45
833	-0.004851	165.117032	0.000079	51
834	-0.542923	165.011052	0.006795	45
835	-0.915450	164.905253	0.008751	42
836	0.000000	164.799635	0.000000	55
837	-0.793830	164.694197	0.007352	45
838	-0.793629	164.588939	0.006624	43
839	-0.211956	164.483859	0.003713	49
840	-0.001196	164.378959	0.000033	45
841	-0.767644	164.274237	0.006746	44
842	-0.041582	164.169692	0.001846	52
843	-0.379725	164.065325	0.004933	45
844	-0.588437	163.961135	0.006186	44
845	-0.617794	163.857120	0.006789	55
846	-0.800068	163.753282	0.006496	45
847	-0.150919	163.649619	0.002423	44
848	-0.000002	163.546130	0.000003	49
849	-0.752529	163.442816	0.004182	46
850	-0.276624	163.339676	0.003654	45
851	-0.783567	163.236709	0.005060	52
852	-0.642348	163.133915	0.005876	46
853	-0.000000	163.031294	0.000000	42
854	0.000000	162.928844	0.000000	56
855	0.000000	162.826566	0.000000	45
856	0.000000	162.724459	0.000000	42
857	0.000000	162.622523	0.000000	48
858	-0.885942	162.520757	0.005251	46
859	-0.324905	162.419160	0.004599	44
860	-0.659479	162.317733	0.008826	48
861	-0.855311	162.216474	0.006387	47
862	0.000000	162.115383	0.000000	44
863	-0.642447	162.014461	0.004991	50
864	0.000000	161.913705	0.000000	47
865	-0.000000	161.813117	0.000000	45
866	0.000000	161.712695	0.000000	58
867	-0.450856	161.612439	0.007132	46
868	-0.798642	161.512349	0.005825	43
869	-0.775088	161.412424	0.007210	57
870	0.000000	161.312663	0.000000	45
871	-0.000141	161.213067	0.000025	43
872	-0.329815	161.113635	0.004748	53
873	-0.530429	161.014366	0.005076	45
874	-0.663582	160.915260	0.004964	44
875	0.000000	160.816316	0.000000	53
876	-0.886234	160.717535	0.007210	46
877	-0.719377	160.618915	0.005546	44
878	-0.810876	160.520456	0.007864	52
879	-0.522505	160.422158	0.005156	46
880	-0.545434	160.324021	0.006367	44
881	-0.998754	160.226043	0.008515	56
882	-0.863484	160.128225	0.006132	45
883	-0.010237	160.030566	0.000114	43
884	-0.016076	159.933066	0.001529	47
885	-0.184172	159.835723	0.004165	43
886	-0.475852	159.738539	0.006778	45
887	-0.563985	159.641512	0.005762	47
888	-0.774790	159.544642	0.005926	45
889	-0.801540	159.447929	0.004772	45
890	-0.687602	159.351372	0.004202	54
891	-0.361303	159.254971	0.005464	46
892	-0.138627	159.158725	0.002561	44
893	-0.271033	159.062634	0.004014	49
894	-0.380062	158.966697	0.004641	45
895	-0.000025	158.870915	0.000042	43
896	-0.410032	158.775286	0.003899	54
897	-0.710473	158.679811	0.005738	45
898	0.000000	158.584489	0.000000	44
899	-0.004048	158.489319	0.000234	56
900	-0.870597	158.394302	0.006577	46
901	0.000000	158.299436	0.000000	42
902	-0.531035	158.204721	0.005834	55
903	-0.815113	158.110158	0.009037	46
904	-0.915014	158.015745	0.007292	45
905	-0.656910	157.921482	0.008352	51
906	-0.128271	157.827369	0.002715	45
907	-0.424805	157.733406	0.004037	45
908	-0.185397	157.639591	0.002885	56
909	-0.503919	157.545925	0.005369	45
910	-0.317834	157.452408	0.004832	43
911	-0.657120	157.359038	0.006959	47
912	-0.668478	157.265816	0.007396	45
913	-0.773756	157.172741	0.005223	44
914	-0.393473	157.079813	0.004395	50
915	-0.000001	156.987031	0.000000	46
916	-0.464585	156.894395	0.004490	44
917	-0.442512	156.801904	0.004280	51
918	-0.325357	156.709559	0.004869	45
919	-0.024315	156.617359	0.000252	43
920	-0.753067	156.525304	0.004116	60
921	-0.779295	156.433392	0.005899	48
922	-0.201341	156.341624	0.003862	44
923	-0.507002	156.250000	0.005971	49
924	-0.328798	156.158519	0.003423	45
925	-0.413209	156.067180	0.004769	45
926	-0.021072	155.975984	0.002701	56
927	0.000000	155.884930	0.000000	48
928	-0.752552	155.794017	0.004722	47
929	-0.912357	155.703246	0.006222	45
930	-0.376913	155.612615	0.004303	44
931	-0.496373	155.522125	0.004080	58
932	-0.805238	155.431775	0.007736	47
933	-0.780097	155.341565	0.007147	42
934	-0.791410	155.251495	0.005029	52
935	-0.511721	155.161563	0.005602	45
936	-0.950789	155.071771	0.008529	52
937	-0.714443	154.982117	0.006323	47
938	-0.636639	154.892601	0.005609	44
939	-0.815996	154.803222	0.005233	50
940	-0.376138	154.713981	0.005077	45
941	0.000000	154.624878	0.000000	44
942	-0.881294	154.535910	0.005187	46
943	-0.000027	154.447080	0.000034	58
944	-0.287979	154.358385	0.003701	43
945	-0.496905	154.269826	0.006828	57
946	-0.151081	154.181402	0.002050	47
947	-0.477899	154.093114	0.004174	42
948	-0.729626	154.004960	0.007390	52
949	-0.279427	153.916940	0.004477	44
950	0.000000	153.829054	0.000000	56
951	0.000000	153.741303	0.000000	46
952	-0.275161	153.653684	0.004800	44
953	-0.801617	153.566198	0.005216	53
954	-0.056193	153.478846	0.002798	46
955	-0.784965	153.391625	0.006229	44
956	0.000000	153.304537	0.000000	46
957	-0.729173	153.217580	0.005425	53
958	0.000000	153.130755	0.000000	43
959	-0.616831	153.044061	0.003959	46
960	0.000000	152.957498	0.000000	50
961	-0.856363	152.871065	0.007204	42
962	-0.479939	152.784762	0.006678	56
963	-0.763960	152.698589	0.004847	47
964	-0.574653	152.612545	0.005817	45
965	-0.658864	152.526631	0.006379	53
966	-0.741023	152.440845	0.008598	46
967	0.000000	152.355188	0.000000	58
968	-0.457131	152.269660	0.003673	47
969	-0.428705	152.184259	0.004875	43
970	-0.329434	152.098986	0.004410	46
971	0.000000	152.013840	0.000000	58
972	-0.567629	151.928821	0.006187	43
973	-1.029364	151.843928	0.007092	49
974	-0.739894	151.759163	0.007456	46
975	0.000000	151.674523	0.000000	43
976	-0.592766	151.590009	0.006436	50
977	-0.807426	151.505620	0.006695	45
978	-0.022052	151.421357	0.001286	44
979	-0.719383	151.337218	0.005370	54
980	0.000000	151.253204	0.000000	46
981	-0.302248	151.169314	0.005256	43
982	0.000000	151.085549	0.000000	54
983	-0.249719	151.001907	0.003024	45
984	-0.648737	150.918388	0.006963	43
985	-0.743860	150.834992	0.006423	50
986	0.000000	150.751719	0.000000	47
987	-0.671157	150.668569	0.006892	44
988	-0.768586	150.585541	0.008392	51
989	-0.607197	150.502634	0.005599	47
990	-0.573098	150.419849	0.005888	45
991	0.000000	150.337186	0.000000	51
992	0.000000	150.254644	0.000000	46
993	0.000000	150.172222	0.000000	45
994	-0.703611	150.089921	0.005973	51
995	-0.318064	150.007740	0.002739	46
996	-0.318956	149.925679	0.003419	44
997	-0.690410	149.843737	0.005057	49
998	-0.150385	149.761915	0.003146	46
999	-0.001109	149.680212	0.000036	43
1000	-0.699048	149.598627	0.005487	51
1001	-0.872226	149.517161	0.007360	46
1002	0.000000	149.435814	0.000000	44
1003	0.000000	149.354584	0.000000	53
1004	-0.315902	149.273472	0.004599	45
1005	-0.905452	149.192477	0.006506	44
1006	-0.693015	149.111599	0.007058	54
1007	-0.887381	149.030838	0.007347	46
1008	-0.523749	148.950194	0.007165	45
1009	-0.873360	148.869666	0.006302	51
1010	0.000000	148.789253	0.000000	46
1011	-0.656145	148.708957	0.008132	45
1012	-0.206192	148.628776	0.003234	51
1013	-0.000000	148.548710	0.000000	46
1014	-0.806916	148.468759	0.005112	44
1015	-0.815247	148.388923	0.006217	50
1016	0.000000	148.309201	0.000000	45
1017	-0.554092	148.229594	0.006771	44
1018	-0.801941	148.150100	0.005128	50
1019	0.000000	148.070719	0.000000	45
1020	-0.045934	147.991452	0.001517	43
1021	-0.085508	147.912298	0.000520	47
1022	-0.285843	147.833257	0.004869	47
1023	-0.749601	147.754329	0.004617	46
1024	-0.801272	147.675512	0.004399	51
1025	-0.005214	147.596808	0.000125	46
1026	-0.526311	147.518216	0.006526	44
1027	-0.868158	147.439735	0.008135	50
1028	-0.666242	147.361365	0.004865	46
1029	-0.941913	147.283106	0.006269	44
1030	-0.818145	147.204958	0.007594	50
1031	-0.000182	147.126920	0.000023	46
1032	0.000000	147.048993	0.000000	43
1033	-0.001608	146.971175	0.000050	54
1034	-0.229380	146.893468	0.003227	45
1035	0.000000	146.815869	0.000000	41
1036	-0.820811	146.738380	0.005783	53
1037	-0.861167	146.661000	0.006659	45
1038	-0.380324	146.583729	0.003859	44
1039	-0.816588	146.506566	0.005849	53
1040	-0.007888	146.429511	0.000033	46
1041	-0.516166	146.352565	0.006809	43
1042	-0.464325	146.275726	0.004808	49
1043	-0.416987	146.198994	0.005705	46
1044	-0.788930	146.122370	0.008854	43
1045	0.000000	146.045853	0.000000	56
1046	-0.923297	145.969442	0.005756	46
1047	-0.533935	145.893139	0.005348	43
1048	0.000000	145.816941	0.000000	52
1049	-0.717825	145.740849	0.004643	45
1050	-0.222909	145.664863	0.005271	44
1051	-0.295618	145.588983	0.004288	54
1052	-0.906959	145.513208	0.008945	45
1053	-0.956842	145.437538	0.005539	43
1054	0.000000	145.361973	0.000000	47
1055	-0.004167	145.286513	0.000078	46
1056	0.000000	145.211157	0.000000	42
1057	-0.685566	145.135905	0.005734	49
1058	-0.675039	145.060757	0.005939	45
1059	0.000000	144.985712	0.000000	44
1060	-0.449589	144.910771	0.004450	51
1061	-0.339668	144.835934	0.004734	46
1062	-0.026769	144.761199	0.003871	45
1063	-0.419704	144.686567	0.002392	51
1064	-0.504350	144.612037	0.004939	46
1065	-0.710009	144.537610	0.007054	45
1066	0.000000	144.463285	0.000000	50
1067	-0.241845	144.389062	0.003247	46
1068	-0.667185	144.314940	0.005887	44
1069	-0.620864	144.240920	0.007804	54
1070	-0.222323	144.167001	0.003811	46
1071	-0.000000	144.093182	0.000000	44
1072	-0.597837	144.019465	0.008034	50
1073	-0.465001	143.945848	0.005407	45
1074	0.000000	143.872331	0.000000	43
1075	-0.487933	143.798914	0.005435	51
1076	-0.043405	143.725597	0.001258	48
1077	-0.807323	143.652380	0.004701	45
1078	-0.516258	143.579262	0.003576	50
1079	-0.511672	143.506243	0.007836	47
1080	-0.935519	143.433323	0.007623	45
1081	0.000000	143.360502	0.000000	51
1082	-0.077684	143.287780	0.001766	48
1083	-0.352820	143.215155	0.004733	45
1084	-0.767605	143.142629	0.006402	52
1085	-0.773038	143.070201	0.005239	47
1086	-0.501946	142.997870	0.004913	45
1087	0.000000	142.925637	0.000000	51
1088	-0.538791	142.853501	0.009228	46
1089	-0.713404	142.781462	0.004467	45
1090	-0.336296	142.709519	0.003281	51
1091	-0.313112	142.637674	0.004659	46
1092	0.000000	142.565924	0.000000	46
1093	0.000000	142.494271	0.000000	51
1094	0.000000	142.422714	0.000000	46
1095	-0.217618	142.351252	0.002335	44
1096	-0.225539	142.279886	0.003654	51
1097	-0.000061	142.208616	0.000003	46
1098	-0.794695	142.137440	0.007783	44
1099	-1.007372	142.066360	0.009338	50
1100	-0.990808	141.995374	0.010283	45
1101	-0.595113	141.924483	0.005861	43
1102	-0.720090	141.853685	0.005755	47
1103	-0.018961	141.782983	0.001432	45
1104	-0.933392	141.712373	0.008354	43
1105	0.000000	141.641858	0.000000	58
1106	-0.389939	141.571436	0.004694	46
1107	0.000000	141.501108	0.000000	44
1108	-0.007138	141.430872	0.001574	50
1109	-0.085869	141.360730	0.002273	46
1110	-0.001655	141.290680	0.000056	39
1111	-0.366449	141.220722	0.003849	49
1112	-0.036822	141.150857	0.000654	46
1113	-0.828792	141.081084	0.005620	43
1114	-0.613566	141.011403	0.007138	59
1115	0.000000	140.941813	0.000000	46
1116	-0.000000	140.872315	0.000000	43
1117	-0.936987	140.802909	0.006550	50
1118	-1.041291	140.733593	0.007021	46
1119	-0.135273	140.664369	0.002198	44
1120	0.000000	140.595235	0.000000	50
1121	0.000000	140.526192	0.000000	46
1122	0.000000	140.457239	0.000000	44
1123	0.000000	140.388376	0.000000	52
1124	-0.743628	140.319603	0.005297	46
1125	-0.463627	140.250920	0.007917	45
1126	-0.823937	140.182326	0.007037	51
1127	0.000000	140.113822	0.000000	46
1128	0.000000	140.045407	0.000000	45
1129	-0.473302	139.977081	0.005920	49
1130	0.000000	139.908844	0.000000	44
1131	-0.597840	139.840696	0.003553	43
1132	0.000000	139.772635	0.000000	50
1133	-0.611080	139.704664	0.007268	46
1134	0.000000	139.636780	0.000000	44
1135	-0.736797	139.568984	0.005483	51
1136	-0.732851	139.501276	0.008043	46
1137	-0.467664	139.433655	0.006833	45
1138	-0.929764	139.366122	0.010365	51
1139	0.000000	139.298676	0.000000	46
1140	-0.575276	139.231317	0.007294	45
1141	-0.775182	139.164045	0.005256	51
1142	-0.710968	139.096859	0.006142	46
1143	-0.597580	139.029760	0.007414	45
1144	0.000000	138.962747	0.000000	51
1145	-0.291436	138.895820	0.001940	45
1146	-0.882886	138.828978	0.005506	45
1147	-0.053606	138.762223	0.001873	51
1148	0.000000	138.695553	0.000000	47
1149	-0.000000	138.628969	0.000000	39
1150	-0.724541	138.562469	0.007148	51
1151	-0.606851	138.496055	0.004305	45
1152	-0.765963	138.429725	0.007419	44
1153	-0.694724	138.363481	0.008664	58
1154	-0.872329	138.297320	0.006978	45
1155	-0.858883	138.231244	0.006221	43
1156	-0.713993	138.165252	0.006646	52
1157	-0.905358	138.099344	0.007542	45
1158	-0.511372	138.033520	0.006622	44
1159	-0.643512	137.967779	0.005969	54
1160	-0.000000	137.902122	0.000000	45
1161	-0.419777	137.836548	0.003518	43
1162	-0.896129	137.771057	0.005252	50
1163	-0.784350	137.705649	0.005335	45
1164	-0.491599	137.640324	0.005499	43
1165	-0.373101	137.575081	0.003150	50
1166	-0.358933	137.509921	0.004405	46
1167	0.000000	137.444842	0.000000	44
1168	-0.749330	137.379846	0.004460	52
1169	-0.462457	137.314932	0.005947	46
1170	-0.501831	137.250100	0.007003	44
1171	-0.468469	137.185349	0.004896	55
1172	-0.872404	137.120680	0.006504	46
1173	0.000000	137.056092	0.000000	42
1174	-0.498507	136.991585	0.004731	50
1175	-0.464095	136.927158	0.004355	45
1176	-0.349985	136.862813	0.004083	43
1177	-0.480013	136.798548	0.005358	57
1178	-0.633225	136.734363	0.004546	43
1179	-0.955984	136.670259	0.007660	44
1180	-0.080179	136.606235	0.001756	50
1181	-0.730116	136.542291	0.007620	45
1182	-0.056170	136.478426	0.002187	46
1183	-0.000937	136.414641	0.000258	51
1184	-0.690143	136.350936	0.003742	46
1185	-0.773528	136.287310	0.005793	45
1186	-0.333132	136.223763	0.003037	52
1187	-0.601962	136.160295	0.006196	46
1188	-0.214521	136.096905	0.003528	45
1189	-0.604224	136.033594	0.004535	52
1190	0.000000	135.970362	0.000000	47
1191	-0.704905	135.907208	0.006713	43
1192	-0.650646	135.844133	0.003734	52
1193	-0.965750	135.781135	0.006965	46
1194	-0.572527	135.718215	0.004634	45
1195	-0.126017	135.655373	0.003298	58
1196	-0.356467	135.592608	0.004401	46
1197	-0.061779	135.529921	0.002830	43
1198	0.000000	135.467311	0.000000	51
1199	-0.001521	135.404778	0.000047	45
1200	-0.776463	135.342322	0.005681	45
1201	-0.518554	135.279942	0.005461	55
1202	-0.014144	135.217640	0.000178	45
1203	-0.305394	135.155413	0.002627	43
1204	-0.017439	135.093263	0.000584	54
1205	-0.115075	135.031190	0.001137	45
1206	-0.702311	134.969192	0.007204	42
1207	-0.897462	134.907270	0.006343	51
1208	-0.630273	134.845424	0.005201	46
1209	-0.135253	134.783653	0.002471	44
1210	-0.888503	134.721958	0.005899	51
1211	-0.082907	134.660338	0.002149	46
1212	-0.796724	134.598793	0.005401	43
1213	-0.941421	134.537323	0.007149	52
1214	-0.762636	134.475927	0.006627	46
1215	-0.587335	134.414607	0.005254	44
1216	-0.656504	134.353361	0.008944	52
1217	-0.852259	134.292189	0.008796	45
1218	-0.776519	134.231092	0.005149	44
1219	-0.255135	134.170068	0.001570	49
1220	-0.858397	134.109119	0.007466	45
1221	-0.789295	134.048243	0.005268	44
1222	-0.487950	133.987441	0.005511	50
1223	-0.854247	133.926713	0.007479	45
1224	-0.401655	133.866057	0.004174	43
1225	-0.001204	133.805475	0.000160	45
1226	-0.243346	133.744966	0.003638	46
1227	0.000000	133.684530	0.000000	41
1228	-0.857046	133.624167	0.007067	50
1229	0.000000	133.563877	0.000000	47
1230	-0.540956	133.503658	0.006256	45
1231	-0.325198	133.443513	0.004827	51
1232	-0.725826	133.383439	0.006576	47
1233	-0.668104	133.323437	0.006596	45
1234	-0.831188	133.263508	0.006605	50
1235	0.000000	133.203650	0.000000	47
1236	-0.700374	133.143864	0.006368	47
1237	-0.861374	133.084149	0.006435	52
1238	0.000000	133.024506	0.000000	44
1239	-0.721516	132.964934	0.004714	44
1240	-0.778040	132.905433	0.006623	51
1241	-0.744609	132.846003	0.005619	47
1242	0.000000	132.786643	0.000000	43
1243	-0.792642	132.727355	0.005407	52
1244	-0.627595	132.668137	0.004562	47
1245	-0.179923	132.608989	0.002860	43
1246	-0.572149	132.549912	0.005256	53
1247	-0.429630	132.490904	0.003274	46
1248	-0.600340	132.431967	0.006549	45
1249	0.000000	132.373100	0.000000	51
1250	-0.928441	132.314302	0.006724	45
1251	-0.481642	132.255574	0.005923	44
1252	-0.673380	132.196916	0.004173	48
1253	-0.603723	132.138326	0.005745	46
1254	-0.599398	132.079806	0.006493	46
1255	0.000000	132.021355	0.000000	56
1256	-0.702815	131.962973	0.004898	43
1257	-0.512879	131.904660	0.006092	43
1258	-0.339622	131.846415	0.005653	47
1259	-0.715448	131.788239	0.007306	45
1260	-0.662594	131.730131	0.008091	44
1261	-0.000379	131.672092	0.000033	56
1262	-0.627494	131.614121	0.008582	45
1263	-0.893646	131.556217	0.006724	42
1264	-0.334619	131.498382	0.003511	52
1265	-0.345634	131.440614	0.006534	45
1266	-0.838611	131.382914	0.007247	44
1267	-0.787082	131.325282	0.004682	54
1268	0.000000	131.267717	0.000000	45
1269	-0.699700	131.210219	0.005662	43
1270	-0.517684	131.152788	0.007085	48
1271	-0.000038	131.095424	0.000003	45
1272	-0.029999	131.038127	0.003028	44
1273	-0.105511	130.980897	0.001810	51
1274	-0.010893	130.923733	0.001141	46
1275	-0.682440	130.866636	0.004616	43
1276	-0.145194	130.809605	0.001715	56
1277	-0.378032	130.752641	0.004608	46
1278	-0.000000	130.695742	0.000000	43
1279	0.000000	130.638910	0.000000	54
1280	-0.621091	130.582143	0.006211	46
1281	-0.829542	130.525442	0.005386	43
1282	-0.470237	130.468807	0.004169	55
1283	-0.740466	130.412237	0.005353	45
1284	0.000000	130.355733	0.000000	43
1285	0.000000	130.299294	0.000000	52
1286	-0.412048	130.242920	0.005298	45
1287	-1.056745	130.186611	0.008347	44
1288	-0.021647	130.130366	0.001351	56
1289	0.000000	130.074187	0.000000	46
1290	0.000000	130.018072	0.000000	43
1291	-0.137108	129.962022	0.001881	51
1292	-0.212742	129.906036	0.004985	46
1293	0.000000	129.850114	0.000000	45
1294	-0.025500	129.794257	0.001308	57
1295	-0.776557	129.738463	0.005672	46
1296	-0.781063	129.682734	0.007549	44
1297	-0.093782	129.627068	0.002326	54
1298	-0.371249	129.571466	0.005348	45
1299	-0.302742	129.515927	0.004149	44
1300	-0.153410	129.460452	0.002482	54
1301	-0.051553	129.405040	0.001834	45
1302	-0.762241	129.349692	0.009583	45
1303	-0.842999	129.294406	0.006678	52
1304	-0.837869	129.239183	0.005243	45
1305	-0.735278	129.184024	0.006070	43
1306	-0.032476	129.128927	0.001365	49
1307	-0.723680	129.073892	0.004661	46
1308	-0.512982	129.018921	0.005927	45
1309	-0.603121	128.964011	0.007460	55
1310	-0.730301	128.909164	0.006732	45
1311	-0.683164	128.854379	0.005755	43
1312	-0.034103	128.799656	0.000944	56
1313	0.000000	128.744995	0.000000	45
1314	0.000000	128.690396	0.000000	43
1315	-0.506952	128.635858	0.004654	53
1316	-0.204528	128.581382	0.004289	44
1317	-0.617674	128.526968	0.006357	44
1318	-0.691394	128.472615	0.005452	52
1319	-0.002166	128.418323	0.000048	45
1320	-0.774166	128.364092	0.006286	43
1321	-0.432070	128.309922	0.004402	48
1322	-0.073366	128.255814	0.000968	45
1323	-0.653813	128.201766	0.004808	44
1324	-0.008270	128.147778	0.000085	58
1325	-0.257051	128.093852	0.002865	45
1326	-0.633611	128.039985	0.005712	43
1327	-0.000000	127.986180	0.000000	48
1328	-0.447520	127.932434	0.006136	46
1329	-0.546935	127.878749	0.005829	43
1330	-0.000155	127.825123	0.000004	52
1331	0.000000	127.771558	0.000000	46
1332	0.000000	127.718052	0.000000	44
1333	0.000000	127.664606	0.000000	55
1334	-0.094337	127.611220	0.001451	46
1335	-0.397052	127.557893	0.003610	42
1336	-0.797768	127.504625	0.006268	55
1337	0.000000	127.451417	0.000000	45
1338	-0.703071	127.398268	0.006834	44
1339	-0.231709	127.345178	0.002776	51
1340	0.000000	127.292147	0.000000	46
1341	-0.356020	127.239175	0.003416	45
1342	-0.619771	127.186261	0.006785	46
1343	-0.915436	127.133407	0.006312	45
1344	0.000000	127.080610	0.000000	45
1345	-0.432588	127.027872	0.004172	55
1346	-0.709855	126.975193	0.005841	45
1347	-0.527045	126.922572	0.007280	45
1348	-0.164712	126.870008	0.002615	48
1349	-0.821884	126.817503	0.006608	45
1350	-0.979254	126.765056	0.008461	44
1351	-0.776880	126.712667	0.006070	57
1352	-0.539245	126.660335	0.006081	46
1353	-0.436428	126.608061	0.006010	44
1354	-0.203723	126.555844	0.003943	53
1355	-0.004300	126.503685	0.000000	45
1356	-0.100653	126.451583	0.002274	43
1357	-0.561383	126.399538	0.004568	49
1358	0.000000	126.347550	0.000000	43
1359	-0.594179	126.295619	0.005975	44
1360	-0.639506	126.243745	0.007475	55
1361	0.000000	126.191928	0.000000	45
1362	0.000000	126.140168	0.000000	44
1363	-0.707065	126.088464	0.007025	59
1364	-0.684472	126.036817	0.007175	45
1365	0.000000	125.985226	0.000000	41
1366	-0.086343	125.933691	0.002107	57
1367	-0.001227	125.882212	0.000138	42
1368	-0.007189	125.830790	0.000103	45
1369	-0.743390	125.779423	0.004701	52
1370	0.000000	125.728113	0.000000	42
1371	-0.000474	125.676858	0.000040	45
1372	-0.864414	125.625659	0.005934	51
1373	-0.036000	125.574515	0.001417	46
1374	-0.661120	125.523427	0.005570	45
1375	-0.526336	125.472394	0.004766	51
1376	-0.876345	125.421417	0.007201	46
1377	-0.546221	125.370495	0.006212	45
1378	-0.763357	125.319628	0.005010	51
1379	0.000000	125.268815	0.000000	46
1380	-0.134657	125.218058	0.002490	44
1381	-0.776976	125.167356	0.006168	51
1382	-0.097540	125.116708	0.002087	46
1383	-0.525151	125.066115	0.005665	44
1384	-0.405724	125.015576	0.002615	50
1385	-0.766839	124.965092	0.005017	46
1386	-0.710411	124.914662	0.005571	44
1387	-0.255924	124.864287	0.004209	49
1388	-0.453829	124.813965	0.004957	46
1389	-0.013296	124.763698	0.001298	44
1390	-0.244078	124.713485	0.003367	52
1391	-0.694894	124.663325	0.006968	44
1392	0.000000	124.613219	0.000000	43
1393	-0.497536	124.563167	0.006143	50
1394	-0.698363	124.513168	0.005593	46
1395	-0.590450	124.463223	0.006077	44
1396	-0.136520	124.413332	0.002458	50
1397	0.000000	124.363493	0.000000	47
1398	-0.463801	124.313708	0.004496	43
1399	-0.963755	124.263976	0.007573	52
1400	-0.785389	124.214297	0.004479	47
1401	-0.000000	124.164671	0.000000	47
1402	-0.828840	124.115097	0.006065	45
1403	-0.388519	124.065577	0.003858	44
1404	0.000000	124.016109	0.000000	56
1405	-0.509455	123.966693	0.004910	46
1406	-0.838846	123.917330	0.006959	42
1407	-0.542676	123.868020	0.006724	49
1408	0.000000	123.818762	0.000000	40
1409	-0.706068	123.769556	0.006555	55
1410	-0.483313	123.720402	0.004079	45
1411	-0.747431	123.671300	0.006734	45
1412	-0.397038	123.622250	0.004270	46
1413	0.000000	123.573252	0.000000	45
1414	0.000000	123.524305	0.000000	42
1415	-0.068356	123.475411	0.001769	50
1416	-0.445767	123.426568	0.005787	45
1417	-0.468478	123.377776	0.006223	49
1418	-0.657922	123.329036	0.005352	46
1419	-0.581416	123.280347	0.007142	46
1420	-0.001868	123.231709	0.000507	52
1421	-0.794484	123.183122	0.005562	45
1422	0.000000	123.134587	0.000000	43
1423	0.000000	123.086102	0.000000	50
1424	-0.166369	123.037669	0.001637	45
1425	-0.721293	122.989286	0.005717	44
1426	-0.847017	122.940954	0.008218	47
1427	-0.845016	122.892672	0.008460	45
1428	-0.818778	122.844441	0.007014	42
1429	-0.338434	122.796261	0.003591	48
1430	-0.675404	122.748130	0.005001	46
1431	-0.792871	122.700050	0.005895	43
1432	-0.825993	122.652021	0.007330	54
1433	0.000000	122.604041	0.000000	45
1434	-0.808524	122.556111	0.005448	44
1435	-0.716246	122.508232	0.004915	55
1436	-0.889859	122.460402	0.005616	46
1437	-0.224764	122.412622	0.002137	44
1438	0.000000	122.364891	0.000000	52
1439	-0.384431	122.317210	0.004612	45
1440	0.000000	122.269579	0.000000	44
1441	0.000000	122.221997	0.000000	51
1442	-0.001078	122.174465	0.000039	45
1443	-0.444075	122.126981	0.005413	44
1444	-0.576205	122.079547	0.005087	51
1445	-0.426397	122.032162	0.006976	47
1446	-0.053639	121.984826	0.002705	44
1447	-0.455359	121.937539	0.004967	51
1448	0.000000	121.890301	0.000000	47
1449	-0.000914	121.843112	0.000527	45
1450	-0.084182	121.795971	0.002421	51
1451	-0.293799	121.748879	0.004458	47
1452	-0.614329	121.701835	0.005691	43
1453	-0.820417	121.654840	0.007607	51
1454	-0.028464	121.607893	0.000191	47
1455	-0.064927	121.560994	0.001918	45
1456	0.000000	121.514144	0.000000	51
1457	-0.000038	121.467342	0.000004	46
1458	-0.818082	121.420588	0.006347	44
1459	-0.434621	121.373882	0.006414	51
1460	-0.922740	121.327223	0.008417	46
1461	-0.536261	121.280613	0.003707	45
1462	0.000000	121.234050	0.000000	51
1463	-0.618463	121.187535	0.004481	45
1464	0.000000	121.141067	0.000000	41
1465	-0.566548	121.094647	0.006228	56
1466	-0.694452	121.048274	0.005505	45
1467	-0.419775	121.001949	0.007595	42
1468	-0.455680	120.955671	0.003792	50
1469	-0.689504	120.909440	0.004613	46
1470	0.000000	120.863256	0.000000	44
1471	0.000000	120.817119	0.000000	51
1472	-0.880395	120.771029	0.008886	47
1473	-0.796377	120.724986	0.006551	44
1474	-0.628451	120.678990	0.005408	51
1475	0.000000	120.633040	0.000000	48
1476	-0.403051	120.587137	0.004169	42
1477	-0.014403	120.541281	0.000369	58
1478	-0.871142	120.495471	0.007247	46
1479	-0.911230	120.449707	0.006546	44
1480	-0.711014	120.403990	0.006042	50
1481	-0.514150	120.358319	0.004496	45
1482	-0.414166	120.312694	0.005235	43
1483	-0.695587	120.267115	0.005859	56
1484	0.000000	120.221582	0.000000	46
1485	-0.757583	120.176096	0.007472	45
1486	-0.716711	120.130655	0.005335	50
1487	-0.850473	120.085260	0.006181	46
1488	-0.770733	120.039910	0.005406	43
1489	-1.060743	119.994606	0.007744	49
1490	-0.741729	119.949348	0.006518	45
1491	-0.138461	119.904135	0.002932	44
1492	-0.835392	119.858968	0.006782	52
1493	-0.371194	119.813846	0.006449	46
1494	-0.702492	119.768769	0.005650	45
1495	-0.491154	119.723738	0.004439	52
1496	-0.844350	119.678752	0.005155	46
1497	-0.371527	119.633810	0.004898	44
1498	-0.006089	119.588914	0.000186	51
1499	-0.721967	119.544062	0.007013	46
1500	-0.417895	119.499256	0.006040	45
1501	-0.926286	119.454494	0.007217	51
1502	-0.008685	119.409777	0.000064	46
1503	-0.815422	119.365104	0.005798	45
1504	-0.779458	119.320476	0.007087	51
1505	-1.012260	119.275893	0.006355	48
1506	-0.390404	119.231353	0.006509	44
1507	-0.943557	119.186859	0.008096	51
1508	-0.760481	119.142408	0.007052	47
1509	-0.545483	119.098002	0.004094	45
1510	0.000000	119.053639	0.000000	51
1511	-0.061148	119.009321	0.001782	47
1512	-0.792405	118.965047	0.005651	47
1513	-0.033076	118.920816	0.002662	49
1514	-0.734518	118.876630	0.005183	46
1515	-0.866447	118.832487	0.005961	44
1516	-0.804158	118.788388	0.004756	50
1517	-0.110702	118.744332	0.002233	46
1518	-0.120684	118.700320	0.003550	45
1519	0.000000	118.656352	0.000000	55
1520	-0.305661	118.612427	0.003865	45
1521	0.000000	118.568545	0.000000	44
1522	-0.005947	118.524706	0.000098	50
1523	-0.000076	118.480911	0.000004	46
1524	-0.782840	118.437159	0.007186	44
1525	-0.000000	118.393450	0.000000	54
1526	-0.025223	118.349784	0.001278	45
1527	-1.013676	118.306160	0.009956	44
1528	-0.231270	118.262580	0.004134	53
1529	-0.788378	118.219042	0.006002	45
1530	0.000000	118.175548	0.000000	44
1531	-0.684048	118.132095	0.006883	54
1532	-0.006592	118.088686	0.000155	46
1533	-0.003073	118.045319	0.000063	44
1534	-0.972539	118.001994	0.008075	50
1535	-0.000507	117.958712	0.000035	45
1536	-0.460022	117.915472	0.004400	44
1537	-0.942512	117.872274	0.007037	51
1538	-0.368327	117.829118	0.006510	44
1539	-0.000003	117.786005	0.000000	44
1540	-0.867259	117.742933	0.006905	50
1541	-0.158297	117.699904	0.001684	46
1542	-0.923795	117.656916	0.006749	44
1543	-0.514748	117.613971	0.004444	56
1544	-0.384924	117.571067	0.004256	46
1545	0.000000	117.528205	0.000000	44
1546	-0.695816	117.485384	0.006023	51
1547	-0.744232	117.442605	0.006785	45
1548	-0.427749	117.399867	0.004121	43
1549	-0.772938	117.357171	0.005495	51
1550	0.000000	117.314517	0.000000	46
1551	-0.005379	117.271903	0.000079	45
1552	-0.820274	117.229331	0.007334	49
1553	-0.004507	117.186800	0.000182	46
1554	-0.830278	117.144311	0.007142	44
1555	-0.309423	117.101862	0.004062	51
1556	-0.731425	117.059454	0.006672	45
1557	0.000000	117.017087	0.000000	44
1558	-0.741287	116.974762	0.005702	53
1559	-0.658037	116.932476	0.007341	45
1560	-0.860180	116.890232	0.006720	43
1561	0.000000	116.848028	0.000000	53
1562	-0.761621	116.805865	0.004855	45
1563	-0.004035	116.763743	0.000111	44
1564	-0.408034	116.721661	0.005883	56
1565	-0.001050	116.679619	0.000077	42
1566	-0.611345	116.637618	0.006254	43
1567	-0.816534	116.595657	0.005031	52
1568	-0.288246	116.553736	0.003751	46
1569	-0.956393	116.511855	0.006051	44
1570	-0.679346	116.470015	0.006988	60
1571	-0.694022	116.428214	0.006125	46
1572	-0.000001	116.386454	0.000000	43
1573	-0.871087	116.344733	0.006156	51
1574	0.000000	116.303052	0.000000	46
1575	-0.693146	116.261412	0.004299	44
1576	-0.588946	116.219810	0.004817	50
1577	-0.375130	116.178249	0.003274	45
1578	-0.971618	116.136727	0.006417	44
1579	-0.012338	116.095245	0.000791	58
1580	-0.561634	116.053802	0.005976	45
1581	-0.495561	116.012398	0.005725	43
1582	-0.782509	115.971034	0.007431	51
1583	0.000000	115.929710	0.000000	46
1584	0.000000	115.888424	0.000000	44
1585	-0.000000	115.847178	0.000000	55
1586	-0.493539	115.805970	0.005027	46
1587	-0.160008	115.764802	0.001751	43
1588	-0.506657	115.723673	0.004850	53
1589	-0.026709	115.682583	0.002062	46
1590	-0.246264	115.641532	0.002181	44
1591	-0.003611	115.600519	0.000349	54
1592	-0.000000	115.559546	0.000000	44
1593	-0.702682	115.518610	0.006879	44
1594	0.000000	115.477714	0.000000	56
1595	-0.249975	115.436856	0.003759	46
1596	-0.177881	115.396037	0.003536	43
1597	-0.849130	115.355256	0.007614	51
1598	-0.660245	115.314514	0.006879	46
1599	-0.412763	115.273810	0.004381	44
1600	-0.354543	115.233144	0.004583	53
1601	-0.414549	115.192517	0.004711	46
1602	-0.892435	115.151927	0.007517	46
1603	-0.663735	115.111376	0.005268	52
1604	0.000000	115.070863	0.000000	43
1605	-0.694531	115.030388	0.006222	44
1606	-0.649498	114.989951	0.006740	50
1607	-0.859049	114.949551	0.005935	46
1608	-0.196447	114.909190	0.002329	44
1609	-1.021427	114.868866	0.009471	52
1610	-0.539571	114.828580	0.005952	46
1611	-0.782802	114.788332	0.005472	47
1612	-0.578228	114.748121	0.004492	51
1613	-0.713343	114.707948	0.008166	47
1614	-0.744152	114.667812	0.006060	45
1615	-0.804832	114.627714	0.007687	54
1616	-0.477214	114.587653	0.003756	48
1617	-0.772919	114.547629	0.008324	44
1618	-0.168220	114.507643	0.003268	51
1619	-0.399969	114.467693	0.004583	46
1620	-0.901831	114.427781	0.007594	45
1621	-0.523430	114.387907	0.005917	52
1622	-0.955094	114.348069	0.006431	44
1623	-1.017931	114.308268	0.009998	44
1624	-0.000000	114.268504	0.000000	52
1625	-0.878594	114.228777	0.008696	46
1626	-0.862146	114.189086	0.005593	45
1627	-0.710267	114.149433	0.005188	55
1628	-0.009095	114.109816	0.000400	42
1629	-0.883358	114.070235	0.007846	44
1630	-0.706703	114.030692	0.006080	57
1631	-0.706234	113.991185	0.006728	45
1632	-0.924492	113.951714	0.006435	43
1633	-0.563301	113.912280	0.004839	53
1634	0.000000	113.872882	0.000000	45
1635	-0.387066	113.833521	0.004501	42
1636	-0.485561	113.794195	0.006403	49
1637	-0.817866	113.754906	0.005718	45
1638	-0.000046	113.715653	0.000004	44
1639	-0.875759	113.676437	0.006851	52
1640	-0.862711	113.637256	0.006252	45
1641	-0.826423	113.598111	0.007610	43
1642	-0.784022	113.559002	0.007679	55
1643	-0.453058	113.519929	0.006502	45
1644	-0.707424	113.480892	0.006893	44
1645	-0.000635	113.441891	0.000022	47
1646	0.000000	113.402925	0.000000	45
1647	-0.884381	113.363995	0.006499	45
1648	-0.811994	113.325101	0.006340	52
1649	-0.027500	113.286242	0.001644	46
1650	-0.406330	113.247419	0.004329	43
1651	0.000000	113.208631	0.000000	55
1652	-0.570480	113.169879	0.004768	46
1653	-0.806481	113.131162	0.004514	43
1654	-0.645801	113.092480	0.005138	53
1655	-0.647860	113.053833	0.007596	45
1656	-0.000000	113.015222	0.000000	43
1657	0.000000	112.976646	0.000000	51
1658	-0.614006	112.938105	0.004772	44
1659	-0.024825	112.899599	0.000911	44
1660	-0.942158	112.861128	0.005343	51
1661	-0.855802	112.822692	0.006416	46
1662	0.000000	112.784291	0.000000	38
1663	-0.578248	112.745924	0.007470	53
1664	-0.241801	112.707593	0.004210	44
1665	-0.437068	112.669296	0.007120	44
1666	-0.830390	112.631034	0.005067	48
1667	-0.104176	112.592806	0.002424	45
1668	-0.650646	112.554613	0.007304	44
1669	-0.781359	112.516455	0.006245	47
1670	-0.790179	112.478331	0.004733	46
1671	-0.567548	112.440241	0.006366	45
1672	-0.394131	112.402186	0.004535	58
1673	-0.850162	112.364165	0.009175	45
1674	-0.468580	112.326179	0.006495	43
1675	-0.236676	112.288227	0.004380	55
1676	-0.362798	112.250309	0.004049	45
1677	-0.877005	112.212425	0.008601	44
1678	-0.541413	112.174575	0.004325	51
1679	-0.855612	112.136759	0.005363	46
1680	-0.000000	112.098977	0.000000	46
1681	-0.807618	112.061229	0.005738	47
1682	-0.776100	112.023515	0.005536	46
1683	-0.431212	111.985834	0.005481	44
1684	-0.891022	111.948188	0.006252	50
1685	-0.943379	111.910575	0.007693	45
1686	-0.142867	111.872996	0.002483	43
1687	0.000000	111.835450	0.000000	51
1688	-0.465776	111.797939	0.004709	46
1689	-0.507668	111.760460	0.006137	45
1690	-0.693194	111.723015	0.006947	51
1691	-0.056272	111.685604	0.003843	46
1692	0.000000	111.648226	0.000000	45
1693	-0.780554	111.610881	0.005858	55
1694	-0.647779	111.573570	0.005419	45
1695	-0.604061	111.536292	0.005647	44
1696	-0.115411	111.499047	0.001266	51
1697	0.000000	111.461835	0.000000	45
1698	-0.739022	111.424656	0.003945	44
1699	-0.553602	111.387510	0.006471	52
1700	-0.931205	111.350398	0.009387	45
1701	-0.575613	111.313318	0.005127	44
1702	0.000000	111.276271	0.000000	50
1703	0.000000	111.239257	0.000000	45
1704	-0.695345	111.202276	0.006210	43
1705	-0.998004	111.165328	0.007352	54
1706	-0.166355	111.128412	0.002034	46
1707	-0.058874	111.091529	0.001912	44
1708	0.000000	111.054679	0.000000	53
1709	-0.582587	111.017861	0.006640	45
1710	-0.678091	110.981076	0.006541	43
1711	-0.000003	110.944323	0.000000	54
1712	-0.046999	110.907603	0.000878	46
1713	-0.826484	110.870915	0.007095	43
1714	-1.014020	110.834259	0.006682	54
1715	0.000000	110.797636	0.000000	46
1716	-0.759205	110.761045	0.005448	42
1717	-0.510291	110.724486	0.005485	58
1718	-0.600799	110.687959	0.005117	45
1719	-0.862789	110.651465	0.005111	42
1720	-0.000000	110.615002	0.000000	47
1721	-0.741478	110.578572	0.005684	46
1722	-0.831692	110.542173	0.006606	44
1723	0.000000	110.505807	0.000000	51
1724	-0.078255	110.469472	0.001721	45
1725	-0.543592	110.433169	0.004467	45
1726	-0.676956	110.396898	0.005957	50
1727	-0.844202	110.360659	0.009291	45
1728	-0.010385	110.324451	0.000272	42
1729	-0.710992	110.288276	0.005589	53
1730	-0.841713	110.252131	0.006195	46
1731	-0.577905	110.216019	0.004892	44
1732	-0.778005	110.179937	0.007229	58
1733	-0.717168	110.143888	0.006119	46
1734	-0.872001	110.107869	0.006279	43
1735	-0.377761	110.071882	0.004618	52
1736	-0.410242	110.035927	0.004592	46
1737	-0.812840	110.000003	0.008286	44
1738	-0.798998	109.964110	0.006765	50
1739	-0.719571	109.928248	0.006003	46
1740	-0.781128	109.892417	0.007708	43
1741	-0.012493	109.856618	0.000154	48
1742	-0.916990	109.820850	0.007318	46
1743	-0.807858	109.785112	0.006174	44
1744	0.000000	109.749406	0.000000	49
1745	0.000000	109.713730	0.000000	47
1746	0.000000	109.678086	0.000000	43
1747	-0.344856	109.642472	0.005700	51
1748	-0.522747	109.606890	0.005980	48
1749	-0.311786	109.571337	0.003182	45
1750	-0.894891	109.535816	0.007127	51
1751	-0.941519	109.500326	0.007434	47
1752	-0.447073	109.464866	0.005025	44
1753	0.000000	109.429436	0.000000	51
1754	0.000000	109.394038	0.000000	47
1755	-0.951279	109.358669	0.006210	44
1756	-0.802814	109.323331	0.005674	49
1757	-0.088369	109.288024	0.001240	47
1758	-0.112277	109.252747	0.003236	46
1759	-0.692686	109.217501	0.004633	50
1760	-0.914987	109.182284	0.008586	48
1761	0.000000	109.147098	0.000000	45
1762	-0.785802	109.111942	0.005645	51
1763	-0.798184	109.076817	0.008494	47
1764	0.000000	109.041721	0.000000	45
1765	-0.922554	109.006656	0.007193	51
1766	-0.859372	108.971620	0.006783	46
1767	-0.094294	108.936615	0.001372	43
1768	-0.390037	108.901640	0.003707	51
1769	-0.763937	108.866694	0.006200	46
1770	-0.555202	108.831779	0.003618	45
1771	-0.826383	108.796893	0.006774	51
1772	-0.060409	108.762037	0.001050	46
1773	-0.007452	108.727211	0.000166	44
1774	-0.955945	108.692415	0.006999	51
1775	-0.003188	108.657648	0.000703	46
1776	-0.459090	108.622911	0.005062	46
1777	-0.883367	108.588203	0.006382	50
1778	-0.209206	108.553525	0.003735	45
1779	0.000000	108.518877	0.000000	44
1780	-0.009027	108.484258	0.000193	51
1781	0.000000	108.449668	0.000000	45
1782	-0.700117	108.415108	0.006023	43
1783	-0.194090	108.380578	0.002659	56
1784	-0.795048	108.346076	0.007319	46
1785	0.000000	108.311604	0.000000	43
1786	-0.477973	108.277161	0.006040	49
1787	-0.569086	108.242747	0.004633	46
1788	-0.196491	108.208363	0.002696	44
1789	-0.680483	108.174007	0.004401	51
1790	-0.776131	108.139681	0.004217	46
1791	-0.367646	108.105383	0.006592	43
1792	-0.044112	108.071115	0.001345	54
1793	-0.916487	108.036875	0.006536	46
1794	-0.544101	108.002665	0.006030	44
1795	-0.000014	107.968483	0.000002	54
1796	-0.016552	107.934330	0.000359	46
1797	-0.003436	107.900206	0.000070	43
1798	-0.613783	107.866111	0.006146	55
1799	-0.362357	107.832044	0.003832	45
1800	-0.983046	107.798007	0.008278	44
1801	0.000000	107.763997	0.000000	53
1802	0.000000	107.730017	0.000000	45
1803	-0.907149	107.696065	0.006666	44
1804	-0.763113	107.662141	0.003936	51
1805	-0.672463	107.628246	0.006584	46
1806	-0.524613	107.594379	0.006273	44
1807	-0.873583	107.560541	0.006652	54
1808	-0.829610	107.526731	0.005326	46
1809	0.000000	107.492949	0.000000	44
1810	0.000000	107.459196	0.000000	52
1811	-0.000000	107.425471	0.000000	45
1812	0.000000	107.391774	0.000000	44
1813	-0.774178	107.358106	0.005498	56
1814	-0.477347	107.324465	0.005169	46
1815	-0.246082	107.290853	0.004486	44
1816	-0.460320	107.257268	0.004960	52
1817	-0.818490	107.223712	0.006245	46
1818	-0.884800	107.190184	0.006908	44
1819	0.000000	107.156683	0.000000	51
1820	-0.434502	107.123211	0.005759	46
1821	-0.000078	107.089766	0.000004	43
1822	-0.427734	107.056349	0.004290	55
1823	-0.036569	107.022960	0.001176	46
1824	-0.407516	106.989599	0.003825	43
1825	0.000000	106.956265	0.000000	50
1826	-0.687842	106.922960	0.007063	46
1827	-0.631047	106.889681	0.006061	44
1828	-0.747349	106.856431	0.005236	54
1829	-0.000631	106.823208	0.000104	46
1830	-0.513228	106.790012	0.006016	45
1831	-0.406115	106.756844	0.004573	54
1832	-0.363872	106.723703	0.004231	46
1833	-0.597026	106.690590	0.007403	44
1834	-0.000000	106.657505	0.000000	52
1835	-0.641373	106.624446	0.005009	46
1836	-0.513075	106.591415	0.004424	44
1837	-0.430098	106.558411	0.005807	51
1838	-0.211891	106.525435	0.004234	46
1839	-0.027430	106.492485	0.002156	44
1840	-0.845121	106.459563	0.006960	53
1841	-0.649640	106.426668	0.006187	46
1842	-0.624130	106.393800	0.006122	45
1843	-0.891333	106.360959	0.006357	51
1844	-0.882760	106.328145	0.006819	46
1845	-0.713569	106.295358	0.006478	44
1846	-0.028920	106.262598	0.001024	50
1847	-0.781074	106.229865	0.007240	45
1848	-0.012837	106.197158	0.000320	44
1849	0.000000	106.164479	0.000000	54
1850	-0.027760	106.131826	0.001692	44
1851	-0.511760	106.099201	0.006266	44
1852	-0.590111	106.066602	0.006675	53
1853	-0.554141	106.034029	0.006346	46
1854	-0.471933	106.001483	0.005264	43
1855	-0.615884	105.968964	0.005084	55
1856	-0.780177	105.936472	0.006199	46
1857	-0.890918	105.904006	0.005275	43
1858	-0.890235	105.871566	0.006605	49
1859	-0.000212	105.839153	0.000010	45
1860	0.000000	105.806767	0.000000	45
1861	-0.106782	105.774407	0.001329	50
1862	-0.414457	105.742073	0.004929	46
1863	0.000000	105.709766	0.000000	44
1864	-0.054508	105.677485	0.002827	54
1865	-0.376667	105.645230	0.006991	46
1866	-0.146999	105.613001	0.003373	43
1867	-0.537656	105.580799	0.005036	50
1868	0.000000	105.548623	0.000000	45
1869	-0.686546	105.516473	0.005460	43
1870	-0.729541	105.484349	0.007270	48
1871	-0.842983	105.452251	0.006257	45
1872	-0.768254	105.420179	0.005876	43
1873	-0.879303	105.388133	0.006468	58
1874	-0.829605	105.356113	0.007987	45
1875	-0.007275	105.324119	0.000165	43
1876	-0.000202	105.292151	0.000010	52
1877	0.000000	105.260209	0.000000	46
1878	-0.162768	105.228293	0.003671	44
1879	-0.786538	105.196402	0.006352	52
1880	-0.963032	105.164537	0.006440	45
1881	-0.837728	105.132698	0.005565	43
1882	-0.698860	105.100885	0.004791	49
1883	-0.666363	105.069097	0.005594	45
1884	-0.583519	105.037335	0.005790	43
1885	-0.770556	105.005598	0.004929	55
1886	-0.047450	104.973887	0.001425	45
1887	-0.699750	104.942202	0.005993	44
1888	-0.351049	104.910542	0.003345	56
1889	-0.573573	104.878907	0.006891	46
1890	0.000000	104.847298	0.000000	44
1891	-0.302809	104.815715	0.003317	50
1892	-0.723947	104.784156	0.004797	46
1893	-0.668197	104.752623	0.005277	44
1894	-0.354915	104.721116	0.003867	55
1895	-0.000003	104.689633	0.000007	46
1896	-0.889486	104.658176	0.007299	43
1897	-0.351680	104.626744	0.004133	51
1898	-0.000056	104.595337	0.000003	46
1899	-0.690230	104.563955	0.006834	44
1900	-0.776560	104.532599	0.008275	53
1901	-0.404398	104.501267	0.004452	46
1902	-0.848018	104.469960	0.008590	44
1903	-0.997404	104.438679	0.007175	52
1904	-1.133165	104.407422	0.008937	46
1905	-0.466526	104.376191	0.005912	43
1906	-0.092946	104.344984	0.001407	54
1907	-0.538625	104.313802	0.004619	46
1908	-0.644462	104.282645	0.006664	44
1909	-0.628343	104.251513	0.006275	51
1910	0.000000	104.220405	0.000000	46
1911	0.000000	104.189323	0.000000	44
1912	-0.279295	104.158265	0.004236	56
1913	-0.000000	104.127231	0.000000	45
1914	0.000000	104.096222	0.000000	43
1915	0.000000	104.065238	0.000000	50
1916	-0.409522	104.034279	0.005251	46
1917	-0.369076	104.003344	0.004158	44
1918	0.000000	103.972433	0.000000	55
1919	-0.002261	103.941547	0.000062	46
1920	-0.039474	103.910686	0.000935	44
1921	0.000000	103.879849	0.000000	58
1922	-0.506549	103.849036	0.005939	43
1923	-0.693453	103.818248	0.006839	43
1924	-0.156230	103.787484	0.002434	51
1925	-0.696535	103.756744	0.005948	47
1926	-0.000000	103.726029	0.000000	50
1927	-0.063937	103.695338	0.001410	47
1928	-0.624451	103.664671	0.004086	45
1929	-0.773389	103.634028	0.005464	51
1930	-1.091461	103.603409	0.008595	48
1931	-1.004462	103.572814	0.006667	45
1932	-0.006272	103.542244	0.000135	51
1933	-0.017508	103.511698	0.000184	47
1934	-0.000000	103.481175	0.000000	45
1935	-0.237079	103.450677	0.004523	51
1936	-0.658387	103.420202	0.004785	46
1937	0.000000	103.389752	0.000000	44
1938	-0.385053	103.359325	0.004840	56
1939	0.000000	103.328922	0.000000	45
1940	-0.004359	103.298543	0.000196	43
1941	-0.884062	103.268188	0.005681	53
1942	-0.890677	103.237857	0.004744	46
1943	-0.047784	103.207549	0.001916	44
1944	-0.936188	103.177265	0.005173	52
1945	-0.489190	103.147005	0.003627	46
1946	-0.047399	103.116768	0.001062	45
1947	-0.004129	103.086556	0.000000	51
1948	-0.200455	103.056366	0.002429	46
1949	0.000000	103.026200	0.000000	44
1950	-0.679380	102.996058	0.005373	51
1951	-0.576623	102.965939	0.006081	45
1952	-0.477193	102.935844	0.006736	43
1953	0.000000	102.905772	0.000000	56
1954	-0.551211	102.875724	0.006061	46
1955	-0.608872	102.845699	0.007916	44
1956	-0.522006	102.815697	0.003208	52
1957	-0.394271	102.785719	0.004947	46
1958	-0.758435	102.755764	0.007184	43
1959	0.000000	102.725832	0.000000	53
1960	-0.944425	102.695924	0.008036	45
1961	-0.003248	102.666038	0.000053	43
1962	-0.989107	102.636176	0.007769	50
1963	-0.592345	102.606337	0.005692	46
1964	-0.836117	102.576521	0.005960	45
1965	-0.030716	102.546728	0.000273	54
1966	-0.277893	102.516959	0.004189	45
1967	-0.779584	102.487212	0.007374	43
1968	0.000000	102.457488	0.000000	47
1969	-0.813321	102.427788	0.005236	46
1970	-0.683450	102.398110	0.005873	46
1971	0.000000	102.368455	0.000000	51
1972	-0.774992	102.338823	0.005531	44
1973	-0.613811	102.309214	0.006647	44
1974	-0.736951	102.279628	0.006761	51
1975	-0.001640	102.250064	0.000035	46
1976	-0.572287	102.220524	0.007851	45
1977	-0.735179	102.191006	0.004289	51
1978	-0.969366	102.161511	0.005432	46
1979	0.000000	102.132038	0.000000	42
1980	-0.000054	102.102588	0.000004	51
1981	-0.394593	102.073161	0.005845	47
1982	-0.000000	102.043757	0.000000	45
1983	-0.976195	102.014375	0.006362	50
1984	0.000000	101.985015	0.000000	46
1985	-0.006592	101.955678	0.000130	40
1986	-0.797359	101.926364	0.007183	55
1987	0.000000	101.897072	0.000000	46
1988	-0.006519	101.867802	0.001248	43
1989	-0.167563	101.838555	0.001094	51
1990	-0.035805	101.809330	0.000388	42
1991	-0.000112	101.780128	0.000003	44
1992	-1.133615	101.750948	0.008831	55
1993	0.000000	101.721790	0.000000	45
1994	-0.008591	101.692654	0.000536	43
1995	-0.784504	101.663541	0.005372	52
1996	-0.736165	101.634450	0.006506	44
1997	0.000000	101.605381	0.000000	45
1998	-0.764482	101.576335	0.005881	51
1999	0.000000	101.547310	0.000000	46
