1:ItNr	2:Metric	3:StepSize	4:||Gradient||	Time[ms]
0	-0.099246	627.201626	0.003670	1143.6
1	-0.601046	623.504937	0.013676	8.1
2	-0.000000	619.865785	0.000000	11.5
3	-0.551980	616.282728	0.013869	7.8
4	0.000000	612.754375	0.000000	7.8
5	-0.020652	609.279381	0.001177	8.1
6	-0.958130	605.856447	0.014684	7.6
7	-0.929083	602.484317	0.011151	7.8
8	-0.286318	599.161779	0.001414	7.5
9	0.000000	595.887656	0.000000	7.7
10	-0.558115	592.660813	0.007018	8.2
11	-0.004969	589.480151	0.000854	8.4
12	-0.729600	586.344606	0.015955	7.5
13	-0.752545	583.253145	0.016495	7.8
14	-0.585468	580.204771	0.007457	8.3
15	0.000000	577.198517	0.000000	7.7
16	-0.657222	574.233444	0.032922	7.6
17	-0.723974	571.308645	0.016133	7.4
18	-0.000010	568.423237	0.000005	7.5
19	-0.874892	565.576365	0.022075	8.2
20	-0.039830	562.767201	0.003326	7.8
21	-0.003812	559.994938	0.000371	8.2
22	-0.936014	557.258797	0.033002	7.5
23	-0.971713	554.558018	0.013561	7.5
24	-0.674593	551.891865	0.009722	7.6
25	-0.845588	549.259621	0.013590	7.5
26	-0.493359	546.660592	0.009164	7.5
27	-0.710071	544.094102	0.012075	7.5
28	-0.047823	541.559494	0.000673	7.8
29	-0.000279	539.056129	0.000096	7.4
30	-1.046272	536.583387	0.017945	7.6
31	-0.598654	534.140663	0.022027	7.5
32	-0.285468	531.727370	0.001493	8.2
33	-0.991112	529.342935	0.026716	8.3
34	-1.217143	526.986802	0.040197	7.4
35	-1.032217	524.658430	0.019773	7.7
36	-0.644498	522.357290	0.008425	7.6
37	-0.601590	520.082868	0.037329	8.2
38	-0.930254	517.834665	0.021515	7.8
39	-0.000000	515.612193	0.000000	8.7
40	-0.816640	513.414976	0.016678	8.6
41	-0.705656	511.242551	0.019275	7.9
42	-0.957161	509.094468	0.031805	7.9
43	-0.639840	506.970285	0.033322	7.9
44	-0.113954	504.869574	0.002900	7.9
45	-0.927762	502.791916	0.016313	7.9
46	-0.078066	500.736903	0.001941	7.9
47	-0.943848	498.704137	0.013579	7.8
48	-0.566604	496.693228	0.013780	7.9
49	-0.674019	494.703798	0.003360	7.9
50	-0.000000	492.735476	0.000000	7.9
51	-0.775560	490.787900	0.009248	8.0
52	-0.745372	488.860718	0.039400	8.2
53	-1.213401	486.953585	0.017550	8.7
54	-0.517279	485.066164	0.009197	7.8
55	-0.575353	483.198126	0.012738	9.5
56	-0.951907	481.349149	0.013998	8.2
57	-0.610248	479.518920	0.011624	8.6
58	-0.315513	477.707132	0.003071	8.5
59	-0.939752	475.913485	0.006693	8.4
60	-0.000284	474.137684	0.000089	8.2
61	-1.071809	472.379445	0.027606	8.5
62	-0.000000	470.638485	0.000000	8.7
63	-0.863547	468.914531	0.016842	8.1
64	-1.281331	467.207315	0.029110	8.1
65	-0.536379	465.516573	0.017463	8.4
66	0.000000	463.842050	0.000000	7.6
67	-0.615562	462.183494	0.006915	8.3
68	-0.998995	460.540658	0.045403	8.5
69	-0.000034	458.913303	0.000011	8.8
70	-1.147335	457.301192	0.022639	10.0
71	-0.558754	455.704096	0.038818	8.1
72	-0.810095	454.121787	0.005774	8.2
73	-0.000704	452.554045	0.000101	8.2
74	0.000000	451.000653	0.000000	8.0
75	-0.864281	449.461399	0.015993	9.0
76	0.000000	447.936075	0.000000	8.1
77	-0.417767	446.424477	0.005768	7.8
78	-0.000000	444.926406	0.000000	8.0
79	-0.285783	443.441666	0.003914	7.9
80	-0.797025	441.970065	0.008306	8.0
81	-0.246142	440.511415	0.004733	7.9
82	-0.953113	439.065533	0.013850	7.9
83	-0.000000	437.632238	0.000000	7.5
84	-0.748623	436.211351	0.007413	7.8
85	-0.310749	434.802701	0.002962	7.9
86	-0.336946	433.406117	0.006591	7.8
87	-0.545140	432.021430	0.014678	7.6
88	-0.711116	430.648479	0.011023	8.2
89	0.000000	429.287101	0.000000	7.7
90	-0.602209	427.937140	0.016669	8.0
91	-1.012314	426.598440	0.013562	7.9
92	-0.778229	425.270849	0.008130	7.5
93	-1.154524	423.954220	0.021317	7.7
94	-0.631782	422.648404	0.008436	7.4
95	-0.957491	421.353259	0.009419	7.7
96	-0.605641	420.068643	0.008522	7.5
97	-0.691694	418.794419	0.014298	7.7
98	-0.099671	417.530451	0.002133	7.9
99	0.000000	416.276604	0.000000	8.2
100	-1.066814	415.032748	0.029551	7.7
101	-0.943592	413.798754	0.006419	7.5
102	-0.619615	412.574495	0.003419	7.8
103	-0.911505	411.359849	0.015850	7.4
104	-0.734692	410.154691	0.010202	7.6
105	-1.000733	408.958904	0.020530	7.6
106	-0.695403	407.772368	0.015527	7.8
107	-0.839098	406.594968	0.019890	7.4
108	-0.353224	405.426590	0.014127	7.4
109	-0.980636	404.267122	0.012071	7.6
110	0.000000	403.116456	0.000000	7.7
111	-0.000000	401.974481	0.000000	8.9
112	-0.382190	400.841093	0.005320	7.6
113	-0.633283	399.716187	0.009588	7.6
114	-1.028540	398.599660	0.023668	7.7
115	-0.586091	397.491411	0.008238	7.4
116	-0.353281	396.391342	0.006742	7.4
117	-0.000000	395.299353	0.000000	7.5
118	-0.964350	394.215350	0.017323	8.2
119	-1.001657	393.139238	0.010399	7.7
120	-0.437025	392.070924	0.013706	7.4
121	-0.000000	391.010316	0.000000	7.5
122	-0.556057	389.957325	0.009027	7.5
123	0.000000	388.911862	0.000000	7.9
124	-1.005057	387.873839	0.040588	8.2
125	-0.672063	386.843173	0.012860	7.7
126	-0.574883	385.819777	0.008219	7.6
127	-0.809152	384.803569	0.010433	7.6
128	-0.786696	383.794468	0.006938	7.6
129	-0.885349	382.792393	0.017206	7.6
130	-0.136145	381.797264	0.003482	7.9
131	-0.810720	380.809005	0.009440	7.7
132	0.000000	379.827537	0.000000	10.6
133	-0.967621	378.852786	0.018655	7.5
134	-0.777289	377.884678	0.007006	7.5
135	-0.202190	376.923138	0.004910	7.5
136	-0.484978	375.968095	0.004361	7.8
137	-0.064775	375.019479	0.002300	7.5
138	-0.546478	374.077218	0.004790	7.5
139	-0.777429	373.141244	0.013736	7.5
140	-0.000000	372.211489	0.000000	7.5
141	-0.023447	371.287887	0.001295	7.9
142	-0.204380	370.370370	0.003580	7.6
143	-1.119023	369.458876	0.013386	8.2
144	-0.124602	368.553338	0.001755	7.5
145	-0.610755	367.653696	0.008306	7.4
146	-0.065115	366.759885	0.002298	7.6
147	-0.657226	365.871846	0.007202	7.5
148	-1.040842	364.989518	0.009024	7.4
149	-0.426559	364.112841	0.008033	7.7
150	-0.815129	363.241757	0.015684	7.6
151	-0.967490	362.376208	0.011771	7.5
152	-0.003863	361.516137	0.000076	7.7
153	-0.745322	360.661488	0.007422	14.4
154	-0.870282	359.812206	0.009207	24.3
155	-0.070343	358.968236	0.001428	17.7
156	-0.699233	358.129524	0.010140	12.4
157	-0.625183	357.296018	0.020487	15.1
158	-0.228801	356.467665	0.005720	11.9
159	-0.155138	355.644414	0.002921	13.9
160	-0.142797	354.826213	0.004390	15.9
161	-1.027423	354.013012	0.010994	14.7
162	-0.000308	353.204763	0.000016	8.4
163	0.000000	352.401415	0.000000	7.9
164	-1.194989	351.602922	0.029905	8.1
165	-1.001470	350.809235	0.010940	7.9
166	-0.180410	350.020308	0.004302	9.8
167	-0.888488	349.236095	0.020614	7.8
168	-0.021066	348.456550	0.000753	8.0
169	-1.032707	347.681627	0.015048	7.4
170	-0.000000	346.911283	0.000000	8.1
171	-1.031243	346.145474	0.011120	9.0
172	-1.011475	345.384157	0.007074	7.4
173	-0.389645	344.627288	0.008425	7.8
174	-0.878417	343.874826	0.018012	7.6
175	-1.022174	343.126729	0.017854	8.7
176	-0.937910	342.382957	0.010028	8.6
177	-1.199163	341.643469	0.026895	8.3
178	-0.579366	340.908224	0.010760	7.6
179	-0.606993	340.177184	0.004452	7.6
180	-0.189285	339.450309	0.003483	6.8
181	-0.272365	338.727561	0.003202	8.4
182	-1.039056	338.008902	0.039441	7.5
183	-0.670482	337.294295	0.004465	8.3
184	-1.013575	336.583703	0.014927	7.9
185	-0.992904	335.877089	0.024356	8.5
186	-0.937792	335.174416	0.005962	7.6
187	-0.071694	334.475651	0.001282	8.2
188	-0.336444	333.780756	0.010995	7.7
189	-0.517885	333.089698	0.046339	8.5
190	-0.960611	332.402443	0.007885	8.2
191	0.000000	331.718955	0.000000	7.6
192	-0.934477	331.039203	0.019756	7.5
193	-0.000000	330.363153	0.000000	7.5
194	-0.249747	329.690771	0.002106	7.7
195	-0.450161	329.022027	0.009405	8.2
196	-0.904069	328.356888	0.014173	7.5
197	-0.001318	327.695322	0.000244	7.1
198	-0.297006	327.037299	0.004372	8.0
199	-0.845396	326.382787	0.010197	7.5
200	-0.586160	325.731758	0.020913	7.5
201	-0.029944	325.084179	0.002765	7.4
202	-0.070859	324.440023	0.002609	8.5
203	-0.000000	323.799258	0.000000	8.2
204	-0.922151	323.161858	0.008372	7.5
205	-0.071254	322.527792	0.001682	8.2
206	-0.556026	321.897034	0.005702	8.2
207	-0.000010	321.269554	0.000004	7.9
208	-1.163250	320.645325	0.014978	7.7
209	-0.578641	320.024320	0.008784	7.6
210	-1.347127	319.406512	0.023835	7.5
211	-1.118260	318.791875	0.011208	7.7
212	-1.089070	318.180381	0.037889	7.6
213	-0.955028	317.572005	0.011592	7.4
214	0.000000	316.966721	0.000000	7.5
215	-0.073775	316.364504	0.001445	7.8
216	-0.000000	315.765329	0.000000	15.6
217	-0.204100	315.169170	0.004245	13.2
218	-0.009634	314.576003	0.001084	11.3
219	-0.000945	313.985804	0.000098	13.7
220	-1.225302	313.398548	0.040028	12.9
221	-0.420922	312.814213	0.013047	11.6
222	-0.434644	312.232773	0.007184	8.0
223	-1.063138	311.654207	0.030084	7.6
224	-0.170314	311.078491	0.005398	8.4
225	-0.000000	310.505602	0.000000	7.5
226	-0.800048	309.935518	0.019924	7.1
227	0.000000	309.368217	0.000000	7.5
228	-1.286020	308.803676	0.023646	7.6
229	-0.543756	308.241874	0.007442	7.5
230	-0.123820	307.682789	0.002961	7.5
231	-0.000535	307.126400	0.000114	7.5
232	-0.060444	306.572687	0.003296	7.7
233	-0.929122	306.021627	0.021692	7.4
234	-0.293305	305.473201	0.007053	7.5
235	-0.780846	304.927388	0.011431	7.5
236	-1.115066	304.384168	0.015878	7.5
237	-0.199076	303.843521	0.004725	7.7
238	-0.589815	303.305427	0.009141	15.1
239	-0.415653	302.769867	0.006005	18.0
240	-0.019262	302.236821	0.000539	13.1
241	-0.981442	301.706270	0.011217	8.4
242	-0.926842	301.178196	0.011105	9.1
243	-0.581926	300.652580	0.005850	10.5
244	-0.372849	300.129402	0.006551	7.6
245	-0.871096	299.608645	0.013040	7.6
246	-0.871829	299.090291	0.009440	7.8
247	-1.145352	298.574321	0.012475	7.8
248	-0.000011	298.060718	0.000002	7.8
249	-0.000000	297.549465	0.000000	7.6
250	-0.064017	297.040543	0.001693	8.6
251	-0.625210	296.533936	0.004672	7.5
252	-0.222140	296.029626	0.005583	7.5
253	-0.779435	295.527597	0.007376	7.5
254	-0.000000	295.027832	0.000000	7.0
255	-0.584268	294.530315	0.008186	7.5
256	-0.736783	294.035028	0.008614	7.6
257	-0.710608	293.541956	0.005397	7.5
258	-1.063074	293.051083	0.021681	7.5
259	-1.046504	292.562393	0.012832	7.7
260	-0.000000	292.075870	0.000000	7.5
261	-1.047280	291.591498	0.017376	7.5
262	-0.748912	291.109263	0.009553	8.2
263	-0.092321	290.629149	0.003417	7.7
264	-0.054922	290.151140	0.002327	7.4
265	-0.716969	289.675222	0.015828	7.9
266	-0.740101	289.201380	0.033404	7.6
267	-0.608982	288.729600	0.005510	7.7
268	-0.093849	288.259866	0.001019	7.5
269	-1.111218	287.792165	0.012454	7.5
270	-0.580336	287.326481	0.010883	7.5
271	-0.890599	286.862802	0.009978	7.6
272	-0.345487	286.401113	0.004578	7.8
273	-0.928477	285.941400	0.006014	7.7
274	-0.884704	285.483649	0.005557	8.2
275	-0.000619	285.027847	0.000138	7.5
276	-1.173367	284.573981	0.022877	8.0
277	-0.738590	284.122037	0.013515	7.5
278	-0.501027	283.672002	0.015411	7.6
279	-0.000000	283.223863	0.000000	8.2
280	-0.972240	282.777607	0.029905	7.9
281	0.000000	282.333221	0.000000	7.5
282	-0.253622	281.890692	0.004313	8.7
283	-0.000000	281.450008	0.000000	7.5
284	-0.683533	281.011157	0.013647	7.8
285	-0.413266	280.574125	0.010040	7.5
286	-0.638482	280.138901	0.014819	7.6
287	-0.627817	279.705473	0.008229	7.5
288	-1.134788	279.273829	0.010127	7.6
289	-0.596772	278.843956	0.014121	7.7
290	-0.237773	278.415844	0.003486	7.5
291	0.000000	277.989479	0.000000	7.5
292	-0.928665	277.564851	0.009737	7.6
293	-1.039371	277.141949	0.017241	7.9
294	-0.957424	276.720761	0.013603	8.3
295	-1.162546	276.301275	0.019057	7.5
296	0.000000	275.883480	0.000000	7.5
297	-0.466542	275.467366	0.007069	8.3
298	-0.863275	275.052922	0.011844	7.5
299	-0.841711	274.640136	0.024426	7.5
300	-0.148846	274.228998	0.002872	7.5
301	-1.111482	273.819497	0.006287	7.6
302	-0.454360	273.411623	0.014987	7.7
303	-0.000001	273.005365	0.000000	8.2
304	-0.315669	272.600712	0.008479	7.4
305	-0.000000	272.197655	0.000000	7.7
306	0.000000	271.796184	0.000000	8.0
307	-0.000247	271.396287	0.000066	7.5
308	-0.001956	270.997956	0.000200	7.6
309	-0.000000	270.601180	0.000000	7.8
310	-0.000000	270.205949	0.000000	7.8
311	-0.352607	269.812254	0.010362	8.2
312	-0.634469	269.420085	0.007379	7.6
313	-0.561091	269.029432	0.010744	7.5
314	-0.000000	268.640287	0.000000	8.4
315	-0.732149	268.252638	0.010858	7.5
316	-0.312371	267.866478	0.004772	8.4
317	-0.163160	267.481796	0.002341	7.6
318	-0.991825	267.098584	0.013008	7.6
319	-0.958613	266.716833	0.012232	7.6
320	-0.365837	266.336533	0.009227	7.5
321	0.000000	265.957676	0.000000	7.7
322	-1.083359	265.580253	0.011286	7.5
323	-0.239354	265.204254	0.003266	8.0
324	-0.784694	264.829672	0.007836	7.6
325	-0.709879	264.456497	0.010398	7.5
326	-1.188966	264.084721	0.020410	7.5
327	-0.543742	263.714335	0.012284	8.4
328	-0.000000	263.345332	0.000000	7.7
329	-0.001383	262.977702	0.000158	7.7
330	-1.196167	262.611438	0.034664	8.2
331	-0.364336	262.246531	0.006994	7.6
332	-0.521590	261.882973	0.010800	7.5
333	-0.527471	261.520756	0.015574	7.6
334	-0.782499	261.159871	0.014819	7.6
335	-0.221973	260.800312	0.003423	7.5
336	-1.286733	260.442070	0.012235	7.7
337	-0.549798	260.085137	0.009246	7.5
338	-0.362569	259.729505	0.006976	7.5
339	-0.097699	259.375167	0.000452	7.4
340	0.000000	259.022116	0.000000	7.5
341	-0.000000	258.670343	0.000000	7.3
342	-1.173121	258.319841	0.014894	7.5
343	-1.087528	257.970602	0.018339	7.5
344	-1.124418	257.622620	0.020718	7.7
345	-1.196378	257.275887	0.023211	7.3
346	-0.855436	256.930396	0.009409	7.4
347	-1.058965	256.586139	0.021136	11.0
348	0.000000	256.243109	0.000000	9.3
349	-0.755395	255.901300	0.016817	7.6
350	-0.082193	255.560703	0.002374	7.5
351	-0.946376	255.221313	0.033927	7.6
352	-0.837251	254.883122	0.020384	7.5
353	-0.850581	254.546124	0.010694	7.5
354	-0.001215	254.210311	0.000048	9.4
355	-0.707431	253.875677	0.028872	9.7
356	-0.717617	253.542215	0.010921	7.7
357	-1.153898	253.209918	0.015855	7.5
358	-0.000002	252.878781	0.000001	7.5
359	-0.205499	252.548795	0.004470	7.5
360	-0.000208	252.219956	0.000047	7.6
361	-0.049611	251.892255	0.001058	7.8
362	-0.852725	251.565688	0.010454	7.5
363	-0.958219	251.240247	0.017889	7.6
364	-1.048393	250.915926	0.014175	8.2
365	-0.885033	250.592720	0.015414	7.8
366	-0.037352	250.270621	0.000455	7.5
367	-0.581764	249.949624	0.011536	7.5
368	-0.028911	249.629723	0.001346	7.5
369	-0.111290	249.310911	0.006033	8.6
370	-0.933127	248.993182	0.024467	7.5
371	-0.948668	248.676531	0.029740	7.4
372	0.000000	248.360952	0.000000	7.5
373	-0.906554	248.046438	0.011156	7.8
374	-0.000049	247.732984	0.000010	7.8
375	-0.000965	247.420584	0.000148	7.5
376	-1.147114	247.109233	0.033829	7.5
377	-0.868598	246.798924	0.005956	8.2
378	-0.000000	246.489652	0.000000	7.7
379	-0.014138	246.181412	0.001336	7.5
380	-0.000000	245.874197	0.000000	8.0
381	-1.206222	245.568002	0.008990	7.6
382	-0.960056	245.262822	0.008671	9.2
383	-0.005232	244.958652	0.001036	14.1
384	-1.023790	244.655485	0.018162	13.4
385	0.000000	244.353317	0.000000	13.3
386	-0.668675	244.052142	0.007637	18.2
387	-0.274122	243.751955	0.003472	30.8
388	-0.296075	243.452750	0.001623	12.0
389	-0.133190	243.154523	0.002285	10.4
390	-0.893944	242.857268	0.006977	9.5
391	-1.247729	242.560980	0.008561	10.8
392	-0.263754	242.265654	0.006739	8.2
393	-0.226091	241.971285	0.004833	13.5
394	-0.047315	241.677868	0.000936	8.8
395	-0.730350	241.385397	0.016437	8.2
396	-1.183807	241.093869	0.026021	7.5
397	-0.197850	240.803278	0.003239	7.7
398	-0.421001	240.513619	0.008606	7.8
399	-0.761571	240.224887	0.008731	7.5
400	-1.017947	239.937077	0.009495	7.8
401	-0.972439	239.650186	0.013103	7.5
402	-0.749127	239.364207	0.014728	8.6
403	-0.042416	239.079136	0.001442	7.5
404	-1.130901	238.794969	0.027938	7.5
405	-1.155173	238.511701	0.034898	7.5
406	-0.148536	238.229327	0.005623	7.0
407	-0.018319	237.947843	0.001228	7.7
408	-0.000000	237.667244	0.000000	7.6
409	-0.514415	237.387526	0.004899	11.6
410	-0.756409	237.108684	0.008018	7.5
411	-0.465995	236.830714	0.012738	8.9
412	-0.398911	236.553610	0.003198	7.4
413	-0.989044	236.277370	0.011660	7.5
414	-0.984301	236.001989	0.063583	7.5
415	-0.652445	235.727461	0.011398	7.6
416	-0.825190	235.453784	0.023052	7.5
417	-0.737260	235.180952	0.004292	7.5
418	-0.045507	234.908962	0.001999	7.5
419	-0.832956	234.637809	0.007066	7.8
420	-0.415511	234.367488	0.010142	7.6
421	-1.223411	234.097997	0.042824	7.7
422	-0.325235	233.829331	0.002710	7.5
423	0.000000	233.561485	0.000000	7.6
424	-0.813395	233.294456	0.016118	8.2
425	-0.808700	233.028239	0.026550	7.6
426	-0.011925	232.762831	0.001255	8.5
427	-1.003245	232.498228	0.028524	7.5
428	-0.557891	232.234425	0.007444	7.8
429	-1.049060	231.971419	0.023124	7.5
430	-0.879616	231.709205	0.031766	7.6
431	-0.123958	231.447781	0.004631	7.6
432	-0.937648	231.187141	0.009279	7.6
433	-0.313832	230.927283	0.003158	8.2
434	-1.269998	230.668202	0.023726	7.5
435	-0.728248	230.409895	0.005634	7.5
436	-0.876706	230.152358	0.007412	7.7
437	-0.027935	229.895587	0.001261	7.4
438	-1.132400	229.639578	0.018002	7.5
439	-0.350797	229.384329	0.006757	7.5
440	-0.062945	229.129834	0.001181	7.5
441	-0.006065	228.876091	0.000705	7.7
442	-0.026950	228.623096	0.000514	7.5
443	-0.358606	228.370846	0.004067	7.8
444	-0.582882	228.119336	0.006012	7.7
445	-0.979340	227.868563	0.011101	7.9
446	-1.218849	227.618525	0.022920	8.4
447	-0.000390	227.369216	0.000091	12.5
448	-0.206663	227.120635	0.003629	12.3
449	-0.000000	226.872777	0.000000	12.4
450	-0.004689	226.625638	0.000319	11.1
451	-1.166644	226.379217	0.041457	9.4
452	-0.450121	226.133509	0.007821	11.7
453	0.000000	225.888510	0.000000	7.8
454	-0.265914	225.644218	0.005101	7.7
455	-0.868422	225.400630	0.015898	7.7
456	-0.000000	225.157741	0.000000	7.7
457	-0.996974	224.915549	0.026120	9.7
458	-0.886194	224.674051	0.009242	10.7
459	-0.000000	224.433242	0.000000	7.5
460	-0.123881	224.193121	0.001534	7.8
461	-1.072862	223.953684	0.021381	7.4
462	-0.868887	223.714927	0.008918	7.4
463	-0.339170	223.476848	0.004328	7.8
464	-0.000006	223.239444	0.000002	7.6
465	-1.249200	223.002710	0.012098	7.6
466	-0.000000	222.766645	0.000000	7.4
467	-0.148189	222.531245	0.003184	8.0
468	-0.848134	222.296508	0.040208	7.5
469	-1.118101	222.062429	0.038487	8.6
470	-0.454879	221.829007	0.007799	7.7
471	-0.485246	221.596238	0.010703	7.9
472	-0.930159	221.364119	0.007703	7.6
473	-0.792598	221.132647	0.019266	7.5
474	-0.867408	220.901820	0.011787	7.6
475	-1.108143	220.671634	0.025668	8.2
476	-1.160700	220.442086	0.034016	7.5
477	-0.000000	220.213174	0.000000	7.5
478	-0.101892	219.984895	0.003974	7.8
479	-0.167648	219.757246	0.005483	7.1
480	-0.848621	219.530224	0.013202	7.8
481	-0.000000	219.303826	0.000000	7.7
482	-0.000000	219.078050	0.000000	7.5
483	-0.000064	218.852893	0.000020	7.5
484	-0.560029	218.628352	0.004223	7.4
485	-0.840940	218.404424	0.009014	7.5
486	-0.000000	218.181106	0.000000	7.4
487	-1.008951	217.958397	0.013454	14.3
488	-0.915048	217.736292	0.019344	15.4
489	-0.000000	217.514790	0.000000	11.9
490	0.000000	217.293888	0.000000	8.6
491	-0.379457	217.073584	0.006445	11.1
492	-0.064803	216.853873	0.001429	7.8
493	-1.094037	216.634755	0.017141	7.8
494	0.000000	216.416227	0.000000	7.8
495	-1.257265	216.198285	0.015113	7.7
496	-0.514473	215.980927	0.010199	8.3
497	-0.802617	215.764151	0.013159	7.5
498	-0.346347	215.547955	0.006914	7.7
499	-1.078645	215.332335	0.023077	7.5
500	-0.261063	215.117289	0.005535	7.5
501	-0.258950	214.902815	0.002543	7.5
502	-0.000003	214.688911	0.000001	7.5
503	-0.911438	214.475573	0.007121	7.7
504	-0.548424	214.262800	0.010323	8.3
505	-0.815134	214.050588	0.006492	7.6
506	-0.391097	213.838936	0.010906	7.5
507	-1.016570	213.627842	0.012648	7.7
508	-0.027101	213.417302	0.000749	8.2
509	-0.668201	213.207314	0.012755	7.5
510	-0.784122	212.997877	0.022291	7.6
511	-0.000016	212.788987	0.000005	7.7
512	-0.483019	212.580642	0.008046	8.3
513	-1.143894	212.372841	0.035583	7.6
514	-0.000000	212.165581	0.000000	7.5
515	-0.925344	211.958859	0.008984	7.7
516	-0.550857	211.752673	0.007335	8.3
517	-1.094033	211.547021	0.009024	7.4
518	-0.812582	211.341902	0.027932	7.5
519	-0.711232	211.137311	0.009198	7.6
520	-0.188326	210.933248	0.001199	7.6
521	-0.034816	210.729710	0.003091	7.5
522	-0.813954	210.526695	0.010933	7.5
523	-0.565000	210.324200	0.010548	7.5
524	-1.120367	210.122224	0.016588	7.8
525	-0.035637	209.920765	0.002288	6.8
526	-0.000000	209.719820	0.000000	7.5
527	-0.616012	209.519387	0.023731	7.4
528	-1.085804	209.319463	0.015459	7.7
529	-0.352716	209.120048	0.007604	7.4
530	-0.988127	208.921139	0.008994	7.5
531	-0.001829	208.722733	0.000063	7.5
532	-0.234389	208.524829	0.004165	7.6
533	-0.623402	208.327425	0.003180	7.8
534	-0.648026	208.130518	0.004559	7.5
535	-0.133458	207.934107	0.001044	7.5
536	-0.859021	207.738189	0.005907	7.5
537	-0.000001	207.542762	0.000000	7.8
538	-0.781898	207.347825	0.015777	7.5
539	-1.165248	207.153376	0.006071	7.0
540	-0.205485	206.959412	0.003848	7.5
541	-0.679561	206.765932	0.011945	7.7
542	-0.000002	206.572933	0.000001	7.5
543	-0.171208	206.380414	0.002976	7.5
544	0.000000	206.188373	0.000000	7.5
545	-0.198802	205.996807	0.002512	7.6
546	-0.774672	205.805716	0.017294	7.9
547	-1.120051	205.615096	0.015806	7.5
548	-0.962931	205.424946	0.007143	9.1
549	-0.233334	205.235265	0.003747	7.5
550	-0.573272	205.046050	0.018430	7.7
551	-0.808224	204.857299	0.012449	8.2
552	-0.775062	204.669011	0.008488	7.9
553	-0.976232	204.481184	0.022208	10.0
554	-0.800337	204.293816	0.007319	10.1
555	-0.597679	204.106905	0.010227	7.5
556	-0.665551	203.920449	0.009861	7.6
557	-0.791412	203.734447	0.008895	7.5
558	-1.185019	203.548896	0.012937	7.9
559	-1.064084	203.363795	0.019117	7.6
560	-0.164058	203.179143	0.003032	7.5
561	-1.089649	202.994937	0.007497	7.5
562	-0.259038	202.811176	0.005741	7.7
563	-0.991316	202.627857	0.007456	7.5
564	-0.000840	202.444980	0.000240	7.6
565	-1.168877	202.262543	0.020081	7.5
566	-0.628699	202.080543	0.006790	7.5
567	-1.064689	201.898979	0.012741	8.4
568	-0.000054	201.717849	0.000021	7.5
569	-0.114689	201.537153	0.001708	7.7
570	-0.613889	201.356887	0.009552	7.5
571	-0.020537	201.177050	0.000537	7.6
572	-0.872494	200.997642	0.012094	7.7
573	0.000000	200.818659	0.000000	7.5
574	-1.192666	200.640100	0.018911	7.5
575	-0.544193	200.461965	0.014323	7.7
576	-0.774864	200.284250	0.012731	7.5
577	0.000000	200.106955	0.000000	7.5
578	-1.285754	199.930078	0.023704	7.5
579	-0.000000	199.753617	0.000000	7.5
580	-0.651717	199.577571	0.010469	7.7
581	-0.000000	199.401938	0.000000	7.5
582	-0.000000	199.226717	0.000000	7.5
583	-1.059097	199.051905	0.007668	7.5
584	-0.916798	198.877502	0.004178	7.6
585	-0.884914	198.703506	0.009454	7.6
586	-0.917520	198.529916	0.019366	8.2
587	-0.000000	198.356729	0.000000	7.6
588	-0.627915	198.183944	0.008367	7.8
589	-0.461031	198.011560	0.007239	7.5
590	-0.988716	197.839576	0.015958	7.5
591	-0.000000	197.667989	0.000000	7.5
592	-0.351532	197.496798	0.003744	8.2
593	-0.000220	197.326002	0.000039	7.6
594	-1.251741	197.155600	0.016044	7.6
595	0.000000	196.985589	0.000000	7.5
596	-0.008637	196.815969	0.001398	7.5
597	-0.548992	196.646738	0.006555	7.7
598	-0.558527	196.477894	0.008166	7.4
599	-0.000373	196.309436	0.000037	7.4
600	-0.778465	196.141363	0.015288	7.5
601	-1.087742	195.973673	0.015334	7.7
602	-0.207581	195.806365	0.003804	8.2
603	-0.483868	195.639437	0.003843	7.5
604	-1.022110	195.472888	0.008773	7.4
605	-0.723801	195.306717	0.016152	7.6
606	-0.765348	195.140922	0.009023	7.5
607	-0.584648	194.975501	0.009386	7.6
608	-0.724678	194.810454	0.014191	7.7
609	-0.000000	194.645779	0.000000	7.6
610	-0.613036	194.481475	0.009009	7.9
611	-0.538734	194.317540	0.005569	8.2
612	-0.000001	194.153973	0.000000	7.4
613	-1.028618	193.990773	0.006085	7.5
614	-0.964190	193.827938	0.006137	7.8
615	-0.984109	193.665467	0.058666	7.5
616	-0.063294	193.503358	0.001836	7.5
617	-0.653556	193.341611	0.012964	7.8
618	-0.000000	193.180224	0.000000	8.2
619	-1.024193	193.019196	0.016444	7.5
620	-0.572542	192.858525	0.006179	7.5
621	-0.947527	192.698210	0.024378	8.3
622	-1.220396	192.538251	0.020176	7.5
623	-1.089776	192.378644	0.043763	8.0
624	-1.021963	192.219391	0.011674	7.5
625	-0.603970	192.060488	0.004446	7.4
626	-0.663530	191.901935	0.017763	7.7
627	-0.000000	191.743730	0.000000	7.7
628	-0.845294	191.585873	0.019338	7.5
629	-0.000000	191.428362	0.000000	7.5
630	-0.251266	191.271196	0.003516	7.5
631	-0.000000	191.114374	0.000000	7.7
632	-0.865993	190.957893	0.011965	7.5
633	-1.134737	190.801755	0.022702	7.6
634	-1.075818	190.645956	0.008946	7.6
635	-0.519725	190.490495	0.011894	7.6
636	-1.050413	190.335373	0.014213	7.6
637	-1.048643	190.180587	0.011429	7.5
638	-0.000048	190.026136	0.000012	7.4
639	-0.181806	189.872019	0.003041	7.5
640	-0.983285	189.718235	0.013981	7.7
641	-1.082456	189.564782	0.017307	7.6
642	-0.158927	189.411661	0.003586	7.5
643	-0.723729	189.258868	0.008296	7.4
644	-1.101718	189.106404	0.029374	7.7
645	-0.860058	188.954267	0.020683	7.5
646	0.000000	188.802456	0.000000	7.5
647	-1.233781	188.650969	0.027820	7.5
648	-0.636574	188.499807	0.010210	7.5
649	-0.836502	188.348967	0.008968	7.9
650	-0.000000	188.198448	0.000000	7.7
651	-0.981953	188.048250	0.009884	7.4
652	-1.154177	187.898371	0.029977	7.6
653	-0.000000	187.748810	0.000000	7.9
654	-0.812083	187.599566	0.009328	7.5
655	-1.091355	187.450638	0.007655	7.5
656	-0.278597	187.302025	0.005401	7.5
657	-0.000001	187.153725	0.000000	7.7
658	-0.000954	187.005739	0.000147	7.5
659	-0.773280	186.858064	0.016242	7.5
660	-1.045656	186.710699	0.016421	8.3
661	-1.094056	186.563645	0.016699	8.3
662	-0.933869	186.416898	0.005483	7.5
663	-0.000054	186.270459	0.000003	7.4
664	0.000000	186.124326	0.000000	7.5
665	-0.792632	185.978499	0.005837	7.5
666	-1.022518	185.832976	0.023160	7.6
667	-0.515345	185.687756	0.009642	7.5
668	-1.194390	185.542838	0.013655	7.5
669	-0.941959	185.398222	0.008877	7.5
670	-0.950713	185.253906	0.017342	8.4
671	-0.987418	185.109889	0.006423	7.5
672	-1.226235	184.966170	0.009693	7.5
673	-0.000000	184.822748	0.000000	7.5
674	-0.369191	184.679623	0.009108	7.5
675	-0.272360	184.536792	0.004173	7.8
676	-0.000000	184.394256	0.000000	7.4
677	-0.027594	184.252013	0.001459	8.7
678	-0.894820	184.110062	0.034935	7.4
679	-0.770433	183.968403	0.016063	7.7
680	-1.007724	183.827034	0.006205	7.5
681	-1.105631	183.685954	0.024753	7.5
682	-0.196683	183.545163	0.004977	7.7
683	-0.393611	183.404658	0.007544	7.6
684	-0.925726	183.264441	0.013216	7.5
685	-0.970864	183.124509	0.006865	7.5
686	-1.098060	182.984861	0.020137	7.6
687	-0.000486	182.845497	0.000014	7.5
688	-0.992905	182.706416	0.019181	8.2
689	-0.774728	182.567616	0.017759	7.5
690	-0.686893	182.429098	0.007967	7.4
691	-0.790230	182.290859	0.010463	7.6
692	-1.034096	182.152899	0.012836	9.3
693	-0.000000	182.015217	0.000000	8.6
694	-0.235136	181.877813	0.003225	7.4
695	-0.000059	181.740684	0.000022	7.5
696	0.000000	181.603832	0.000000	7.6
697	-0.740778	181.467253	0.009312	7.6
698	0.000000	181.330948	0.000000	7.5
699	-0.701698	181.194916	0.009234	7.5
700	-0.000000	181.059155	0.000000	7.6
701	-0.383909	180.923666	0.005613	7.5
702	0.000000	180.788446	0.000000	7.4
703	-0.952646	180.653496	0.038492	7.5
704	-0.623576	180.518814	0.005440	7.6
705	-1.029611	180.384399	0.018262	7.4
706	-1.115205	180.250251	0.032847	8.2
707	-0.000000	180.116369	0.000000	7.5
708	0.000000	179.982752	0.000000	7.5
709	-1.035343	179.849398	0.006678	7.6
710	-0.068179	179.716308	0.002220	7.4
711	-0.244650	179.583480	0.005124	7.5
712	-0.834164	179.450913	0.010520	7.5
713	-0.330923	179.318607	0.003675	7.6
714	-0.000000	179.186561	0.000000	7.7
715	-1.131225	179.054774	0.012077	7.5
716	-1.057793	178.923245	0.005587	7.3
717	-0.000107	178.791973	0.000025	7.5
718	-0.060181	178.660958	0.003648	7.6
719	-1.075952	178.530199	0.021341	7.5
720	-0.790692	178.399694	0.014792	7.5
721	-0.956478	178.269444	0.008948	7.6
722	-0.970368	178.139447	0.014756	8.3
723	-0.101988	178.009702	0.002987	7.5
724	-0.856699	177.880209	0.020526	7.5
725	-0.806645	177.750967	0.004877	7.5
726	-0.508164	177.621975	0.004246	7.5
727	-0.969768	177.493232	0.005708	8.2
728	-1.118639	177.364738	0.016627	7.5
729	-0.623401	177.236492	0.004714	8.2
730	-1.152538	177.108492	0.042095	7.5
731	-0.021402	176.980739	0.000562	7.5
732	-0.771296	176.853231	0.009096	7.5
733	-0.000000	176.725968	0.000000	8.3
734	-0.542136	176.598949	0.005074	8.3
735	-1.052855	176.472173	0.010787	7.7
736	-1.135397	176.345639	0.006881	7.6
737	0.000000	176.219348	0.000000	7.5
738	-0.000534	176.093296	0.000084	7.6
739	0.000000	175.967486	0.000000	7.6
740	-1.162588	175.841914	0.009400	7.5
741	-0.282917	175.716581	0.002716	7.4
742	-1.188342	175.591486	0.010630	7.5
743	-0.923644	175.466629	0.016480	7.7
744	-1.197785	175.342008	0.004619	7.5
745	-0.000284	175.217622	0.000075	7.5
746	-0.000341	175.093472	0.000070	7.5
747	-0.995450	174.969556	0.013141	7.7
748	-1.316508	174.845873	0.013428	7.5
749	-0.719027	174.722423	0.005470	7.4
750	-1.133204	174.599206	0.007584	7.5
751	-1.080174	174.476220	0.013814	7.6
752	-0.384304	174.353464	0.008989	7.6
753	-0.848315	174.230939	0.014278	7.4
754	-0.672250	174.108643	0.009860	8.3
755	-0.485362	173.986576	0.005246	7.5
756	-0.005365	173.864737	0.000180	7.5
757	-0.516340	173.743124	0.014215	7.5
758	-0.000304	173.621739	0.000056	8.3
759	-0.137482	173.500579	0.004270	7.5
760	-0.001596	173.379645	0.000259	7.4
761	-0.687904	173.258935	0.014109	7.7
762	-0.841992	173.138449	0.011449	7.5
763	-0.451319	173.018186	0.007882	7.6
764	-0.955939	172.898146	0.007661	7.5
765	-0.002711	172.778327	0.000297	7.6
766	-0.003162	172.658730	0.000634	8.2
767	-0.758216	172.539353	0.015180	7.5
768	-0.277577	172.420196	0.007451	7.2
769	-0.945497	172.301258	0.009485	7.7
770	-0.439703	172.182539	0.013755	7.5
771	-0.903973	172.064037	0.022674	7.4
772	-1.069587	171.945753	0.019765	8.4
773	-1.071223	171.827686	0.022525	7.5
774	-0.619786	171.709834	0.006606	7.5
775	-0.858646	171.592198	0.010511	7.6
776	-0.829108	171.474776	0.012648	7.5
777	-0.884774	171.357568	0.021591	7.5
778	-0.658798	171.240574	0.006635	7.6
779	-0.000000	171.123793	0.000000	7.5
780	-0.223721	171.007223	0.004856	7.5
781	-1.058613	170.890865	0.021496	7.5
782	-0.701131	170.774718	0.010148	7.7
783	-0.156678	170.658782	0.006076	7.5
784	-0.425383	170.543055	0.005889	7.4
785	-1.086349	170.427537	0.015711	7.3
786	-0.510541	170.312227	0.007146	7.5
787	-1.352819	170.197125	0.016273	7.5
788	-0.743064	170.082231	0.006563	7.5
789	-0.007640	169.967543	0.000639	7.5
790	-0.373869	169.853061	0.003566	7.5
791	-1.182508	169.738784	0.007309	7.5
792	0.000000	169.624713	0.000000	7.5
793	-0.129212	169.510845	0.003512	7.5
794	-1.202221	169.397181	0.007900	7.5
795	-0.406815	169.283720	0.007266	7.5
796	-1.009801	169.170462	0.010829	7.5
797	-0.062814	169.057405	0.003172	7.3
798	-0.304305	168.944549	0.005626	7.4
799	-0.651047	168.831895	0.006781	7.5
800	-0.908570	168.719440	0.015782	7.6
801	-1.073504	168.607185	0.020419	7.5
802	-0.457174	168.495129	0.004451	7.6
803	-0.528028	168.383271	0.012347	7.6
804	-0.000000	168.271611	0.000000	7.6
805	-0.751805	168.160148	0.006660	7.6
806	-0.215942	168.048882	0.002436	8.4
807	-0.973381	167.937812	0.007258	7.5
808	-0.032180	167.826938	0.002645	7.5
809	-0.797639	167.716258	0.007228	7.5
810	0.000000	167.605773	0.000000	7.5
811	-1.170691	167.495482	0.017960	7.4
812	-0.542355	167.385384	0.010090	7.7
813	-0.812483	167.275479	0.011498	8.4
814	-0.799098	167.165766	0.011891	7.5
815	0.000000	167.056245	0.000000	7.5
816	-0.250589	166.946915	0.003672	7.5
817	-0.000000	166.837776	0.000000	7.6
818	-0.002513	166.728826	0.000158	7.4
819	-0.772690	166.620067	0.007016	7.5
820	-1.089050	166.511496	0.010436	8.3
821	-0.000000	166.403113	0.000000	7.6
822	0.000000	166.294919	0.000000	7.5
823	-0.479256	166.186912	0.004774	7.5
824	-1.146143	166.079091	0.017576	7.5
825	-0.590870	165.971458	0.012527	8.4
826	-0.689057	165.864009	0.013642	8.0
827	-0.789476	165.756747	0.009740	7.5
828	-0.885259	165.649669	0.020849	7.7
829	-0.765009	165.542775	0.010557	7.5
830	-0.001848	165.436065	0.000182	7.5
831	-0.801472	165.329538	0.009525	7.5
832	-1.102631	165.223194	0.009189	7.5
833	-1.200632	165.117032	0.007342	7.5
834	-0.732739	165.011052	0.010493	7.7
835	-0.012558	164.905253	0.000489	7.6
836	-0.697899	164.799635	0.013853	7.5
837	-0.705576	164.694197	0.012022	7.5
838	-0.000558	164.588939	0.000144	7.4
839	-0.589346	164.483859	0.014756	7.7
840	-0.765038	164.378959	0.006215	7.4
841	-1.189325	164.274237	0.011005	8.3
842	-0.081109	164.169692	0.000717	7.6
843	-0.979366	164.065325	0.010319	7.7
844	-0.000000	163.961135	0.000000	7.5
845	-0.931341	163.857120	0.029560	7.6
846	-1.393917	163.753282	0.018692	7.5
847	-1.168018	163.649619	0.012433	7.7
848	-0.205661	163.546130	0.001877	7.1
849	-1.225571	163.442816	0.014958	7.4
850	-0.006411	163.339676	0.000630	7.5
851	-0.794191	163.236709	0.009440	7.4
852	-0.964165	163.133915	0.013148	7.6
853	-0.136232	163.031294	0.003310	8.3
854	-1.086920	162.928844	0.026448	7.5
855	-0.545212	162.826566	0.009401	7.6
856	-0.496696	162.724459	0.012792	7.6
857	-0.806540	162.622523	0.003935	7.5
858	-0.719974	162.520757	0.010094	7.5
859	-0.638028	162.419160	0.003312	7.8
860	-1.243973	162.317733	0.028453	7.6
861	-1.138869	162.216474	0.011272	7.6
862	-0.844188	162.115383	0.004835	6.9
863	-0.795343	162.014461	0.013304	7.5
864	-1.078615	161.913705	0.018459	7.5
865	-1.131411	161.813117	0.011713	7.8
866	-0.000001	161.712695	0.000001	7.5
867	-0.609165	161.612439	0.006550	7.5
868	-0.580347	161.512349	0.004780	7.5
869	-0.707189	161.412424	0.007033	7.6
870	-1.291813	161.312663	0.018107	7.5
871	-0.382669	161.213067	0.007919	7.5
872	-1.057041	161.113635	0.009643	7.4
873	-0.000000	161.014366	0.000000	7.6
874	-1.202715	160.915260	0.039372	7.4
875	0.000000	160.816316	0.000000	8.4
876	-0.000000	160.717535	0.000000	7.6
877	-1.264707	160.618915	0.030749	7.4
878	-0.794121	160.520456	0.010918	7.6
879	-0.466058	160.422158	0.005878	6.7
880	-0.790849	160.324021	0.008701	7.5
881	-0.921955	160.226043	0.014767	7.5
882	-0.785402	160.128225	0.030400	7.6
883	-1.100749	160.030566	0.021958	7.5
884	0.000000	159.933066	0.000000	7.5
885	-1.000421	159.835723	0.008816	7.5
886	-0.793615	159.738539	0.012918	7.5
887	-0.828563	159.641512	0.012971	7.7
888	-0.818121	159.544642	0.015051	8.2
889	-0.016186	159.447929	0.001494	7.4
890	-0.661010	159.351372	0.003496	7.5
891	-0.023189	159.254971	0.000841	7.5
892	-0.703668	159.158725	0.007755	7.5
893	-0.736871	159.062634	0.008372	7.7
894	-0.487404	158.966697	0.011920	8.2
895	-0.833148	158.870915	0.005849	7.5
896	-0.867300	158.775286	0.009791	8.2
897	0.000000	158.679811	0.000000	7.7
898	-1.154688	158.584489	0.012033	7.5
899	-0.461642	158.489319	0.011540	7.6
900	-0.000020	158.394302	0.000004	7.5
901	-0.817069	158.299436	0.014929	8.2
902	-0.308893	158.204721	0.005205	7.5
903	-0.385178	158.110158	0.001705	7.5
904	0.000000	158.015745	0.000000	7.6
905	-0.458043	157.921482	0.006103	7.5
906	-0.909928	157.827369	0.026778	7.5
907	-0.696336	157.733406	0.008788	7.5
908	-1.132658	157.639591	0.023033	7.5
909	-0.820436	157.545925	0.022576	8.2
910	-0.000000	157.452408	0.000000	7.5
911	-0.897935	157.359038	0.011370	7.5
912	-0.000000	157.265816	0.000000	7.5
913	-1.012045	157.172741	0.019746	7.5
914	-0.533137	157.079813	0.007325	7.8
915	-0.332385	156.987031	0.004395	7.7
916	-0.538426	156.894395	0.006422	8.2
917	-0.186545	156.801904	0.002819	7.6
918	-1.267289	156.709559	0.019191	7.6
919	-1.237952	156.617359	0.022497	8.1
920	-0.283825	156.525304	0.004003	10.1
921	-0.664832	156.433392	0.007744	8.7
922	-0.450572	156.341624	0.008305	7.5
923	-1.056882	156.250000	0.011479	7.5
924	-1.145416	156.158519	0.007087	7.6
925	-0.000000	156.067180	0.000000	7.6
926	-1.142870	155.975984	0.016825	7.5
927	-0.024688	155.884930	0.001668	8.3
928	-1.123633	155.794017	0.016485	7.5
929	-0.672068	155.703246	0.009417	7.5
930	-0.680030	155.612615	0.007621	7.6
931	-0.458457	155.522125	0.006328	7.6
932	-0.859888	155.431775	0.008922	7.5
933	-0.401004	155.341565	0.004317	7.5
934	-1.137334	155.251495	0.011281	7.6
935	-1.110439	155.161563	0.025963	8.1
936	-1.006250	155.071771	0.009092	8.5
937	-0.397941	154.982117	0.008889	8.4
938	-0.923414	154.892601	0.008719	7.7
939	-0.354488	154.803222	0.006068	8.2
940	-0.721124	154.713981	0.006198	7.5
941	-0.483515	154.624878	0.005947	7.4
942	0.000000	154.535910	0.000000	8.4
943	-0.813748	154.447080	0.008661	7.9
944	0.000000	154.358385	0.000000	7.6
945	-0.898097	154.269826	0.006024	7.7
946	-0.903572	154.181402	0.003962	7.7
947	-0.944164	154.093114	0.014700	7.4
948	-0.791669	154.004960	0.012826	7.6
949	-1.154740	153.916940	0.017913	7.6
950	-0.929707	153.829054	0.009152	7.5
951	-1.133650	153.741303	0.017145	7.7
952	-0.386765	153.653684	0.007819	7.5
953	-0.839602	153.566198	0.011267	8.2
954	-0.160876	153.478846	0.003136	7.6
955	-0.899983	153.391625	0.004761	8.1
956	-1.048067	153.304537	0.007276	7.6
957	-1.206765	153.217580	0.011911	8.0
958	-0.010000	153.130755	0.000686	7.5
959	-0.494910	153.044061	0.006419	7.6
960	-1.253059	152.957498	0.025077	7.7
961	-0.746111	152.871065	0.008540	7.5
962	-0.094643	152.784762	0.001760	7.5
963	-0.788040	152.698589	0.006969	7.6
964	-0.760983	152.612545	0.031372	7.6
965	-0.875688	152.526631	0.021594	7.6
966	-0.000000	152.440845	0.000000	7.5
967	0.000000	152.355188	0.000000	7.5
968	-1.213901	152.269660	0.027454	7.5
969	-0.665093	152.184259	0.014402	7.5
970	-0.975905	152.098986	0.020435	7.5
971	-0.793262	152.013840	0.008554	7.5
972	-1.042378	151.928821	0.008142	8.0
973	-1.207156	151.843928	0.019926	7.5
974	-0.000000	151.759163	0.000000	7.4
975	-0.342065	151.674523	0.003123	7.5
976	-1.179106	151.590009	0.012145	7.5
977	-0.905169	151.505620	0.026354	7.6
978	-0.818439	151.421357	0.007571	7.5
979	-1.077075	151.337218	0.010259	7.4
980	-0.000001	151.253204	0.000000	8.2
981	-1.037842	151.169314	0.006300	7.5
982	-0.755494	151.085549	0.013600	7.6
983	-0.528744	151.001907	0.010851	7.5
984	-0.000000	150.918388	0.000000	7.5
985	-0.809575	150.834992	0.017800	7.7
986	-0.000000	150.751719	0.000000	7.5
987	-0.425951	150.668569	0.005141	7.5
988	-0.050421	150.585541	0.001374	7.5
989	-0.159737	150.502634	0.003160	7.5
990	-1.022945	150.419849	0.009914	7.7
991	-0.000098	150.337186	0.000025	7.5
992	-0.783589	150.254644	0.006995	7.5
993	-0.181506	150.172222	0.004318	8.3
994	-1.326231	150.089921	0.010453	7.7
995	-1.217085	150.007740	0.029387	7.7
996	-0.794016	149.925679	0.014895	8.2
997	-1.104889	149.843737	0.021905	7.5
998	-0.011217	149.761915	0.000376	7.5
999	-0.692599	149.680212	0.004813	7.5
1000	-1.128462	149.598627	0.027880	7.5
1001	-1.209000	149.517161	0.022863	7.5
1002	-0.968113	149.435814	0.015672	7.8
1003	-0.891651	149.354584	0.030803	7.6
1004	-1.063276	149.273472	0.010283	7.7
1005	0.000000	149.192477	0.000000	8.1
1006	-1.141715	149.111599	0.025695	8.0
1007	-0.000000	149.030838	0.000000	7.6
1008	-0.966852	148.950194	0.006431	7.5
1009	-1.164359	148.869666	0.007983	8.3
1010	0.000000	148.789253	0.000000	7.5
1011	-0.661462	148.708957	0.010208	7.6
1012	-0.727119	148.628776	0.015165	7.5
1013	-0.917890	148.548710	0.006680	7.5
1014	-0.907079	148.468759	0.012521	7.6
1015	-0.000000	148.388923	0.000000	7.5
1016	-0.722794	148.309201	0.020010	7.5
1017	-0.795038	148.229594	0.008895	7.5
1018	-0.558917	148.150100	0.005217	7.5
1019	-1.222605	148.070719	0.018643	7.5
1020	-0.734475	147.991452	0.008070	7.5
1021	-1.036114	147.912298	0.021001	6.9
1022	-1.073738	147.833257	0.008874	7.6
1023	-0.000000	147.754329	0.000000	7.5
1024	-0.963633	147.675512	0.008752	7.5
1025	-0.000000	147.596808	0.000000	7.5
1026	-0.090687	147.518216	0.002568	7.4
1027	-0.634262	147.439735	0.012479	7.5
1028	-0.839984	147.361365	0.008010	7.5
1029	-0.786536	147.283106	0.013253	7.6
1030	-0.816330	147.204958	0.009461	7.5
1031	-0.868986	147.126920	0.003473	7.6
1032	-1.159531	147.048993	0.018550	8.2
1033	-0.837236	146.971175	0.013397	7.5
1034	-0.761302	146.893468	0.008289	7.5
1035	-1.011325	146.815869	0.011548	7.5
1036	-0.607002	146.738380	0.015604	7.5
1037	-1.032828	146.661000	0.008475	7.6
1038	-0.000004	146.583729	0.000001	7.4
1039	-0.000000	146.506566	0.000000	7.5
1040	-1.044359	146.429511	0.008980	7.6
1041	-0.272629	146.352565	0.002610	7.5
1042	-0.718180	146.275726	0.007086	7.7
1043	-0.476658	146.198994	0.010372	7.5
1044	-0.000000	146.122370	0.000000	7.5
1045	-1.179471	146.045853	0.017068	7.6
1046	-0.558784	145.969442	0.010879	7.6
1047	-0.817086	145.893139	0.011418	7.5
1048	0.000000	145.816941	0.000000	7.5
1049	-0.000000	145.740849	0.000000	7.5
1050	-0.051644	145.664863	0.001073	7.6
1051	-0.654842	145.588983	0.008249	7.5
1052	-0.912603	145.513208	0.004587	7.5
1053	-0.000000	145.437538	0.000000	7.5
1054	0.000000	145.361973	0.000000	7.5
1055	-1.144867	145.286513	0.012331	7.7
1056	-1.357974	145.211157	0.023533	7.5
1057	-0.921438	145.135905	0.010117	8.2
1058	-0.777145	145.060757	0.007583	7.4
1059	-0.045428	144.985712	0.002474	7.3
1060	-1.084666	144.910771	0.009978	7.5
1061	-1.044279	144.835934	0.019167	8.2
1062	-1.027533	144.761199	0.010669	8.3
1063	-0.886459	144.686567	0.009591	7.6
1064	-0.492487	144.612037	0.002817	7.6
1065	-0.278274	144.537610	0.001666	8.9
1066	-0.029079	144.463285	0.002274	6.9
1067	-0.000000	144.389062	0.000000	7.7
1068	-0.616750	144.314940	0.003669	7.5
1069	-0.209406	144.240920	0.001963	7.5
1070	-0.604952	144.167001	0.011493	7.9
1071	-0.930405	144.093182	0.008677	9.3
1072	0.000000	144.019465	0.000000	7.7
1073	-0.989359	143.945848	0.009713	7.7
1074	-0.375533	143.872331	0.008100	7.6
1075	-0.062963	143.798914	0.001795	7.5
1076	-0.005420	143.725597	0.000164	7.6
1077	-1.236607	143.652380	0.016760	7.5
1078	-1.073034	143.579262	0.009936	7.5
1079	-0.632947	143.506243	0.006316	8.3
1080	-0.047330	143.433323	0.002299	7.3
1081	-0.826849	143.360502	0.009700	7.2
1082	-1.267259	143.287780	0.010756	7.5
1083	-1.097829	143.215155	0.012561	7.5
1084	-1.156708	143.142629	0.011695	7.5
1085	-1.320445	143.070201	0.023777	8.0
1086	-0.008975	142.997870	0.000183	7.5
1087	-0.685961	142.925637	0.003482	7.7
1088	-0.083220	142.853501	0.001872	7.4
1089	-1.173616	142.781462	0.008202	7.4
1090	-1.152204	142.709519	0.007542	7.5
1091	-0.000000	142.637674	0.000000	7.4
1092	-0.777837	142.565924	0.009751	7.6
1093	-0.740350	142.494271	0.009658	7.5
1094	-0.902917	142.422714	0.009723	7.5
1095	-1.200137	142.351252	0.009492	7.5
1096	-1.255582	142.279886	0.028543	7.4
1097	-1.148020	142.208616	0.007700	7.4
1098	-0.846968	142.137440	0.006276	7.7
1099	-0.478844	142.066360	0.008368	7.5
1100	-0.000000	141.995374	0.000000	7.4
1101	-1.076668	141.924483	0.006168	7.6
1102	-1.003877	141.853685	0.015622	7.6
1103	0.000000	141.782983	0.000000	7.5
1104	-0.988772	141.712373	0.007895	7.5
1105	-0.044605	141.641858	0.001184	7.5
1106	-1.274238	141.571436	0.016231	7.5
1107	-0.462255	141.501108	0.007995	7.7
1108	-0.809171	141.430872	0.014283	7.5
1109	-1.167749	141.360730	0.028866	8.2
1110	-1.279725	141.290680	0.014951	7.4
1111	-0.579365	141.220722	0.015695	7.6
1112	-0.000000	141.150857	0.000000	8.4
1113	-1.113416	141.081084	0.007895	8.1
1114	-0.601474	141.011403	0.003856	7.4
1115	-0.731994	140.941813	0.009201	7.5
1116	-0.064472	140.872315	0.003586	8.2
1117	-0.454718	140.802909	0.004255	7.5
1118	-0.155274	140.733593	0.004742	7.6
1119	-1.307179	140.664369	0.026788	7.5
1120	-0.035804	140.595235	0.000563	7.5
1121	-1.126770	140.526192	0.014755	7.5
1122	-0.745122	140.457239	0.007761	7.5
1123	-1.004486	140.388376	0.007071	7.5
1124	-0.939424	140.319603	0.016812	7.6
1125	-0.847244	140.250920	0.011550	7.5
1126	-0.004395	140.182326	0.000782	7.6
1127	-1.124470	140.113822	0.008143	7.5
1128	-0.844921	140.045407	0.017394	7.5
1129	-0.989142	139.977081	0.004456	7.4
1130	-0.000072	139.908844	0.000005	7.4
1131	-1.263176	139.840696	0.014798	7.6
1132	-0.000000	139.772635	0.000000	7.5
1133	0.000000	139.704664	0.000000	7.5
1134	-1.089808	139.636780	0.008379	7.5
1135	-0.000000	139.568984	0.000000	7.5
1136	-1.133690	139.501276	0.007775	7.7
1137	-1.164082	139.433655	0.016791	7.7
1138	-0.635454	139.366122	0.011927	8.3
1139	-1.105527	139.298676	0.006938	7.6
1140	-0.920308	139.231317	0.033069	7.5
1141	-0.000000	139.164045	0.000000	7.6
1142	0.000000	139.096859	0.000000	7.0
1143	-0.065417	139.029760	0.001821	7.4
1144	-1.104458	138.962747	0.013246	7.5
1145	-1.391382	138.895820	0.022239	7.5
1146	-0.906543	138.828978	0.012534	7.5
1147	0.000000	138.762223	0.000000	7.5
1148	0.000000	138.695553	0.000000	7.3
1149	0.000000	138.628969	0.000000	7.5
1150	-0.022597	138.562469	0.001434	7.5
1151	-0.100406	138.496055	0.004329	7.5
1152	-0.058333	138.429725	0.000656	7.6
1153	-0.173367	138.363481	0.004835	7.6
1154	-0.839090	138.297320	0.010983	7.6
1155	-0.000022	138.231244	0.000005	7.5
1156	-0.272930	138.165252	0.006410	7.4
1157	-0.870508	138.099344	0.015815	7.5
1158	-0.179335	138.033520	0.004335	8.7
1159	-0.843781	137.967779	0.012385	7.6
1160	-0.427200	137.902122	0.003415	7.5
1161	-0.000000	137.836548	0.000000	7.5
1162	-0.945191	137.771057	0.007545	7.4
1163	-0.879673	137.705649	0.011617	7.5
1164	-0.779758	137.640324	0.022904	7.6
1165	-1.139309	137.575081	0.023552	7.5
1166	-0.000000	137.509921	0.000000	7.5
1167	-0.561310	137.444842	0.011169	7.6
1168	-0.689653	137.379846	0.014966	8.3
1169	-0.781846	137.314932	0.009867	7.5
1170	0.000000	137.250100	0.000000	8.2
1171	0.000000	137.185349	0.000000	7.5
1172	-0.078982	137.120680	0.001653	7.5
1173	-0.607712	137.056092	0.007756	7.9
1174	-1.171438	136.991585	0.018550	7.5
1175	-0.811002	136.927158	0.005848	7.4
1176	-0.795093	136.862813	0.006709	7.5
1177	-0.059139	136.798548	0.001636	7.6
1178	-0.320896	136.734363	0.001740	7.6
1179	-0.724344	136.670259	0.010947	7.4
1180	-0.249928	136.606235	0.005201	7.6
1181	-1.012585	136.542291	0.007194	7.5
1182	-0.092670	136.478426	0.001781	8.2
1183	0.000000	136.414641	0.000000	7.5
1184	-1.080257	136.350936	0.014861	7.5
1185	-0.000000	136.287310	0.000000	7.5
1186	-1.270608	136.223763	0.014638	7.6
1187	-1.208114	136.160295	0.016267	7.5
1188	-0.484225	136.096905	0.008664	7.4
1189	-0.000000	136.033594	0.000000	8.3
1190	-1.072514	135.970362	0.014859	7.5
1191	-0.550828	135.907208	0.012972	7.5
1192	-0.821842	135.844133	0.007095	7.5
1193	-0.024679	135.781135	0.001437	7.5
1194	-1.038460	135.718215	0.010717	7.6
1195	-0.000105	135.655373	0.000035	8.4
1196	-0.213575	135.592608	0.004888	7.4
1197	-0.166877	135.529921	0.003565	7.5
1198	0.000000	135.467311	0.000000	7.5
1199	-0.610085	135.404778	0.011863	7.5
1200	-0.566326	135.342322	0.006279	7.5
1201	-0.450403	135.279942	0.006130	7.5
1202	-0.572201	135.217640	0.011938	7.5
1203	-1.218448	135.155413	0.014750	7.5
1204	-0.912446	135.093263	0.010101	7.5
1205	-1.256885	135.031190	0.016999	8.3
1206	-0.647116	134.969192	0.012700	7.5
1207	-0.024208	134.907270	0.001575	7.6
1208	-1.089289	134.845424	0.014611	7.4
1209	-0.766274	134.783653	0.007505	7.5
1210	-0.855472	134.721958	0.007676	7.5
1211	-1.304757	134.660338	0.011590	7.5
1212	-0.001437	134.598793	0.000196	7.5
1213	-0.844433	134.537323	0.010518	7.5
1214	-0.663803	134.475927	0.004319	7.6
1215	-1.021437	134.414607	0.005365	8.0
1216	-0.001894	134.353361	0.000286	7.5
1217	-0.604509	134.292189	0.006188	7.6
1218	-1.176959	134.231092	0.015252	7.9
1219	-0.578508	134.170068	0.008522	7.4
1220	-1.108564	134.109119	0.013604	7.7
1221	-1.144478	134.048243	0.013572	7.8
1222	-1.031565	133.987441	0.007892	7.6
1223	-0.621405	133.926713	0.009566	7.8
1224	-0.592059	133.866057	0.005584	7.6
1225	-1.149308	133.805475	0.034251	7.6
1226	-0.358916	133.744966	0.004651	7.5
1227	-1.177971	133.684530	0.016582	7.5
1228	-0.840731	133.624167	0.008163	9.8
1229	-1.339345	133.563877	0.017257	16.6
1230	0.000000	133.503658	0.000000	12.1
1231	-0.977465	133.443513	0.015015	7.8
1232	-0.876519	133.383439	0.006224	9.8
1233	-0.901525	133.323437	0.010190	11.0
1234	-0.495143	133.263508	0.003810	13.5
1235	-1.150770	133.203650	0.006264	13.9
1236	0.000000	133.143864	0.000000	10.5
1237	-0.000000	133.084149	0.000000	9.0
1238	-1.236999	133.024506	0.013853	12.8
1239	-0.307020	132.964934	0.002656	9.0
1240	-0.000327	132.905433	0.000024	10.1
1241	-0.161169	132.846003	0.003362	12.2
1242	-1.414208	132.786643	0.026552	9.6
1243	-0.000000	132.727355	0.000000	12.6
1244	-0.645539	132.668137	0.007842	12.1
1245	-0.698459	132.608989	0.012494	8.7
1246	-1.159845	132.549912	0.017225	12.1
1247	-1.212160	132.490904	0.010833	15.7
1248	0.000000	132.431967	0.000000	12.8
1249	-1.168317	132.373100	0.008941	9.0
1250	0.000000	132.314302	0.000000	10.8
1251	-1.201610	132.255574	0.022310	14.8
1252	-0.874726	132.196916	0.010298	14.8
1253	-0.056309	132.138326	0.000765	10.3
1254	-0.000000	132.079806	0.000000	8.6
1255	-0.293251	132.021355	0.005107	7.8
1256	-0.885322	131.962973	0.008250	14.1
1257	-0.555512	131.904660	0.013651	8.2
1258	-1.110566	131.846415	0.012260	7.6
1259	-0.032122	131.788239	0.001427	7.5
1260	-0.908406	131.730131	0.011206	10.0
1261	-0.073650	131.672092	0.002760	9.8
1262	-0.180662	131.614121	0.001901	10.0
1263	-0.743613	131.556217	0.010150	7.6
1264	-0.000000	131.498382	0.000000	7.7
1265	-0.553845	131.440614	0.009191	10.2
1266	-0.000002	131.382914	0.000001	10.2
1267	-0.693862	131.325282	0.006850	7.6
1268	-0.539886	131.267717	0.017531	7.8
1269	-1.028054	131.210219	0.025518	7.5
1270	-0.895663	131.152788	0.008189	11.3
1271	-1.292091	131.095424	0.022034	10.0
1272	-0.002954	131.038127	0.000340	7.5
1273	-0.831295	130.980897	0.014159	7.8
1274	-0.045894	130.923733	0.000606	7.5
1275	-0.977814	130.866636	0.016003	12.5
1276	-0.768886	130.809605	0.011471	9.2
1277	-0.707570	130.752641	0.006652	12.3
1278	-0.876106	130.695742	0.030172	9.9
1279	-1.167309	130.638910	0.021468	11.8
1280	-0.515433	130.582143	0.012007	8.0
1281	-0.887586	130.525442	0.012219	8.1
1282	-1.097086	130.468807	0.015259	10.7
1283	-0.618399	130.412237	0.006629	9.2
1284	-0.634000	130.355733	0.009217	10.9
1285	-0.167075	130.299294	0.004369	10.5
1286	-0.800292	130.242920	0.011451	8.1
1287	-0.494199	130.186611	0.008758	8.1
1288	-1.128518	130.130366	0.011126	12.1
1289	-0.580460	130.074187	0.010426	7.8
1290	-1.072702	130.018072	0.008164	11.6
1291	-0.144107	129.962022	0.004575	8.0
1292	-0.136743	129.906036	0.005345	9.7
1293	-0.000000	129.850114	0.000000	14.3
1294	-1.029674	129.794257	0.009408	8.2
1295	-1.041914	129.738463	0.004729	9.2
1296	-1.090705	129.682734	0.012263	8.0
1297	-0.105854	129.627068	0.001691	13.4
1298	-1.063319	129.571466	0.010934	11.7
1299	-0.933923	129.515927	0.018339	10.1
1300	-0.017360	129.460452	0.000225	8.6
1301	-0.440651	129.405040	0.008125	13.3
1302	-0.638115	129.349692	0.015198	7.9
1303	-0.398856	129.294406	0.005608	11.5
1304	-0.298155	129.239183	0.007944	9.0
1305	-0.474479	129.184024	0.005512	10.8
1306	-0.038390	129.128927	0.001485	10.7
1307	-0.322349	129.073892	0.007596	7.9
1308	-1.077902	129.018921	0.011308	8.0
1309	-0.827801	128.964011	0.006432	9.3
1310	-1.187780	128.909164	0.011512	10.1
1311	-0.775872	128.854379	0.008961	10.6
1312	-1.187024	128.799656	0.027926	8.5
1313	-1.128637	128.744995	0.010027	9.0
1314	-1.218973	128.690396	0.033758	10.5
1315	-0.644107	128.635858	0.013257	11.8
1316	-1.149404	128.581382	0.012417	8.1
1317	-0.511012	128.526968	0.007367	8.0
1318	-0.480945	128.472615	0.006687	10.8
1319	-1.007634	128.418323	0.008282	8.7
1320	-0.000889	128.364092	0.000040	11.0
1321	-1.193673	128.309922	0.013881	8.5
1322	0.000000	128.255814	0.000000	9.9
1323	-0.858445	128.201766	0.011273	11.0
1324	-0.373902	128.147778	0.004198	8.0
1325	-0.434631	128.093852	0.006847	11.0
1326	-1.201401	128.039985	0.009460	8.3
1327	-0.684546	127.986180	0.010430	11.4
1328	-0.074658	127.932434	0.004290	11.2
1329	-0.157260	127.878749	0.002780	7.8
1330	-0.279953	127.825123	0.002237	7.7
1331	-0.391621	127.771558	0.010604	8.3
1332	-0.662136	127.718052	0.007540	12.4
1333	0.000000	127.664606	0.000000	9.2
1334	-1.061854	127.611220	0.008362	11.0
1335	0.000000	127.557893	0.000000	9.2
1336	-0.000000	127.504625	0.000000	13.9
1337	-0.000000	127.451417	0.000000	8.3
1338	-0.100836	127.398268	0.001851	10.3
1339	-0.808543	127.345178	0.010139	8.1
1340	-0.110112	127.292147	0.001558	11.1
1341	-0.065344	127.239175	0.000897	8.9
1342	-1.386899	127.186261	0.015814	12.2
1343	-0.133617	127.133407	0.002671	8.5
1344	-0.951951	127.080610	0.009063	9.7
1345	-0.660255	127.027872	0.012396	12.6
1346	-0.632330	126.975193	0.008451	10.6
1347	-0.245401	126.922572	0.001879	8.2
1348	-0.811434	126.870008	0.008088	8.7
1349	0.000000	126.817503	0.000000	12.5
1350	-0.000000	126.765056	0.000000	9.1
1351	-0.977154	126.712667	0.008608	10.0
1352	-0.516870	126.660335	0.007970	7.8
1353	-0.729993	126.608061	0.008065	12.4
1354	-0.818613	126.555844	0.009772	8.0
1355	-0.452639	126.503685	0.006730	10.2
1356	-0.306051	126.451583	0.003980	7.6
1357	-1.292788	126.399538	0.025960	7.6
1358	-0.961440	126.347550	0.011763	12.2
1359	-0.731396	126.295619	0.012290	7.5
1360	-0.954690	126.243745	0.004829	9.7
1361	-0.223795	126.191928	0.003874	7.5
1362	-0.486436	126.140168	0.005241	8.5
1363	-0.018291	126.088464	0.001153	11.6
1364	-0.007025	126.036817	0.000635	10.5
1365	-0.605177	125.985226	0.008832	8.2
1366	-1.279783	125.933691	0.011969	8.1
1367	-0.861783	125.882212	0.007951	8.5
1368	-1.206560	125.830790	0.018220	12.6
1369	-0.356782	125.779423	0.005245	11.2
1370	0.000000	125.728113	0.000000	10.5
1371	-0.210046	125.676858	0.004565	11.0
1372	-1.082581	125.625659	0.010605	16.2
1373	-1.121008	125.574515	0.013349	13.4
1374	-1.138813	125.523427	0.011029	10.4
1375	-0.118404	125.472394	0.001615	18.4
1376	0.000000	125.421417	0.000000	16.5
1377	-1.160563	125.370495	0.013791	15.9
1378	-1.049898	125.319628	0.017756	17.8
1379	-0.000000	125.268815	0.000000	16.2
1380	-1.200753	125.218058	0.012502	15.4
1381	-0.627184	125.167356	0.012054	18.8
1382	-1.173421	125.116708	0.011883	16.2
1383	-0.972477	125.066115	0.021760	12.9
1384	-1.283573	125.015576	0.016032	15.1
1385	-0.019300	124.965092	0.001237	12.3
1386	-0.551987	124.914662	0.009673	10.3
1387	-0.838531	124.864287	0.010542	18.4
1388	-0.897610	124.813965	0.021883	7.8
1389	-0.685595	124.763698	0.004632	7.6
1390	-0.006541	124.713485	0.000466	7.8
1391	-0.750775	124.663325	0.005540	8.5
1392	-1.012186	124.613219	0.010850	10.7
1393	-1.104390	124.563167	0.023373	8.8
1394	-0.392225	124.513168	0.005409	7.7
1395	-0.294755	124.463223	0.006217	7.6
1396	-1.010516	124.413332	0.012903	7.7
1397	-0.000003	124.363493	0.000002	10.3
1398	-0.477732	124.313708	0.008504	8.0
1399	-0.235561	124.263976	0.004898	7.7
1400	-1.029822	124.214297	0.018826	7.7
1401	-0.751385	124.164671	0.005999	7.5
1402	-0.092949	124.115097	0.001801	10.0
1403	-1.044603	124.065577	0.024922	7.9
1404	-0.940419	124.016109	0.009879	7.7
1405	-0.559118	123.966693	0.018735	7.5
1406	-0.000000	123.917330	0.000000	7.6
1407	-0.834764	123.868020	0.008811	10.2
1408	-0.401955	123.818762	0.005526	8.4
1409	-0.210447	123.769556	0.004073	7.5
1410	-0.696737	123.720402	0.014711	7.5
1411	-0.000873	123.671300	0.000142	7.5
1412	-1.172105	123.622250	0.005994	10.0
1413	-1.082818	123.573252	0.020572	8.8
1414	0.000000	123.524305	0.000000	8.2
1415	-0.934857	123.475411	0.011923	7.5
1416	-0.000000	123.426568	0.000000	7.6
1417	-0.690933	123.377776	0.009683	9.9
1418	-1.424910	123.329036	0.015562	8.2
1419	-1.256887	123.280347	0.010251	7.5
1420	-0.021148	123.231709	0.001594	7.6
1421	-1.316709	123.183122	0.025346	7.5
1422	-1.216683	123.134587	0.026809	10.0
1423	-0.000000	123.086102	0.000000	8.3
1424	-0.811155	123.037669	0.014283	7.7
1425	-0.888434	122.989286	0.005589	7.5
1426	-0.243785	122.940954	0.003996	7.6
1427	-0.557489	122.892672	0.009831	9.6
1428	-0.644157	122.844441	0.009007	8.9
1429	0.000000	122.796261	0.000000	7.6
1430	-0.000000	122.748130	0.000000	7.5
1431	-0.914893	122.700050	0.008627	7.5
1432	0.000000	122.652021	0.000000	10.1
1433	-0.588768	122.604041	0.008592	14.7
1434	-0.883046	122.556111	0.008748	12.9
1435	-1.000324	122.508232	0.014930	13.0
1436	-1.286311	122.460402	0.009718	18.8
1437	-1.197067	122.412622	0.017390	10.5
1438	-0.897830	122.364891	0.008297	7.6
1439	0.000000	122.317210	0.000000	10.5
1440	-1.144194	122.269579	0.035259	8.4
1441	-0.614744	122.221997	0.003273	7.7
1442	0.000000	122.174465	0.000000	7.6
1443	-1.065667	122.126981	0.014362	8.7
1444	-0.887658	122.079547	0.016190	11.4
1445	-1.117477	122.032162	0.016422	7.6
1446	-0.000000	121.984826	0.000000	7.8
1447	0.000000	121.937539	0.000000	7.6
1448	-1.021196	121.890301	0.012734	7.8
1449	-0.000011	121.843112	0.000003	12.4
1450	0.000000	121.795971	0.000000	10.2
1451	-1.043168	121.748879	0.008984	7.7
1452	0.000000	121.701835	0.000000	7.7
1453	-0.519703	121.654840	0.009834	7.7
1454	-0.991835	121.607893	0.009258	11.6
1455	-0.378035	121.560994	0.010682	7.8
1456	-1.032345	121.514144	0.015666	7.7
1457	-0.248319	121.467342	0.005656	7.7
1458	-0.530468	121.420588	0.002528	7.6
1459	-0.454021	121.373882	0.003387	10.4
1460	0.000000	121.327223	0.000000	8.1
1461	-1.052792	121.280613	0.011294	7.9
1462	-0.384733	121.234050	0.006037	7.6
1463	0.000000	121.187535	0.000000	7.8
1464	-1.139316	121.141067	0.024866	10.1
1465	-0.079652	121.094647	0.001380	8.4
1466	-0.358774	121.048274	0.003787	7.6
1467	-0.970875	121.001949	0.007575	7.9
1468	-0.955576	120.955671	0.012519	7.6
1469	-0.931438	120.909440	0.010745	10.4
1470	-0.825951	120.863256	0.015044	7.7
1471	-0.818401	120.817119	0.011182	7.8
1472	-0.785883	120.771029	0.010037	11.8
1473	-1.074339	120.724986	0.009464	14.9
1474	-1.133338	120.678990	0.011464	8.2
1475	-1.216005	120.633040	0.012499	7.9
1476	-1.045699	120.587137	0.010290	7.8
1477	-0.989942	120.541281	0.015094	8.2
1478	-0.383123	120.495471	0.007569	10.8
1479	-0.034256	120.449707	0.000288	7.6
1480	-0.610824	120.403990	0.010405	8.0
1481	-0.776242	120.358319	0.014186	7.7
1482	-1.058243	120.312694	0.007761	7.9
1483	-0.307737	120.267115	0.004272	10.2
1484	-0.636971	120.221582	0.007906	7.8
1485	-1.226742	120.176096	0.020851	7.6
1486	-0.433360	120.130655	0.006181	7.9
1487	-0.816112	120.085260	0.013741	8.3
1488	-1.248565	120.039910	0.034841	17.4
1489	-0.008418	119.994606	0.000506	12.8
1490	-0.863255	119.949348	0.017751	12.8
1491	-0.952242	119.904135	0.010631	7.7
1492	-1.071362	119.858968	0.013636	18.3
1493	-1.007301	119.813846	0.007129	8.7
1494	-0.709848	119.768769	0.015367	8.0
1495	-0.726126	119.723738	0.007552	7.7
1496	-0.201181	119.678752	0.002507	7.7
1497	-0.004481	119.633810	0.000643	11.8
1498	-0.026356	119.588914	0.001231	7.8
1499	-0.488014	119.544062	0.004445	7.7
1500	-0.344313	119.499256	0.002138	8.3
1501	-1.097541	119.454494	0.044108	8.2
1502	-1.196601	119.409777	0.023153	11.1
1503	-0.488408	119.365104	0.005316	8.3
1504	-0.521304	119.320476	0.005071	7.9
1505	0.000000	119.275893	0.000000	7.6
1506	-0.000000	119.231353	0.000000	7.8
1507	-0.563682	119.186859	0.005041	10.6
1508	0.000000	119.142408	0.000000	7.7
1509	-1.010434	119.098002	0.016869	7.5
1510	-1.213988	119.053639	0.007144	7.4
1511	-0.000000	119.009321	0.000000	7.6
1512	-0.700496	118.965047	0.006742	10.0
1513	-0.899854	118.920816	0.008155	8.0
1514	-0.000000	118.876630	0.000000	7.9
1515	0.000000	118.832487	0.000000	7.6
1516	-0.014251	118.788388	0.000840	7.6
1517	-1.263850	118.744332	0.025649	10.3
1518	-0.634948	118.700320	0.008396	8.1
1519	-0.000000	118.656352	0.000000	7.6
1520	-0.511720	118.612427	0.004773	8.0
1521	-1.075135	118.568545	0.012055	7.6
1522	-1.212291	118.524706	0.027199	11.0
1523	-0.636820	118.480911	0.008301	7.8
1524	0.000000	118.437159	0.000000	7.6
1525	-0.000000	118.393450	0.000000	7.6
1526	-0.780556	118.349784	0.007418	7.8
1527	-0.714123	118.306160	0.007925	10.1
1528	-0.568410	118.262580	0.009027	7.9
1529	-1.022742	118.219042	0.006467	7.6
1530	-1.098597	118.175548	0.008481	7.5
1531	-1.122530	118.132095	0.023177	7.6
1532	-0.000000	118.088686	0.000000	10.3
1533	-0.045390	118.045319	0.001845	8.2
1534	-0.496370	118.001994	0.010603	7.5
1535	-1.078074	117.958712	0.008998	7.5
1536	-0.710021	117.915472	0.006089	7.6
1537	-0.820498	117.872274	0.006124	10.1
1538	-0.000000	117.829118	0.000000	8.1
1539	0.000000	117.786005	0.000000	7.7
1540	-0.964764	117.742933	0.007277	7.6
1541	-0.000000	117.699904	0.000000	7.6
1542	-0.000007	117.656916	0.000003	10.2
1543	-0.695707	117.613971	0.017561	7.8
1544	-0.601018	117.571067	0.012982	8.3
1545	-0.527201	117.528205	0.011261	7.7
1546	-0.252510	117.485384	0.008033	6.6
1547	-0.771763	117.442605	0.005374	9.9
1548	-0.024925	117.399867	0.002452	8.3
1549	0.000000	117.357171	0.000000	7.6
1550	-1.110715	117.314517	0.020692	7.6
1551	-1.161585	117.271903	0.006364	7.0
1552	-1.167231	117.229331	0.015253	9.2
1553	-0.055917	117.186800	0.001373	10.0
1554	-0.000002	117.144311	0.000001	7.5
1555	-1.115919	117.101862	0.008319	7.5
1556	-0.815034	117.059454	0.014450	7.6
1557	-0.486185	117.017087	0.012124	9.0
1558	-0.767910	116.974762	0.007395	9.6
1559	-1.143082	116.932476	0.012256	7.5
1560	-0.573808	116.890232	0.008305	7.6
1561	-1.064793	116.848028	0.017409	7.7
1562	-1.075741	116.805865	0.012446	9.1
1563	-0.575560	116.763743	0.003276	11.4
1564	-1.262830	116.721661	0.007193	13.8
1565	-0.840084	116.679619	0.011007	12.7
1566	-0.000007	116.637618	0.000002	15.6
1567	-1.072748	116.595657	0.009219	9.9
1568	-0.945174	116.553736	0.008682	12.3
1569	-1.075312	116.511855	0.011722	11.6
1570	-1.220970	116.470015	0.008977	8.1
1571	-0.000000	116.428214	0.000000	7.6
1572	-1.133282	116.386454	0.021062	7.6
1573	-0.077826	116.344733	0.001989	8.8
1574	-1.131024	116.303052	0.008095	11.0
1575	-0.187060	116.261412	0.004349	7.6
1576	-0.000000	116.219810	0.000000	7.8
1577	-0.234232	116.178249	0.001520	7.6
1578	-1.332570	116.136727	0.010419	7.5
1579	-0.121886	116.095245	0.004584	9.9
1580	-0.823623	116.053802	0.010326	7.9
1581	-1.101748	116.012398	0.006007	7.6
1582	-1.182181	115.971034	0.013168	8.3
1583	-0.778289	115.929710	0.009828	7.6
1584	-1.050000	115.888424	0.017133	10.0
1585	-0.628547	115.847178	0.012010	8.3
1586	-0.240622	115.805970	0.006688	7.8
1587	-0.823362	115.764802	0.010672	8.3
1588	-0.526910	115.723673	0.004456	7.6
1589	-0.642313	115.682583	0.007642	10.4
1590	-0.883187	115.641532	0.006735	7.6
1591	-0.000967	115.600519	0.000184	7.5
1592	-0.810051	115.559546	0.011967	9.8
1593	-0.000002	115.518610	0.000001	7.7
1594	-0.623409	115.477714	0.007744	11.2
1595	-0.691260	115.436856	0.004834	7.7
1596	-0.000000	115.396037	0.000000	7.6
1597	-1.051056	115.355256	0.018616	7.7
1598	-0.040737	115.314514	0.002034	7.7
1599	-0.084739	115.273810	0.002904	9.8
1600	-0.992976	115.233144	0.009211	8.3
1601	-0.640654	115.192517	0.009170	7.8
1602	-0.843215	115.151927	0.007132	7.6
1603	-0.531699	115.111376	0.006411	7.6
1604	-0.651572	115.070863	0.009450	10.0
1605	-0.664836	115.030388	0.013756	8.3
1606	-0.833260	114.989951	0.008844	7.6
1607	-0.000017	114.949551	0.000007	7.6
1608	-0.000375	114.909190	0.000118	7.6
1609	-0.732139	114.868866	0.005833	10.2
1610	-0.000000	114.828580	0.000000	7.9
1611	-0.592043	114.788332	0.008446	7.8
1612	-0.053773	114.748121	0.002452	7.5
1613	-0.247384	114.707948	0.002475	7.7
1614	-0.001218	114.667812	0.000045	9.7
1615	-1.029116	114.627714	0.032455	9.0
1616	-1.180185	114.587653	0.017411	7.6
1617	-0.907489	114.547629	0.010457	8.1
1618	-0.989397	114.507643	0.012868	7.6
1619	-0.924390	114.467693	0.010862	11.0
1620	-0.441022	114.427781	0.004190	7.6
1621	-0.592037	114.387907	0.007798	7.7
1622	-0.982339	114.348069	0.016987	7.5
1623	-0.756569	114.308268	0.013096	7.5
1624	-1.145535	114.268504	0.013511	10.1
1625	-0.703303	114.228777	0.008319	8.1
1626	-0.802421	114.189086	0.004065	7.5
1627	-0.287670	114.149433	0.004699	7.6
1628	-0.000000	114.109816	0.000000	8.3
1629	-0.004049	114.070235	0.000247	10.6
1630	-0.465358	114.030692	0.007871	7.6
1631	-1.042985	113.991185	0.008941	7.8
1632	-1.011070	113.951714	0.011963	7.6
1633	-1.376493	113.912280	0.006923	8.3
1634	-0.000000	113.872882	0.000000	11.5
1635	-0.950817	113.833521	0.009216	7.6
1636	-0.836020	113.794195	0.007185	7.5
1637	-0.000000	113.754906	0.000000	7.9
1638	-0.514454	113.715653	0.007446	8.5
1639	-1.062074	113.676437	0.010103	10.7
1640	-0.000000	113.637256	0.000000	8.6
1641	-0.000065	113.598111	0.000020	7.5
1642	0.000000	113.559002	0.000000	7.5
1643	-1.196398	113.519929	0.030094	7.5
1644	-0.501553	113.480892	0.004637	11.5
1645	0.000000	113.441891	0.000000	8.3
1646	-1.033408	113.402925	0.008482	7.9
1647	-0.799390	113.363995	0.009507	7.6
1648	-0.976245	113.325101	0.013081	8.0
1649	-0.658455	113.286242	0.007910	11.1
1650	-0.000000	113.247419	0.000000	7.8
1651	-0.196151	113.208631	0.003707	7.5
1652	-0.805962	113.169879	0.024469	7.7
1653	-0.002952	113.131162	0.000475	7.5
1654	-0.227596	113.092480	0.003161	10.0
1655	-0.000000	113.053833	0.000000	7.8
1656	-0.838654	113.015222	0.003594	7.6
1657	-1.088150	112.976646	0.010793	7.5
1658	-1.114661	112.938105	0.008470	7.5
1659	-0.623536	112.899599	0.010538	10.2
1660	-0.338025	112.861128	0.007037	8.2
1661	-1.094096	112.822692	0.009717	7.5
1662	-0.604552	112.784291	0.013100	7.5
1663	0.000000	112.745924	0.000000	7.7
1664	-0.708610	112.707593	0.007415	10.4
1665	-0.074150	112.669296	0.002366	7.7
1666	-0.885186	112.631034	0.011064	7.7
1667	-0.000000	112.592806	0.000000	7.6
1668	0.000000	112.554613	0.000000	7.7
1669	-0.982793	112.516455	0.010023	10.1
1670	-0.577758	112.478331	0.010167	8.1
1671	-0.000007	112.440241	0.000001	7.7
1672	-0.815745	112.402186	0.007922	7.8
1673	-0.000008	112.364165	0.000004	7.5
1674	-0.000058	112.326179	0.000018	9.9
1675	-0.731331	112.288227	0.007368	7.9
1676	-0.815618	112.250309	0.008369	11.0
1677	-1.151281	112.212425	0.016536	14.6
1678	-0.764194	112.174575	0.013306	15.1
1679	-0.000001	112.136759	0.000000	10.3
1680	-0.735064	112.098977	0.004711	13.9
1681	-0.046212	112.061229	0.002784	8.0
1682	-1.253165	112.023515	0.016671	11.0
1683	-0.900737	111.985834	0.007957	7.7
1684	-0.724530	111.948188	0.009438	8.0
1685	-0.813427	111.910575	0.009835	10.1
1686	0.000000	111.872996	0.000000	10.6
1687	-0.032053	111.835450	0.001613	10.4
1688	-0.446178	111.797939	0.007374	8.2
1689	0.000000	111.760460	0.000000	7.5
1690	-1.298864	111.723015	0.020063	8.0
1691	-0.000000	111.685604	0.000000	8.8
1692	-0.321986	111.648226	0.004323	10.5
1693	-1.149867	111.610881	0.007592	7.6
1694	0.000000	111.573570	0.000000	8.1
1695	-0.893640	111.536292	0.013638	8.3
1696	0.000000	111.499047	0.000000	17.1
1697	-0.000000	111.461835	0.000000	13.0
1698	0.000000	111.424656	0.000000	12.7
1699	0.000000	111.387510	0.000000	7.7
1700	0.000000	111.350398	0.000000	19.1
1701	-0.877109	111.313318	0.023751	7.9
1702	-0.337720	111.276271	0.007911	7.6
1703	-0.005380	111.239257	0.000565	8.4
1704	-0.583830	111.202276	0.002880	9.2
1705	-0.873590	111.165328	0.008997	10.6
1706	-0.751916	111.128412	0.006677	7.7
1707	-1.092604	111.091529	0.015687	7.5
1708	-0.099961	111.054679	0.003375	7.7
1709	-0.000000	111.017861	0.000000	8.6
1710	-0.327268	110.981076	0.007537	10.4
1711	-0.142328	110.944323	0.003608	7.6
1712	-1.026787	110.907603	0.015532	7.8
1713	-0.000000	110.870915	0.000000	7.5
1714	-1.316304	110.834259	0.024389	8.4
1715	-0.407744	110.797636	0.004353	10.8
1716	-0.897669	110.761045	0.011305	12.3
1717	-0.069868	110.724486	0.001089	17.0
1718	-1.246460	110.687959	0.013179	13.9
1719	-0.653285	110.651465	0.009663	11.9
1720	-1.134886	110.615002	0.005130	13.0
1721	-0.622203	110.578572	0.007659	13.1
1722	-0.000000	110.542173	0.000000	9.6
1723	-0.805478	110.505807	0.007100	10.1
1724	-0.006191	110.469472	0.001107	7.7
1725	-0.979506	110.433169	0.037979	11.9
1726	-0.848200	110.396898	0.016122	8.1
1727	0.000000	110.360659	0.000000	9.7
1728	-0.000000	110.324451	0.000000	9.5
1729	-1.065442	110.288276	0.007096	10.6
1730	-0.724236	110.252131	0.013531	8.0
1731	-0.555091	110.216019	0.011070	7.6
1732	-0.804092	110.179937	0.006368	8.1
1733	-0.739136	110.143888	0.012407	7.6
1734	-0.435065	110.107869	0.005904	10.3
1735	-1.059297	110.071882	0.008646	8.2
1736	-0.733972	110.035927	0.008648	7.7
1737	-0.704826	110.000003	0.007339	8.1
1738	-0.950180	109.964110	0.011974	7.6
1739	-0.944344	109.928248	0.014459	10.8
1740	-0.468206	109.892417	0.011393	7.6
1741	-0.824044	109.856618	0.006971	7.8
1742	-0.606858	109.820850	0.005873	7.8
1743	0.000000	109.785112	0.000000	7.6
1744	-0.659423	109.749406	0.008442	10.2
1745	-0.951548	109.713730	0.010502	8.0
1746	-0.853382	109.678086	0.008644	7.5
1747	-0.450018	109.642472	0.004290	7.5
1748	-0.755201	109.606890	0.007026	7.5
1749	-0.000000	109.571337	0.000000	10.3
1750	-0.491396	109.535816	0.012777	7.8
1751	-0.706940	109.500326	0.004232	7.7
1752	-0.657738	109.464866	0.006199	7.5
1753	-1.216087	109.429436	0.019776	8.3
1754	-0.119491	109.394038	0.004812	10.4
1755	-0.952613	109.358669	0.008306	7.8
1756	-0.022887	109.323331	0.002141	7.6
1757	-0.345805	109.288024	0.003506	7.9
1758	-1.031317	109.252747	0.008361	7.5
1759	-1.014737	109.217501	0.007131	10.2
1760	-0.000000	109.182284	0.000000	7.7
1761	-0.723934	109.147098	0.011008	7.9
1762	-1.042675	109.111942	0.010147	7.5
1763	-1.105945	109.076817	0.022759	7.5
1764	-0.519535	109.041721	0.005343	10.0
1765	-0.000000	109.006656	0.000000	8.2
1766	-1.235113	108.971620	0.007775	7.7
1767	-0.662710	108.936615	0.007429	7.6
1768	-0.617219	108.901640	0.009133	7.5
1769	-0.000078	108.866694	0.000024	10.1
1770	-0.480088	108.831779	0.006199	7.9
1771	-1.096935	108.796893	0.012263	7.8
1772	0.000000	108.762037	0.000000	8.2
1773	-0.930526	108.727211	0.009690	22.6
1774	-1.003475	108.692415	0.010956	14.7
1775	0.000000	108.657648	0.000000	15.1
1776	-0.782167	108.622911	0.012222	15.8
1777	-0.017113	108.588203	0.000963	12.3
1778	-1.082341	108.553525	0.010825	12.8
1779	-0.000000	108.518877	0.000000	15.3
1780	-0.136198	108.484258	0.003708	10.2
1781	-0.768347	108.449668	0.005756	8.6
1782	-0.877722	108.415108	0.009265	8.0
1783	-0.687484	108.380578	0.003054	9.8
1784	-0.920484	108.346076	0.015958	13.0
1785	-1.032900	108.311604	0.009990	7.6
1786	-0.112324	108.277161	0.002307	8.2
1787	-1.007787	108.242747	0.008814	7.6
1788	-0.447347	108.208363	0.007598	7.7
1789	-0.603437	108.174007	0.009504	10.8
1790	-1.154314	108.139681	0.008086	7.9
1791	-0.469698	108.105383	0.007850	7.6
1792	-0.951707	108.071115	0.008642	7.9
1793	-1.077817	108.036875	0.007368	7.6
1794	-0.680393	108.002665	0.016939	10.5
1795	-0.148264	107.968483	0.004132	7.7
1796	-0.507622	107.934330	0.006770	7.8
1797	-0.901317	107.900206	0.011865	7.5
1798	-0.876092	107.866111	0.014060	7.6
1799	-0.891274	107.832044	0.017309	10.3
1800	-0.808932	107.798007	0.012606	7.7
1801	-0.848763	107.763997	0.013832	7.6
1802	0.000000	107.730017	0.000000	7.9
1803	-0.882860	107.696065	0.022723	7.6
1804	-0.806941	107.662141	0.007634	10.3
1805	-0.732334	107.628246	0.010007	8.6
1806	-0.651731	107.594379	0.013939	7.8
1807	-1.230288	107.560541	0.005499	7.5
1808	-0.726104	107.526731	0.005604	7.5
1809	-0.398914	107.492949	0.005553	9.9
1810	-0.000000	107.459196	0.000000	8.0
1811	-0.754540	107.425471	0.009447	7.5
1812	-0.129535	107.391774	0.004368	7.8
1813	-0.000559	107.358106	0.000160	7.5
1814	-0.473640	107.324465	0.004043	10.8
1815	-0.020530	107.290853	0.000858	7.6
1816	-0.964946	107.257268	0.012378	7.8
1817	-1.236559	107.223712	0.018884	7.5
1818	-1.154318	107.190184	0.010669	7.5
1819	-0.560124	107.156683	0.008954	9.9
1820	-1.219002	107.123211	0.023375	8.2
1821	-0.000000	107.089766	0.000000	7.5
1822	-0.000000	107.056349	0.000000	7.7
1823	-1.197646	107.022960	0.032669	7.5
1824	-0.367414	106.989599	0.004943	10.1
1825	-0.201766	106.956265	0.002741	7.9
1826	-0.603062	106.922960	0.007299	7.7
1827	-0.526141	106.889681	0.003258	7.4
1828	-0.033434	106.856431	0.001688	7.5
1829	-0.175033	106.823208	0.002098	9.3
1830	-1.044589	106.790012	0.007101	9.5
1831	-1.315631	106.756844	0.013885	7.4
1832	0.000000	106.723703	0.000000	8.4
1833	-0.000152	106.690590	0.000025	7.5
1834	-0.017529	106.657505	0.001188	9.9
1835	-1.002275	106.624446	0.009712	8.0
1836	-0.015702	106.591415	0.001371	8.1
1837	-0.901669	106.558411	0.018665	7.6
1838	-0.723123	106.525435	0.012806	7.5
1839	-0.927267	106.492485	0.019699	10.2
1840	-0.764503	106.459563	0.007583	8.3
1841	-0.053133	106.426668	0.002010	7.8
1842	-0.799393	106.393800	0.011513	7.5
1843	-1.094786	106.360959	0.008652	7.6
1844	-1.011502	106.328145	0.004415	10.8
1845	-0.000000	106.295358	0.000000	8.5
1846	-0.645186	106.262598	0.009638	7.5
1847	-0.131101	106.229865	0.004352	7.5
1848	-0.379684	106.197158	0.009275	7.6
1849	-0.419440	106.164479	0.008775	11.1
1850	-0.889661	106.131826	0.021822	7.7
1851	-0.527849	106.099201	0.007325	7.8
1852	-0.109144	106.066602	0.002304	7.6
1853	-0.041319	106.034029	0.002121	7.6
1854	-0.942172	106.001483	0.013872	10.6
1855	-0.000000	105.968964	0.000000	8.0
1856	-1.182043	105.936472	0.013873	7.6
1857	-0.175754	105.904006	0.003576	7.6
1858	-1.086979	105.871566	0.005616	8.9
1859	-0.000000	105.839153	0.000000	10.6
1860	-0.960786	105.806767	0.010632	7.5
1861	-0.000756	105.774407	0.000078	8.0
1862	-0.787545	105.742073	0.011399	7.5
1863	-0.997506	105.709766	0.008957	7.6
1864	-1.105343	105.677485	0.016718	9.4
1865	-0.972947	105.645230	0.007985	8.9
1866	-0.008785	105.613001	0.000305	7.6
1867	-0.000000	105.580799	0.000000	7.6
1868	-0.393703	105.548623	0.006195	7.5
1869	-0.650882	105.516473	0.004765	9.5
1870	-0.590830	105.484349	0.008536	9.6
1871	-0.172313	105.452251	0.002038	7.9
1872	-0.918806	105.420179	0.009205	8.3
1873	-0.000008	105.388133	0.000004	8.0
1874	-0.000053	105.356113	0.000022	10.2
1875	-1.075572	105.324119	0.009199	8.0
1876	0.000000	105.292151	0.000000	8.1
1877	-0.964566	105.260209	0.015069	7.5
1878	-0.000000	105.228293	0.000000	8.1
1879	-0.538550	105.196402	0.009737	10.5
1880	-0.000000	105.164537	0.000000	7.6
1881	-0.783286	105.132698	0.012121	7.9
1882	-0.030702	105.100885	0.001078	7.5
1883	-0.968640	105.069097	0.008998	7.7
1884	-0.000000	105.037335	0.000000	10.1
1885	-0.496858	105.005598	0.004494	8.1
1886	-0.000000	104.973887	0.000000	7.6
1887	-0.645385	104.942202	0.010835	7.6
1888	-0.000125	104.910542	0.000022	7.5
1889	-0.998555	104.878907	0.009631	9.5
1890	-0.854984	104.847298	0.009501	8.6
1891	-1.168452	104.815715	0.015674	7.9
1892	-0.000000	104.784156	0.000000	7.5
1893	-0.937996	104.752623	0.009397	7.6
1894	0.000000	104.721116	0.000000	9.8
1895	-0.823944	104.689633	0.011534	8.4
1896	-0.003776	104.658176	0.000141	7.6
1897	-0.536822	104.626744	0.006520	7.9
1898	-0.000000	104.595337	0.000000	8.2
1899	-0.720370	104.563955	0.008540	19.2
1900	-0.000000	104.532599	0.000000	16.6
1901	-0.556995	104.501267	0.005580	12.9
1902	-1.194071	104.469960	0.010327	14.4
1903	-0.951726	104.438679	0.006104	19.0
1904	-0.873855	104.407422	0.009079	13.3
1905	-0.623241	104.376191	0.013017	8.9
1906	0.000000	104.344984	0.000000	15.2
1907	-1.081721	104.313802	0.011353	12.7
1908	-0.868842	104.282645	0.009374	11.4
1909	-0.953706	104.251513	0.003550	10.2
1910	-0.418494	104.220405	0.006121	15.3
1911	-0.510415	104.189323	0.006676	13.8
1912	-0.000000	104.158265	0.000000	11.6
1913	-1.006419	104.127231	0.008831	15.5
1914	-0.000000	104.096222	0.000000	12.8
1915	-1.248442	104.065238	0.014354	11.3
1916	-0.434104	104.034279	0.005929	11.7
1917	-0.954968	104.003344	0.006393	18.5
1918	-0.484647	103.972433	0.009010	14.9
1919	-0.118748	103.941547	0.001860	12.5
1920	-0.618676	103.910686	0.005555	12.0
1921	-1.093374	103.879849	0.012702	8.5
1922	-1.072940	103.849036	0.014887	10.8
1923	-0.000000	103.818248	0.000000	7.5
1924	-0.445375	103.787484	0.008150	8.5
1925	-0.078489	103.756744	0.003333	15.2
1926	-0.000001	103.726029	0.000000	7.5
1927	-0.919195	103.695338	0.006321	8.2
1928	-1.077522	103.664671	0.008542	7.6
1929	-1.228699	103.634028	0.009332	9.5
1930	0.000000	103.603409	0.000000	10.3
1931	-1.019982	103.572814	0.012784	9.9
1932	-0.650241	103.542244	0.011569	7.6
1933	-0.000000	103.511698	0.000000	7.5
1934	-1.125371	103.481175	0.014884	12.6
1935	-0.000000	103.450677	0.000000	8.4
1936	-0.021205	103.420202	0.000803	11.6
1937	-1.026533	103.389752	0.016993	8.8
1938	-0.000000	103.359325	0.000000	13.3
1939	-0.000000	103.328922	0.000000	13.2
1940	-0.521183	103.298543	0.011420	10.7
1941	-0.647793	103.268188	0.015150	9.8
1942	-0.540184	103.237857	0.009134	13.5
1943	0.000000	103.207549	0.000000	12.2
1944	0.000000	103.177265	0.000000	8.5
1945	-0.555768	103.147005	0.008663	7.5
1946	-0.155934	103.116768	0.004899	11.2
1947	-0.832960	103.086556	0.003486	11.4
1948	-0.636378	103.056366	0.003910	12.6
1949	-0.709226	103.026200	0.003426	8.2
1950	-0.000000	102.996058	0.000000	11.4
1951	-0.072761	102.965939	0.000914	13.1
1952	-1.149974	102.935844	0.018501	8.5
1953	-0.000000	102.905772	0.000000	8.3
1954	-0.749272	102.875724	0.006214	10.1
1955	-0.846422	102.845699	0.010512	10.9
1956	-0.466004	102.815697	0.005110	12.2
1957	-0.846568	102.785719	0.011710	8.2
1958	-0.344496	102.755764	0.003575	8.6
1959	-0.737481	102.725832	0.012299	12.6
1960	-0.814639	102.695924	0.007300	8.0
1961	-1.013474	102.666038	0.003515	11.3
1962	-0.988072	102.636176	0.013777	8.1
1963	-1.114641	102.606337	0.007004	11.2
1964	-0.193675	102.576521	0.006725	11.0
1965	-0.447222	102.546728	0.013025	7.9
1966	-0.558108	102.516959	0.007648	8.2
1967	-1.190490	102.487212	0.015011	9.0
1968	-1.027228	102.457488	0.004896	13.4
1969	-1.234834	102.427788	0.011899	11.1
1970	-0.802992	102.398110	0.013592	8.0
1971	-1.258502	102.368455	0.032298	8.2
1972	-0.784316	102.338823	0.013999	15.0
1973	-1.252139	102.309214	0.012352	8.2
1974	-0.184299	102.279628	0.004637	8.5
1975	-0.000000	102.250064	0.000000	8.0
1976	-0.762144	102.220524	0.007460	8.0
1977	-0.489556	102.191006	0.010438	12.3
1978	-0.467933	102.161511	0.003926	11.2
1979	-1.184509	102.132038	0.012314	7.9
1980	-1.277104	102.102588	0.017962	7.9
1981	-0.000000	102.073161	0.000000	8.9
1982	0.000000	102.043757	0.000000	12.0
1983	-0.866074	102.014375	0.030357	10.7
1984	-1.122100	101.985015	0.012752	7.5
1985	-0.990783	101.955678	0.011419	7.7
1986	-0.000000	101.926364	0.000000	10.1
1987	-1.303146	101.897072	0.014301	9.5
1988	-0.873121	101.867802	0.011240	10.7
1989	-0.350305	101.838555	0.006569	7.5
1990	-0.976127	101.809330	0.009955	8.6
1991	-0.786563	101.780128	0.010709	12.7
1992	0.000000	101.750948	0.000000	8.3
1993	-1.055040	101.721790	0.007359	9.8
1994	-1.229908	101.692654	0.017993	9.0
1995	-0.787720	101.663541	0.008667	10.2
1996	-0.430146	101.634450	0.004470	7.9
1997	-0.539090	101.605381	0.012755	10.6
1998	-0.008232	101.576335	0.000299	7.6
1999	-0.319301	101.547310	0.002943	7.6
