1:ItNr	2:Metric	3:StepSize	4:||Gradient||	Time[ms]
0	0.000000	627.201626	0.000000	1244.8
1	-0.973978	623.504937	0.007782	14.8
2	-0.810753	619.865785	0.006165	16.0
3	-0.315999	616.282728	0.004603	20.6
4	-0.305892	612.754375	0.005490	20.4
5	0.000000	609.279381	0.000000	25.7
6	0.000000	605.856447	0.000000	22.4
7	-0.709490	602.484317	0.004828	15.0
8	-0.569192	599.161779	0.005721	12.9
9	-0.000064	595.887656	0.000025	12.6
10	-0.823504	592.660813	0.008952	13.4
11	0.000000	589.480151	0.000000	12.7
12	-0.507910	586.344606	0.006643	13.3
13	0.000000	583.253145	0.000000	13.6
14	-0.663674	580.204771	0.005887	12.9
15	-0.262485	577.198517	0.004822	13.2
16	-0.337375	574.233444	0.003851	15.2
17	-0.514002	571.308645	0.006521	12.7
18	-0.002161	568.423237	0.000102	13.0
19	-0.630808	565.576365	0.006676	12.3
20	-0.000000	562.767201	0.000000	12.9
21	-0.805469	559.994938	0.005630	12.8
22	-0.763805	557.258797	0.005689	13.1
23	-0.818644	554.558018	0.005940	13.3
24	-0.629063	551.891865	0.004945	12.6
25	-0.760160	549.259621	0.007306	13.4
26	-0.575931	546.660592	0.005951	12.1
27	0.000000	544.094102	0.000000	12.6
28	-0.406775	541.559494	0.005581	12.6
29	-0.156769	539.056129	0.001339	12.7
30	-0.264797	536.583387	0.005137	13.3
31	-0.596854	534.140663	0.005428	12.9
32	-0.029001	531.727370	0.001172	12.7
33	-0.059634	529.342935	0.001186	12.8
34	-0.458421	526.986802	0.005653	14.1
35	-0.699805	524.658430	0.005738	12.7
36	-0.006112	522.357290	0.000102	12.8
37	-0.492506	520.082868	0.006844	14.4
38	-0.384026	517.834665	0.004174	13.6
39	-1.084248	515.612193	0.010050	13.4
40	-0.869182	513.414976	0.008385	13.1
41	-0.406192	511.242551	0.007162	13.9
42	-0.423715	509.094468	0.005458	13.3
43	-0.000231	506.970285	0.000078	13.4
44	-0.681712	504.869574	0.007036	12.9
45	-0.588678	502.791916	0.005671	13.8
46	-0.690888	500.736903	0.005084	12.6
47	0.000000	498.704137	0.000000	13.6
48	-0.475356	496.693228	0.007703	13.3
49	-0.558043	494.703798	0.004904	13.3
50	0.000000	492.735476	0.000000	12.9
51	-0.000938	490.787900	0.000042	12.8
52	-0.109605	488.860718	0.001922	13.1
53	-0.424305	486.953585	0.005335	12.7
54	-0.753954	485.066164	0.008161	12.9
55	-0.747065	483.198126	0.005441	11.5
56	0.000000	481.349149	0.000000	12.4
57	0.000000	479.518920	0.000000	12.4
58	0.000000	477.707132	0.000000	12.8
59	-0.294914	475.913485	0.004770	12.3
60	0.000000	474.137684	0.000000	12.4
61	-0.000015	472.379445	0.000017	12.8
62	-0.492837	470.638485	0.006512	12.2
63	0.000000	468.914531	0.000000	12.9
64	-0.532682	467.207315	0.005770	12.4
65	-0.944496	465.516573	0.008492	12.6
66	-0.657708	463.842050	0.004894	13.0
67	-0.735854	462.183494	0.007821	12.8
68	-0.871970	460.540658	0.007305	12.7
69	-0.009251	458.913303	0.000319	12.5
70	-0.582501	457.301192	0.007493	13.0
71	-0.658527	455.704096	0.006752	12.4
72	-0.930001	454.121787	0.007367	13.9
73	-0.161189	452.554045	0.002639	12.6
74	-0.625719	451.000653	0.006563	13.4
75	-0.517134	449.461399	0.005268	12.1
76	-0.151988	447.936075	0.001641	13.2
77	0.000000	446.424477	0.000000	12.2
78	-0.103762	444.926406	0.001844	12.6
79	-0.027783	443.441666	0.000816	12.3
80	0.000000	441.970065	0.000000	18.6
81	0.000000	440.511415	0.000000	22.6
82	-0.229572	439.065533	0.002340	25.3
83	-0.360100	437.632238	0.004620	20.8
84	-0.827895	436.211351	0.006904	16.1
85	0.000000	434.802701	0.000000	12.6
86	-0.192496	433.406117	0.002275	15.7
87	-0.429646	432.021430	0.005093	16.5
88	0.000000	430.648479	0.000000	13.5
89	-0.019065	429.287101	0.000798	16.5
90	-0.503426	427.937140	0.006779	16.2
91	-0.758496	426.598440	0.007325	12.8
92	-0.770077	425.270849	0.005542	16.5
93	0.000000	423.954220	0.000000	13.6
94	0.000000	422.648404	0.000000	15.2
95	-0.671545	421.353259	0.008373	15.7
96	-0.335206	420.068643	0.004501	15.8
97	-0.053535	418.794419	0.001576	15.0
98	-0.316598	417.530451	0.004222	21.3
99	-0.059559	416.276604	0.001260	15.3
100	-0.000018	415.032748	0.000006	13.0
101	-0.532788	413.798754	0.005922	15.5
102	-0.406754	412.574495	0.006574	15.3
103	-0.836080	411.359849	0.006531	13.7
104	-0.548465	410.154691	0.005728	15.6
105	-0.842550	408.958904	0.007316	14.8
106	-0.026893	407.772368	0.001584	13.5
107	-0.781042	406.594968	0.007566	15.3
108	-0.564135	405.426590	0.005171	14.6
109	0.000000	404.267122	0.000000	12.9
110	0.000000	403.116456	0.000000	13.4
111	-0.519595	401.974481	0.005637	17.1
112	-0.369526	400.841093	0.004514	13.1
113	-0.691867	399.716187	0.005388	14.2
114	-0.356764	398.599660	0.003319	13.5
115	-0.833150	397.491411	0.008966	14.3
116	-0.268290	396.391342	0.003018	14.8
117	0.000000	395.299353	0.000000	14.4
118	0.000000	394.215350	0.000000	15.2
119	-0.201060	393.139238	0.003034	14.0
120	-0.747642	392.070924	0.005757	25.8
121	-0.118438	391.010316	0.002821	19.6
122	-0.877149	389.957325	0.006463	22.7
123	0.000000	388.911862	0.000000	20.5
124	0.000000	387.873839	0.000000	27.9
125	0.000000	386.843173	0.000000	20.2
126	0.000000	385.819777	0.000000	20.1
127	-0.178711	384.803569	0.003004	21.1
128	-0.586163	383.794468	0.008317	22.1
129	-0.753875	382.792393	0.005314	13.0
130	-0.014982	381.797264	0.000801	19.3
131	0.000000	380.809005	0.000000	18.2
132	0.000000	379.827537	0.000000	16.1
133	-0.895409	378.852786	0.006959	18.1
134	-0.845990	377.884678	0.004858	14.0
135	-0.057937	376.923138	0.002044	13.1
136	-0.917023	375.968095	0.007645	18.8
137	-0.542833	375.019479	0.007404	14.3
138	-0.730140	374.077218	0.005428	18.7
139	-0.250291	373.141244	0.003415	17.8
140	-0.571711	372.211489	0.006690	12.1
141	-0.028287	371.287887	0.001683	15.0
142	-0.988884	370.370370	0.009913	14.1
143	-0.859925	369.458876	0.006130	13.7
144	-0.009802	368.553338	0.000658	20.6
145	-0.373688	367.653696	0.007587	18.4
146	-0.496894	366.759885	0.006570	16.7
147	-0.042711	365.871846	0.000801	23.1
148	-0.852925	364.989518	0.005238	16.5
149	-0.438943	364.112841	0.006104	19.0
150	-0.396896	363.241757	0.005114	18.4
151	0.000000	362.376208	0.000000	17.9
152	-0.488971	361.516137	0.006205	24.3
153	-0.251561	360.661488	0.003440	16.3
154	0.000000	359.812206	0.000000	18.7
155	-0.000040	358.968236	0.000002	19.4
156	-0.373434	358.129524	0.004702	18.2
157	-0.662941	357.296018	0.005800	24.1
158	-0.625712	356.467665	0.005868	19.0
159	-0.423708	355.644414	0.004292	26.3
160	-0.517723	354.826213	0.005597	19.2
161	0.000000	354.013012	0.000000	23.9
162	-0.000068	353.204763	0.000010	18.6
163	0.000000	352.401415	0.000000	27.5
164	0.000000	351.602922	0.000000	19.0
165	-0.901441	350.809235	0.008857	26.6
166	-0.714401	350.020308	0.005432	22.1
167	0.000000	349.236095	0.000000	18.2
168	0.000000	348.456550	0.000000	15.2
169	-0.603077	347.681627	0.006718	19.4
170	-0.903595	346.911283	0.007382	17.6
171	0.000000	346.145474	0.000000	16.8
172	-0.876124	345.384157	0.006649	19.8
173	0.000000	344.627288	0.000000	15.6
174	-0.439771	343.874826	0.007189	15.7
175	-0.794197	343.126729	0.007054	17.3
176	-0.469213	342.382957	0.005919	14.8
177	-0.626264	341.643469	0.003796	20.9
178	-0.060710	340.908224	0.002679	13.9
179	0.000000	340.177184	0.000000	14.8
180	-0.949605	339.450309	0.008518	17.5
181	-0.508299	338.727561	0.006406	15.0
182	-0.504418	338.008902	0.007036	14.4
183	-0.567810	337.294295	0.004512	21.7
184	-0.797097	336.583703	0.004659	16.4
185	-0.309940	335.877089	0.003912	14.1
186	-0.678509	335.174416	0.004971	20.3
187	-0.345310	334.475651	0.004611	15.8
188	0.000000	333.780756	0.000000	13.8
189	-0.666894	333.089698	0.007996	22.2
190	0.000000	332.402443	0.000000	18.7
191	-0.886821	331.718955	0.007860	14.3
192	-0.634609	331.039203	0.005933	20.8
193	-0.840253	330.363153	0.006672	14.5
194	-0.000000	329.690771	0.000000	14.2
195	-0.810776	329.022027	0.005481	15.7
196	0.000000	328.356888	0.000000	15.2
197	-0.440754	327.695322	0.004438	13.3
198	-0.804074	327.037299	0.006266	17.1
199	-0.539959	326.382787	0.005417	15.8
200	-0.755776	325.731758	0.009828	13.7
201	-0.061305	325.084179	0.000654	17.1
202	-0.835485	324.440023	0.006188	19.0
203	-0.906172	323.799258	0.008342	14.0
204	-0.133662	323.161858	0.002751	17.6
205	-0.852408	322.527792	0.006397	15.3
206	-1.000280	321.897034	0.009482	13.9
207	-0.643961	321.269554	0.006639	16.7
208	-0.673873	320.645325	0.009070	15.1
209	-0.480138	320.024320	0.005438	16.1
210	-0.486935	319.406512	0.006044	18.7
211	-0.159509	318.791875	0.002144	17.1
212	-0.247119	318.180381	0.003078	14.9
213	-0.028578	317.572005	0.000485	17.6
214	0.000000	316.966721	0.000000	16.5
215	-0.894859	316.364504	0.006610	17.9
216	-0.399858	315.765329	0.004817	21.0
217	-0.745592	315.169170	0.004980	14.0
218	-0.548978	314.576003	0.005763	16.3
219	-0.468139	313.985804	0.006482	15.8
220	-0.841018	313.398548	0.007443	15.5
221	-1.181541	312.814213	0.009821	20.3
222	-0.138209	312.232773	0.003071	15.7
223	-0.000482	311.654207	0.000018	15.4
224	0.000000	311.078491	0.000000	17.5
225	0.000000	310.505602	0.000000	14.6
226	-0.310425	309.935518	0.004231	14.3
227	0.000000	309.368217	0.000000	18.0
228	-0.071778	308.803676	0.001693	17.6
229	0.000000	308.241874	0.000000	14.8
230	-0.209369	307.682789	0.003976	18.7
231	-0.909078	307.126400	0.006205	15.6
232	-0.858096	306.572687	0.007927	14.3
233	-0.913153	306.021627	0.008303	17.7
234	-0.365370	305.473201	0.005949	18.1
235	-0.829854	304.927388	0.006718	15.1
236	-0.763695	304.384168	0.006562	18.4
237	-0.493376	303.843521	0.006253	15.3
238	-0.923897	303.305427	0.006486	14.4
239	-0.383166	302.769867	0.005934	18.5
240	-0.173060	302.236821	0.002763	16.7
241	-0.246872	301.706270	0.004091	16.9
242	-0.945122	301.178196	0.007236	21.4
243	-0.629893	300.652580	0.004832	15.7
244	0.000000	300.129402	0.000000	14.9
245	-0.560795	299.608645	0.004581	15.6
246	-0.473248	299.090291	0.003586	15.3
247	-0.542307	298.574321	0.007522	23.9
248	-0.401990	298.060718	0.004640	14.4
249	-0.014078	297.549465	0.000299	14.5
250	-1.019856	297.040543	0.008798	17.8
251	-0.728574	296.533936	0.006127	13.8
252	-0.690389	296.029626	0.006696	14.0
253	-0.031982	295.527597	0.000917	20.7
254	-0.672393	295.027832	0.006792	17.2
255	0.000000	294.530315	0.000000	13.4
256	-0.000000	294.035028	0.000000	16.7
257	0.000000	293.541956	0.000000	14.7
258	-0.000000	293.051083	0.000000	15.0
259	-0.207858	292.562393	0.003037	16.9
260	-0.405772	292.075870	0.003789	18.8
261	-0.548223	291.591498	0.005593	14.1
262	-0.882729	291.109263	0.007344	19.0
263	-1.018238	290.629149	0.008278	15.2
264	-0.494383	290.151140	0.003420	14.4
265	-0.000959	289.675222	0.000394	18.4
266	-0.235484	289.201380	0.003127	19.7
267	-0.825450	288.729600	0.006112	13.1
268	-0.583568	288.259866	0.005721	19.4
269	-0.893479	287.792165	0.006679	14.4
270	0.000000	287.326481	0.000000	14.2
271	0.000000	286.862802	0.000000	16.7
272	-0.395160	286.401113	0.005184	15.4
273	-1.130482	285.941400	0.009173	17.4
274	0.000000	285.483649	0.000000	19.5
275	0.000000	285.027847	0.000000	15.1
276	-0.526355	284.573981	0.004863	14.9
277	-0.241233	284.122037	0.002753	17.5
278	0.000000	283.672002	0.000000	14.4
279	-1.081292	283.223863	0.008597	11.8
280	-0.884991	282.777607	0.006156	15.3
281	-0.348232	282.333221	0.003656	15.4
282	-0.888905	281.890692	0.006282	12.3
283	-0.661773	281.450008	0.005956	13.6
284	-0.416284	281.011157	0.002655	14.1
285	-0.716656	280.574125	0.007658	16.6
286	-0.059960	280.138901	0.001757	14.7
287	-0.027899	279.705473	0.000704	14.0
288	-0.759005	279.273829	0.006648	12.5
289	0.000000	278.843956	0.000000	13.9
290	-0.074067	278.415844	0.000979	14.2
291	-0.456713	277.989479	0.007668	14.0
292	-1.040363	277.564851	0.007918	12.9
293	-0.723699	277.141949	0.006301	15.3
294	0.000000	276.720761	0.000000	14.5
295	0.000000	276.301275	0.000000	14.6
296	-0.442722	275.883480	0.004470	18.5
297	-0.690235	275.467366	0.004973	12.3
298	-0.445411	275.052922	0.006384	12.6
299	-0.610775	274.640136	0.005949	17.0
300	-0.395260	274.228998	0.003557	13.8
301	-0.061727	273.819497	0.003235	14.6
302	-0.033676	273.411623	0.001576	15.0
303	-0.674368	273.005365	0.007998	15.1
304	-0.523703	272.600712	0.007082	13.8
305	-0.254918	272.197655	0.003176	16.3
306	-0.627016	271.796184	0.007466	13.1
307	-0.851483	271.396287	0.006595	14.6
308	-0.215696	270.997956	0.002830	17.9
309	-0.786525	270.601180	0.007067	12.2
310	-0.320012	270.205949	0.003624	14.0
311	-0.636669	269.812254	0.008237	14.3
312	-0.164305	269.420085	0.002304	14.2
313	-0.656040	269.029432	0.004412	13.1
314	-0.971600	268.640287	0.007817	17.8
315	-0.709277	268.252638	0.004988	13.0
316	-0.812468	267.866478	0.006169	13.1
317	0.000000	267.481796	0.000000	15.4
318	-0.261784	267.098584	0.004418	13.7
319	-0.801908	266.716833	0.006000	12.2
320	-0.658985	266.336533	0.008244	17.7
321	-0.819816	265.957676	0.006802	13.6
322	-0.453635	265.580253	0.004232	12.3
323	-0.510650	265.204254	0.006793	20.0
324	-0.244156	264.829672	0.004421	12.3
325	0.000000	264.456497	0.000000	13.0
326	0.000000	264.084721	0.000000	15.8
327	-0.315510	263.714335	0.003496	13.8
328	-0.910014	263.345332	0.006623	12.4
329	-0.620392	262.977702	0.006246	16.1
330	-0.502897	262.611438	0.004385	15.3
331	-0.882248	262.246531	0.006184	13.0
332	0.000000	261.882973	0.000000	19.1
333	-0.458370	261.520756	0.005471	12.1
334	-1.158040	261.159871	0.009236	13.0
335	-0.606234	260.800312	0.004562	16.2
336	-0.513261	260.442070	0.005733	14.0
337	-0.766368	260.085137	0.006083	12.0
338	-0.814023	259.729505	0.008006	16.3
339	-0.655754	259.375167	0.006900	15.1
340	-0.651339	259.022116	0.004770	13.8
341	-0.002209	258.670343	0.000084	19.1
342	-0.565792	258.319841	0.005865	12.5
343	-0.530912	257.970602	0.007558	13.2
344	-0.670596	257.622620	0.006094	15.7
345	-0.006439	257.275887	0.000168	14.1
346	-1.009138	256.930396	0.008706	12.6
347	-0.225662	256.586139	0.003011	17.5
348	-0.513365	256.243109	0.007194	12.5
349	-0.624333	255.901300	0.007603	13.5
350	-0.610939	255.560703	0.006811	16.3
351	-0.034657	255.221313	0.001467	12.8
352	0.000000	254.883122	0.000000	12.0
353	-0.103120	254.546124	0.001419	17.5
354	-0.212493	254.210311	0.002722	14.4
355	-0.010235	253.875677	0.000560	12.3
356	-0.440242	253.542215	0.005175	13.4
357	-0.698468	253.209918	0.008053	14.2
358	-0.789442	252.878781	0.004222	13.6
359	-0.665611	252.548795	0.006188	12.2
360	-0.157539	252.219956	0.003108	15.8
361	-0.662193	251.892255	0.006999	15.2
362	-0.259944	251.565688	0.003239	13.1
363	-0.047805	251.240247	0.001153	19.0
364	-0.370796	250.915926	0.004409	12.3
365	-0.640648	250.592720	0.007298	12.9
366	-0.003564	250.270621	0.000313	15.7
367	-0.863945	249.949624	0.008476	14.0
368	-0.397600	249.629723	0.003921	12.2
369	-0.211336	249.310911	0.003711	18.0
370	-0.822835	248.993182	0.007091	12.9
371	-0.363964	248.676531	0.003326	12.7
372	-0.841976	248.360952	0.006938	16.4
373	-0.454560	248.046438	0.005675	13.4
374	-0.825066	247.732984	0.006390	11.8
375	-1.026178	247.420584	0.008192	16.1
376	-0.739987	247.109233	0.007430	15.0
377	0.000000	246.798924	0.000000	12.6
378	-0.528299	246.489652	0.006031	13.9
379	0.000000	246.181412	0.000000	14.0
380	-0.508072	245.874197	0.006974	13.5
381	-0.715655	245.568002	0.004896	13.4
382	0.000000	245.262822	0.000000	15.0
383	-0.511427	244.958652	0.004982	15.1
384	-0.633781	244.655485	0.005354	13.2
385	-0.774820	244.353317	0.005530	19.0
386	-0.264703	244.052142	0.004688	12.2
387	-0.590458	243.751955	0.005485	12.8
388	-0.831043	243.452750	0.008012	15.8
389	0.000000	243.154523	0.000000	14.2
390	-0.689698	242.857268	0.006496	11.8
391	-0.489927	242.560980	0.005435	16.9
392	-0.107985	242.265654	0.002954	15.2
393	-0.845573	241.971285	0.006766	13.6
394	-0.796309	241.677868	0.006130	19.5
395	-0.486801	241.385397	0.003548	12.4
396	-0.351854	241.093869	0.004130	13.0
397	0.000000	240.803278	0.000000	15.5
398	-0.608928	240.513619	0.006191	14.1
399	-0.434707	240.224887	0.006902	13.5
400	-0.026819	239.937077	0.000761	16.1
401	-0.816271	239.650186	0.005441	15.2
402	-0.842313	239.364207	0.006018	12.9
403	-0.003076	239.079136	0.001299	19.6
404	0.000000	238.794969	0.000000	12.1
405	0.000000	238.511701	0.000000	12.7
406	0.000000	238.229327	0.000000	15.9
407	-0.744664	237.947843	0.007523	14.0
408	-0.000000	237.667244	0.000000	12.0
409	-0.014949	237.387526	0.002369	16.7
410	0.000000	237.108684	0.000000	15.3
411	0.000000	236.830714	0.000000	13.6
412	0.000000	236.553610	0.000000	18.8
413	-0.782341	236.277370	0.005676	12.2
414	-0.014883	236.001989	0.000953	13.9
415	-0.880289	235.727461	0.007316	15.2
416	-0.610974	235.453784	0.005251	13.9
417	0.000000	235.180952	0.000000	12.4
418	-0.807617	234.908962	0.006797	17.9
419	-0.544232	234.637809	0.005491	12.1
420	-0.008592	234.367488	0.000000	11.8
421	-0.811722	234.097997	0.006003	16.3
422	0.000000	233.829331	0.000000	13.5
423	0.000000	233.561485	0.000000	12.4
424	-0.845074	233.294456	0.006376	13.4
425	-0.430534	233.028239	0.005214	17.7
426	-0.952808	232.762831	0.008111	12.4
427	-0.540245	232.498228	0.006654	13.0
428	0.000000	232.234425	0.000000	14.9
429	-0.312765	231.971419	0.006573	14.4
430	-0.039188	231.709205	0.001404	12.4
431	-0.833080	231.447781	0.007451	17.1
432	0.000000	231.187141	0.000000	12.3
433	0.000000	230.927283	0.000000	11.9
434	-0.802286	230.668202	0.007858	17.1
435	-0.761505	230.409895	0.007624	14.2
436	-0.576558	230.152358	0.007097	12.2
437	-0.844446	229.895587	0.008771	17.6
438	-0.399874	229.639578	0.005281	14.5
439	-0.919825	229.384329	0.006763	13.8
440	-0.518298	229.129834	0.006079	18.7
441	-0.653078	228.876091	0.004834	12.4
442	-0.883400	228.623096	0.005946	13.1
443	-0.044074	228.370846	0.000911	17.3
444	-0.378737	228.119336	0.003604	12.6
445	-0.243767	227.868563	0.002184	12.2
446	-0.569459	227.618525	0.004940	17.4
447	-0.000144	227.369216	0.000033	14.2
448	-0.733248	227.120635	0.006107	12.3
449	-0.732474	226.872777	0.005440	19.5
450	-0.516417	226.625638	0.005593	12.3
451	-0.073719	226.379217	0.001214	13.1
452	-0.350139	226.133509	0.004268	21.2
453	0.000000	225.888510	0.000000	12.1
454	-0.312818	225.644218	0.003620	13.0
455	-0.896126	225.400630	0.007760	16.2
456	-0.422011	225.157741	0.006310	13.8
457	-0.602427	224.915549	0.004835	12.3
458	0.000000	224.674051	0.000000	17.9
459	-0.854368	224.433242	0.006789	11.8
460	-0.240515	224.193121	0.005117	12.1
461	-0.000000	223.953684	0.000000	17.1
462	0.000000	223.714927	0.000000	13.4
463	0.000000	223.476848	0.000000	12.2
464	-0.781971	223.239444	0.007317	17.9
465	-0.676345	223.002710	0.005483	14.2
466	-0.458161	222.766645	0.006728	12.1
467	-0.631152	222.531245	0.006313	20.1
468	-0.668040	222.296508	0.004990	12.5
469	-0.592034	222.062429	0.004488	12.8
470	-0.286434	221.829007	0.004336	16.2
471	-0.513428	221.596238	0.005552	13.5
472	-0.840644	221.364119	0.006366	12.0
473	-0.455862	221.132647	0.007600	16.2
474	0.000000	220.901820	0.000000	15.2
475	-0.046431	220.671634	0.001295	12.3
476	-0.671292	220.442086	0.005712	14.6
477	-0.449843	220.213174	0.004467	12.0
478	-0.436591	219.984895	0.005328	14.0
479	-0.704687	219.757246	0.004432	13.4
480	-0.623672	219.530224	0.006391	17.3
481	-0.476104	219.303826	0.006995	12.7
482	-0.680666	219.078050	0.004846	13.3
483	0.000000	218.852893	0.000000	16.1
484	-0.003662	218.628352	0.000157	13.9
485	-0.136653	218.404424	0.001994	12.8
486	-0.720417	218.181106	0.008698	16.2
487	0.000000	217.958397	0.000000	13.8
488	-0.745579	217.736292	0.006671	13.0
489	-0.261889	217.514790	0.002728	18.8
490	-0.035743	217.293888	0.001586	12.9
491	-0.000029	217.073584	0.000001	12.9
492	-0.484536	216.853873	0.006358	15.1
493	-0.211395	216.634755	0.004422	13.2
494	-0.158579	216.416227	0.003076	11.8
495	0.000000	216.198285	0.000000	18.1
496	-0.126984	215.980927	0.002241	12.8
497	-0.828900	215.764151	0.006833	11.6
498	-0.253336	215.547955	0.003148	13.3
499	-0.679138	215.332335	0.007034	15.5
500	-0.575084	215.117289	0.006738	13.5
501	-0.658214	214.902815	0.006322	12.5
502	-0.102290	214.688911	0.003294	19.3
503	-0.979717	214.475573	0.006819	12.5
504	-0.799819	214.262800	0.004979	12.1
505	0.000000	214.050588	0.000000	16.5
506	-0.084344	213.838936	0.001556	13.8
507	-0.183561	213.627842	0.002295	11.9
508	-0.698129	213.417302	0.005178	17.1
509	-0.588747	213.207314	0.006356	15.1
510	-0.706749	212.997877	0.005695	12.2
511	-0.790692	212.788987	0.008062	13.6
512	-0.430733	212.580642	0.005630	14.3
513	-0.048483	212.372841	0.001131	14.0
514	0.000000	212.165581	0.000000	12.8
515	-0.759489	211.958859	0.005255	17.2
516	-0.951747	211.752673	0.006657	13.0
517	-0.355679	211.547021	0.005244	12.7
518	-0.051958	211.341902	0.002760	17.4
519	-0.001109	211.137311	0.000063	13.2
520	0.000000	210.933248	0.000000	12.7
521	-0.792117	210.729710	0.005836	16.3
522	-1.138916	210.526695	0.009242	13.8
523	-0.349473	210.324200	0.005018	12.7
524	-0.187930	210.122224	0.002891	18.5
525	-0.282802	209.920765	0.003185	12.5
526	-0.873921	209.719820	0.005748	11.8
527	-0.000041	209.519387	0.000063	19.0
528	-0.211920	209.319463	0.002786	13.0
529	-0.129098	209.120048	0.002133	11.9
530	-0.190069	208.921139	0.004516	16.5
531	-0.731142	208.722733	0.005139	14.4
532	-0.709720	208.524829	0.005454	12.4
533	0.000000	208.327425	0.000000	20.3
534	-0.663926	208.130518	0.005382	12.4
535	-0.670092	207.934107	0.005714	12.5
536	0.000000	207.738189	0.000000	16.0
537	0.000000	207.542762	0.000000	13.4
538	-0.000345	207.347825	0.000062	11.8
539	0.000000	207.153376	0.000000	15.9
540	-0.640525	206.959412	0.006558	15.1
541	0.000000	206.765932	0.000000	12.2
542	-0.488060	206.572933	0.004914	13.6
543	-0.846770	206.380414	0.004735	13.5
544	-0.023932	206.188373	0.001030	13.6
545	-0.417317	205.996807	0.005412	13.1
546	-0.541902	205.805716	0.006574	18.2
547	-0.487322	205.615096	0.006201	12.3
548	0.000000	205.424946	0.000000	12.4
549	-0.541344	205.235265	0.005537	16.1
550	-0.716720	205.046050	0.007457	13.9
551	-0.733091	204.857299	0.005439	12.4
552	-0.634438	204.669011	0.005280	16.4
553	-0.949566	204.481184	0.007835	15.2
554	-0.508744	204.293816	0.007167	12.9
555	-0.780458	204.106905	0.008630	19.4
556	-0.950433	203.920449	0.006403	12.1
557	-0.440321	203.734447	0.004536	12.6
558	0.000000	203.548896	0.000000	16.3
559	-0.832055	203.363795	0.007319	13.7
560	-0.973010	203.179143	0.006577	11.8
561	-0.668819	202.994937	0.006930	15.9
562	0.000000	202.811176	0.000000	14.9
563	-0.638543	202.627857	0.004212	12.1
564	-0.266013	202.444980	0.003366	17.4
565	-0.886501	202.262543	0.006661	13.0
566	-0.107527	202.080543	0.003331	12.2
567	-0.795488	201.898979	0.006008	15.9
568	-0.382727	201.717849	0.003597	14.4
569	-0.681968	201.537153	0.004735	12.6
570	-0.548378	201.356887	0.006041	19.5
571	-0.007074	201.177050	0.000938	12.2
572	0.000000	200.997642	0.000000	11.8
573	-0.941164	200.818659	0.006144	12.2
574	-0.531391	200.640100	0.006531	15.8
575	-0.455591	200.461965	0.005414	14.9
576	0.000000	200.284250	0.000000	13.0
577	-0.651113	200.106955	0.007008	18.5
578	-0.882960	199.930078	0.005160	12.1
579	-0.000745	199.753617	0.000024	12.9
580	-0.010260	199.577571	0.000446	15.4
581	-0.007079	199.401938	0.000176	13.8
582	-0.771837	199.226717	0.004590	11.4
583	-0.810512	199.051905	0.006374	18.7
584	-0.255206	198.877502	0.005348	12.3
585	0.000000	198.703506	0.000000	12.2
586	-0.429234	198.529916	0.004767	13.6
587	-0.624764	198.356729	0.007737	15.2
588	-0.499032	198.183944	0.006503	13.7
589	-0.255693	198.011560	0.003453	13.8
590	-0.434456	197.839576	0.006227	18.4
591	-0.149808	197.667989	0.002728	12.3
592	0.000000	197.496798	0.000000	12.2
593	-0.727263	197.326002	0.006980	15.6
594	-0.000157	197.155600	0.000135	13.8
595	-0.540238	196.985589	0.005143	12.3
596	-0.226027	196.815969	0.003272	16.7
597	-0.456540	196.646738	0.006707	15.1
598	-0.745386	196.477894	0.004573	12.3
599	0.000000	196.309436	0.000000	20.2
600	-0.001968	196.141363	0.000060	12.1
601	-0.853144	195.973673	0.005807	13.1
602	-0.986475	195.806365	0.006856	16.1
603	0.000000	195.639437	0.000000	14.3
604	-0.342257	195.472888	0.002677	12.2
605	-0.928979	195.306717	0.006818	16.4
606	-0.039209	195.140922	0.000585	15.2
607	0.000000	194.975501	0.000000	13.0
608	0.000000	194.810454	0.000000	19.2
609	-0.794644	194.645779	0.004875	12.1
610	-0.931953	194.481475	0.007639	13.0
611	-0.575785	194.317540	0.005836	15.4
612	-0.569074	194.153973	0.004603	13.8
613	-0.182358	193.990773	0.002097	12.0
614	0.000000	193.827938	0.000000	16.3
615	0.000000	193.665467	0.000000	15.1
616	0.000000	193.503358	0.000000	12.6
617	-0.846981	193.341611	0.005734	16.4
618	-0.072246	193.180224	0.002300	13.5
619	-0.238177	193.019196	0.005613	13.0
620	-0.310445	192.858525	0.002864	16.5
621	-0.294741	192.698210	0.003556	13.9
622	-0.869422	192.538251	0.006942	12.8
623	-0.004881	192.378644	0.000190	17.8
624	-0.548776	192.219391	0.006499	12.2
625	-0.748157	192.060488	0.006163	12.9
626	-0.634086	191.901935	0.007037	16.3
627	-0.497013	191.743730	0.007057	14.3
628	-0.133448	191.585873	0.003099	12.2
629	-0.689448	191.428362	0.005918	16.5
630	-0.710574	191.271196	0.004945	12.4
631	0.000000	191.114374	0.000000	13.3
632	-0.971884	190.957893	0.006720	23.2
633	-0.801750	190.801755	0.007872	14.9
634	-0.338082	190.645956	0.005714	17.2
635	-0.922242	190.490495	0.007043	15.5
636	-0.033425	190.335373	0.000177	14.3
637	-0.618633	190.180587	0.006725	19.2
638	-0.613852	190.026136	0.005348	14.2
639	-0.000000	189.872019	0.000000	12.1
640	0.000000	189.718235	0.000000	16.8
641	-0.726804	189.564782	0.006232	14.9
642	-0.053577	189.411661	0.000536	14.6
643	-0.651678	189.258868	0.008687	16.4
644	-0.418801	189.106404	0.004114	14.2
645	-0.144943	188.954267	0.002229	14.4
646	-0.809654	188.802456	0.005354	15.3
647	-0.787212	188.650969	0.004494	17.1
648	-0.787852	188.499807	0.005455	14.2
649	0.000000	188.348967	0.000000	15.6
650	-0.267261	188.198448	0.003675	12.2
651	-0.253284	188.048250	0.003912	21.1
652	-0.718654	187.898371	0.007382	26.7
653	-0.075961	187.748810	0.002256	22.2
654	-0.577736	187.599566	0.006547	30.8
655	0.000000	187.450638	0.000000	25.3
656	-0.663646	187.302025	0.005192	21.8
657	0.000000	187.153725	0.000000	19.8
658	-0.835400	187.005739	0.007372	28.9
659	-0.690390	186.858064	0.007427	20.3
660	-0.874818	186.710699	0.006898	32.4
661	-0.354604	186.563645	0.003413	25.0
662	0.000000	186.416898	0.000000	25.0
663	0.000000	186.270459	0.000000	20.9
664	-0.702770	186.124326	0.004069	21.5
665	-0.525412	185.978499	0.005476	16.6
666	-1.000444	185.832976	0.007563	21.5
667	-0.565938	185.687756	0.006441	20.0
668	-0.869053	185.542838	0.007418	19.3
669	-0.820816	185.398222	0.005131	19.2
670	-0.946156	185.253906	0.008018	16.7
671	0.000000	185.109889	0.000000	19.8
672	-0.705777	184.966170	0.005795	19.1
673	0.000000	184.822748	0.000000	25.7
674	0.000000	184.679623	0.000000	16.8
675	-0.433063	184.536792	0.006087	15.4
676	-0.551304	184.394256	0.006920	18.9
677	-0.357646	184.252013	0.002836	19.2
678	0.000000	184.110062	0.000000	14.1
679	-0.764641	183.968403	0.006166	18.5
680	-0.892342	183.827034	0.007122	17.8
681	-0.373701	183.685954	0.006392	13.4
682	-0.496621	183.545163	0.005296	17.9
683	-0.024418	183.404658	0.000723	17.8
684	-0.162964	183.264441	0.002384	14.8
685	-0.567321	183.124509	0.005508	16.7
686	-0.470314	182.984861	0.005088	15.5
687	-0.691514	182.845497	0.007769	13.2
688	0.000000	182.706416	0.000000	15.0
689	0.000000	182.567616	0.000000	18.4
690	0.000000	182.429098	0.000000	15.4
691	-0.496410	182.290859	0.004810	17.3
692	-0.343762	182.152899	0.003141	18.6
693	-0.648396	182.015217	0.006754	19.5
694	-0.473974	181.877813	0.004040	21.4
695	0.000000	181.740684	0.000000	12.1
696	-0.479469	181.603832	0.004756	30.6
697	0.000000	181.467253	0.000000	19.4
698	-0.274005	181.330948	0.003134	18.3
699	-0.245129	181.194916	0.002327	27.4
700	-0.703486	181.059155	0.006227	19.7
701	0.000000	180.923666	0.000000	23.3
702	-1.044726	180.788446	0.007634	15.2
703	0.000000	180.653496	0.000000	37.1
704	-0.800521	180.518814	0.007669	88.7
705	-0.211824	180.384399	0.003837	37.1
706	-0.157047	180.250251	0.003199	25.7
707	-0.804204	180.116369	0.007515	27.2
708	-0.913071	179.982752	0.006108	22.4
709	-0.540072	179.849398	0.005732	19.9
710	-0.639429	179.716308	0.006687	20.2
711	-0.661880	179.583480	0.006570	23.0
712	-0.736900	179.450913	0.006019	20.8
713	-0.583358	179.318607	0.006073	22.4
714	-0.667896	179.186561	0.006805	22.0
715	-0.537313	179.054774	0.003889	22.7
716	-0.845618	178.923245	0.006420	16.7
717	-0.144705	178.791973	0.003261	16.6
718	-0.711354	178.660958	0.008169	21.4
719	-0.616517	178.530199	0.005882	17.8
720	-0.915757	178.399694	0.006757	17.0
721	0.000000	178.269444	0.000000	20.2
722	-0.514026	178.139447	0.005151	16.0
723	-0.474963	178.009702	0.007456	18.4
724	-0.039681	177.880209	0.000817	16.7
725	-0.445554	177.750967	0.005274	14.7
726	-0.557478	177.621975	0.006428	20.7
727	-0.634947	177.493232	0.004303	17.5
728	-0.220341	177.364738	0.002765	15.7
729	-0.752034	177.236492	0.007408	26.8
730	-0.895545	177.108492	0.005750	16.4
731	-0.902786	176.980739	0.007488	14.2
732	-0.052351	176.853231	0.001750	20.3
733	-0.721451	176.725968	0.006898	16.3
734	-0.468824	176.598949	0.006486	15.4
735	-0.104516	176.472173	0.001807	18.6
736	-0.485650	176.345639	0.005488	16.6
737	-0.258256	176.219348	0.003230	15.7
738	0.000000	176.093296	0.000000	17.5
739	-0.425501	175.967486	0.006395	17.4
740	-0.222148	175.841914	0.002134	15.8
741	-0.702166	175.716581	0.005268	18.7
742	0.000000	175.591486	0.000000	21.2
743	-0.385839	175.466629	0.005919	15.7
744	-0.784750	175.342008	0.005555	23.1
745	0.000000	175.217622	0.000000	15.3
746	-0.732311	175.093472	0.007180	19.3
747	-0.306322	174.969556	0.003644	17.1
748	-0.878400	174.845873	0.005989	15.7
749	-0.900440	174.722423	0.008755	18.7
750	-0.913784	174.599206	0.006341	16.0
751	-0.013744	174.476220	0.000602	14.4
752	-0.680592	174.353464	0.007863	18.4
753	-0.071551	174.230939	0.001045	15.9
754	-0.477691	174.108643	0.004031	13.5
755	-0.151710	173.986576	0.003015	13.7
756	-0.860333	173.864737	0.005720	16.6
757	-0.081852	173.743124	0.002391	14.4
758	-0.273471	173.621739	0.004483	18.7
759	0.000000	173.500579	0.000000	12.7
760	-0.238112	173.379645	0.003341	12.2
761	0.000000	173.258935	0.000000	13.8
762	-0.898381	173.138449	0.007469	15.2
763	-0.050800	173.018186	0.001451	17.8
764	-0.453552	172.898146	0.007414	14.8
765	-0.421319	172.778327	0.005300	14.4
766	-0.898682	172.658730	0.007594	12.2
767	-0.047592	172.539353	0.000539	13.8
768	-0.589304	172.420196	0.005060	13.9
769	0.000000	172.301258	0.000000	14.3
770	-0.541090	172.182539	0.005999	13.1
771	-0.396050	172.064037	0.003418	15.9
772	-0.419640	171.945753	0.004747	15.5
773	-0.749337	171.827686	0.006781	13.0
774	-0.684381	171.709834	0.006248	19.2
775	0.000000	171.592198	0.000000	12.2
776	-0.802101	171.474776	0.005192	13.3
777	-0.082975	171.357568	0.002149	15.3
778	-0.377607	171.240574	0.004952	13.9
779	0.000000	171.123793	0.000000	12.1
780	-0.643676	171.007223	0.006545	17.1
781	-0.735124	170.890865	0.006468	15.3
782	-0.008701	170.774718	0.000241	11.8
783	0.000000	170.658782	0.000000	19.9
784	-0.453468	170.543055	0.005788	12.0
785	-0.013343	170.427537	0.001190	12.3
786	-0.026270	170.312227	0.001161	15.8
787	-0.819875	170.197125	0.007053	14.5
788	-0.075243	170.082231	0.002058	21.5
789	-0.791541	169.967543	0.006097	20.5
790	-0.895573	169.853061	0.007223	18.9
791	-0.133573	169.738784	0.003411	22.4
792	-0.852754	169.624713	0.006278	19.2
793	0.000000	169.510845	0.000000	19.2
794	-0.273763	169.397181	0.003787	12.0
795	-0.412776	169.283720	0.003764	13.8
796	-0.642466	169.170462	0.005749	16.7
797	0.000000	169.057405	0.000000	12.4
798	-0.815952	168.944549	0.004819	12.9
799	0.000000	168.831895	0.000000	14.9
800	-0.706684	168.719440	0.005055	14.1
801	0.000000	168.607185	0.000000	12.4
802	-0.028290	168.495129	0.000208	18.4
803	-0.396441	168.383271	0.005306	12.4
804	-0.008409	168.271611	0.000638	12.3
805	-0.795228	168.160148	0.005177	15.7
806	-0.586159	168.048882	0.004973	13.3
807	-0.689000	167.937812	0.005022	11.8
808	-0.887370	167.826938	0.005323	16.1
809	-0.633114	167.716258	0.006624	15.1
810	-0.403191	167.605773	0.004299	11.9
811	-0.760213	167.495482	0.006055	13.6
812	-0.693837	167.385384	0.006828	13.0
813	-0.053446	167.275479	0.001857	13.6
814	-0.665938	167.165766	0.005182	14.4
815	-0.838989	167.056245	0.005478	23.2
816	-0.117904	166.946915	0.001134	12.3
817	0.000000	166.837776	0.000000	14.5
818	-0.889587	166.728826	0.007358	16.1
819	0.000000	166.620067	0.000000	12.3
820	-0.905483	166.511496	0.006039	14.1
821	0.000000	166.403113	0.000000	12.0
822	0.000000	166.294919	0.000000	15.5
823	-0.662945	166.186912	0.005989	13.5
824	-0.866413	166.079091	0.006113	15.5
825	-0.477868	165.971458	0.003451	12.1
826	-0.446234	165.864009	0.004892	12.9
827	-0.030610	165.756747	0.000921	14.8
828	-0.844185	165.649669	0.004970	14.2
829	-0.171710	165.542775	0.002700	12.5
830	0.000000	165.436065	0.000000	15.8
831	-0.423211	165.329538	0.005776	16.0
832	-0.960921	165.223194	0.006720	13.1
833	-0.005222	165.117032	0.000738	18.7
834	-0.563701	165.011052	0.007314	12.3
835	-0.895112	164.905253	0.007831	12.1
836	0.000000	164.799635	0.000000	14.9
837	-0.837605	164.694197	0.006512	14.5
838	-0.809423	164.588939	0.006445	12.4
839	-0.214693	164.483859	0.004078	17.2
840	-0.001401	164.378959	0.000222	12.0
841	-0.811264	164.274237	0.005727	11.7
842	-0.043506	164.169692	0.002295	17.2
843	-0.458447	164.065325	0.005667	13.7
844	-0.691886	163.961135	0.007440	12.0
845	-0.598676	163.857120	0.006458	16.7
846	-0.735581	163.753282	0.006223	15.2
847	-0.158832	163.649619	0.002140	12.4
848	-0.000033	163.546130	0.000013	13.7
849	-0.787468	163.442816	0.004473	12.6
850	-0.287242	163.339676	0.004166	13.8
851	-0.764970	163.236709	0.005786	13.2
852	-0.620574	163.133915	0.006124	17.0
853	-0.000000	163.031294	0.000000	12.4
854	0.000000	162.928844	0.000000	13.2
855	0.000000	162.826566	0.000000	14.4
856	0.000000	162.724459	0.000000	14.0
857	0.000000	162.622523	0.000000	12.6
858	-0.931825	162.520757	0.005935	18.0
859	-0.370446	162.419160	0.004255	15.0
860	-0.775024	162.317733	0.008114	13.6
861	-0.893699	162.216474	0.005323	19.2
862	0.000000	162.115383	0.000000	12.7
863	-0.755002	162.014461	0.004947	12.6
864	0.000000	161.913705	0.000000	15.5
865	-0.000000	161.813117	0.000000	14.6
866	0.000000	161.712695	0.000000	13.5
867	-0.485526	161.612439	0.006201	15.0
868	-0.851332	161.512349	0.006532	15.2
869	-0.806296	161.412424	0.008264	19.8
870	0.000000	161.312663	0.000000	18.7
871	-0.001614	161.213067	0.000282	15.9
872	-0.312215	161.113635	0.004781	19.9
873	-0.652088	161.014366	0.005576	18.3
874	-0.626706	160.915260	0.004780	18.0
875	0.000000	160.816316	0.000000	23.3
876	-0.918132	160.717535	0.006532	14.5
877	-0.707419	160.618915	0.006408	19.3
878	-0.757222	160.520456	0.006037	17.3
879	-0.500365	160.422158	0.003334	15.3
880	-0.645143	160.324021	0.006678	23.3
881	-1.088143	160.226043	0.006779	19.5
882	-0.856531	160.128225	0.005567	13.9
883	-0.014879	160.030566	0.000438	21.6
884	-0.016324	159.933066	0.001147	14.7
885	-0.192678	159.835723	0.005675	15.5
886	-0.462290	159.738539	0.006331	18.1
887	-0.586443	159.641512	0.004920	16.0
888	-0.733236	159.544642	0.005660	16.1
889	-0.827950	159.447929	0.005243	19.5
890	-0.754411	159.351372	0.004219	18.5
891	-0.379313	159.254971	0.004695	14.2
892	-0.138631	159.158725	0.002988	19.3
893	-0.288158	159.062634	0.002972	15.9
894	-0.401289	158.966697	0.004972	15.2
895	-0.000007	158.870915	0.000008	19.0
896	-0.425424	158.775286	0.003903	15.6
897	-0.691855	158.679811	0.005052	14.2
898	0.000000	158.584489	0.000000	19.3
899	-0.004444	158.489319	0.000552	15.3
900	-0.852706	158.394302	0.005900	14.0
901	0.000000	158.299436	0.000000	19.6
902	-0.578002	158.204721	0.006082	16.0
903	-0.885684	158.110158	0.008324	14.1
904	-0.919587	158.015745	0.007556	15.9
905	-0.702235	157.921482	0.007403	16.1
906	-0.139640	157.827369	0.002199	16.4
907	-0.433416	157.733406	0.003419	20.1
908	-0.193670	157.639591	0.002466	13.9
909	-0.536013	157.545925	0.006424	14.1
910	-0.342262	157.452408	0.004832	15.7
911	-0.664283	157.359038	0.007561	12.7
912	-0.578777	157.265816	0.006968	16.8
913	-0.763346	157.172741	0.005261	19.1
914	-0.387825	157.079813	0.004872	13.2
915	-0.000004	156.987031	0.000000	12.2
916	-0.433578	156.894395	0.005214	13.0
917	-0.533285	156.801904	0.005695	15.6
918	-0.339078	156.709559	0.005081	15.4
919	-0.024962	156.617359	0.000205	13.5
920	-0.744942	156.525304	0.006498	18.5
921	-0.790427	156.433392	0.005457	12.5
922	-0.196337	156.341624	0.003350	13.1
923	-0.512171	156.250000	0.005877	15.3
924	-0.339011	156.158519	0.003496	14.5
925	-0.457144	156.067180	0.004872	12.6
926	-0.024393	155.975984	0.001731	19.2
927	0.000000	155.884930	0.000000	12.0
928	-0.769294	155.794017	0.005645	13.2
929	-0.991306	155.703246	0.006943	19.4
930	-0.405833	155.612615	0.003692	13.1
931	-0.586668	155.522125	0.005531	13.0
932	-0.852962	155.431775	0.006815	15.0
933	-0.777949	155.341565	0.007261	14.3
934	-0.844686	155.251495	0.005599	12.5
935	-0.477077	155.161563	0.005603	17.7
936	-0.941144	155.071771	0.007938	12.5
937	-0.769267	154.982117	0.006289	12.0
938	-0.643493	154.892601	0.005833	18.9
939	-0.821022	154.803222	0.004967	12.6
940	-0.414013	154.713981	0.005822	12.6
941	0.000000	154.624878	0.000000	16.5
942	-0.903038	154.535910	0.006249	13.7
943	-0.000003	154.447080	0.000005	12.3
944	-0.332273	154.358385	0.003451	20.5
945	-0.484782	154.269826	0.006360	12.3
946	-0.158827	154.181402	0.001986	12.4
947	-0.534142	154.093114	0.004266	16.2
948	-0.685983	154.004960	0.006106	13.3
949	-0.315982	153.916940	0.004272	12.3
950	0.000000	153.829054	0.000000	16.8
951	0.000000	153.741303	0.000000	14.5
952	-0.298249	153.653684	0.005072	12.6
953	-0.869492	153.566198	0.006526	14.9
954	-0.056936	153.478846	0.002481	13.8
955	-0.796713	153.391625	0.006170	13.8
956	0.000000	153.304537	0.000000	15.2
957	-0.690070	153.217580	0.005795	16.4
958	0.000000	153.130755	0.000000	13.2
959	-0.674060	153.044061	0.004063	14.6
960	0.000000	152.957498	0.000000	17.7
961	-0.856588	152.871065	0.006125	13.3
962	-0.496377	152.784762	0.006111	15.8
963	-0.788704	152.698589	0.005605	14.2
964	-0.590786	152.612545	0.006567	17.4
965	-0.666390	152.526631	0.007012	16.6
966	-0.844402	152.440845	0.008255	13.6
967	0.000000	152.355188	0.000000	15.6
968	-0.478638	152.269660	0.004653	15.1
969	-0.428975	152.184259	0.004912	14.7
970	-0.293070	152.098986	0.005200	12.6
971	0.000000	152.013840	0.000000	14.3
972	-0.610342	151.928821	0.006272	16.8
973	-1.108092	151.843928	0.006875	12.5
974	-0.782743	151.759163	0.007322	13.1
975	0.000000	151.674523	0.000000	14.5
976	-0.658887	151.590009	0.006209	14.0
977	-0.785896	151.505620	0.005863	12.3
978	-0.022721	151.421357	0.001160	18.2
979	-0.761890	151.337218	0.004468	12.6
980	0.000000	151.253204	0.000000	13.2
981	-0.314523	151.169314	0.005411	16.2
982	0.000000	151.085549	0.000000	12.8
983	-0.285531	151.001907	0.003327	14.0
984	-0.724210	150.918388	0.004748	16.2
985	-0.762882	150.834992	0.005060	14.0
986	0.000000	150.751719	0.000000	12.2
987	-0.655512	150.668569	0.005466	19.4
988	-0.861171	150.585541	0.008793	12.2
989	-0.573244	150.502634	0.005562	11.8
990	-0.564919	150.419849	0.005428	17.1
991	0.000000	150.337186	0.000000	13.5
992	0.000000	150.254644	0.000000	12.0
993	0.000000	150.172222	0.000000	16.8
994	-0.705421	150.089921	0.006133	15.2
995	-0.320682	150.007740	0.002687	12.7
996	-0.328286	149.925679	0.003387	13.4
997	-0.744877	149.843737	0.005896	13.1
998	-0.137087	149.761915	0.002186	14.5
999	-0.001618	149.680212	0.000057	13.5
1000	-0.680644	149.598627	0.006169	17.1
1001	-0.918071	149.517161	0.006577	13.4
1002	0.000000	149.435814	0.000000	13.6
1003	0.000000	149.354584	0.000000	18.0
1004	-0.348222	149.273472	0.003470	13.0
1005	-0.925827	149.192477	0.006346	13.3
1006	-0.701275	149.111599	0.006644	15.0
1007	-0.922535	149.030838	0.005815	14.0
1008	-0.563801	148.950194	0.006692	12.3
1009	-0.936819	148.869666	0.006108	18.0
1010	0.000000	148.789253	0.000000	12.6
1011	-0.750804	148.708957	0.006718	12.7
1012	-0.208461	148.628776	0.002631	15.9
1013	-0.000000	148.548710	0.000000	13.6
1014	-0.801266	148.468759	0.004897	12.2
1015	-0.847921	148.388923	0.006097	18.8
1016	0.000000	148.309201	0.000000	14.8
1017	-0.584375	148.229594	0.008554	12.8
1018	-0.850587	148.150100	0.005497	18.3
1019	0.000000	148.070719	0.000000	12.7
1020	-0.047426	147.991452	0.001113	13.0
1021	-0.069824	147.912298	0.000342	16.3
1022	-0.346346	147.833257	0.004384	13.4
1023	-0.716952	147.754329	0.005378	15.4
1024	-0.843897	147.675512	0.005800	16.0
1025	-0.005595	147.596808	0.000271	14.5
1026	-0.547264	147.518216	0.007573	14.8
1027	-0.805587	147.439735	0.007999	16.8
1028	-0.706373	147.361365	0.005388	12.3
1029	-0.890371	147.283106	0.006373	14.0
1030	-0.804028	147.204958	0.007867	14.3
1031	-0.000196	147.126920	0.000010	13.5
1032	0.000000	147.048993	0.000000	12.3
1033	-0.002048	146.971175	0.000133	15.6
1034	-0.224695	146.893468	0.003461	15.0
1035	0.000000	146.815869	0.000000	13.0
1036	-0.782782	146.738380	0.004792	17.4
1037	-0.825780	146.661000	0.005957	12.4
1038	-0.353042	146.583729	0.002460	12.8
1039	-0.816421	146.506566	0.007304	16.3
1040	-0.007916	146.429511	0.000061	14.5
1041	-0.519577	146.352565	0.007208	12.7
1042	-0.545961	146.275726	0.005862	17.8
1043	-0.408479	146.198994	0.007415	12.4
1044	-0.816823	146.122370	0.007246	11.8
1045	0.000000	146.045853	0.000000	18.0
1046	-0.887562	145.969442	0.006229	13.1
1047	-0.515944	145.893139	0.004359	12.6
1048	0.000000	145.816941	0.000000	17.6
1049	-0.754132	145.740849	0.004036	13.7
1050	-0.249049	145.664863	0.005778	12.4
1051	-0.339497	145.588983	0.002935	19.2
1052	-1.020181	145.513208	0.008663	12.2
1053	-1.010151	145.437538	0.006463	11.5
1054	0.000000	145.361973	0.000000	12.8
1055	-0.006596	145.286513	0.000510	16.1
1056	0.000000	145.211157	0.000000	14.4
1057	-0.730134	145.135905	0.005447	12.9
1058	-0.653041	145.060757	0.007042	18.8
1059	0.000000	144.985712	0.000000	14.0
1060	-0.481368	144.910771	0.004098	13.3
1061	-0.276017	144.835934	0.004496	14.8
1062	-0.028406	144.761199	0.004045	13.7
1063	-0.413721	144.686567	0.002421	12.4
1064	-0.507286	144.612037	0.005335	17.7
1065	-0.773770	144.537610	0.006694	14.6
1066	0.000000	144.463285	0.000000	13.1
1067	-0.240307	144.389062	0.003329	18.5
1068	-0.643542	144.314940	0.005202	12.2
1069	-0.630591	144.240920	0.007692	12.1
1070	-0.217786	144.167001	0.004031	16.2
1071	-0.000000	144.093182	0.000000	14.1
1072	-0.552490	144.019465	0.006683	12.0
1073	-0.410024	143.945848	0.005327	17.2
1074	0.000000	143.872331	0.000000	15.0
1075	-0.536110	143.798914	0.004970	12.8
1076	-0.041236	143.725597	0.001777	18.4
1077	-0.763422	143.652380	0.005173	12.3
1078	-0.524011	143.579262	0.005155	12.5
1079	-0.521804	143.506243	0.006542	16.0
1080	-0.895512	143.433323	0.007097	14.1
1081	0.000000	143.360502	0.000000	12.2
1082	-0.090446	143.287780	0.002259	19.6
1083	-0.389366	143.215155	0.005041	12.2
1084	-0.827309	143.142629	0.006155	12.0
1085	-0.788243	143.070201	0.005356	17.1
1086	-0.547899	142.997870	0.005825	13.1
1087	0.000000	142.925637	0.000000	12.1
1088	-0.657782	142.853501	0.007503	15.2
1089	-0.701607	142.781462	0.004317	15.3
1090	-0.338615	142.709519	0.004899	12.5
1091	-0.322109	142.637674	0.004521	13.3
1092	0.000000	142.565924	0.000000	13.4
1093	0.000000	142.494271	0.000000	14.0
1094	0.000000	142.422714	0.000000	12.0
1095	-0.233694	142.351252	0.002722	18.1
1096	-0.227870	142.279886	0.002556	12.4
1097	-0.000088	142.208616	0.000023	12.9
1098	-0.797156	142.137440	0.008279	15.6
1099	-1.092272	142.066360	0.009124	14.2
1100	-1.099272	141.995374	0.008868	12.7
1101	-0.579461	141.924483	0.005121	16.2
1102	-0.676305	141.853685	0.005618	15.8
1103	-0.022979	141.782983	0.001018	13.6
1104	-0.910939	141.712373	0.008052	18.5
1105	0.000000	141.641858	0.000000	12.0
1106	-0.363240	141.571436	0.004851	12.9
1107	0.000000	141.501108	0.000000	15.5
1108	-0.005760	141.430872	0.001794	13.8
1109	-0.083297	141.360730	0.002567	11.9
1110	-0.001477	141.290680	0.000083	17.8
1111	-0.463738	141.220722	0.005157	15.0
1112	-0.038252	141.150857	0.000667	12.8
1113	-0.834100	141.081084	0.005920	18.3
1114	-0.605293	141.011403	0.006466	12.7
1115	0.000000	140.941813	0.000000	12.8
1116	-0.000000	140.872315	0.000000	15.6
1117	-0.891226	140.802909	0.005488	14.1
1118	-1.103638	140.733593	0.007792	12.3
1119	-0.133272	140.664369	0.001960	17.3
1120	0.000000	140.595235	0.000000	12.4
1121	0.000000	140.526192	0.000000	11.9
1122	0.000000	140.457239	0.000000	18.4
1123	0.000000	140.388376	0.000000	12.5
1124	-0.796019	140.319603	0.006472	12.1
1125	-0.502298	140.250920	0.006742	16.7
1126	-0.779724	140.182326	0.007525	14.9
1127	0.000000	140.113822	0.000000	12.1
1128	0.000000	140.045407	0.000000	13.7
1129	-0.473963	139.977081	0.005489	13.5
1130	0.000000	139.908844	0.000000	13.4
1131	-0.583395	139.840696	0.003502	12.3
1132	0.000000	139.772635	0.000000	17.1
1133	-0.526972	139.704664	0.006367	12.2
1134	0.000000	139.636780	0.000000	12.4
1135	-0.799513	139.568984	0.006649	17.2
1136	-0.719416	139.501276	0.007391	12.8
1137	-0.573365	139.433655	0.006506	13.7
1138	-0.940412	139.366122	0.008995	18.1
1139	0.000000	139.298676	0.000000	14.9
1140	-0.624389	139.231317	0.007116	12.9
1141	-0.744251	139.164045	0.004969	17.8
1142	-0.680592	139.096859	0.006356	12.0
1143	-0.563094	139.029760	0.006336	11.6
1144	0.000000	138.962747	0.000000	16.0
1145	-0.279869	138.895820	0.002095	13.5
1146	-0.844100	138.828978	0.005238	12.1
1147	-0.072880	138.762223	0.001312	13.3
1148	0.000000	138.695553	0.000000	18.0
1149	-0.000000	138.628969	0.000000	12.5
1150	-0.728745	138.562469	0.007238	12.5
1151	-0.653999	138.496055	0.004303	15.8
1152	-0.707899	138.429725	0.006872	13.7
1153	-0.713534	138.363481	0.007592	11.9
1154	-0.902438	138.297320	0.007578	17.6
1155	-0.918648	138.231244	0.006946	14.8
1156	-0.728955	138.165252	0.006464	12.7
1157	-0.931829	138.099344	0.008613	19.2
1158	-0.584715	138.033520	0.006405	11.9
1159	-0.654533	137.967779	0.006150	12.5
1160	0.000000	137.902122	0.000000	16.1
1161	-0.439604	137.836548	0.003770	14.2
1162	-0.859253	137.771057	0.005553	11.6
1163	-0.684257	137.705649	0.004742	17.5
1164	-0.415895	137.640324	0.006261	15.2
1165	-0.374367	137.575081	0.003608	13.1
1166	-0.368032	137.509921	0.004563	19.2
1167	0.000000	137.444842	0.000000	12.3
1168	-0.785037	137.379846	0.004597	12.8
1169	-0.573988	137.314932	0.006113	15.7
1170	-0.516172	137.250100	0.005686	14.3
1171	-0.453988	137.185349	0.003210	12.0
1172	-0.795701	137.120680	0.004728	17.4
1173	0.000000	137.056092	0.000000	15.1
1174	-0.491954	136.991585	0.004327	12.7
1175	-0.447981	136.927158	0.003394	14.8
1176	-0.360513	136.862813	0.004839	13.3
1177	-0.498172	136.798548	0.003811	12.8
1178	-0.608667	136.734363	0.004132	17.4
1179	-0.961158	136.670259	0.007340	14.5
1180	-0.088721	136.606235	0.001305	12.5
1181	-0.793331	136.542291	0.007699	18.9
1182	-0.055569	136.478426	0.002154	12.4
1183	-0.000452	136.414641	0.000652	12.2
1184	-0.696732	136.350936	0.004350	15.8
1185	-0.809358	136.287310	0.006805	13.6
1186	-0.349214	136.223763	0.002808	12.3
1187	-0.551103	136.160295	0.006604	19.2
1188	-0.216546	136.096905	0.002792	11.8
1189	-0.598142	136.033594	0.004859	11.9
1190	0.000000	135.970362	0.000000	16.3
1191	-0.785203	135.907208	0.006640	13.4
1192	-0.690786	135.844133	0.004416	12.0
1193	-0.987721	135.781135	0.006104	13.0
1194	-0.583578	135.718215	0.004712	18.0
1195	-0.125573	135.655373	0.003221	12.4
1196	-0.408960	135.592608	0.005833	12.9
1197	-0.064168	135.529921	0.003235	14.8
1198	0.000000	135.467311	0.000000	13.8
1199	-0.001234	135.404778	0.000193	11.7
1200	-0.826877	135.342322	0.006086	16.0
1201	-0.539368	135.279942	0.004682	15.2
1202	-0.021337	135.217640	0.000402	12.2
1203	-0.344252	135.155413	0.002762	13.8
1204	-0.022178	135.093263	0.000604	14.2
1205	-0.119708	135.031190	0.003921	13.8
1206	-0.669745	134.969192	0.006061	12.6
1207	-0.894239	134.907270	0.005116	18.3
1208	-0.614658	134.845424	0.005712	12.5
1209	-0.131574	134.783653	0.003189	12.3
1210	-0.904078	134.721958	0.005401	15.4
1211	-0.084949	134.660338	0.001910	13.7
1212	-0.778786	134.598793	0.006102	12.1
1213	-0.861789	134.537323	0.006922	16.5
1214	-0.797074	134.475927	0.007371	15.1
1215	-0.590560	134.414607	0.005953	13.4
1216	-0.710112	134.353361	0.007053	14.1
1217	-0.770336	134.292189	0.007087	12.2
1218	-0.817429	134.231092	0.005437	14.2
1219	-0.247335	134.170068	0.002094	14.1
1220	-0.834381	134.109119	0.006748	16.3
1221	-0.800918	134.048243	0.005649	12.4
1222	-0.518471	133.987441	0.006057	13.0
1223	-0.854316	133.926713	0.006904	14.9
1224	-0.385681	133.866057	0.004466	14.1
1225	-0.001044	133.805475	0.000063	12.8
1226	-0.241717	133.744966	0.003622	14.5
1227	0.000000	133.684530	0.000000	15.1
1228	-0.932838	133.624167	0.006604	12.8
1229	0.000000	133.563877	0.000000	14.5
1230	-0.587808	133.503658	0.005760	12.9
1231	-0.333592	133.443513	0.005194	12.2
1232	-0.761939	133.383439	0.006861	16.3
1233	-0.633599	133.323437	0.005886	15.0
1234	-0.846845	133.263508	0.006817	12.3
1235	0.000000	133.203650	0.000000	13.1
1236	-0.685676	133.143864	0.004757	14.1
1237	-0.811054	133.084149	0.006767	14.4
1238	0.000000	133.024506	0.000000	13.0
1239	-0.758920	132.964934	0.004655	18.0
1240	-0.842219	132.905433	0.006295	12.4
1241	-0.780977	132.846003	0.006065	12.9
1242	0.000000	132.786643	0.000000	18.5
1243	-0.819813	132.727355	0.005092	11.6
1244	-0.657086	132.668137	0.004852	12.7
1245	-0.184072	132.608989	0.002800	16.4
1246	-0.579291	132.549912	0.006024	13.9
1247	-0.466771	132.490904	0.004391	19.4
1248	-0.589807	132.431967	0.006725	18.5
1249	0.000000	132.373100	0.000000	15.6
1250	-0.911986	132.314302	0.006516	20.5
1251	-0.532266	132.255574	0.006563	17.2
1252	-0.706671	132.196916	0.006620	14.9
1253	-0.667175	132.138326	0.006258	29.3
1254	-0.629675	132.079806	0.007093	17.5
1255	0.000000	132.021355	0.000000	16.9
1256	-0.729568	131.962973	0.006764	24.4
1257	-0.510949	131.904660	0.006442	20.6
1258	-0.331838	131.846415	0.003639	20.6
1259	-0.784340	131.788239	0.006223	19.9
1260	-0.693148	131.730131	0.007677	23.0
1261	-0.000845	131.672092	0.000043	18.3
1262	-0.628656	131.614121	0.007484	17.4
1263	-0.917416	131.556217	0.006383	13.3
1264	-0.373696	131.498382	0.002680	19.1
1265	-0.254233	131.440614	0.005707	12.3
1266	-0.839188	131.382914	0.005510	15.0
1267	-0.805484	131.325282	0.005393	20.5
1268	0.000000	131.267717	0.000000	14.7
1269	-0.771734	131.210219	0.006189	16.8
1270	-0.603751	131.152788	0.006805	17.4
1271	-0.000009	131.095424	0.000005	14.3
1272	-0.032441	131.038127	0.002391	17.3
1273	-0.110053	130.980897	0.002606	17.2
1274	-0.011942	130.923733	0.000572	14.1
1275	-0.632494	130.866636	0.004380	18.4
1276	-0.172663	130.809605	0.002706	16.8
1277	-0.370827	130.752641	0.004655	12.7
1278	0.000000	130.695742	0.000000	15.3
1279	0.000000	130.638910	0.000000	12.3
1280	-0.545391	130.582143	0.006797	15.2
1281	-0.869726	130.525442	0.005409	13.7
1282	-0.457126	130.468807	0.004258	16.6
1283	-0.710132	130.412237	0.005048	12.1
1284	0.000000	130.355733	0.000000	14.7
1285	0.000000	130.299294	0.000000	13.5
1286	-0.370894	130.242920	0.004948	15.4
1287	-1.074832	130.186611	0.007326	14.2
1288	-0.021645	130.130366	0.001126	14.8
1289	0.000000	130.074187	0.000000	20.8
1290	0.000000	130.018072	0.000000	28.8
1291	-0.148447	129.962022	0.003036	21.0
1292	-0.223712	129.906036	0.003534	17.5
1293	0.000000	129.850114	0.000000	26.3
1294	-0.027505	129.794257	0.000888	17.1
1295	-0.841451	129.738463	0.008414	20.3
1296	-0.705786	129.682734	0.007133	24.7
1297	-0.128170	129.627068	0.003149	18.6
1298	-0.401941	129.571466	0.003581	21.9
1299	-0.292601	129.515927	0.002373	16.2
1300	-0.152089	129.460452	0.001902	21.6
1301	-0.049698	129.405040	0.002299	68.5
1302	-0.832546	129.349692	0.007414	23.8
1303	-0.941085	129.294406	0.006587	21.7
1304	-0.869127	129.239183	0.005002	14.0
1305	-0.820462	129.184024	0.006475	11.7
1306	-0.033482	129.128927	0.000979	20.0
1307	-0.680250	129.073892	0.004256	12.1
1308	-0.513245	129.018921	0.006456	12.9
1309	-0.532950	128.964011	0.007072	14.8
1310	-0.643758	128.909164	0.005650	16.2
1311	-0.698847	128.854379	0.005497	12.5
1312	-0.035293	128.799656	0.000975	12.6
1313	0.000000	128.744995	0.000000	16.7
1314	0.000000	128.690396	0.000000	11.8
1315	-0.545643	128.635858	0.004352	12.3
1316	-0.205034	128.581382	0.003468	16.9
1317	-0.627512	128.526968	0.007581	12.7
1318	-0.728602	128.472615	0.005676	13.6
1319	-0.004348	128.418323	0.000218	13.0
1320	-0.723875	128.364092	0.005807	14.2
1321	-0.490228	128.309922	0.005342	12.8
1322	-0.070363	128.255814	0.001142	11.8
1323	-0.663602	128.201766	0.005221	16.1
1324	-0.007948	128.147778	0.000055	12.4
1325	-0.263064	128.093852	0.002169	11.9
1326	-0.640143	128.039985	0.007492	15.8
1327	-0.000000	127.986180	0.000000	12.9
1328	-0.444549	127.932434	0.006022	12.2
1329	-0.606884	127.878749	0.007387	13.9
1330	-0.000059	127.825123	0.000009	16.1
1331	0.000000	127.771558	0.000000	16.3
1332	0.000000	127.718052	0.000000	14.4
1333	0.000000	127.664606	0.000000	14.1
1334	-0.091929	127.611220	0.002768	13.7
1335	-0.422334	127.557893	0.002797	13.2
1336	-0.813580	127.504625	0.005627	15.3
1337	0.000000	127.451417	0.000000	13.1
1338	-0.696099	127.398268	0.006464	12.8
1339	-0.207824	127.345178	0.001753	15.6
1340	0.000000	127.292147	0.000000	12.5
1341	-0.353712	127.239175	0.003330	11.9
1342	-0.610765	127.186261	0.007528	16.1
1343	-0.892868	127.133407	0.007101	13.2
1344	0.000000	127.080610	0.000000	14.4
1345	-0.506237	127.027872	0.005470	14.4
1346	-0.713764	126.975193	0.006639	13.5
1347	-0.533514	126.922572	0.007707	13.3
1348	-0.169181	126.870008	0.002426	13.7
1349	-0.864210	126.817503	0.006253	15.0
1350	-1.033501	126.765056	0.007579	12.2
1351	-0.725175	126.712667	0.005147	12.4
1352	-0.546408	126.660335	0.005753	16.9
1353	-0.460022	126.608061	0.006427	13.7
1354	-0.217365	126.555844	0.003742	12.2
1355	-0.004300	126.503685	0.000000	18.5
1356	-0.123098	126.451583	0.001836	12.8
1357	-0.519251	126.399538	0.005178	13.4
1358	0.000000	126.347550	0.000000	17.0
1359	-0.534502	126.295619	0.005534	12.6
1360	-0.615115	126.243745	0.007178	12.7
1361	0.000000	126.191928	0.000000	18.2
1362	0.000000	126.140168	0.000000	13.8
1363	-0.697873	126.088464	0.007973	14.5
1364	-0.663965	126.036817	0.007732	17.1
1365	0.000000	125.985226	0.000000	13.2
1366	-0.093676	125.933691	0.001550	14.1
1367	-0.001023	125.882212	0.000031	16.8
1368	-0.010505	125.830790	0.000392	12.4
1369	-0.735452	125.779423	0.005711	13.0
1370	0.000000	125.728113	0.000000	18.0
1371	-0.000737	125.676858	0.000019	13.6
1372	-0.867260	125.625659	0.005929	12.7
1373	-0.035439	125.574515	0.001176	19.5
1374	-0.669770	125.523427	0.004372	19.1
1375	-0.546226	125.472394	0.004248	16.7
1376	-0.873789	125.421417	0.007315	14.8
1377	-0.499520	125.370495	0.005567	13.5
1378	-0.760096	125.319628	0.005911	15.0
1379	0.000000	125.268815	0.000000	13.9
1380	-0.134719	125.218058	0.002666	12.4
1381	-0.789173	125.167356	0.005920	14.3
1382	-0.096183	125.116708	0.002355	14.8
1383	-0.641039	125.066115	0.007273	12.7
1384	-0.412217	125.015576	0.002703	13.6
1385	-0.756468	124.965092	0.005530	15.7
1386	-0.755835	124.914662	0.004480	12.7
1387	-0.256680	124.864287	0.006449	13.3
1388	-0.486460	124.813965	0.004976	16.5
1389	-0.013460	124.763698	0.001216	13.5
1390	-0.233919	124.713485	0.003392	14.7
1391	-0.793359	124.663325	0.007264	16.9
1392	0.000000	124.613219	0.000000	12.5
1393	-0.550098	124.563167	0.006328	13.8
1394	-0.722515	124.513168	0.005047	15.9
1395	-0.600718	124.463223	0.007199	12.4
1396	-0.160405	124.413332	0.002405	12.6
1397	0.000000	124.363493	0.000000	17.6
1398	-0.507039	124.313708	0.005258	14.8
1399	-1.021656	124.263976	0.006401	12.5
1400	-0.810239	124.214297	0.005323	14.1
1401	-0.000000	124.164671	0.000000	13.6
1402	-0.824648	124.115097	0.005211	12.1
1403	-0.392259	124.065577	0.003828	13.4
1404	0.000000	124.016109	0.000000	16.2
1405	-0.505082	123.966693	0.004126	11.8
1406	-0.896803	123.917330	0.007709	12.5
1407	-0.672618	123.868020	0.007221	16.1
1408	0.000000	123.818762	0.000000	12.0
1409	-0.741605	123.769556	0.006241	12.2
1410	-0.485561	123.720402	0.005167	12.8
1411	-0.802586	123.671300	0.006887	15.0
1412	-0.525012	123.622250	0.005671	12.9
1413	0.000000	123.573252	0.000000	12.4
1414	0.000000	123.524305	0.000000	16.3
1415	-0.068839	123.475411	0.002233	12.0
1416	-0.340190	123.426568	0.005672	12.1
1417	-0.494221	123.377776	0.006002	12.2
1418	-0.632906	123.329036	0.005404	15.9
1419	-0.524868	123.280347	0.006591	12.3
1420	-0.001114	123.231709	0.000178	11.9
1421	-0.842274	123.183122	0.006899	15.9
1422	0.000000	123.134587	0.000000	12.9
1423	0.000000	123.086102	0.000000	12.4
1424	-0.167444	123.037669	0.002194	14.1
1425	-0.731564	122.989286	0.007653	15.5
1426	-0.781951	122.940954	0.007677	14.0
1427	-0.843715	122.892672	0.007440	13.7
1428	-0.869371	122.844441	0.007323	15.1
1429	-0.346683	122.796261	0.004815	11.9
1430	-0.738688	122.748130	0.006238	12.5
1431	-0.779127	122.700050	0.004322	17.0
1432	-0.743896	122.652021	0.006138	13.4
1433	0.000000	122.604041	0.000000	12.5
1434	-0.862278	122.556111	0.004913	13.9
1435	-0.713201	122.508232	0.004586	14.7
1436	-0.935186	122.460402	0.006970	12.3
1437	-0.231670	122.412622	0.003223	13.4
1438	0.000000	122.364891	0.000000	16.4
1439	-0.393262	122.317210	0.005225	12.5
1440	0.000000	122.269579	0.000000	12.9
1441	0.000000	122.221997	0.000000	17.6
1442	-0.001660	122.174465	0.000071	12.0
1443	-0.378724	122.126981	0.005659	12.5
1444	-0.639607	122.079547	0.006248	16.6
1445	-0.343269	122.032162	0.006182	12.6
1446	-0.055853	121.984826	0.002020	12.5
1447	-0.434556	121.937539	0.005257	13.6
1448	0.000000	121.890301	0.000000	19.5
1449	-0.001410	121.843112	0.000615	19.9
1450	-0.090918	121.795971	0.002040	20.9
1451	-0.315708	121.748879	0.003282	24.2
1452	-0.573755	121.701835	0.006662	20.8
1453	-0.804796	121.654840	0.007439	18.9
1454	-0.043803	121.607893	0.000789	19.4
1455	-0.077997	121.560994	0.001942	21.4
1456	0.000000	121.514144	0.000000	18.5
1457	-0.000058	121.467342	0.000004	24.2
1458	-0.816628	121.420588	0.006274	18.2
1459	-0.435077	121.373882	0.006271	21.3
1460	-0.893056	121.327223	0.006989	18.0
1461	-0.523584	121.280613	0.004000	26.6
1462	0.000000	121.234050	0.000000	29.6
1463	-0.678169	121.187535	0.003514	20.8
1464	0.000000	121.141067	0.000000	19.6
1465	-0.595904	121.094647	0.007343	30.4
1466	-0.608746	121.048274	0.005383	20.4
1467	-0.359266	121.001949	0.007634	19.7
1468	-0.446869	120.955671	0.004166	25.2
1469	-0.699145	120.909440	0.004329	15.3
1470	0.000000	120.863256	0.000000	19.0
1471	0.000000	120.817119	0.000000	17.2
1472	-0.954567	120.771029	0.007805	15.3
1473	-0.829431	120.724986	0.007065	19.3
1474	-0.698577	120.678990	0.006055	15.8
1475	0.000000	120.633040	0.000000	18.8
1476	-0.411790	120.587137	0.003983	48.2
1477	-0.008469	120.541281	0.000244	69.2
1478	-0.928606	120.495471	0.008145	20.5
1479	-0.854844	120.449707	0.005733	22.0
1480	-0.759775	120.403990	0.006262	26.9
1481	-0.501864	120.358319	0.004746	18.6
1482	-0.441107	120.312694	0.005231	25.9
1483	-0.583147	120.267115	0.005203	32.4
1484	0.000000	120.221582	0.000000	19.8
1485	-0.814148	120.176096	0.006249	21.1
1486	-0.699653	120.130655	0.005606	23.1
1487	-0.908159	120.085260	0.007737	17.6
1488	-0.667101	120.039910	0.004826	24.7
1489	-1.123991	119.994606	0.006679	18.9
1490	-0.705092	119.949348	0.006727	21.6
1491	-0.131363	119.904135	0.002393	21.2
1492	-0.770703	119.858968	0.006461	26.5
1493	-0.429470	119.813846	0.004936	24.6
1494	-0.656709	119.768769	0.006268	23.1
1495	-0.528091	119.723738	0.003245	17.3
1496	-0.896431	119.678752	0.005534	21.2
1497	-0.305267	119.633810	0.004564	24.0
1498	-0.007138	119.588914	0.000098	16.1
1499	-0.827680	119.544062	0.006958	22.9
1500	-0.458654	119.499256	0.005614	32.7
1501	-0.961919	119.454494	0.006885	27.5
1502	-0.011158	119.409777	0.000292	21.1
1503	-0.849391	119.365104	0.006431	23.1
1504	-0.806571	119.320476	0.006691	25.8
1505	-0.916482	119.275893	0.005831	16.7
1506	-0.263583	119.231353	0.005841	20.4
1507	-0.957148	119.186859	0.008032	25.8
1508	-0.668338	119.142408	0.006212	21.2
1509	-0.560620	119.098002	0.005014	18.8
1510	0.000000	119.053639	0.000000	21.7
1511	-0.064393	119.009321	0.001075	26.2
1512	-0.803007	118.965047	0.005764	18.9
1513	-0.034440	118.920816	0.002555	21.6
1514	-0.771415	118.876630	0.005755	22.1
1515	-0.874757	118.832487	0.005554	22.1
1516	-0.737329	118.788388	0.004079	19.2
1517	-0.113577	118.744332	0.001990	25.1
1518	-0.126917	118.700320	0.002674	18.8
1519	0.000000	118.656352	0.000000	19.4
1520	-0.306399	118.612427	0.003990	23.6
1521	0.000000	118.568545	0.000000	24.0
1522	-0.007175	118.524706	0.000217	22.3
1523	-0.000217	118.480911	0.000018	19.8
1524	-0.814314	118.437159	0.006977	24.6
1525	-0.000001	118.393450	0.000000	19.1
1526	-0.025548	118.349784	0.001788	24.7
1527	-1.066494	118.306160	0.008155	17.9
1528	-0.239789	118.262580	0.003181	23.6
1529	-0.858530	118.219042	0.006991	26.2
1530	0.000000	118.175548	0.000000	21.3
1531	-0.692076	118.132095	0.006945	18.8
1532	-0.009932	118.088686	0.000270	30.3
1533	-0.003681	118.045319	0.000187	19.5
1534	-1.059191	118.001994	0.007669	23.4
1535	-0.000714	117.958712	0.000027	12.9
1536	-0.475733	117.915472	0.003010	14.0
1537	-0.895845	117.872274	0.007262	14.4
1538	-0.378203	117.829118	0.005734	14.3
1539	-0.000005	117.786005	0.000001	15.3
1540	-0.895505	117.742933	0.006799	14.7
1541	-0.161930	117.699904	0.002041	15.2
1542	-0.899228	117.656916	0.006497	13.9
1543	-0.521819	117.613971	0.003973	18.9
1544	-0.431405	117.571067	0.004671	15.0
1545	0.000000	117.528205	0.000000	15.6
1546	-0.791515	117.485384	0.006099	16.0
1547	-0.742584	117.442605	0.006032	16.5
1548	-0.400286	117.399867	0.003168	20.4
1549	-0.744000	117.357171	0.005098	12.8
1550	0.000000	117.314517	0.000000	21.3
1551	-0.008164	117.271903	0.000289	29.0
1552	-0.952669	117.229331	0.007660	13.1
1553	-0.007987	117.186800	0.000238	12.1
1554	-0.849742	117.144311	0.006266	13.4
1555	-0.337306	117.101862	0.003825	15.2
1556	-0.722389	117.059454	0.004004	14.9
1557	0.000000	117.017087	0.000000	13.2
1558	-0.724322	116.974762	0.004891	18.9
1559	-0.765451	116.932476	0.009260	12.5
1560	-0.902346	116.890232	0.006490	12.6
1561	0.000000	116.848028	0.000000	15.8
1562	-0.799361	116.805865	0.005681	13.1
1563	-0.006341	116.763743	0.000217	12.0
1564	-0.418830	116.721661	0.005740	16.1
1565	-0.001143	116.679619	0.000082	15.4
1566	-0.608814	116.637618	0.006421	12.4
1567	-0.875925	116.595657	0.005283	13.5
1568	-0.305367	116.553736	0.003298	12.8
1569	-1.030177	116.511855	0.007039	13.5
1570	-0.734168	116.470015	0.006660	13.3
1571	-0.745988	116.428214	0.007265	17.2
1572	-0.000002	116.386454	0.000000	12.5
1573	-0.895905	116.344733	0.006488	13.7
1574	0.000000	116.303052	0.000000	15.3
1575	-0.686841	116.261412	0.004370	14.0
1576	-0.739192	116.219810	0.006464	11.7
1577	-0.382677	116.178249	0.004083	16.9
1578	-0.930826	116.136727	0.006037	15.5
1579	-0.009914	116.095245	0.000204	14.1
1580	-0.577818	116.053802	0.004786	18.8
1581	-0.502172	116.012398	0.004765	13.3
1582	-0.818947	115.971034	0.006603	15.2
1583	0.000000	115.929710	0.000000	17.1
1584	0.000000	115.888424	0.000000	13.4
1585	-0.000000	115.847178	0.000000	14.4
1586	-0.536918	115.805970	0.005900	13.3
1587	-0.166114	115.764802	0.001923	15.6
1588	-0.538732	115.723673	0.005592	14.9
1589	-0.026518	115.682583	0.001393	16.6
1590	-0.255811	115.641532	0.002972	13.8
1591	-0.002551	115.600519	0.003096	15.7
1592	-0.000000	115.559546	0.000000	15.7
1593	-0.724262	115.518610	0.006344	13.2
1594	0.000000	115.477714	0.000000	21.9
1595	-0.247425	115.436856	0.003819	19.1
1596	-0.170805	115.396037	0.002795	21.9
1597	-0.902839	115.355256	0.006866	26.1
1598	-0.680828	115.314514	0.007242	18.5
1599	-0.413322	115.273810	0.004200	25.6
1600	-0.392503	115.233144	0.004212	23.4
1601	-0.416875	115.192517	0.004328	23.6
1602	-0.905128	115.151927	0.006482	22.3
1603	-0.661516	115.111376	0.005803	25.5
1604	0.000000	115.070863	0.000000	20.2
1605	-0.669326	115.030388	0.005787	26.5
1606	-0.668350	114.989951	0.007444	17.1
1607	-0.890980	114.949551	0.005679	13.0
1608	-0.198556	114.909190	0.003921	16.1
1609	-1.061353	114.868866	0.008151	16.4
1610	-0.590232	114.828580	0.005888	15.8
1611	-0.834897	114.788332	0.005792	17.9
1612	-0.507569	114.748121	0.003043	17.2
1613	-0.781046	114.707948	0.006408	14.8
1614	-0.715935	114.667812	0.005309	17.7
1615	-0.716800	114.627714	0.006628	16.8
1616	-0.507801	114.587653	0.004465	13.7
1617	-0.845919	114.547629	0.006447	17.7
1618	-0.177625	114.507643	0.002795	16.2
1619	-0.348527	114.467693	0.004910	13.6
1620	-0.915818	114.427781	0.007045	16.1
1621	-0.525220	114.387907	0.006284	16.1
1622	-0.927090	114.348069	0.005439	12.4
1623	-1.110128	114.308268	0.008848	14.5
1624	-0.000000	114.268504	0.000000	12.3
1625	-0.807517	114.228777	0.008671	16.1
1626	-0.868988	114.189086	0.005950	14.2
1627	-0.719968	114.149433	0.004726	15.8
1628	-0.007663	114.109816	0.000136	13.2
1629	-0.950581	114.070235	0.006826	14.5
1630	-0.744494	114.030692	0.006598	12.6
1631	-0.788387	113.991185	0.004906	14.7
1632	-0.870986	113.951714	0.006533	14.0
1633	-0.531969	113.912280	0.005098	15.9
1634	0.000000	113.872882	0.000000	12.1
1635	-0.384144	113.833521	0.004456	13.7
1636	-0.523923	113.794195	0.006997	19.0
1637	-0.797599	113.754906	0.006082	12.2
1638	-0.000109	113.715653	0.000008	14.2
1639	-0.851517	113.676437	0.007141	13.5
1640	-0.868237	113.637256	0.005894	15.4
1641	-0.790932	113.598111	0.008141	13.6
1642	-0.817161	113.559002	0.007551	18.7
1643	-0.352901	113.519929	0.005876	12.6
1644	-0.704240	113.480892	0.006971	13.8
1645	-0.000458	113.441891	0.000096	19.0
1646	0.000000	113.402925	0.000000	12.2
1647	-0.940263	113.363995	0.006146	14.2
1648	-0.849038	113.325101	0.006798	12.8
1649	-0.027595	113.286242	0.001370	17.0
1650	-0.436944	113.247419	0.004973	15.1
1651	0.000000	113.208631	0.000000	19.0
1652	-0.589298	113.169879	0.005023	14.3
1653	-0.864542	113.131162	0.007189	18.3
1654	-0.700465	113.092480	0.005712	16.0
1655	-0.599789	113.053833	0.007574	13.9
1656	-0.000000	113.015222	0.000000	16.0
1657	0.000000	112.976646	0.000000	15.5
1658	-0.621012	112.938105	0.005285	13.2
1659	-0.026060	112.899599	0.000998	18.5
1660	-0.975369	112.861128	0.006267	12.0
1661	-0.903589	112.822692	0.006251	12.9
1662	0.000000	112.784291	0.000000	14.8
1663	-0.600509	112.745924	0.007454	14.3
1664	-0.257265	112.707593	0.003035	12.7
1665	-0.473658	112.669296	0.006841	14.8
1666	-0.835305	112.631034	0.004147	15.7
1667	-0.131235	112.592806	0.001838	13.8
1668	-0.778522	112.554613	0.007131	20.1
1669	-0.781546	112.516455	0.006268	12.5
1670	-0.720060	112.478331	0.005644	13.9
1671	-0.594815	112.440241	0.006979	14.4
1672	-0.358608	112.402186	0.004817	15.3
1673	-0.839746	112.364165	0.007810	14.7
1674	-0.488920	112.326179	0.006206	16.6
1675	-0.245111	112.288227	0.003253	12.7
1676	-0.468618	112.250309	0.005082	13.7
1677	-0.937783	112.212425	0.007875	18.4
1678	-0.560897	112.174575	0.004160	13.8
1679	-0.934136	112.136759	0.006204	16.3
1680	-0.000000	112.098977	0.000000	12.6
1681	-0.839293	112.061229	0.005282	15.4
1682	-0.851299	112.023515	0.005688	15.5
1683	-0.438077	111.985834	0.005642	13.0
1684	-0.864846	111.948188	0.005674	16.4
1685	-0.931880	111.910575	0.007657	15.9
1686	-0.148629	111.872996	0.002236	16.7
1687	0.000000	111.835450	0.000000	12.6
1688	-0.517371	111.797939	0.006083	15.0
1689	-0.553164	111.760460	0.004938	16.9
1690	-0.675677	111.723015	0.006567	13.1
1691	-0.059766	111.685604	0.002422	17.7
1692	0.000000	111.648226	0.000000	17.0
1693	-0.748992	111.610881	0.005872	12.1
1694	-0.626890	111.573570	0.005701	16.6
1695	-0.633208	111.536292	0.006640	15.3
1696	-0.116709	111.499047	0.001149	12.6
1697	0.000000	111.461835	0.000000	14.4
1698	-0.765726	111.424656	0.006502	16.8
1699	-0.587442	111.387510	0.005845	12.9
1700	-0.933734	111.350398	0.007916	15.6
1701	-0.534316	111.313318	0.005896	16.8
1702	0.000000	111.276271	0.000000	12.9
1703	0.000000	111.239257	0.000000	20.9
1704	-0.670388	111.202276	0.006500	12.5
1705	-0.990945	111.165328	0.006528	13.0
1706	-0.156667	111.128412	0.001529	14.1
1707	-0.058052	111.091529	0.001447	15.3
1708	0.000000	111.054679	0.000000	16.1
1709	-0.603914	111.017861	0.005722	14.3
1710	-0.655714	110.981076	0.006577	17.5
1711	-0.000000	110.944323	0.000001	12.6
1712	-0.047985	110.907603	0.000953	16.6
1713	-0.807179	110.870915	0.006591	17.1
1714	-1.019065	110.834259	0.006384	13.4
1715	0.000000	110.797636	0.000000	15.9
1716	-0.812795	110.761045	0.005883	12.8
1717	-0.486493	110.724486	0.004859	14.7
1718	-0.596086	110.687959	0.006285	14.7
1719	-0.914119	110.651465	0.005140	16.7
1720	-0.000000	110.615002	0.000000	12.6
1721	-0.796783	110.578572	0.005287	16.2
1722	-0.760790	110.542173	0.006129	16.7
1723	0.000000	110.505807	0.000000	13.5
1724	-0.066990	110.469472	0.001549	16.0
1725	-0.555794	110.433169	0.005185	16.9
1726	-0.656216	110.396898	0.005274	12.9
1727	-0.919483	110.360659	0.007465	15.7
1728	-0.012667	110.324451	0.000251	12.9
1729	-0.670778	110.288276	0.005385	15.9
1730	-0.872146	110.252131	0.004650	16.1
1731	-0.550703	110.216019	0.005057	14.8
1732	-0.824180	110.179937	0.007337	12.8
1733	-0.725973	110.143888	0.006188	13.9
1734	-0.861367	110.107869	0.006412	18.2
1735	-0.377839	110.071882	0.005425	11.8
1736	-0.408552	110.035927	0.005065	13.6
1737	-0.822721	110.000003	0.007634	13.4
1738	-0.885275	109.964110	0.010567	14.9
1739	-0.696556	109.928248	0.005681	13.4
1740	-0.814128	109.892417	0.007166	17.2
1741	-0.018618	109.856618	0.000336	12.3
1742	-0.887839	109.820850	0.007248	12.8
1743	-0.810732	109.785112	0.005831	17.5
1744	0.000000	109.749406	0.000000	13.0
1745	0.000000	109.713730	0.000000	14.1
1746	0.000000	109.678086	0.000000	16.0
1747	-0.409461	109.642472	0.005523	15.8
1748	-0.607111	109.606890	0.005200	14.5
1749	-0.316878	109.571337	0.004274	15.0
1750	-0.959712	109.535816	0.006132	15.9
1751	-0.905680	109.500326	0.008029	13.9
1752	-0.462466	109.464866	0.005072	21.1
1753	0.000000	109.429436	0.000000	13.3
1754	0.000000	109.394038	0.000000	16.7
1755	-0.929559	109.358669	0.005599	18.3
1756	-0.796662	109.323331	0.006491	12.2
1757	-0.091502	109.288024	0.001174	16.3
1758	-0.122896	109.252747	0.004096	15.7
1759	-0.700616	109.217501	0.004586	13.7
1760	-0.832081	109.182284	0.007795	19.5
1761	0.000000	109.147098	0.000000	13.8
1762	-0.802758	109.111942	0.005148	12.7
1763	-0.871530	109.076817	0.007264	14.6
1764	0.000000	109.041721	0.000000	14.5
1765	-0.879748	109.006656	0.007081	16.9
1766	-0.893652	108.971620	0.007988	15.0
1767	-0.094798	108.936615	0.001990	16.7
1768	-0.392702	108.901640	0.004241	15.0
1769	-0.794806	108.866694	0.005826	17.0
1770	-0.569009	108.831779	0.003341	17.1
1771	-0.888540	108.796893	0.007087	13.2
1772	-0.065069	108.762037	0.001207	15.8
1773	-0.009724	108.727211	0.000268	15.9
1774	-0.960060	108.692415	0.007257	13.6
1775	-0.004659	108.657648	0.000864	15.9
1776	-0.441109	108.622911	0.005551	12.2
1777	-0.895505	108.588203	0.007316	15.9
1778	-0.219549	108.553525	0.003302	14.9
1779	0.000000	108.518877	0.000000	16.6
1780	-0.008442	108.484258	0.000141	12.5
1781	0.000000	108.449668	0.000000	14.5
1782	-0.644356	108.415108	0.006750	14.9
1783	-0.208067	108.380578	0.003040	12.9
1784	-0.736790	108.346076	0.007051	13.6
1785	0.000000	108.311604	0.000000	15.2
1786	-0.446790	108.277161	0.006042	12.1
1787	-0.620515	108.242747	0.004719	13.4
1788	-0.180701	108.208363	0.001502	19.0
1789	-0.674815	108.174007	0.004896	12.0
1790	-0.698966	108.139681	0.005381	13.3
1791	-0.383731	108.105383	0.004978	14.4
1792	-0.041609	108.071115	0.001119	14.8
1793	-0.971618	108.036875	0.008160	12.6
1794	-0.531934	108.002665	0.006450	18.7
1795	-0.000021	107.968483	0.000001	12.1
1796	-0.029094	107.934330	0.000669	12.7
1797	-0.004765	107.900206	0.000271	19.4
1798	-0.627983	107.866111	0.006162	12.0
1799	-0.354013	107.832044	0.003761	13.8
1800	-1.079966	107.798007	0.010122	14.9
1801	0.000000	107.763997	0.000000	14.3
1802	0.000000	107.730017	0.000000	12.5
1803	-0.895474	107.696065	0.006257	19.5
1804	-0.781931	107.662141	0.005868	12.3
1805	-0.635836	107.628246	0.007335	12.9
1806	-0.492808	107.594379	0.005619	19.4
1807	-0.922299	107.560541	0.007545	12.0
1808	-0.787374	107.526731	0.005449	12.7
1809	0.000000	107.492949	0.000000	15.5
1810	0.000000	107.459196	0.000000	15.0
1811	-0.000000	107.425471	0.000000	12.6
1812	0.000000	107.391774	0.000000	20.1
1813	-0.782956	107.358106	0.004745	11.9
1814	-0.466732	107.324465	0.005893	12.7
1815	-0.251787	107.290853	0.002979	19.7
1816	-0.538178	107.257268	0.005787	12.1
1817	-0.817618	107.223712	0.006988	11.8
1818	-0.817202	107.190184	0.005900	16.0
1819	0.000000	107.156683	0.000000	15.7
1820	-0.461702	107.123211	0.005457	12.9
1821	-0.000095	107.089766	0.000005	18.0
1822	-0.449088	107.056349	0.004053	12.1
1823	-0.051345	107.022960	0.000822	13.6
1824	-0.440222	106.989599	0.004054	14.5
1825	0.000000	106.956265	0.000000	14.0
1826	-0.628637	106.922960	0.006038	12.7
1827	-0.609451	106.889681	0.005561	14.8
1828	-0.787602	106.856431	0.006467	15.9
1829	-0.001139	106.823208	0.000022	14.0
1830	-0.587645	106.790012	0.006176	17.8
1831	-0.439277	106.756844	0.005568	11.8
1832	-0.364159	106.723703	0.003721	12.8
1833	-0.634283	106.690590	0.007502	14.6
1834	-0.000000	106.657505	0.000000	14.8
1835	-0.702471	106.624446	0.007003	13.6
1836	-0.621303	106.591415	0.003907	14.3
1837	-0.415077	106.558411	0.005379	16.8
1838	-0.203034	106.525435	0.004109	13.3
1839	-0.030530	106.492485	0.002039	19.2
1840	-0.781021	106.459563	0.006181	12.0
1841	-0.595003	106.426668	0.006114	12.8
1842	-0.612839	106.393800	0.005960	15.4
1843	-0.885958	106.360959	0.006928	15.5
1844	-0.878194	106.328145	0.007096	13.5
1845	-0.788076	106.295358	0.006310	16.6
1846	-0.033468	106.262598	0.001164	16.2
1847	-0.772031	106.229865	0.007014	13.7
1848	-0.013365	106.197158	0.000301	18.6
1849	0.000000	106.164479	0.000000	12.5
1850	-0.028762	106.131826	0.001212	14.5
1851	-0.537659	106.099201	0.006192	16.4
1852	-0.594141	106.066602	0.006568	16.6
1853	-0.540745	106.034029	0.006566	23.9
1854	-0.485640	106.001483	0.005309	20.5
1855	-0.614449	105.968964	0.004872	17.3
1856	-0.785892	105.936472	0.005992	20.4
1857	-0.790874	105.904006	0.004658	16.0
1858	-0.938185	105.871566	0.006534	19.3
1859	-0.000051	105.839153	0.000038	16.9
1860	0.000000	105.806767	0.000000	19.7
1861	-0.112952	105.774407	0.001315	20.2
1862	-0.539114	105.742073	0.005406	19.8
1863	0.000000	105.709766	0.000000	25.7
1864	-0.059927	105.677485	0.001502	40.2
1865	-0.392650	105.645230	0.004641	28.0
1866	-0.150324	105.613001	0.002632	25.8
1867	-0.524250	105.580799	0.005277	23.9
1868	0.000000	105.548623	0.000000	31.8
1869	-0.663801	105.516473	0.005434	24.9
1870	-0.630371	105.484349	0.005866	24.0
1871	-0.836543	105.452251	0.006165	22.5
1872	-0.803058	105.420179	0.004732	24.0
1873	-0.942740	105.388133	0.006561	22.3
1874	-0.762291	105.356113	0.007152	22.5
1875	-0.011305	105.324119	0.000270	23.3
1876	-0.000177	105.292151	0.000075	20.9
1877	0.000000	105.260209	0.000000	19.4
1878	-0.167268	105.228293	0.003343	12.6
1879	-0.762614	105.196402	0.006431	14.2
1880	-0.877963	105.164537	0.005596	13.8
1881	-0.917322	105.132698	0.007388	18.0
1882	-0.660130	105.100885	0.004572	12.9
1883	-0.688417	105.069097	0.005212	14.2
1884	-0.600482	105.037335	0.004941	16.7
1885	-0.748217	105.005598	0.005602	14.0
1886	-0.046862	104.973887	0.001687	21.2
1887	-0.771312	104.942202	0.005845	17.1
1888	-0.347572	104.910542	0.003448	14.3
1889	-0.654193	104.878907	0.006426	18.3
1890	0.000000	104.847298	0.000000	13.2
1891	-0.301989	104.815715	0.004526	12.3
1892	-0.709477	104.784156	0.005429	15.0
1893	-0.686453	104.752623	0.005968	15.3
1894	-0.345768	104.721116	0.003932	12.0
1895	-0.000003	104.689633	0.000013	13.1
1896	-0.913245	104.658176	0.007769	17.3
1897	-0.463332	104.626744	0.005339	12.7
1898	-0.000068	104.595337	0.000019	12.2
1899	-0.696294	104.563955	0.006514	16.4
1900	-0.810242	104.532599	0.006428	12.5
1901	-0.396611	104.501267	0.003737	11.7
1902	-0.854593	104.469960	0.008896	12.8
1903	-0.992575	104.438679	0.006602	16.5
1904	-1.235417	104.407422	0.007447	12.3
1905	-0.593163	104.376191	0.005733	12.8
1906	-0.102072	104.344984	0.001408	17.2
1907	-0.520840	104.313802	0.003899	12.8
1908	-0.651951	104.282645	0.006368	13.6
1909	-0.689114	104.251513	0.005114	14.7
1910	0.000000	104.220405	0.000000	16.3
1911	0.000000	104.189323	0.000000	12.9
1912	-0.299151	104.158265	0.003182	14.7
1913	-0.000000	104.127231	0.000000	18.3
1914	0.000000	104.096222	0.000000	14.2
1915	0.000000	104.065238	0.000000	15.5
1916	-0.439306	104.034279	0.005024	14.9
1917	-0.354918	104.003344	0.003398	12.4
1918	0.000000	103.972433	0.000000	16.6
1919	-0.003388	103.941547	0.000102	14.2
1920	-0.038459	103.910686	0.001063	13.3
1921	0.000000	103.879849	0.000000	15.1
1922	-0.462609	103.849036	0.005156	13.7
1923	-0.722653	103.818248	0.007057	13.8
1924	-0.180589	103.787484	0.002022	14.7
1925	-0.701761	103.756744	0.007263	14.4
1926	-0.000000	103.726029	0.000000	13.1
1927	-0.067347	103.695338	0.001486	14.8
1928	-0.710244	103.664671	0.003865	16.1
1929	-0.747197	103.634028	0.005618	13.6
1930	-1.204089	103.603409	0.008063	21.8
1931	-0.947922	103.572814	0.006330	15.7
1932	-0.009184	103.542244	0.000147	13.9
1933	-0.029103	103.511698	0.000337	12.9
1934	-0.000000	103.481175	0.000000	16.3
1935	-0.238489	103.450677	0.005567	13.8
1936	-0.657983	103.420202	0.005726	13.9
1937	0.000000	103.389752	0.000000	16.2
1938	-0.425733	103.359325	0.005051	13.0
1939	0.000000	103.328922	0.000000	14.4
1940	-0.007705	103.298543	0.000137	17.2
1941	-0.942319	103.268188	0.005762	14.5
1942	-0.898615	103.237857	0.005656	15.0
1943	-0.053864	103.207549	0.002032	15.7
1944	-1.040827	103.177265	0.006981	13.5
1945	-0.492582	103.147005	0.003220	15.0
1946	-0.048753	103.116768	0.000871	16.1
1947	-0.004129	103.086556	0.000000	12.8
1948	-0.193303	103.056366	0.001781	14.7
1949	0.000000	103.026200	0.000000	16.6
1950	-0.646880	102.996058	0.005506	13.7
1951	-0.565462	102.965939	0.004529	12.8
1952	-0.525033	102.935844	0.006679	16.3
1953	0.000000	102.905772	0.000000	12.4
1954	-0.601370	102.875724	0.004840	12.5
1955	-0.608876	102.845699	0.006583	16.3
1956	-0.521245	102.815697	0.003310	12.4
1957	-0.359474	102.785719	0.005027	11.9
1958	-0.837032	102.755764	0.007546	14.1
1959	0.000000	102.725832	0.000000	15.6
1960	-0.924905	102.695924	0.006683	12.1
1961	-0.007581	102.666038	0.000198	12.9
1962	-0.937676	102.636176	0.006627	28.9
1963	-0.624922	102.606337	0.005697	42.4
1964	-0.780859	102.576521	0.007153	24.6
1965	-0.037599	102.546728	0.000381	17.2
1966	-0.288564	102.516959	0.003851	15.6
1967	-0.720249	102.487212	0.006851	13.6
1968	0.000000	102.457488	0.000000	14.6
1969	-0.860856	102.427788	0.005133	11.8
1970	-0.734419	102.398110	0.004461	15.0
1971	0.000000	102.368455	0.000000	13.2
1972	-0.806538	102.338823	0.004180	17.3
1973	-0.630933	102.309214	0.006848	11.9
1974	-0.727115	102.279628	0.007203	13.4
1975	-0.003415	102.250064	0.000092	16.1
1976	-0.583933	102.220524	0.006251	13.2
1977	-0.779991	102.191006	0.005204	12.5
1978	-0.991775	102.161511	0.006290	15.7
1979	0.000000	102.132038	0.000000	15.1
1980	-0.000019	102.102588	0.000016	12.2
1981	-0.453218	102.073161	0.006794	19.9
1982	0.000000	102.043757	0.000000	12.3
1983	-0.960397	102.014375	0.006395	12.8
1984	0.000000	101.985015	0.000000	15.3
1985	-0.005336	101.955678	0.000102	14.4
1986	-0.807482	101.926364	0.005466	12.4
1987	0.000000	101.897072	0.000000	16.6
1988	-0.007732	101.867802	0.000691	16.1
1989	-0.178279	101.838555	0.003703	13.0
1990	-0.032702	101.809330	0.000235	19.4
1991	-0.000233	101.780128	0.000040	12.2
1992	-1.195920	101.750948	0.008160	13.7
1993	0.000000	101.721790	0.000000	15.5
1994	-0.009996	101.692654	0.000469	14.0
1995	-0.800938	101.663541	0.005521	14.9
1996	-0.759196	101.634450	0.007261	16.8
1997	0.000000	101.605381	0.000000	18.5
1998	-0.714401	101.576335	0.005371	15.7
1999	0.000000	101.547310	0.000000	16.5
