1:ItNr	2:Metric	3:StepSize	4:||Gradient||	Time[ms]
0	-0.053285	627.201626	0.001183	1117.3
1	-1.448486	623.504937	0.008860	7.6
2	-0.000046	619.865785	0.000009	7.5
3	-0.972543	616.282728	0.007584	7.4
4	-1.475189	612.754375	0.010862	7.5
5	-1.457927	609.279381	0.010058	7.4
6	-0.689715	605.856447	0.015236	7.5
7	-0.019786	602.484317	0.001588	7.4
8	-1.333027	599.161779	0.010114	7.4
9	-0.130478	595.887656	0.000728	7.4
10	-1.299129	592.660813	0.010959	7.5
11	-1.092622	589.480151	0.012957	7.5
12	-1.448768	586.344606	0.015711	7.4
13	-1.302594	583.253145	0.009588	10.8
14	-0.586875	580.204771	0.002739	7.8
15	-0.961008	577.198517	0.012006	7.5
16	-1.492351	574.233444	0.009054	7.6
17	-0.102809	571.308645	0.001917	7.4
18	-0.654249	568.423237	0.011037	7.7
19	-0.719356	565.576365	0.008256	9.7
20	-1.121337	562.767201	0.010769	8.4
21	-0.883876	559.994938	0.005155	7.6
22	-0.976349	557.258797	0.011050	7.5
23	-0.000000	554.558018	0.000000	8.0
24	-0.000230	551.891865	0.000029	11.2
25	-1.127055	549.259621	0.016099	7.4
26	-0.435613	546.660592	0.013281	8.1
27	-0.715738	544.094102	0.003647	7.4
28	0.000000	541.559494	0.000000	7.4
29	-0.071689	539.056129	0.001200	7.3
30	-1.475551	536.583387	0.020628	9.6
31	-1.553628	534.140663	0.012615	8.2
32	-1.072360	531.727370	0.012092	7.5
33	-0.534457	529.342935	0.003404	7.0
34	-0.000000	526.986802	0.000000	7.8
35	-0.735159	524.658430	0.013096	7.3
36	-0.018849	522.357290	0.001372	7.3
37	-1.068823	520.082868	0.010358	7.4
38	-0.710003	517.834665	0.006010	7.4
39	-1.097978	515.612193	0.014392	7.6
40	-1.472096	513.414976	0.005945	7.5
41	-1.351068	511.242551	0.013372	7.4
42	-0.765978	509.094468	0.010245	7.4
43	-1.169307	506.970285	0.014818	7.4
44	-1.279609	504.869574	0.013506	7.6
45	-0.000000	502.791916	0.000000	9.7
46	-0.092422	500.736903	0.002119	9.4
47	-0.702179	498.704137	0.009218	7.5
48	-0.000018	496.693228	0.000004	7.0
49	-1.537728	494.703798	0.008511	7.5
50	-0.821445	492.735476	0.008051	7.4
51	-0.000000	490.787900	0.000000	7.4
52	-1.083956	488.860718	0.010253	9.9
53	-0.882776	486.953585	0.008738	8.9
54	-1.213208	485.066164	0.027921	7.4
55	-0.017790	483.198126	0.001545	7.5
56	-1.649713	481.349149	0.007634	7.3
57	-1.198511	479.518920	0.010213	7.4
58	-0.163111	477.707132	0.002372	7.3
59	-0.810987	475.913485	0.005946	7.7
60	-0.074599	474.137684	0.000201	7.5
61	-1.133400	472.379445	0.008409	7.4
62	-0.171338	470.638485	0.003332	7.4
63	-1.656929	468.914531	0.005397	7.4
64	-1.020831	467.207315	0.024427	7.4
65	-0.000000	465.516573	0.000000	7.0
66	-1.401493	463.842050	0.015937	7.4
67	-0.694476	462.183494	0.011541	8.7
68	-0.711040	460.540658	0.005792	9.7
69	-1.411285	458.913303	0.012137	7.4
70	-0.517816	457.301192	0.008174	7.6
71	-1.009960	455.704096	0.007137	8.2
72	-1.083418	454.121787	0.023337	7.6
73	-1.050792	452.554045	0.005547	7.4
74	-0.307169	451.000653	0.003638	10.8
75	-1.203560	449.461399	0.011558	7.4
76	-1.429632	447.936075	0.019709	7.3
77	-0.686840	446.424477	0.013428	7.4
78	-0.480526	444.926406	0.004197	7.4
79	-0.467728	443.441666	0.005208	7.3
80	-0.000000	441.970065	0.000000	7.4
81	-0.000000	440.511415	0.000000	7.7
82	-1.846309	439.065533	0.008480	8.2
83	-1.016316	437.632238	0.008791	7.6
84	-1.248708	436.211351	0.009976	7.4
85	-0.000000	434.802701	0.000000	7.6
86	-0.869211	433.406117	0.012531	7.4
87	-1.050618	432.021430	0.006768	7.4
88	-1.041565	430.648479	0.008665	7.4
89	-0.000012	429.287101	0.000003	10.5
90	-0.442827	427.937140	0.004092	7.6
91	-0.125127	426.598440	0.000926	8.1
92	-1.371077	425.270849	0.004325	7.4
93	-0.040168	423.954220	0.001355	8.4
94	-0.645722	422.648404	0.033511	7.4
95	-1.171715	421.353259	0.013006	8.5
96	-0.545928	420.068643	0.004833	9.8
97	-0.453435	418.794419	0.002767	7.5
98	-1.266415	417.530451	0.015404	7.4
99	-0.512060	416.276604	0.002635	7.4
100	-0.927832	415.032748	0.009341	7.4
101	-1.173693	413.798754	0.012746	7.5
102	-1.279556	412.574495	0.013723	7.5
103	-1.254884	411.359849	0.007391	7.3
104	-0.006401	410.154691	0.000083	7.4
105	-1.054375	408.958904	0.016865	7.4
106	-1.014020	407.772368	0.016392	7.6
107	-1.136448	406.594968	0.016879	7.3
108	-1.514645	405.426590	0.017042	8.4
109	-1.366828	404.267122	0.010751	7.4
110	-1.397525	403.116456	0.009286	7.8
111	-1.105666	401.974481	0.009779	10.1
112	-0.259766	400.841093	0.001864	7.4
113	-0.267178	399.716187	0.003887	8.2
114	-1.262461	398.599660	0.014414	7.6
115	-0.722528	397.491411	0.008312	7.4
116	-0.000000	396.391342	0.000000	7.4
117	-1.045591	395.299353	0.018285	9.4
118	-0.652555	394.215350	0.007088	9.1
119	-0.131594	393.139238	0.001154	7.4
120	-0.236884	392.070924	0.002065	7.3
121	-0.339821	391.010316	0.004835	7.3
122	-1.267943	389.957325	0.013381	7.5
123	-0.846453	388.911862	0.008021	7.4
124	-0.004339	387.873839	0.000451	7.3
125	-1.639788	386.843173	0.007901	8.2
126	-1.606746	385.819777	0.032488	8.3
127	-0.000000	384.803569	0.000000	7.5
128	-0.544404	383.794468	0.005548	7.4
129	-0.000021	382.792393	0.000005	7.4
130	-0.459672	381.797264	0.008582	7.4
131	-0.336281	380.809005	0.002483	7.5
132	-0.000000	379.827537	0.000000	9.0
133	-1.006528	378.852786	0.005045	11.7
134	-0.318459	377.884678	0.004479	7.7
135	-0.592697	376.923138	0.004848	7.9
136	-1.236009	375.968095	0.017120	7.8
137	-0.373782	375.019479	0.003166	7.5
138	-0.873500	374.077218	0.007650	8.5
139	-1.146541	373.141244	0.017381	7.6
140	-0.424907	372.211489	0.002912	8.7
141	-1.145013	371.287887	0.016284	7.4
142	-0.791447	370.370370	0.010856	8.1
143	-1.131491	369.458876	0.017142	7.5
144	-1.184275	368.553338	0.010945	7.4
145	-0.002550	367.653696	0.000226	8.8
146	-1.247590	366.759885	0.012409	7.4
147	-0.003396	365.871846	0.000354	7.5
148	-0.023119	364.989518	0.000848	8.3
149	-1.023983	364.112841	0.007777	7.4
150	-1.240966	363.241757	0.008524	7.3
151	-0.732485	362.376208	0.006039	7.5
152	-1.099698	361.516137	0.012919	7.4
153	-0.000005	360.661488	0.000001	7.3
154	-0.853582	359.812206	0.010537	8.1
155	-0.015471	358.968236	0.000333	7.4
156	-1.090976	358.129524	0.019435	7.6
157	-0.671232	357.296018	0.011939	8.1
158	-0.000000	356.467665	0.000000	7.4
159	-1.524409	355.644414	0.022772	7.8
160	-1.361004	354.826213	0.008777	7.5
161	-1.485433	354.013012	0.015048	7.6
162	-0.629551	353.204763	0.004469	7.4
163	-0.127104	352.401415	0.004644	7.4
164	-1.066266	351.602922	0.016112	7.4
165	-0.141590	350.809235	0.002121	7.4
166	-1.436054	350.020308	0.018714	7.6
167	-0.794127	349.236095	0.008280	7.4
168	-0.000000	348.456550	0.000000	7.5
169	-0.218393	347.681627	0.003777	7.5
170	-1.384304	346.911283	0.010496	8.4
171	-0.000000	346.145474	0.000000	7.6
172	-1.469752	345.384157	0.012453	8.7
173	-0.616372	344.627288	0.005470	7.5
174	-0.997117	343.874826	0.018123	7.4
175	-1.154962	343.126729	0.015271	8.4
176	-0.000006	342.382957	0.000001	7.1
177	-0.202784	341.643469	0.009154	7.6
178	-1.058564	340.908224	0.015665	7.4
179	-0.427585	340.177184	0.003992	7.3
180	-1.248887	339.450309	0.011921	7.3
181	-1.611229	338.727561	0.019754	7.4
182	-0.947885	338.008902	0.006163	8.0
183	-0.005273	337.294295	0.000639	7.4
184	-0.858557	336.583703	0.013927	7.4
185	-0.291452	335.877089	0.004436	7.4
186	-0.286109	335.174416	0.002158	7.5
187	-1.316247	334.475651	0.013063	7.4
188	-0.000000	333.780756	0.000000	7.4
189	-1.215005	333.089698	0.008122	7.5
190	-1.351846	332.402443	0.005917	7.5
191	-0.833263	331.718955	0.004459	7.4
192	-0.000057	331.039203	0.000010	7.4
193	-0.610621	330.363153	0.004991	7.4
194	-1.269108	329.690771	0.008120	7.4
195	-0.710379	329.022027	0.008211	7.5
196	-0.067539	328.356888	0.001419	7.4
197	-0.007396	327.695322	0.000654	7.4
198	-0.063868	327.037299	0.001757	7.1
199	-1.179525	326.382787	0.003837	7.5
200	-0.902180	325.731758	0.006816	7.4
201	-0.477817	325.084179	0.003767	7.4
202	-1.001044	324.440023	0.017154	7.4
203	-0.132725	323.799258	0.001290	7.9
204	-0.868758	323.161858	0.009957	7.5
205	-1.348857	322.527792	0.008456	7.5
206	-0.007243	321.897034	0.000315	7.4
207	-0.000000	321.269554	0.000000	7.4
208	-0.001634	320.645325	0.000129	7.3
209	-1.075462	320.024320	0.010313	7.6
210	-0.219122	319.406512	0.003024	7.4
211	-1.306706	318.791875	0.013438	7.4
212	-1.171707	318.180381	0.009360	8.3
213	-0.748012	317.572005	0.004774	7.4
214	-0.221081	316.966721	0.002703	7.4
215	-1.326569	316.364504	0.017590	7.4
216	-0.384406	315.765329	0.002190	7.4
217	-0.000000	315.169170	0.000000	7.5
218	0.000000	314.576003	0.000000	7.4
219	-1.597472	313.985804	0.013282	7.4
220	-1.317664	313.398548	0.012532	7.3
221	-1.335734	312.814213	0.014246	7.5
222	-0.009893	312.232773	0.000676	7.3
223	-0.000362	311.654207	0.000037	7.3
224	-1.465347	311.078491	0.015563	7.4
225	-0.024582	310.505602	0.000791	7.4
226	-0.000007	309.935518	0.000002	7.6
227	-1.516164	309.368217	0.017697	7.3
228	-1.122256	308.803676	0.011570	7.3
229	-1.610361	308.241874	0.006914	7.4
230	-0.565045	307.682789	0.011180	7.5
231	-1.518388	307.126400	0.014165	7.4
232	-0.309003	306.572687	0.004926	7.4
233	-1.196058	306.021627	0.015413	7.4
234	-0.681687	305.473201	0.003293	7.7
235	-0.552842	304.927388	0.000951	7.4
236	-0.416676	304.384168	0.016533	7.3
237	-0.000000	303.843521	0.000000	7.5
238	-0.000000	303.305427	0.000000	7.4
239	-0.193881	302.769867	0.002008	7.5
240	-1.063844	302.236821	0.017357	7.3
241	-0.019172	301.706270	0.000407	7.3
242	-1.459361	301.178196	0.009392	7.3
243	-0.724696	300.652580	0.007886	7.5
244	-1.218301	300.129402	0.014780	7.6
245	-0.547183	299.608645	0.004566	7.4
246	-0.704715	299.090291	0.008990	7.3
247	-1.364015	298.574321	0.012946	7.7
248	-1.163940	298.060718	0.010235	7.5
249	-0.860888	297.549465	0.002814	7.4
250	-0.098142	297.040543	0.000978	7.3
251	-0.278126	296.533936	0.003222	7.4
252	-1.062452	296.029626	0.006206	7.5
253	-0.492034	295.527597	0.012069	8.2
254	-0.917662	295.027832	0.008765	7.3
255	-0.000011	294.530315	0.000003	7.4
256	-1.366913	294.035028	0.009946	7.4
257	-0.199708	293.541956	0.003071	7.4
258	-0.065447	293.051083	0.000904	7.6
259	-0.927117	292.562393	0.007109	7.4
260	-0.000000	292.075870	0.000000	7.4
261	-1.151805	291.591498	0.003546	7.5
262	-1.417385	291.109263	0.021204	7.3
263	-1.121905	290.629149	0.011380	7.4
264	-1.149808	290.151140	0.017246	7.4
265	-1.324616	289.675222	0.010445	7.5
266	-1.333996	289.201380	0.025007	7.4
267	-0.036650	288.729600	0.000980	7.4
268	-0.978803	288.259866	0.011073	7.4
269	-0.655239	287.792165	0.006318	7.3
270	-0.832654	287.326481	0.008911	7.5
271	-0.873477	286.862802	0.013324	8.0
272	-0.373588	286.401113	0.001560	7.4
273	-0.454140	285.941400	0.011589	7.4
274	-1.028758	285.483649	0.007528	7.8
275	-0.767228	285.027847	0.007915	7.4
276	-0.134941	284.573981	0.001828	7.4
277	-1.463304	284.122037	0.007771	7.2
278	-1.090654	283.672002	0.016983	7.5
279	-0.416379	283.223863	0.003036	8.7
280	-1.435418	282.777607	0.018017	7.4
281	-0.041135	282.333221	0.001210	7.4
282	-0.006154	281.890692	0.000078	7.4
283	-1.183094	281.450008	0.015048	7.5
284	-1.379835	281.011157	0.009297	7.4
285	-1.529961	280.574125	0.010728	7.4
286	-0.387956	280.138901	0.011265	7.4
287	-0.000215	279.705473	0.000029	7.5
288	-0.807526	279.273829	0.007274	7.4
289	-1.257107	278.843956	0.018395	7.4
290	-0.000000	278.415844	0.000000	8.2
291	-0.567521	277.989479	0.010130	8.0
292	-0.634849	277.564851	0.004733	8.1
293	-1.215672	277.141949	0.011167	7.9
294	-1.524535	276.720761	0.013331	7.8
295	-0.112179	276.301275	0.001787	7.8
296	-0.855478	275.883480	0.019332	7.8
297	-0.831044	275.467366	0.005059	7.9
298	-0.971689	275.052922	0.005054	7.8
299	-0.720887	274.640136	0.002989	8.4
300	-0.977857	274.228998	0.016554	8.2
301	-1.508897	273.819497	0.016657	8.4
302	-1.101902	273.411623	0.009890	8.3
303	-1.236354	273.005365	0.016350	8.2
304	-0.051337	272.600712	0.001593	10.1
305	-1.094321	272.197655	0.015257	9.7
306	-1.479891	271.796184	0.010306	8.0
307	-1.416487	271.396287	0.012068	8.4
308	-0.064144	270.997956	0.001101	8.0
309	-1.177814	270.601180	0.009980	8.0
310	-0.000001	270.205949	0.000000	7.8
311	-0.095752	269.812254	0.002147	8.2
312	-0.501864	269.420085	0.004684	7.9
313	-0.211835	269.029432	0.001980	7.9
314	-0.686365	268.640287	0.003308	7.9
315	-1.138811	268.252638	0.014410	8.1
316	-1.088495	267.866478	0.009615	8.1
317	-1.277652	267.481796	0.007402	7.9
318	-1.538967	267.098584	0.009048	8.0
319	-1.214006	266.716833	0.003988	8.2
320	-0.004579	266.336533	0.000398	8.3
321	-0.818503	265.957676	0.008306	8.1
322	-0.000000	265.580253	0.000000	8.3
323	-0.366773	265.204254	0.007097	8.2
324	0.000000	264.829672	0.000000	7.9
325	-0.469521	264.456497	0.011830	8.3
326	-0.000013	264.084721	0.000002	8.2
327	-1.439443	263.714335	0.012308	8.9
328	-0.477027	263.345332	0.003574	7.8
329	-0.637587	262.977702	0.023725	7.6
330	-0.004032	262.611438	0.000315	7.7
331	-0.754938	262.246531	0.004607	7.5
332	-1.145945	261.882973	0.010275	7.7
333	-0.882140	261.520756	0.002747	7.8
334	-0.000218	261.159871	0.000041	7.3
335	-0.533855	260.800312	0.005589	8.0
336	-0.642299	260.442070	0.006161	8.0
337	-0.871940	260.085137	0.006749	7.9
338	-1.371645	259.729505	0.009472	7.7
339	-0.969835	259.375167	0.010226	7.8
340	-1.356001	259.022116	0.016387	8.3
341	-0.922038	258.670343	0.015462	7.7
342	-0.000000	258.319841	0.000000	7.7
343	-1.532845	257.970602	0.022199	7.8
344	-0.000029	257.622620	0.000007	8.1
345	-0.957541	257.275887	0.012645	7.9
346	-1.260952	256.930396	0.004975	7.7
347	-1.388641	256.586139	0.014997	7.8
348	-0.000000	256.243109	0.000000	7.9
349	-1.619653	255.901300	0.014035	7.8
350	-1.003545	255.560703	0.017117	8.0
351	-1.404386	255.221313	0.011279	7.8
352	-0.591920	254.883122	0.004005	8.2
353	-1.117186	254.546124	0.018621	7.9
354	-1.328303	254.210311	0.017409	7.6
355	-0.010710	253.875677	0.000844	8.3
356	-0.223768	253.542215	0.002312	7.5
357	-1.581316	253.209918	0.011018	8.0
358	-0.670298	252.878781	0.012501	7.7
359	-0.000000	252.548795	0.000000	7.6
360	-0.811688	252.219956	0.005473	7.5
361	-0.682888	251.892255	0.004020	7.8
362	-0.005050	251.565688	0.000314	7.6
363	-1.258507	251.240247	0.012598	7.8
364	-0.370179	250.915926	0.005879	7.6
365	-0.700340	250.592720	0.013271	7.5
366	-0.164816	250.270621	0.000864	7.5
367	-1.276414	249.949624	0.009984	7.4
368	-0.658627	249.629723	0.009270	8.1
369	-1.402685	249.310911	0.009099	7.4
370	-0.000304	248.993182	0.000065	7.5
371	-0.448612	248.676531	0.002533	7.4
372	-0.000000	248.360952	0.000000	7.4
373	-1.070430	248.046438	0.009369	7.4
374	-1.622708	247.732984	0.014845	8.3
375	-1.308322	247.420584	0.014189	7.4
376	-0.725742	247.109233	0.008308	8.6
377	-0.000000	246.798924	0.000000	7.8
378	-1.139920	246.489652	0.005855	7.8
379	-0.000119	246.181412	0.000023	8.6
380	-0.523590	245.874197	0.011765	8.2
381	-1.408608	245.568002	0.007891	8.2
382	-1.823543	245.262822	0.014058	8.1
383	-0.161070	244.958652	0.002337	7.9
384	-1.628424	244.655485	0.018945	8.1
385	-0.814412	244.353317	0.015276	8.0
386	-0.000001	244.052142	0.000000	8.2
387	-0.306229	243.751955	0.004180	8.1
388	-0.014877	243.452750	0.000783	7.9
389	-0.000000	243.154523	0.000000	8.1
390	-0.863120	242.857268	0.013922	8.3
391	-1.572563	242.560980	0.019449	8.4
392	-1.015439	242.265654	0.005209	8.1
393	-0.007761	241.971285	0.000447	8.3
394	-1.297660	241.677868	0.012452	8.3
395	-1.299066	241.385397	0.007480	7.7
396	-1.092069	241.093869	0.010528	7.9
397	-0.000001	240.803278	0.000000	8.0
398	-1.318713	240.513619	0.008658	12.3
399	-0.012079	240.224887	0.001120	8.1
400	-0.131836	239.937077	0.001934	9.4
401	-0.009984	239.650186	0.000586	9.3
402	-0.000000	239.364207	0.000000	9.8
403	-0.330709	239.079136	0.005401	7.9
404	-1.711758	238.794969	0.010234	7.8
405	-1.348006	238.511701	0.014771	7.9
406	-0.526666	238.229327	0.018209	7.8
407	-0.000000	237.947843	0.000000	7.8
408	-0.199979	237.667244	0.003086	7.8
409	-1.317826	237.387526	0.006176	7.9
410	-1.169019	237.108684	0.005165	7.8
411	-0.000000	236.830714	0.000000	7.9
412	-1.534197	236.553610	0.016028	7.8
413	-0.682916	236.277370	0.020656	7.8
414	-1.199903	236.001989	0.013835	8.3
415	-1.549142	235.727461	0.011796	7.8
416	-1.025121	235.453784	0.008731	7.9
417	-0.554805	235.180952	0.006846	7.8
418	-0.531987	234.908962	0.005991	8.1
419	-0.659708	234.637809	0.005129	7.7
420	-0.972287	234.367488	0.009283	7.7
421	-0.866911	234.097997	0.007729	7.4
422	-1.266154	233.829331	0.011747	8.3
423	-1.232229	233.561485	0.010373	8.0
424	-0.633493	233.294456	0.006624	7.9
425	-1.358272	233.028239	0.011988	7.9
426	-0.993279	232.762831	0.011774	8.1
427	-0.000000	232.498228	0.000000	7.6
428	-0.520222	232.234425	0.010889	8.3
429	-1.570325	231.971419	0.010213	7.5
430	-1.136337	231.709205	0.011724	8.1
431	-0.242505	231.447781	0.005203	7.7
432	-1.183680	231.187141	0.014568	9.8
433	-0.092716	230.927283	0.001305	7.4
434	-0.865904	230.668202	0.005320	9.3
435	-0.000000	230.409895	0.000000	7.9
436	-0.039563	230.152358	0.001532	7.9
437	-0.785813	229.895587	0.004869	7.9
438	-1.618179	229.639578	0.008659	8.1
439	-0.896530	229.384329	0.009565	7.9
440	-0.103938	229.129834	0.001265	7.4
441	-1.270499	228.876091	0.012047	9.2
442	-0.000000	228.623096	0.000000	9.0
443	-0.836363	228.370846	0.007715	8.1
444	-0.000340	228.119336	0.000049	7.9
445	-0.000007	227.868563	0.000002	7.9
446	-0.347595	227.618525	0.006020	8.4
447	-1.225233	227.369216	0.012714	7.9
448	-1.167421	227.120635	0.002250	9.8
449	-0.056648	226.872777	0.001556	8.0
450	-0.243055	226.625638	0.003157	8.2
451	-1.143473	226.379217	0.013067	8.4
452	-0.784142	226.133509	0.002922	9.1
453	-0.000000	225.888510	0.000000	8.0
454	-0.040141	225.644218	0.001325	8.2
455	-0.169905	225.400630	0.003411	7.9
456	-1.543308	225.157741	0.017208	7.4
457	-0.588573	224.915549	0.002980	8.3
458	-0.142593	224.674051	0.001644	7.6
459	-1.291934	224.433242	0.009404	9.9
460	-0.650410	224.193121	0.007231	7.9
461	0.000000	223.953684	0.000000	8.1
462	-1.270377	223.714927	0.036685	8.2
463	-0.955464	223.476848	0.011282	7.9
464	-0.906482	223.239444	0.009164	8.1
465	-0.366194	223.002710	0.006953	7.9
466	-1.340045	222.766645	0.003084	9.8
467	-1.275476	222.531245	0.012794	10.4
468	-1.323175	222.296508	0.013341	8.9
469	-1.319505	222.062429	0.010311	7.8
470	-0.948574	221.829007	0.008322	8.0
471	-1.709819	221.596238	0.008630	8.5
472	-0.614545	221.364119	0.005839	7.8
473	-0.493223	221.132647	0.003449	8.4
474	-1.299062	220.901820	0.007771	8.4
475	-0.000000	220.671634	0.000000	8.1
476	-1.515012	220.442086	0.013369	10.9
477	-0.832716	220.213174	0.013755	12.6
478	-0.790927	219.984895	0.004824	42.6
479	-1.305991	219.757246	0.012419	16.3
480	-1.472834	219.530224	0.011896	12.0
481	-1.006352	219.303826	0.009175	17.0
482	-1.412668	219.078050	0.015424	11.8
483	-0.007168	218.852893	0.000464	7.6
484	-1.498532	218.628352	0.014781	7.5
485	-1.337938	218.404424	0.010112	7.5
486	-1.548682	218.181106	0.031666	8.0
487	-1.135521	217.958397	0.006759	7.5
488	-0.033914	217.736292	0.001115	7.5
489	-1.082115	217.514790	0.010824	7.5
490	-0.370206	217.293888	0.013795	7.8
491	-1.453890	217.073584	0.015446	7.5
492	-0.023826	216.853873	0.000303	7.5
493	-0.000002	216.634755	0.000000	7.4
494	-1.267874	216.416227	0.016196	7.5
495	-0.268251	216.198285	0.002448	8.1
496	-0.000000	215.980927	0.000000	7.5
497	-0.761670	215.764151	0.006662	7.5
498	-0.020932	215.547955	0.000659	7.5
499	-0.224081	215.332335	0.003590	7.7
500	-0.759093	215.117289	0.015619	7.4
501	-1.345092	214.902815	0.015518	7.6
502	-1.145783	214.688911	0.011220	8.9
503	-1.273554	214.475573	0.011589	7.8
504	-0.141932	214.262800	0.003901	7.5
505	-1.475445	214.050588	0.009030	7.4
506	-0.619036	213.838936	0.008269	7.9
507	-0.062979	213.627842	0.001818	7.9
508	-0.114989	213.417302	0.000737	7.8
509	-0.805631	213.207314	0.003378	8.2
510	-1.354546	212.997877	0.012207	7.8
511	-0.848904	212.788987	0.014854	7.9
512	-0.109129	212.580642	0.001324	8.6
513	-0.486083	212.372841	0.018506	7.8
514	-0.191235	212.165581	0.002099	7.7
515	-0.000000	211.958859	0.000000	8.0
516	-0.724293	211.752673	0.007713	8.4
517	-1.475748	211.547021	0.009970	8.5
518	-0.796355	211.341902	0.005562	8.1
519	-0.900684	211.137311	0.005863	9.8
520	-1.383853	210.933248	0.005961	8.7
521	-0.156321	210.729710	0.002285	8.0
522	-0.001420	210.526695	0.000068	7.9
523	-1.533492	210.324200	0.010687	7.8
524	-1.643901	210.122224	0.021064	8.8
525	-1.657960	209.920765	0.007103	7.7
526	-0.492830	209.719820	0.011664	7.8
527	-1.270784	209.519387	0.010886	7.7
528	-0.000000	209.319463	0.000000	7.6
529	-1.121872	209.120048	0.016577	7.7
530	-0.519334	208.921139	0.007464	7.8
531	-0.372719	208.722733	0.003609	7.9
532	-1.286802	208.524829	0.005427	8.1
533	-1.282283	208.327425	0.008071	7.7
534	-1.168514	208.130518	0.019377	7.7
535	-0.127205	207.934107	0.002338	7.9
536	-0.000000	207.738189	0.000000	8.1
537	-0.000000	207.542762	0.000000	7.8
538	-0.722805	207.347825	0.017143	8.1
539	-0.162488	207.153376	0.003455	7.5
540	-0.208453	206.959412	0.003978	8.4
541	-0.835551	206.765932	0.005710	7.4
542	-0.061927	206.572933	0.000977	7.6
543	-0.736662	206.380414	0.002725	7.7
544	-0.000000	206.188373	0.000000	7.6
545	-1.310093	205.996807	0.008984	7.3
546	-1.253843	205.805716	0.005180	7.6
547	-0.000000	205.615096	0.000000	7.5
548	-0.643823	205.424946	0.011430	7.5
549	-1.059182	205.235265	0.011523	7.7
550	-0.921930	205.046050	0.014178	8.2
551	-0.940347	204.857299	0.010628	7.4
552	-1.256175	204.669011	0.014739	7.4
553	-1.415818	204.481184	0.020663	7.7
554	-1.553348	204.293816	0.018139	7.4
555	-0.413662	204.106905	0.006503	7.4
556	-0.825859	203.920449	0.007873	7.9
557	-1.204857	203.734447	0.009505	7.4
558	-0.000000	203.548896	0.000000	7.7
559	-0.000000	203.363795	0.000000	7.8
560	-0.616227	203.179143	0.012440	7.8
561	-1.413495	202.994937	0.017371	7.8
562	-1.070846	202.811176	0.010713	8.0
563	-1.077560	202.627857	0.021585	7.8
564	-1.421960	202.444980	0.010071	7.9
565	-0.478004	202.262543	0.005462	7.7
566	-1.379505	202.080543	0.014468	8.0
567	-1.650176	201.898979	0.005422	7.5
568	-0.123107	201.717849	0.002219	7.8
569	-1.173512	201.537153	0.006803	7.8
570	-1.166414	201.356887	0.004245	8.1
571	-0.916198	201.177050	0.012082	7.9
572	-0.068508	200.997642	0.002269	7.9
573	-0.013633	200.818659	0.000422	7.9
574	-1.000300	200.640100	0.010673	8.3
575	-0.000000	200.461965	0.000000	8.5
576	-0.000349	200.284250	0.000055	7.9
577	-0.506033	200.106955	0.003492	7.9
578	-0.922601	199.930078	0.006342	8.1
579	-1.018070	199.753617	0.010366	9.0
580	-0.042650	199.577571	0.001076	7.9
581	-0.000000	199.401938	0.000000	8.6
582	-1.282127	199.226717	0.013354	8.2
583	-1.256408	199.051905	0.011705	8.1
584	-0.176169	198.877502	0.003625	8.1
585	-0.000008	198.703506	0.000001	8.0
586	-1.085828	198.529916	0.003799	8.1
587	-1.760480	198.356729	0.008936	7.9
588	-0.160085	198.183944	0.002853	8.0
589	-1.030085	198.011560	0.004099	7.9
590	-1.438600	197.839576	0.023899	8.3
591	-1.545759	197.667989	0.007841	8.0
592	-0.000000	197.496798	0.000000	8.7
593	-0.011370	197.326002	0.000634	7.8
594	-0.000001	197.155600	0.000000	8.2
595	-0.795782	196.985589	0.005902	8.3
596	0.000000	196.815969	0.000000	7.8
597	-0.438448	196.646738	0.004276	7.8
598	-1.355752	196.477894	0.015527	8.3
599	-0.234603	196.309436	0.003334	7.8
600	-0.336852	196.141363	0.004859	7.8
601	-0.137576	195.973673	0.001372	8.7
602	-0.755150	195.806365	0.004602	7.5
603	-0.836481	195.639437	0.007894	8.7
604	-1.460923	195.472888	0.011019	7.4
605	-0.947464	195.306717	0.011460	7.9
606	-1.463866	195.140922	0.018587	7.9
607	-0.000000	194.975501	0.000000	7.9
608	-1.256843	194.810454	0.012663	7.4
609	-0.615088	194.645779	0.003522	7.7
610	-1.388169	194.481475	0.007038	7.7
611	-0.416435	194.317540	0.001682	8.3
612	-0.000000	194.153973	0.000000	7.7
613	-0.699528	193.990773	0.003037	7.7
614	-0.629496	193.827938	0.009861	7.8
615	-0.601028	193.665467	0.008637	10.2
616	-0.844351	193.503358	0.003249	8.2
617	-0.000000	193.341611	0.000000	7.8
618	-1.289974	193.180224	0.010162	7.7
619	-0.154665	193.019196	0.002877	7.8
620	-1.046673	192.858525	0.012005	7.7
621	-0.704514	192.698210	0.012359	7.7
622	-0.700731	192.538251	0.008295	7.6
623	-1.642845	192.378644	0.008814	7.4
624	-0.000000	192.219391	0.000000	7.5
625	-1.369873	192.060488	0.018394	7.4
626	-1.604928	191.901935	0.014311	7.8
627	-0.000429	191.743730	0.000034	8.6
628	-1.670949	191.585873	0.018967	7.6
629	-0.401040	191.428362	0.005104	7.6
630	-1.460648	191.271196	0.009102	8.5
631	-1.124442	191.114374	0.008341	7.5
632	-1.094488	190.957893	0.005834	7.8
633	-1.016661	190.801755	0.008500	7.8
634	-1.554071	190.645956	0.009078	7.8
635	-0.643027	190.490495	0.010013	7.8
636	-0.616378	190.335373	0.016210	7.9
637	-0.967777	190.180587	0.012290	7.9
638	-0.356910	190.026136	0.002736	7.9
639	-0.834290	189.872019	0.003140	7.8
640	-0.000127	189.718235	0.000020	8.0
641	-0.961900	189.564782	0.006881	8.9
642	-0.000000	189.411661	0.000000	7.8
643	-1.156427	189.258868	0.015115	8.0
644	-0.000653	189.106404	0.000101	7.9
645	-1.609057	188.954267	0.016074	7.9
646	-0.055126	188.802456	0.001398	7.8
647	-1.218680	188.650969	0.014995	7.9
648	-0.104721	188.499807	0.001570	7.9
649	-0.186703	188.348967	0.003324	8.0
650	-1.496863	188.198448	0.022801	8.0
651	-1.417852	188.048250	0.012108	7.8
652	-1.489215	187.898371	0.009832	7.8
653	-0.016392	187.748810	0.001379	8.1
654	-0.675468	187.599566	0.007914	7.7
655	-0.800481	187.450638	0.006147	7.7
656	-0.741351	187.302025	0.013460	9.0
657	-1.143525	187.153725	0.021709	8.1
658	-0.829512	187.005739	0.005414	8.0
659	-0.858639	186.858064	0.011051	8.2
660	-1.002053	186.710699	0.009463	7.9
661	-0.000068	186.563645	0.000012	7.8
662	-1.087615	186.416898	0.018431	7.9
663	-1.549050	186.270459	0.014263	8.2
664	-1.466557	186.124326	0.016478	7.8
665	-1.515541	185.978499	0.003615	7.8
666	-1.179496	185.832976	0.013187	8.4
667	-1.238999	185.687756	0.017656	7.7
668	-1.763816	185.542838	0.011408	7.9
669	-0.002987	185.398222	0.000294	7.9
670	-0.067668	185.253906	0.001282	7.7
671	-0.154745	185.109889	0.002922	7.6
672	-1.283205	184.966170	0.014101	8.6
673	-0.543106	184.822748	0.003892	7.5
674	-0.741236	184.679623	0.015136	7.4
675	-0.000000	184.536792	0.000000	7.5
676	-0.000771	184.394256	0.000140	7.4
677	-0.527792	184.252013	0.013174	7.4
678	-0.007913	184.110062	0.000419	7.5
679	-0.874885	183.968403	0.007782	7.4
680	-1.307177	183.827034	0.006418	7.4
681	-0.174607	183.685954	0.002636	7.5
682	-1.099304	183.545163	0.006996	7.6
683	-0.272601	183.404658	0.002771	7.5
684	-0.930973	183.264441	0.010800	7.4
685	-1.562030	183.124509	0.006830	7.4
686	-1.252917	182.984861	0.006549	7.4
687	-0.135001	182.845497	0.003013	7.5
688	-0.429998	182.706416	0.007998	7.4
689	-0.694569	182.567616	0.004715	7.4
690	-1.301249	182.429098	0.015322	7.5
691	-0.020737	182.290859	0.000748	7.6
692	-0.002580	182.152899	0.000322	7.4
693	-0.636076	182.015217	0.005993	7.5
694	-0.827327	181.877813	0.009842	7.4
695	-1.122651	181.740684	0.008723	7.4
696	-1.146428	181.603832	0.006716	7.5
697	-1.106473	181.467253	0.012359	7.4
698	-0.000162	181.330948	0.000034	7.4
699	-0.785798	181.194916	0.009491	7.4
700	-1.067954	181.059155	0.006138	7.6
701	-0.008577	180.923666	0.000490	7.7
702	-1.331140	180.788446	0.007605	7.4
703	-0.830127	180.653496	0.015952	8.2
704	-0.998177	180.518814	0.007508	7.9
705	-1.160300	180.384399	0.003751	8.0
706	-1.064365	180.250251	0.003657	7.9
707	-0.452291	180.116369	0.003116	7.7
708	-1.484231	179.982752	0.007230	8.6
709	-1.351163	179.849398	0.016098	7.7
710	-1.679273	179.716308	0.005572	7.7
711	-1.108028	179.583480	0.011584	7.8
712	-0.629146	179.450913	0.006959	7.7
713	-1.177446	179.318607	0.011699	7.7
714	0.000000	179.186561	0.000000	8.0
715	-0.954719	179.054774	0.012273	7.9
716	-0.911291	178.923245	0.004177	8.0
717	-0.151114	178.791973	0.002479	8.1
718	-1.402765	178.660958	0.002072	7.9
719	-0.734322	178.530199	0.007854	7.9
720	-0.964802	178.399694	0.002809	8.4
721	-0.488384	178.269444	0.013991	8.2
722	-0.761730	178.139447	0.004267	8.0
723	-1.238068	178.009702	0.011796	7.9
724	-1.501975	177.880209	0.007178	7.9
725	-1.239090	177.750967	0.010251	8.0
726	-0.813142	177.621975	0.002346	7.8
727	-0.000000	177.493232	0.000000	8.1
728	-0.977176	177.364738	0.006939	7.9
729	-0.057688	177.236492	0.000948	8.0
730	-0.452466	177.108492	0.006689	7.9
731	-0.000079	176.980739	0.000012	7.9
732	-1.484501	176.853231	0.015926	8.2
733	-1.381770	176.725968	0.012569	8.1
734	-0.885246	176.598949	0.005552	7.8
735	-0.444894	176.472173	0.005288	8.0
736	-0.122423	176.345639	0.001594	7.9
737	-0.578273	176.219348	0.014319	7.8
738	-1.411320	176.093296	0.006645	7.7
739	-0.896761	175.967486	0.004847	7.8
740	-0.838705	175.841914	0.005148	8.4
741	-1.068745	175.716581	0.018985	8.0
742	-1.191889	175.591486	0.022662	8.7
743	-0.094557	175.466629	0.001407	7.9
744	-0.231801	175.342008	0.002043	8.5
745	-0.673485	175.217622	0.004932	8.4
746	-1.199774	175.093472	0.006931	7.6
747	-1.565646	174.969556	0.019897	8.1
748	-1.088665	174.845873	0.011241	7.5
749	-1.131628	174.722423	0.006037	7.9
750	-1.032469	174.599206	0.011216	7.7
751	-1.234272	174.476220	0.011698	7.9
752	-1.309240	174.353464	0.008054	10.7
753	-0.000145	174.230939	0.000027	8.2
754	-0.000000	174.108643	0.000000	7.1
755	-1.511630	173.986576	0.018095	7.8
756	-0.538665	173.864737	0.002739	7.9
757	-0.470762	173.743124	0.014636	8.4
758	-1.156612	173.621739	0.014372	7.8
759	-1.077818	173.500579	0.010686	7.8
760	-0.903398	173.379645	0.003150	7.8
761	-0.630661	173.258935	0.008420	7.8
762	-0.175570	173.138449	0.001482	8.0
763	-0.000748	173.018186	0.000102	8.5
764	-1.184532	172.898146	0.007477	7.8
765	-1.475314	172.778327	0.008765	7.8
766	-0.000004	172.658730	0.000001	8.7
767	-1.336626	172.539353	0.014184	7.8
768	-0.011617	172.420196	0.000409	7.7
769	-1.247143	172.301258	0.006991	7.8
770	-1.206722	172.182539	0.019102	7.8
771	-0.000001	172.064037	0.000000	7.7
772	-1.222488	171.945753	0.007446	7.8
773	-1.395796	171.827686	0.008061	8.4
774	-0.449723	171.709834	0.005868	8.6
775	-0.030839	171.592198	0.000531	7.8
776	-1.503175	171.474776	0.012752	7.8
777	-0.658437	171.357568	0.004131	8.3
778	-1.024995	171.240574	0.003989	7.7
779	-0.078370	171.123793	0.003731	8.5
780	-1.236170	171.007223	0.005403	7.8
781	-0.772984	170.890865	0.005940	7.7
782	-1.196176	170.774718	0.007978	7.8
783	-1.437006	170.658782	0.010274	7.6
784	-0.027523	170.543055	0.000859	7.8
785	-0.386994	170.427537	0.003832	7.8
786	-1.301024	170.312227	0.019648	7.6
787	-0.979039	170.197125	0.012622	8.2
788	-1.042922	170.082231	0.009429	7.8
789	-1.244180	169.967543	0.011068	8.0
790	-1.540191	169.853061	0.026454	8.7
791	-1.178946	169.738784	0.014654	7.9
792	-1.480474	169.624713	0.010998	7.9
793	-0.045559	169.510845	0.001350	8.5
794	-1.259592	169.397181	0.007989	7.9
795	-1.235962	169.283720	0.009401	7.8
796	-0.314284	169.170462	0.004184	7.8
797	-1.122556	169.057405	0.009040	7.8
798	-1.203226	168.944549	0.012304	7.8
799	-0.000110	168.831895	0.000022	7.8
800	-1.082487	168.719440	0.005338	7.7
801	-0.548741	168.607185	0.007084	7.8
802	-1.461622	168.495129	0.011483	7.8
803	-1.338322	168.383271	0.011151	7.8
804	-0.469633	168.271611	0.003490	7.8
805	-0.785861	168.160148	0.009007	7.6
806	-0.713879	168.048882	0.007406	8.4
807	-0.161037	167.937812	0.001759	8.0
808	-1.583658	167.826938	0.008170	7.9
809	-1.510426	167.716258	0.021787	7.8
810	-1.238800	167.605773	0.005636	7.7
811	-1.369670	167.495482	0.015019	7.8
812	-1.541080	167.385384	0.006460	7.8
813	-0.000000	167.275479	0.000000	7.7
814	-0.286139	167.165766	0.003455	7.8
815	-0.627540	167.056245	0.005133	7.8
816	-0.944115	166.946915	0.021123	8.0
817	-1.469508	166.837776	0.008651	7.7
818	-1.208229	166.728826	0.012375	7.7
819	-0.785926	166.620067	0.005471	7.8
820	-0.000000	166.511496	0.000000	8.1
821	-0.000010	166.403113	0.000002	7.8
822	-0.000003	166.294919	0.000001	7.8
823	-0.610885	166.186912	0.005939	7.8
824	-0.259437	166.079091	0.008114	8.8
825	-0.824860	165.971458	0.003574	7.8
826	-0.412099	165.864009	0.004056	7.8
827	-1.071147	165.756747	0.006634	7.8
828	-1.237176	165.649669	0.009415	7.9
829	-1.271021	165.542775	0.009238	7.8
830	-0.962389	165.436065	0.006175	8.0
831	-1.465681	165.329538	0.009289	8.0
832	-0.505217	165.223194	0.006313	7.9
833	-1.158405	165.117032	0.018635	8.1
834	-0.644794	165.011052	0.007316	7.9
835	-0.713859	164.905253	0.006024	8.0
836	-1.097483	164.799635	0.003061	8.0
837	-1.600098	164.694197	0.008558	7.9
838	-1.574352	164.588939	0.012876	8.0
839	-1.279924	164.483859	0.013154	8.0
840	-0.002184	164.378959	0.000191	8.0
841	-0.189543	164.274237	0.002562	8.1
842	-0.623548	164.169692	0.011477	8.1
843	-0.781176	164.065325	0.009453	7.9
844	-1.556114	163.961135	0.006819	8.1
845	-0.001227	163.857120	0.000205	8.2
846	-0.000000	163.753282	0.000000	8.2
847	-1.492664	163.649619	0.017476	8.0
848	-1.086143	163.546130	0.007388	8.6
849	-0.959937	163.442816	0.007567	8.4
850	-0.000484	163.339676	0.000062	8.1
851	-0.553383	163.236709	0.004879	8.0
852	-0.000532	163.133915	0.000070	8.0
853	-0.108649	163.031294	0.001785	8.1
854	-1.392847	162.928844	0.008183	7.9
855	-0.000023	162.826566	0.000005	7.9
856	-0.818294	162.724459	0.003329	7.8
857	-1.171680	162.622523	0.010421	7.6
858	-0.000000	162.520757	0.000000	7.7
859	-0.344791	162.419160	0.003226	8.0
860	-0.072906	162.317733	0.001869	7.7
861	-1.099653	162.216474	0.010327	7.5
862	-1.403907	162.115383	0.017471	7.3
863	-1.080011	162.014461	0.003358	7.2
864	-1.282251	161.913705	0.007042	7.4
865	-0.104505	161.813117	0.001042	7.4
866	-0.826076	161.712695	0.012405	7.5
867	-0.000000	161.612439	0.000000	7.4
868	-0.000000	161.512349	0.000000	7.4
869	-0.066674	161.412424	0.001934	8.1
870	-1.076217	161.312663	0.005276	7.4
871	-0.009981	161.213067	0.000301	7.3
872	-1.378333	161.113635	0.018963	7.9
873	-0.809066	161.014366	0.009683	7.8
874	-0.824126	160.915260	0.015095	8.0
875	-1.003140	160.816316	0.009563	7.8
876	-0.787153	160.717535	0.009537	8.7
877	-0.000000	160.618915	0.000000	7.9
878	-0.395834	160.520456	0.007125	8.0
879	-0.000000	160.422158	0.000000	7.8
880	-0.783043	160.324021	0.005642	7.8
881	-0.047754	160.226043	0.001650	7.7
882	-1.100752	160.128225	0.014075	7.8
883	-1.325347	160.030566	0.012441	8.0
884	-0.000113	159.933066	0.000014	8.4
885	-1.732993	159.835723	0.013196	7.9
886	-1.538819	159.738539	0.013853	7.8
887	-1.672726	159.641512	0.008869	7.8
888	-0.132599	159.544642	0.001697	7.7
889	-1.542355	159.447929	0.012375	7.8
890	-1.175129	159.351372	0.012023	7.7
891	-1.169831	159.254971	0.007498	7.8
892	-0.246485	159.158725	0.003056	8.5
893	-0.007029	159.062634	0.000505	7.9
894	-0.000000	158.966697	0.000000	8.0
895	-1.444457	158.870915	0.011722	8.1
896	-0.920551	158.775286	0.005991	8.2
897	-0.285349	158.679811	0.002997	8.0
898	-0.937939	158.584489	0.022542	8.1
899	-0.857859	158.489319	0.004987	8.7
900	-1.381527	158.394302	0.010981	8.2
901	-0.000000	158.299436	0.000000	8.0
902	-1.360520	158.204721	0.008684	7.9
903	-0.926853	158.110158	0.006363	8.0
904	-0.021409	158.015745	0.000581	8.1
905	-1.064128	157.921482	0.006361	8.3
906	-0.274167	157.827369	0.003118	7.9
907	-0.069992	157.733406	0.001131	8.2
908	-0.990880	157.639591	0.011175	8.1
909	-1.178586	157.545925	0.013658	8.4
910	-0.811359	157.452408	0.007316	8.0
911	-1.247066	157.359038	0.007081	8.3
912	-0.000000	157.265816	0.000000	8.1
913	-1.605052	157.172741	0.010975	8.2
914	-0.115555	157.079813	0.001533	7.9
915	-0.000000	156.987031	0.000000	8.5
916	-0.000817	156.894395	0.000108	7.9
917	-1.562981	156.801904	0.012959	8.2
918	-1.511933	156.709559	0.014908	7.5
919	-0.642650	156.617359	0.007311	8.3
920	-1.622264	156.525304	0.025579	7.7
921	-1.033256	156.433392	0.004305	8.0
922	-0.611925	156.341624	0.009284	7.9
923	-0.000000	156.250000	0.000000	7.7
924	-0.932050	156.158519	0.004456	7.9
925	-0.442745	156.067180	0.013376	7.8
926	-0.000000	155.975984	0.000000	7.8
927	-1.109176	155.884930	0.008390	7.8
928	-0.070657	155.794017	0.001666	7.7
929	-0.792470	155.703246	0.004978	7.7
930	-1.554182	155.612615	0.009867	8.6
931	-0.667305	155.522125	0.005315	7.6
932	-0.685387	155.431775	0.002900	7.9
933	-0.000000	155.341565	0.000000	7.6
934	-1.107832	155.251495	0.013723	7.9
935	-1.389184	155.161563	0.006895	7.7
936	-1.280296	155.071771	0.020391	7.9
937	-1.202778	154.982117	0.015694	7.8
938	-1.011106	154.892601	0.006367	7.8
939	-1.517226	154.803222	0.008968	7.9
940	-0.000000	154.713981	0.000000	8.5
941	-1.464915	154.624878	0.016096	7.9
942	-1.337709	154.535910	0.016696	7.9
943	-0.000030	154.447080	0.000006	7.9
944	-0.765251	154.358385	0.006235	8.1
945	-1.254428	154.269826	0.011196	7.9
946	-0.000000	154.181402	0.000000	7.9
947	-0.961717	154.093114	0.008999	8.3
948	-0.837591	154.004960	0.007660	7.9
949	-0.000017	153.916940	0.000003	7.3
950	-1.600139	153.829054	0.009795	7.9
951	-0.000000	153.741303	0.000000	7.9
952	-0.674611	153.653684	0.007871	7.8
953	-0.618632	153.566198	0.008922	7.8
954	-0.184022	153.478846	0.002846	7.7
955	-1.199107	153.391625	0.013289	7.7
956	-0.606063	153.304537	0.002065	7.8
957	-1.301218	153.217580	0.026591	7.9
958	-1.544921	153.130755	0.008634	7.7
959	-0.000000	153.044061	0.000000	7.8
960	-1.059273	152.957498	0.011323	7.8
961	-0.000027	152.871065	0.000006	7.8
962	-0.007324	152.784762	0.000475	7.7
963	-0.000001	152.698589	0.000000	7.9
964	-0.859860	152.612545	0.005414	8.2
965	-1.166484	152.526631	0.008423	8.0
966	-1.514594	152.440845	0.009457	7.7
967	-0.656803	152.355188	0.004971	7.8
968	-1.088422	152.269660	0.005433	7.7
969	-0.089762	152.184259	0.002783	7.8
970	-1.251813	152.098986	0.018712	7.9
971	-0.000125	152.013840	0.000023	7.8
972	-0.974493	151.928821	0.006526	7.8
973	-0.549544	151.843928	0.006723	7.8
974	-0.000007	151.759163	0.000002	7.9
975	-1.404465	151.674523	0.011301	7.9
976	-1.436069	151.590009	0.013113	8.3
977	-0.000487	151.505620	0.000035	9.7
978	-0.000000	151.421357	0.000000	7.6
979	-1.237721	151.337218	0.008359	7.5
980	-0.058383	151.253204	0.001286	7.7
981	-1.546744	151.169314	0.009420	8.0
982	-1.211014	151.085549	0.015779	8.0
983	-0.907593	151.001907	0.007851	7.8
984	-1.575260	150.918388	0.013593	7.8
985	-0.013089	150.834992	0.000577	7.7
986	-0.000000	150.751719	0.000000	7.9
987	-0.658345	150.668569	0.015863	7.8
988	-1.510970	150.585541	0.008544	7.5
989	-0.988856	150.502634	0.002842	7.8
990	-0.736617	150.419849	0.006123	8.4
991	-1.157122	150.337186	0.002459	7.7
992	-1.371706	150.254644	0.010866	7.7
993	-0.437116	150.172222	0.005949	7.7
994	-1.682655	150.089921	0.010772	8.6
995	-0.972453	150.007740	0.013609	7.8
996	-0.756680	149.925679	0.005131	7.8
997	-0.000010	149.843737	0.000002	8.3
998	-1.477881	149.761915	0.008902	8.2
999	-1.247261	149.680212	0.010657	7.9
1000	-0.828494	149.598627	0.008146	8.2
1001	-0.790894	149.517161	0.008307	8.0
1002	-0.603786	149.435814	0.007812	7.9
1003	-0.000004	149.354584	0.000001	7.8
1004	-1.549329	149.273472	0.019616	7.7
1005	-0.000000	149.192477	0.000000	7.9
1006	-0.000054	149.111599	0.000011	7.7
1007	-0.300055	149.030838	0.002040	7.8
1008	-0.000000	148.950194	0.000000	7.8
1009	-0.860108	148.869666	0.013061	8.0
1010	-1.100986	148.789253	0.005310	7.8
1011	-0.075689	148.708957	0.001688	8.4
1012	-0.882996	148.628776	0.011893	7.8
1013	-0.004171	148.548710	0.000351	7.7
1014	-0.045150	148.468759	0.001635	7.8
1015	-0.000088	148.388923	0.000019	8.0
1016	-1.263747	148.309201	0.011117	8.9
1017	-0.339494	148.229594	0.003858	7.5
1018	-0.460718	148.150100	0.004951	7.8
1019	-1.224895	148.070719	0.007008	7.9
1020	-0.000009	147.991452	0.000002	7.8
1021	-1.167745	147.912298	0.008604	7.8
1022	-0.639166	147.833257	0.004023	7.7
1023	-0.691501	147.754329	0.014933	7.7
1024	-1.203112	147.675512	0.009582	7.8
1025	-1.292422	147.596808	0.016681	7.7
1026	-0.477408	147.518216	0.013010	7.7
1027	-1.492426	147.439735	0.007410	7.8
1028	-0.351377	147.361365	0.005995	7.9
1029	-1.462868	147.283106	0.012463	9.4
1030	-0.031910	147.204958	0.001352	7.7
1031	-0.680364	147.126920	0.008958	8.2
1032	-1.248145	147.048993	0.016352	7.8
1033	-0.827217	146.971175	0.010752	7.7
1034	-1.459323	146.893468	0.005237	7.9
1035	-0.700870	146.815869	0.006333	7.7
1036	-1.356861	146.738380	0.015831	8.0
1037	-0.982542	146.661000	0.012891	7.7
1038	-1.262429	146.583729	0.008520	7.9
1039	-1.536838	146.506566	0.009149	7.9
1040	-0.778709	146.429511	0.013842	7.9
1041	-0.001182	146.352565	0.000156	7.8
1042	0.000000	146.275726	0.000000	8.3
1043	-1.340815	146.198994	0.014441	7.8
1044	-0.930572	146.122370	0.007632	8.3
1045	-0.997831	146.045853	0.009188	8.4
1046	-1.113600	145.969442	0.019318	7.7
1047	-1.089491	145.893139	0.010040	7.6
1048	-1.499707	145.816941	0.006377	7.7
1049	-1.338046	145.740849	0.017611	7.8
1050	-0.245200	145.664863	0.004167	7.7
1051	-0.939806	145.588983	0.010677	7.7
1052	-1.360738	145.513208	0.013653	7.9
1053	-1.335907	145.437538	0.010929	7.9
1054	-0.838789	145.361973	0.010088	8.4
1055	-0.262916	145.286513	0.002403	8.2
1056	-0.187127	145.211157	0.001855	8.0
1057	-0.188397	145.135905	0.003372	8.0
1058	-0.079962	145.060757	0.001931	7.8
1059	-0.010750	144.985712	0.000637	7.9
1060	-0.006258	144.910771	0.000650	7.9
1061	-0.035847	144.835934	0.001314	8.0
1062	-1.207798	144.761199	0.009512	7.7
1063	-1.297701	144.686567	0.013764	7.8
1064	-1.420119	144.612037	0.012887	7.8
1065	-1.212525	144.537610	0.009940	7.9
1066	-0.087407	144.463285	0.001926	7.7
1067	-1.558299	144.389062	0.024299	7.9
1068	-1.016679	144.314940	0.014555	7.7
1069	-0.718227	144.240920	0.006327	8.6
1070	-0.000427	144.167001	0.000075	7.9
1071	-0.719496	144.093182	0.005803	7.9
1072	-0.612839	144.019465	0.007219	7.9
1073	-1.528134	143.945848	0.006403	8.1
1074	-0.595028	143.872331	0.007022	7.8
1075	-0.000000	143.798914	0.000000	8.2
1076	-0.413873	143.725597	0.002866	7.8
1077	-1.389721	143.652380	0.012218	8.0
1078	-0.027032	143.579262	0.000675	7.8
1079	-0.452019	143.506243	0.007626	7.9
1080	-1.053035	143.433323	0.005954	8.0
1081	-1.604944	143.360502	0.008287	7.7
1082	-0.827327	143.287780	0.013140	7.9
1083	-1.386104	143.215155	0.013136	7.8
1084	-0.137907	143.142629	0.002258	7.7
1085	-1.047520	143.070201	0.007540	7.8
1086	0.000000	142.997870	0.000000	7.9
1087	-1.036997	142.925637	0.015147	7.8
1088	-1.548810	142.853501	0.008238	8.0
1089	-1.322040	142.781462	0.009187	7.8
1090	-1.379958	142.709519	0.016535	8.4
1091	-1.302822	142.637674	0.013555	7.7
1092	-0.733577	142.565924	0.015771	7.7
1093	-1.601417	142.494271	0.019727	8.5
1094	-0.811996	142.422714	0.006793	8.0
1095	-1.377445	142.351252	0.009568	7.8
1096	-0.924521	142.279886	0.005676	7.8
1097	-0.046341	142.208616	0.001299	7.8
1098	-0.832878	142.137440	0.010567	8.0
1099	-1.405591	142.066360	0.008112	7.8
1100	-0.000000	141.995374	0.000000	8.0
1101	-1.560724	141.924483	0.023519	7.9
1102	-1.266304	141.853685	0.008177	8.1
1103	-0.817204	141.782983	0.013098	7.9
1104	-0.840714	141.712373	0.004162	7.8
1105	-1.726830	141.641858	0.005206	7.9
1106	-0.005434	141.571436	0.000342	8.1
1107	-1.230310	141.501108	0.018533	8.0
1108	-1.151946	141.430872	0.010787	7.6
1109	-1.152790	141.360730	0.010687	7.4
1110	-1.038418	141.290680	0.003977	7.6
1111	-0.991616	141.220722	0.012899	7.6
1112	-0.000000	141.150857	0.000000	7.3
1113	-0.000004	141.081084	0.000001	7.3
1114	-1.248079	141.011403	0.016043	7.5
1115	-0.003137	140.941813	0.000269	7.7
1116	-0.678158	140.872315	0.008227	8.2
1117	-1.243451	140.802909	0.017183	7.4
1118	-1.365357	140.733593	0.016218	7.3
1119	-0.620063	140.664369	0.004198	7.9
1120	-0.012002	140.595235	0.000855	8.1
1121	-1.412833	140.526192	0.012531	7.8
1122	-0.000000	140.457239	0.000000	8.7
1123	-0.488844	140.388376	0.006066	7.8
1124	-0.000000	140.319603	0.000000	7.9
1125	-0.538482	140.250920	0.005575	7.8
1126	-0.007001	140.182326	0.000451	8.2
1127	-0.646092	140.113822	0.012334	8.3
1128	-0.442581	140.045407	0.004713	8.1
1129	-1.045946	139.977081	0.009428	8.1
1130	-0.227074	139.908844	0.005481	7.9
1131	-1.174647	139.840696	0.013411	9.0
1132	-1.047651	139.772635	0.016714	10.2
1133	-0.475978	139.704664	0.004836	8.7
1134	-0.874821	139.636780	0.004456	8.5
1135	-1.319000	139.568984	0.015517	7.9
1136	-0.860800	139.501276	0.009958	7.8
1137	-1.397083	139.433655	0.016257	7.9
1138	-1.462183	139.366122	0.013364	8.3
1139	-1.273069	139.298676	0.012496	8.3
1140	-1.565468	139.231317	0.013188	9.4
1141	-0.951509	139.164045	0.009766	7.8
1142	-1.195565	139.096859	0.013546	7.9
1143	-0.646069	139.029760	0.013248	8.0
1144	-0.000000	138.962747	0.000000	8.4
1145	-1.224265	138.895820	0.014501	8.2
1146	-1.458573	138.828978	0.007488	8.0
1147	-1.033138	138.762223	0.011440	9.5
1148	-1.521138	138.695553	0.011820	8.4
1149	-1.457686	138.628969	0.007185	8.1
1150	-1.462670	138.562469	0.012533	8.5
1151	-1.112130	138.496055	0.008406	8.2
1152	-1.185122	138.429725	0.009327	7.8
1153	-1.608311	138.363481	0.026878	7.8
1154	-0.432197	138.297320	0.006490	8.0
1155	-0.000000	138.231244	0.000000	7.9
1156	-0.000000	138.165252	0.000000	8.5
1157	-0.614143	138.099344	0.007397	8.1
1158	-0.316733	138.033520	0.002856	8.0
1159	-0.128017	137.967779	0.002338	7.8
1160	-1.037953	137.902122	0.005878	8.1
1161	-0.013054	137.836548	0.000575	7.6
1162	-1.690897	137.771057	0.012913	8.2
1163	-1.364031	137.705649	0.019683	7.9
1164	-0.489526	137.640324	0.005355	8.1
1165	-0.938208	137.575081	0.006910	8.1
1166	-1.445288	137.509921	0.013039	7.8
1167	0.000000	137.444842	0.000000	8.0
1168	-1.156991	137.379846	0.014922	7.8
1169	-0.259543	137.314932	0.002716	8.0
1170	-0.000002	137.250100	0.000001	7.9
1171	-1.546032	137.185349	0.008879	7.6
1172	-0.069752	137.120680	0.000841	8.0
1173	-1.297056	137.056092	0.011654	7.9
1174	-0.729534	136.991585	0.011358	9.7
1175	-1.316804	136.927158	0.008291	8.6
1176	-0.853224	136.862813	0.003447	8.4
1177	-0.640990	136.798548	0.008739	7.4
1178	-0.000000	136.734363	0.000000	8.7
1179	-0.037234	136.670259	0.001069	8.4
1180	-0.828255	136.606235	0.010314	9.9
1181	-0.000000	136.542291	0.000000	9.9
1182	-0.000945	136.478426	0.000082	8.6
1183	-0.000000	136.414641	0.000000	7.7
1184	-1.409561	136.350936	0.010302	8.1
1185	-1.171649	136.287310	0.007522	8.8
1186	-0.668778	136.223763	0.009506	8.0
1187	-0.865324	136.160295	0.008886	8.1
1188	-1.199403	136.096905	0.013154	8.1
1189	-0.000000	136.033594	0.000000	7.5
1190	-0.795629	135.970362	0.012315	8.5
1191	-0.841431	135.907208	0.010234	7.5
1192	-1.179841	135.844133	0.009825	8.5
1193	-1.616928	135.781135	0.011357	8.2
1194	-0.850630	135.718215	0.015000	9.0
1195	-1.329555	135.655373	0.007227	7.7
1196	-1.398163	135.592608	0.015247	8.2
1197	-1.061072	135.529921	0.010557	7.4
1198	-0.000000	135.467311	0.000000	8.3
1199	-0.000000	135.404778	0.000000	8.0
1200	-0.000014	135.342322	0.000003	7.5
1201	-0.004900	135.279942	0.000579	9.2
1202	-0.566064	135.217640	0.011105	8.1
1203	-0.596793	135.155413	0.005685	7.9
1204	-0.140470	135.093263	0.001522	7.9
1205	-0.843252	135.031190	0.018663	8.2
1206	-0.811921	134.969192	0.004894	7.9
1207	-1.573755	134.907270	0.015392	8.2
1208	-1.518376	134.845424	0.014220	8.1
1209	-0.707897	134.783653	0.004409	8.0
1210	-0.020181	134.721958	0.000778	8.4
1211	-0.296898	134.660338	0.009922	7.9
1212	-0.037478	134.598793	0.001445	8.0
1213	-0.003386	134.537323	0.000265	8.1
1214	-1.566266	134.475927	0.019319	7.4
1215	-0.263874	134.414607	0.003000	8.1
1216	-0.653658	134.353361	0.001258	7.9
1217	-1.369077	134.292189	0.004163	8.1
1218	-1.189983	134.231092	0.012136	7.8
1219	-1.219953	134.170068	0.010476	7.3
1220	-0.965070	134.109119	0.011154	7.8
1221	-1.264988	134.048243	0.011541	7.8
1222	-1.269853	133.987441	0.016903	7.6
1223	-1.150015	133.926713	0.013482	7.7
1224	-0.881492	133.866057	0.016011	7.9
1225	-1.267818	133.805475	0.006399	8.0
1226	-0.640181	133.744966	0.002217	7.7
1227	-1.283972	133.684530	0.014495	7.7
1228	-1.031731	133.624167	0.004077	7.8
1229	-1.293485	133.563877	0.014728	8.0
1230	-1.389990	133.503658	0.011650	7.9
1231	-1.224512	133.443513	0.015545	7.6
1232	-0.187963	133.383439	0.002969	13.5
1233	-1.014571	133.323437	0.010216	10.3
1234	-1.620107	133.263508	0.019600	12.9
1235	-0.209270	133.203650	0.004734	9.8
1236	-0.370601	133.143864	0.003914	8.6
1237	-0.044183	133.084149	0.001216	7.8
1238	-0.303157	133.024506	0.004927	9.7
1239	-0.856338	132.964934	0.006983	8.1
1240	-1.114903	132.905433	0.010616	8.2
1241	-0.761630	132.846003	0.004356	7.9
1242	-1.551330	132.786643	0.014445	8.2
1243	-0.073226	132.727355	0.000997	7.7
1244	-0.043209	132.668137	0.000503	7.9
1245	-1.442047	132.608989	0.009194	7.5
1246	-0.751835	132.549912	0.006027	8.2
1247	-0.000000	132.490904	0.000000	9.2
1248	-0.267559	132.431967	0.002548	7.5
1249	-1.504266	132.373100	0.011881	7.7
1250	-1.539354	132.314302	0.023802	11.3
1251	-0.000077	132.255574	0.000011	8.0
1252	-1.252606	132.196916	0.009853	9.2
1253	-0.438666	132.138326	0.004888	8.1
1254	-0.476677	132.079806	0.004027	8.2
1255	-1.202562	132.021355	0.006607	12.8
1256	-1.208759	131.962973	0.010128	12.6
1257	-1.477309	131.904660	0.009878	17.3
1258	-1.583284	131.846415	0.006109	13.8
1259	-1.043555	131.788239	0.014939	15.5
1260	-1.330173	131.730131	0.009030	17.4
1261	-1.260137	131.672092	0.013315	7.9
1262	-0.000000	131.614121	0.000000	7.5
1263	-1.185489	131.556217	0.007004	7.4
1264	-0.959965	131.498382	0.013210	7.6
1265	-1.427937	131.440614	0.011729	8.1
1266	-0.965503	131.382914	0.015266	7.5
1267	-1.435588	131.325282	0.007676	7.5
1268	-1.303753	131.267717	0.010013	7.5
1269	-1.622919	131.210219	0.010158	10.6
1270	-0.090153	131.152788	0.002108	7.6
1271	-1.468838	131.095424	0.007458	11.7
1272	-1.008516	131.038127	0.012043	7.5
1273	-1.137641	130.980897	0.011163	7.6
1274	-1.036436	130.923733	0.007161	7.9
1275	-0.148025	130.866636	0.002247	8.0
1276	-1.289290	130.809605	0.007431	7.8
1277	-0.800127	130.752641	0.010586	8.3
1278	-1.334999	130.695742	0.012891	7.9
1279	-0.613018	130.638910	0.010627	7.9
1280	-1.405677	130.582143	0.017634	7.8
1281	-1.377465	130.525442	0.010758	7.8
1282	-1.544850	130.468807	0.004775	7.9
1283	-1.648477	130.412237	0.013022	8.0
1284	-0.476556	130.355733	0.002780	8.2
1285	-1.564313	130.299294	0.005921	7.8
1286	-1.499065	130.242920	0.011801	8.0
1287	-0.959319	130.186611	0.010730	8.0
1288	-0.017967	130.130366	0.000362	8.0
1289	-0.634283	130.074187	0.004961	8.0
1290	-0.007514	130.018072	0.000232	9.2
1291	-0.863208	129.962022	0.009398	8.0
1292	-0.777568	129.906036	0.005465	8.0
1293	-0.686835	129.850114	0.012669	8.7
1294	-0.264410	129.794257	0.003617	8.0
1295	-0.743391	129.738463	0.013295	8.4
1296	-0.115064	129.682734	0.002279	8.1
1297	-1.285706	129.627068	0.008678	8.0
1298	-1.280073	129.571466	0.012720	8.0
1299	-0.710023	129.515927	0.006282	8.0
1300	-0.658633	129.460452	0.007248	8.1
1301	-0.758173	129.405040	0.014235	8.3
1302	-0.002107	129.349692	0.000259	8.3
1303	-0.000000	129.294406	0.000000	8.2
1304	-0.000635	129.239183	0.000056	8.2
1305	-1.041067	129.184024	0.008044	7.9
1306	-0.228745	129.128927	0.003092	8.3
1307	-0.000000	129.073892	0.000000	7.7
1308	-1.462501	129.018921	0.015476	7.9
1309	-0.338494	128.964011	0.004987	8.0
1310	-1.250587	128.909164	0.006385	8.6
1311	-0.996526	128.854379	0.007438	7.6
1312	-0.000000	128.799656	0.000000	7.9
1313	-1.538372	128.744995	0.020870	7.9
1314	-1.444775	128.690396	0.010123	8.2
1315	-1.247541	128.635858	0.013058	7.7
1316	-0.409218	128.581382	0.004385	7.5
1317	-1.277781	128.526968	0.011314	7.7
1318	-0.072395	128.472615	0.001548	8.2
1319	-1.228418	128.418323	0.012845	9.0
1320	-0.000000	128.364092	0.000000	7.7
1321	-0.000000	128.309922	0.000000	7.1
1322	-1.654007	128.255814	0.007705	8.4
1323	-1.024737	128.201766	0.014294	8.4
1324	-1.592600	128.147778	0.019619	9.0
1325	-1.211671	128.093852	0.005483	13.0
1326	-1.066724	128.039985	0.005210	9.8
1327	-0.995174	127.986180	0.009744	10.5
1328	-1.345903	127.932434	0.015881	10.4
1329	-0.571247	127.878749	0.010330	8.3
1330	-0.418735	127.825123	0.010943	7.5
1331	-0.000000	127.771558	0.000000	8.0
1332	-0.416862	127.718052	0.005907	7.3
1333	-0.919229	127.664606	0.007963	8.7
1334	-0.107055	127.611220	0.001559	7.6
1335	-1.310284	127.557893	0.007167	7.8
1336	-1.384210	127.504625	0.005632	7.6
1337	-1.479542	127.451417	0.003280	8.0
1338	-0.791877	127.398268	0.007678	7.5
1339	-1.036189	127.345178	0.002644	7.7
1340	-0.959529	127.292147	0.006161	8.0
1341	-1.083072	127.239175	0.011262	8.1
1342	-1.372248	127.186261	0.011698	7.8
1343	-0.511248	127.133407	0.018474	7.9
1344	-0.872610	127.080610	0.013111	12.1
1345	-0.332939	127.027872	0.006815	8.9
1346	-0.529151	126.975193	0.005577	7.9
1347	-1.374860	126.922572	0.002393	8.0
1348	-1.428852	126.870008	0.010925	8.0
1349	-0.755742	126.817503	0.006645	8.1
1350	-0.000013	126.765056	0.000002	7.8
1351	-0.000000	126.712667	0.000000	8.5
1352	-0.876017	126.660335	0.009889	8.1
1353	-0.104363	126.608061	0.001886	8.0
1354	-0.000000	126.555844	0.000000	8.1
1355	-0.977365	126.503685	0.003693	8.1
1356	-1.120633	126.451583	0.017658	14.0
1357	-0.539068	126.399538	0.007408	14.2
1358	-1.192925	126.347550	0.006522	22.5
1359	-0.002851	126.295619	0.000141	13.4
1360	-0.795807	126.243745	0.007523	11.4
1361	-0.000086	126.191928	0.000023	12.7
1362	-0.197088	126.140168	0.002743	16.9
1363	-0.948311	126.088464	0.015133	11.7
1364	-0.797771	126.036817	0.004456	7.8
1365	-1.053166	125.985226	0.005548	7.5
1366	-1.674066	125.933691	0.011326	7.6
1367	-1.021482	125.882212	0.004612	7.8
1368	-0.520594	125.830790	0.009734	8.3
1369	-0.000087	125.779423	0.000017	7.6
1370	-1.467022	125.728113	0.008960	7.5
1371	-0.191648	125.676858	0.001409	7.7
1372	-0.000011	125.625659	0.000002	7.4
1373	-0.866661	125.574515	0.005537	7.2
1374	-0.000000	125.523427	0.000000	7.4
1375	-0.625915	125.472394	0.005362	7.3
1376	-1.272522	125.421417	0.008042	7.7
1377	-1.552029	125.370495	0.006127	7.6
1378	-1.589307	125.319628	0.012212	7.5
1379	-0.668789	125.268815	0.006422	7.5
1380	-1.100084	125.218058	0.013964	8.3
1381	-1.091606	125.167356	0.009958	7.4
1382	-1.445171	125.116708	0.013714	7.4
1383	-1.496990	125.066115	0.019063	8.2
1384	-0.000106	125.015576	0.000020	8.2
1385	-1.586596	124.965092	0.015042	7.7
1386	-1.574549	124.914662	0.009949	7.5
1387	-0.662622	124.864287	0.009610	7.5
1388	-0.208933	124.813965	0.003102	7.7
1389	-0.000063	124.763698	0.000011	8.0
1390	-0.432008	124.713485	0.004292	8.2
1391	-1.243072	124.663325	0.006486	7.5
1392	-0.666042	124.613219	0.008725	7.5
1393	-0.497584	124.563167	0.003665	7.8
1394	-1.339112	124.513168	0.005124	7.5
1395	-0.003562	124.463223	0.000196	7.5
1396	-1.696844	124.413332	0.008590	7.4
1397	-1.039551	124.363493	0.009824	7.6
1398	-0.950821	124.313708	0.014992	7.5
1399	-0.524873	124.263976	0.016986	7.4
1400	-0.000000	124.214297	0.000000	7.5
1401	-1.380886	124.164671	0.009357	8.4
1402	-1.285787	124.115097	0.009619	7.4
1403	-1.000253	124.065577	0.007852	7.4
1404	-0.512972	124.016109	0.005942	7.4
1405	-1.213405	123.966693	0.004495	7.5
1406	-1.312138	123.917330	0.005680	7.7
1407	-0.116626	123.868020	0.002184	8.2
1408	-1.419356	123.818762	0.013243	7.4
1409	-1.468734	123.769556	0.012705	7.4
1410	-0.001274	123.720402	0.000102	7.7
1411	-0.640295	123.671300	0.007580	7.5
1412	-1.134674	123.622250	0.011104	7.4
1413	-0.508808	123.573252	0.015356	7.6
1414	-1.531248	123.524305	0.011070	7.7
1415	-0.733617	123.475411	0.011750	7.4
1416	-0.033246	123.426568	0.001562	7.4
1417	-0.333817	123.377776	0.003425	7.5
1418	-0.255106	123.329036	0.003303	7.5
1419	-0.119070	123.280347	0.001071	7.7
1420	-0.396444	123.231709	0.004518	7.4
1421	-1.569022	123.183122	0.011856	7.4
1422	-0.495636	123.134587	0.010314	7.4
1423	-0.138145	123.086102	0.001645	7.7
1424	-0.591077	123.037669	0.011211	7.4
1425	-0.620214	122.989286	0.004407	7.4
1426	-1.488262	122.940954	0.010568	7.5
1427	-1.517709	122.892672	0.003258	7.7
1428	-0.028760	122.844441	0.001580	7.6
1429	-1.066811	122.796261	0.018570	7.4
1430	-0.000000	122.748130	0.000000	7.4
1431	-0.686730	122.700050	0.010186	7.5
1432	-1.259547	122.652021	0.004874	7.8
1433	-0.717489	122.604041	0.007118	7.4
1434	-0.000000	122.556111	0.000000	7.4
1435	-1.450406	122.508232	0.021739	8.2
1436	-0.395651	122.460402	0.003558	7.7
1437	-0.000000	122.412622	0.000000	7.5
1438	-1.150715	122.364891	0.007442	7.8
1439	-0.610050	122.317210	0.015831	7.9
1440	-0.000000	122.269579	0.000000	7.8
1441	-1.521012	122.221997	0.007489	7.8
1442	-0.841180	122.174465	0.003080	7.8
1443	0.000000	122.126981	0.000000	7.9
1444	-1.470239	122.079547	0.018832	7.8
1445	-1.124343	122.032162	0.004784	8.1
1446	-1.790600	121.984826	0.007194	7.8
1447	-0.007502	121.937539	0.000598	7.7
1448	-0.130602	121.890301	0.002517	7.8
1449	-0.758387	121.843112	0.010111	8.2
1450	-1.213132	121.795971	0.008092	8.2
1451	-0.080924	121.748879	0.001376	8.0
1452	-0.020780	121.701835	0.001036	8.3
1453	-1.381857	121.654840	0.010575	8.2
1454	-1.025701	121.607893	0.007723	7.9
1455	-0.362823	121.560994	0.003699	8.2
1456	-1.027773	121.514144	0.008529	7.8
1457	-0.000399	121.467342	0.000073	8.2
1458	-1.601032	121.420588	0.010667	7.9
1459	-0.000318	121.373882	0.000054	7.9
1460	-1.484768	121.327223	0.011589	7.9
1461	-0.524386	121.280613	0.004653	8.4
1462	-1.521269	121.234050	0.017958	7.9
1463	-1.399146	121.187535	0.015203	7.9
1464	-1.051188	121.141067	0.005789	7.9
1465	-0.889295	121.094647	0.013440	8.2
1466	-0.000000	121.048274	0.000000	8.0
1467	-0.159783	121.001949	0.001928	8.8
1468	-1.289070	120.955671	0.016827	7.9
1469	-1.208694	120.909440	0.014400	8.2
1470	-0.113931	120.863256	0.001852	8.0
1471	-0.913079	120.817119	0.008995	7.8
1472	-1.355045	120.771029	0.017999	7.8
1473	-0.803515	120.724986	0.010461	8.1
1474	-1.313053	120.678990	0.014563	7.8
1475	-0.000000	120.633040	0.000000	7.9
1476	-1.037230	120.587137	0.009237	7.9
1477	-1.266434	120.541281	0.006239	8.0
1478	-1.425200	120.495471	0.022602	7.7
1479	-0.705366	120.449707	0.006566	9.2
1480	-1.099703	120.403990	0.007255	7.6
1481	-1.181190	120.358319	0.008334	7.4
1482	-0.000000	120.312694	0.000000	7.4
1483	-1.644749	120.267115	0.011919	7.4
1484	-0.002513	120.221582	0.000271	7.7
1485	-0.003823	120.176096	0.000281	7.4
1486	-1.139065	120.130655	0.011578	7.6
1487	-1.436199	120.085260	0.013318	7.5
1488	-1.265132	120.039910	0.007378	7.5
1489	-1.623389	119.994606	0.007210	7.4
1490	-1.497821	119.949348	0.010495	7.8
1491	-0.208744	119.904135	0.003074	7.9
1492	-0.000317	119.858968	0.000048	8.6
1493	-0.584513	119.813846	0.005396	7.8
1494	-1.472257	119.768769	0.022065	8.1
1495	-1.172847	119.723738	0.012441	7.7
1496	-1.421052	119.678752	0.008579	9.8
1497	-0.556145	119.633810	0.006617	8.3
1498	-1.293771	119.588914	0.010228	10.1
1499	-0.630570	119.544062	0.005727	8.2
1500	-1.319325	119.499256	0.022437	7.6
1501	-0.002399	119.454494	0.000308	7.8
1502	-1.134141	119.409777	0.007105	7.9
1503	-0.712829	119.365104	0.012654	7.8
1504	-1.051795	119.320476	0.016071	8.0
1505	-1.019876	119.275893	0.005286	7.7
1506	-0.000000	119.231353	0.000000	8.0
1507	-0.525204	119.186859	0.011877	8.3
1508	-1.092248	119.142408	0.005278	8.2
1509	-1.388320	119.098002	0.014641	8.1
1510	-0.000000	119.053639	0.000000	8.2
1511	-1.299023	119.009321	0.013348	8.2
1512	-1.279034	118.965047	0.017415	7.9
1513	-1.040172	118.920816	0.020013	8.2
1514	-0.000000	118.876630	0.000000	8.3
1515	-1.176064	118.832487	0.010336	8.1
1516	-0.512217	118.788388	0.008726	8.5
1517	-0.535967	118.744332	0.010859	7.4
1518	-1.394948	118.700320	0.012932	7.7
1519	-1.223750	118.656352	0.008784	7.9
1520	-1.023729	118.612427	0.009887	7.7
1521	-1.295391	118.568545	0.013396	7.7
1522	-0.037328	118.524706	0.001265	7.6
1523	-1.513476	118.480911	0.006814	8.3
1524	-1.306202	118.437159	0.012798	7.6
1525	-1.370577	118.393450	0.011770	7.7
1526	-0.963465	118.349784	0.010033	7.9
1527	-1.343405	118.306160	0.015566	8.0
1528	-0.568138	118.262580	0.004797	7.8
1529	-1.596343	118.219042	0.028907	8.5
1530	-0.465882	118.175548	0.003754	7.8
1531	-1.703166	118.132095	0.008708	8.1
1532	-1.310049	118.088686	0.008467	8.5
1533	-1.543016	118.045319	0.012369	7.4
1534	-1.432616	118.001994	0.007123	7.6
1535	-0.015625	117.958712	0.000460	8.2
1536	-1.167906	117.915472	0.011647	8.9
1537	-1.216623	117.872274	0.009258	7.9
1538	-0.039231	117.829118	0.000863	8.0
1539	-0.592790	117.786005	0.006430	7.5
1540	-1.009756	117.742933	0.014748	8.0
1541	-1.097425	117.699904	0.008271	7.4
1542	-1.361789	117.656916	0.014649	7.5
1543	-0.254093	117.613971	0.003503	7.9
1544	-1.451944	117.571067	0.012849	7.4
1545	-1.307766	117.528205	0.009520	7.6
1546	-0.493008	117.485384	0.005263	7.7
1547	-1.502941	117.442605	0.015557	7.8
1548	-0.000565	117.399867	0.000114	8.0
1549	-1.411286	117.357171	0.014113	7.7
1550	-0.895308	117.314517	0.008909	7.9
1551	-0.953133	117.271903	0.010849	7.7
1552	-0.995277	117.229331	0.013898	7.7
1553	-0.004959	117.186800	0.000250	7.7
1554	-1.454129	117.144311	0.012687	7.9
1555	-0.042619	117.101862	0.001209	7.9
1556	-1.296822	117.059454	0.010902	8.0
1557	-1.440969	117.017087	0.012662	7.3
1558	-0.791065	116.974762	0.007006	7.8
1559	-0.230533	116.932476	0.003335	8.0
1560	-0.533798	116.890232	0.007497	8.0
1561	-0.743105	116.848028	0.002036	7.8
1562	-0.000021	116.805865	0.000004	7.9
1563	-0.252043	116.763743	0.003498	7.9
1564	-0.252238	116.721661	0.003104	7.7
1565	-0.232748	116.679619	0.003223	8.0
1566	-0.675735	116.637618	0.009919	7.8
1567	-0.650635	116.595657	0.014001	8.1
1568	-1.396658	116.553736	0.009173	7.8
1569	-1.525807	116.511855	0.020153	7.7
1570	-1.543822	116.470015	0.008379	8.3
1571	-0.000000	116.428214	0.000000	7.9
1572	-1.516546	116.386454	0.008583	7.9
1573	-0.723753	116.344733	0.004602	8.1
1574	-1.075005	116.303052	0.003893	7.9
1575	-1.457846	116.261412	0.012703	7.3
1576	-0.095022	116.219810	0.001772	7.4
1577	-1.331792	116.178249	0.009665	8.0
1578	-0.000101	116.136727	0.000015	7.9
1579	-0.296765	116.095245	0.003457	8.0
1580	-0.655520	116.053802	0.003728	7.9
1581	-0.723712	116.012398	0.005066	8.0
1582	-1.491153	115.971034	0.018587	7.9
1583	-1.602671	115.929710	0.024043	8.0
1584	-1.396882	115.888424	0.008973	7.9
1585	-1.442337	115.847178	0.013051	7.9
1586	-0.326210	115.805970	0.003334	8.2
1587	-0.000000	115.764802	0.000000	7.5
1588	-0.000000	115.723673	0.000000	8.1
1589	-0.884348	115.682583	0.007579	7.7
1590	-0.457296	115.641532	0.003579	7.8
1591	-1.004807	115.600519	0.002851	7.8
1592	-1.612624	115.559546	0.008797	7.8
1593	-0.001705	115.518610	0.000208	7.2
1594	-0.922582	115.477714	0.010968	8.0
1595	-1.425273	115.436856	0.006848	7.9
1596	-0.966292	115.396037	0.008023	7.7
1597	-0.148566	115.355256	0.002784	7.9
1598	-0.291794	115.314514	0.002961	8.0
1599	-1.586691	115.273810	0.014740	7.8
1600	-0.000000	115.233144	0.000000	7.8
1601	-0.121786	115.192517	0.002185	7.8
1602	-1.330614	115.151927	0.010816	7.9
1603	-0.000000	115.111376	0.000000	8.4
1604	-1.255470	115.070863	0.015606	7.8
1605	-1.751402	115.030388	0.009778	7.9
1606	-0.000003	114.989951	0.000001	7.8
1607	-0.897717	114.949551	0.011500	7.8
1608	-0.368694	114.909190	0.004704	7.7
1609	-1.237627	114.868866	0.008492	7.8
1610	-1.608455	114.828580	0.014366	7.9
1611	-0.913530	114.788332	0.014006	7.8
1612	-1.404652	114.748121	0.009345	7.9
1613	-1.452319	114.707948	0.018894	7.9
1614	-1.235331	114.667812	0.006582	7.8
1615	-0.478249	114.627714	0.005808	7.3
1616	-1.352413	114.587653	0.012359	8.4
1617	-1.139314	114.547629	0.015646	8.2
1618	-0.404723	114.507643	0.003494	7.8
1619	-1.275383	114.467693	0.013183	8.1
1620	-0.000000	114.427781	0.000000	7.4
1621	-0.001119	114.387907	0.000109	8.1
1622	-1.496310	114.348069	0.011803	7.8
1623	-1.474373	114.308268	0.017449	7.9
1624	-1.570714	114.268504	0.016293	7.8
1625	-0.716580	114.228777	0.004264	7.8
1626	-1.550629	114.189086	0.005239	7.7
1627	-1.448602	114.149433	0.016063	7.9
1628	-1.069494	114.109816	0.011402	7.8
1629	-0.007750	114.070235	0.000560	8.2
1630	-1.321988	114.030692	0.006286	7.7
1631	-0.000000	113.991185	0.000000	7.6
1632	-0.514235	113.951714	0.003012	7.4
1633	-0.590837	113.912280	0.010218	7.7
1634	-0.133498	113.872882	0.002948	7.4
1635	-1.122626	113.833521	0.003198	7.5
1636	-0.000000	113.794195	0.000000	7.5
1637	-0.372018	113.754906	0.003938	7.6
1638	-1.126684	113.715653	0.006946	8.2
1639	-0.744529	113.676437	0.012239	7.5
1640	-1.317253	113.637256	0.008484	7.5
1641	-1.451091	113.598111	0.010701	7.8
1642	-0.000012	113.559002	0.000003	7.8
1643	-0.000028	113.519929	0.000005	7.6
1644	-1.324387	113.480892	0.020356	7.7
1645	-0.848281	113.441891	0.008868	7.7
1646	-1.123996	113.402925	0.014583	8.0
1647	-0.000059	113.363995	0.000012	7.7
1648	-0.756725	113.325101	0.008254	7.6
1649	-1.438317	113.286242	0.014942	7.7
1650	-0.962532	113.247419	0.004797	9.2
1651	-1.331015	113.208631	0.017718	7.5
1652	-1.186796	113.169879	0.008890	7.5
1653	-1.266277	113.131162	0.013345	8.6
1654	-0.603609	113.092480	0.004256	7.4
1655	-0.702378	113.053833	0.009673	8.2
1656	-0.731928	113.015222	0.008967	7.5
1657	-0.870005	112.976646	0.008480	7.5
1658	-0.753212	112.938105	0.005556	7.4
1659	-1.006604	112.899599	0.014126	7.4
1660	-1.446319	112.861128	0.010136	7.5
1661	-0.032641	112.822692	0.000826	7.5
1662	-0.018147	112.784291	0.000402	7.4
1663	-0.000000	112.745924	0.000000	7.4
1664	-1.432614	112.707593	0.013171	7.5
1665	-0.401310	112.669296	0.004314	7.4
1666	-1.304825	112.631034	0.007506	7.7
1667	-1.373506	112.592806	0.015065	7.4
1668	-1.469879	112.554613	0.013711	7.4
1669	-0.000068	112.516455	0.000013	8.0
1670	-0.368917	112.478331	0.003430	8.4
1671	-0.051702	112.440241	0.001119	7.7
1672	-1.270816	112.402186	0.021422	7.8
1673	-0.000114	112.364165	0.000024	7.8
1674	-0.000000	112.326179	0.000000	8.9
1675	-1.532780	112.288227	0.020553	7.8
1676	-1.402987	112.250309	0.005807	7.8
1677	-0.828352	112.212425	0.008331	8.7
1678	-1.568159	112.174575	0.013939	7.8
1679	-0.336549	112.136759	0.003770	7.9
1680	-1.248729	112.098977	0.018166	7.8
1681	-1.128935	112.061229	0.004335	7.8
1682	-0.803289	112.023515	0.011467	8.5
1683	-0.000000	111.985834	0.000000	7.8
1684	-0.529614	111.948188	0.003270	7.8
1685	-1.097624	111.910575	0.014300	7.8
1686	-1.179835	111.872996	0.007876	8.0
1687	-1.112678	111.835450	0.006988	7.8
1688	-1.258164	111.797939	0.014580	8.0
1689	-0.449542	111.760460	0.002281	8.0
1690	-0.000000	111.723015	0.000000	7.7
1691	-0.511676	111.685604	0.001978	7.9
1692	-0.087087	111.648226	0.001118	8.1
1693	-0.000980	111.610881	0.000129	7.8
1694	-1.292118	111.573570	0.009711	8.1
1695	-0.330287	111.536292	0.001890	8.5
1696	-0.632416	111.499047	0.003913	8.6
1697	-1.473764	111.461835	0.011709	7.9
1698	-0.000002	111.424656	0.000001	8.0
1699	-0.012542	111.387510	0.000826	8.0
1700	-0.510915	111.350398	0.005189	7.8
1701	-1.105938	111.313318	0.006139	7.9
1702	-0.278598	111.276271	0.001744	7.9
1703	-0.014919	111.239257	0.000623	7.3
1704	-0.400088	111.202276	0.002915	8.2
1705	-1.357258	111.165328	0.011642	8.6
1706	-1.482807	111.128412	0.011355	8.0
1707	-1.194803	111.091529	0.004544	8.0
1708	-0.712942	111.054679	0.014454	8.5
1709	-1.337057	111.017861	0.013090	7.9
1710	-0.809877	110.981076	0.006228	7.8
1711	-1.670709	110.944323	0.006919	8.0
1712	-0.000000	110.907603	0.000000	9.3
1713	-0.000000	110.870915	0.000000	7.8
1714	-0.497606	110.834259	0.007939	7.5
1715	-1.563823	110.797636	0.011180	7.8
1716	-0.000000	110.761045	0.000000	7.4
1717	-1.045217	110.724486	0.005102	9.1
1718	-1.453382	110.687959	0.010965	7.5
1719	-1.179980	110.651465	0.006272	7.5
1720	-1.008571	110.615002	0.008261	7.4
1721	-0.537173	110.578572	0.011393	7.5
1722	-1.469650	110.542173	0.011988	7.4
1723	-0.000000	110.505807	0.000000	8.2
1724	-0.560239	110.469472	0.005606	7.9
1725	-0.024895	110.433169	0.002068	7.7
1726	-1.333235	110.396898	0.009578	7.9
1727	-0.654281	110.360659	0.009102	8.1
1728	-0.012557	110.324451	0.000350	7.8
1729	-1.533096	110.288276	0.009290	7.7
1730	-0.291165	110.252131	0.004364	8.5
1731	-0.499493	110.216019	0.012812	8.1
1732	-0.550610	110.179937	0.007971	8.0
1733	-1.247786	110.143888	0.008808	8.1
1734	-0.695502	110.107869	0.015497	8.1
1735	-1.413272	110.071882	0.013382	8.1
1736	-0.636618	110.035927	0.006660	8.2
1737	-0.327257	110.000003	0.005281	7.8
1738	-0.593190	109.964110	0.005823	8.0
1739	-1.414426	109.928248	0.004252	8.0
1740	-1.519547	109.892417	0.005784	8.2
1741	-0.987167	109.856618	0.008455	8.2
1742	-1.030159	109.820850	0.006718	8.3
1743	-1.290060	109.785112	0.022005	8.0
1744	-1.031603	109.749406	0.006366	8.2
1745	-0.956785	109.713730	0.010328	7.9
1746	-1.360948	109.678086	0.012957	8.8
1747	-0.019004	109.642472	0.000628	7.7
1748	-1.457636	109.606890	0.011314	7.7
1749	-0.510567	109.571337	0.004873	7.7
1750	-0.829635	109.535816	0.014205	7.7
1751	-0.000001	109.500326	0.000000	8.0
1752	-0.539754	109.464866	0.005218	8.9
1753	-0.000000	109.429436	0.000000	7.6
1754	-0.001117	109.394038	0.000189	7.5
1755	-1.340382	109.358669	0.008155	8.0
1756	-1.104770	109.323331	0.006526	7.9
1757	-1.389240	109.288024	0.012008	7.9
1758	-0.000606	109.252747	0.000096	8.1
1759	-0.884686	109.217501	0.005896	7.9
1760	-1.362808	109.182284	0.010007	8.2
1761	-0.683026	109.147098	0.005702	7.9
1762	-1.392873	109.111942	0.010270	8.0
1763	-0.000071	109.076817	0.000015	7.9
1764	-0.643922	109.041721	0.006518	8.0
1765	-1.601456	109.006656	0.021222	7.9
1766	-1.287738	108.971620	0.007633	8.1
1767	-1.102745	108.936615	0.007935	8.0
1768	-0.863994	108.901640	0.009096	7.7
1769	-1.540889	108.866694	0.014737	8.3
1770	-1.531423	108.831779	0.012629	7.8
1771	-1.304143	108.796893	0.004665	8.0
1772	-1.314127	108.762037	0.015055	7.8
1773	-0.000001	108.727211	0.000000	7.8
1774	-0.303800	108.692415	0.004568	7.9
1775	-0.000000	108.657648	0.000000	7.7
1776	-0.000000	108.622911	0.000000	7.9
1777	-0.660171	108.588203	0.008096	8.0
1778	-1.296732	108.553525	0.020213	7.9
1779	-0.714344	108.518877	0.010079	8.0
1780	-0.077503	108.484258	0.001237	8.0
1781	-0.921967	108.449668	0.006185	8.0
1782	-0.468895	108.415108	0.004870	8.0
1783	-1.453007	108.380578	0.010536	7.7
1784	-0.834259	108.346076	0.001645	7.9
1785	-0.031001	108.311604	0.000823	8.0
1786	-1.405287	108.277161	0.017925	9.6
1787	-1.334814	108.242747	0.004905	8.0
1788	-0.946132	108.208363	0.012503	8.0
1789	-1.546468	108.174007	0.013689	7.4
1790	-1.186236	108.139681	0.004393	8.8
1791	-0.192526	108.105383	0.003186	7.8
1792	-0.768330	108.071115	0.010606	7.4
1793	-0.520814	108.036875	0.006685	8.5
1794	-0.000001	108.002665	0.000000	7.6
1795	-0.629351	107.968483	0.010489	8.5
1796	-0.001137	107.934330	0.000115	7.4
1797	-0.000000	107.900206	0.000000	8.2
1798	-0.163821	107.866111	0.001869	7.6
1799	-0.284080	107.832044	0.002978	9.0
1800	-1.409775	107.798007	0.007122	7.5
1801	-1.446061	107.763997	0.009134	7.9
1802	-0.982116	107.730017	0.008283	7.8
1803	-0.197635	107.696065	0.002292	7.8
1804	-0.000007	107.662141	0.000001	7.6
1805	-1.277803	107.628246	0.007460	8.2
1806	-1.279987	107.594379	0.011111	7.6
1807	-0.772210	107.560541	0.002633	8.0
1808	-1.570156	107.526731	0.006781	7.3
1809	-1.296809	107.492949	0.010024	8.1
1810	-1.045610	107.459196	0.007545	8.0
1811	-0.000939	107.425471	0.000143	8.1
1812	-0.000130	107.391774	0.000019	8.0
1813	-1.439882	107.358106	0.007691	7.4
1814	-0.214309	107.324465	0.003249	8.4
1815	-1.157317	107.290853	0.013311	7.3
1816	-0.315953	107.257268	0.002737	8.3
1817	-0.785574	107.223712	0.008069	7.4
1818	-1.348659	107.190184	0.013304	8.3
1819	-0.000870	107.156683	0.000077	7.5
1820	-0.030092	107.123211	0.000393	8.3
1821	-1.030845	107.089766	0.008491	7.4
1822	-1.271210	107.056349	0.012314	8.4
1823	-1.401551	107.022960	0.012454	7.6
1824	-1.152203	106.989599	0.009355	8.5
1825	-0.939739	106.956265	0.005479	7.5
1826	-1.343161	106.922960	0.009923	8.4
1827	-1.398674	106.889681	0.017331	6.9
1828	-1.249934	106.856431	0.001901	8.4
1829	-0.044860	106.823208	0.001547	7.6
1830	-0.920535	106.790012	0.008281	8.6
1831	-0.463975	106.756844	0.005885	7.5
1832	-1.387155	106.723703	0.006293	11.6
1833	-0.051569	106.690590	0.000898	10.1
1834	-0.164446	106.657505	0.001569	7.9
1835	-1.150441	106.624446	0.015771	8.3
1836	-1.419637	106.591415	0.016919	8.3
1837	-1.405809	106.558411	0.013388	7.8
1838	-0.011177	106.525435	0.000339	7.6
1839	-1.615110	106.492485	0.009134	7.9
1840	-1.440888	106.459563	0.010274	7.4
1841	-0.005305	106.426668	0.000264	13.3
1842	-0.539374	106.393800	0.011437	11.8
1843	-0.956038	106.360959	0.010386	12.1
1844	-0.072607	106.328145	0.002128	11.8
1845	-0.515445	106.295358	0.007048	19.5
1846	-1.457818	106.262598	0.010415	37.3
1847	-1.370027	106.229865	0.003094	21.3
1848	-0.569869	106.197158	0.012604	14.4
1849	-0.994098	106.164479	0.014540	16.2
1850	-1.155410	106.131826	0.011272	13.9
1851	-0.396742	106.099201	0.003810	12.6
1852	-1.411246	106.066602	0.011935	12.0
1853	-1.415371	106.034029	0.008797	12.2
1854	-0.452993	106.001483	0.003648	12.4
1855	-0.437530	105.968964	0.004898	12.9
1856	-0.301422	105.936472	0.004061	12.1
1857	-1.244103	105.904006	0.007794	7.9
1858	-0.944480	105.871566	0.012448	11.9
1859	-0.851078	105.839153	0.010361	12.0
1860	-0.460980	105.806767	0.005666	12.6
1861	-0.708017	105.774407	0.008046	15.7
1862	-1.449848	105.742073	0.014376	16.8
1863	-1.298581	105.709766	0.011948	12.5
1864	-0.610386	105.677485	0.015110	7.8
1865	-1.527309	105.645230	0.031078	8.3
1866	-0.292172	105.613001	0.003615	8.8
1867	-0.107966	105.580799	0.001932	8.5
1868	-1.680446	105.548623	0.013925	7.7
1869	-0.000000	105.516473	0.000000	8.6
1870	-0.978695	105.484349	0.018645	8.2
1871	-0.570390	105.452251	0.013328	9.0
1872	-1.169769	105.420179	0.008469	9.9
1873	-1.258840	105.388133	0.009422	8.4
1874	-1.183874	105.356113	0.007027	7.8
1875	-1.102295	105.324119	0.004462	8.3
1876	-1.269415	105.292151	0.013135	10.5
1877	-0.344148	105.260209	0.002964	10.0
1878	-0.813451	105.228293	0.006045	9.5
1879	-1.198391	105.196402	0.013133	7.9
1880	-0.000000	105.164537	0.000000	7.8
1881	-1.500473	105.132698	0.010864	7.9
1882	-1.452319	105.100885	0.007837	8.1
1883	-0.964783	105.069097	0.008915	8.0
1884	-0.018458	105.037335	0.000578	8.3
1885	-0.034250	105.005598	0.001445	8.2
1886	-0.000000	104.973887	0.000000	8.1
1887	-1.014207	104.942202	0.003502	8.0
1888	-0.267316	104.910542	0.002006	8.2
1889	-0.992745	104.878907	0.007472	8.0
1890	-1.401959	104.847298	0.023494	8.1
1891	-1.501071	104.815715	0.013150	7.7
1892	-0.002370	104.784156	0.000273	8.2
1893	-1.463384	104.752623	0.007595	7.9
1894	-1.041041	104.721116	0.009834	8.1
1895	-1.466602	104.689633	0.012878	8.3
1896	-0.090099	104.658176	0.001968	7.9
1897	-0.421601	104.626744	0.005768	8.0
1898	-0.000000	104.595337	0.000000	8.8
1899	-0.341368	104.563955	0.004116	8.4
1900	-1.458602	104.532599	0.005573	8.1
1901	-0.168114	104.501267	0.002070	8.0
1902	-1.010445	104.469960	0.009975	7.9
1903	-1.150818	104.438679	0.015332	7.6
1904	-1.467751	104.407422	0.012717	7.7
1905	-0.000000	104.376191	0.000000	9.1
1906	-0.619917	104.344984	0.005380	7.9
1907	-1.237592	104.313802	0.009490	7.9
1908	-0.608509	104.282645	0.009956	7.9
1909	-1.366492	104.251513	0.014854	8.2
1910	-1.309144	104.220405	0.011378	8.0
1911	-0.528120	104.189323	0.010991	7.7
1912	-0.535834	104.158265	0.003564	7.9
1913	-0.000000	104.127231	0.000000	8.2
1914	-1.192226	104.096222	0.016793	7.6
1915	-1.509475	104.065238	0.008417	7.6
1916	-0.547316	104.034279	0.015875	7.4
1917	-0.000000	104.003344	0.000000	7.6
1918	-1.296363	103.972433	0.010662	7.5
1919	-0.140630	103.941547	0.003237	7.3
1920	-0.000233	103.910686	0.000032	7.5
1921	-1.280449	103.879849	0.004059	7.6
1922	-0.435702	103.849036	0.003140	7.4
1923	-0.000976	103.818248	0.000152	7.4
1924	-1.403776	103.787484	0.012167	7.4
1925	-0.425709	103.756744	0.002763	8.0
1926	-1.544979	103.726029	0.011325	8.5
1927	-0.936305	103.695338	0.012473	7.9
1928	-0.997486	103.664671	0.009017	8.6
1929	-0.400594	103.634028	0.003854	7.9
1930	-0.654312	103.603409	0.006900	7.8
1931	-0.494677	103.572814	0.011234	7.8
1932	-0.000000	103.542244	0.000000	7.7
1933	-1.512210	103.511698	0.017308	7.9
1934	-1.353148	103.481175	0.012745	8.2
1935	-1.276851	103.450677	0.021986	7.9
1936	-0.812927	103.420202	0.003208	8.0
1937	-1.176833	103.389752	0.004774	8.0
1938	-1.539301	103.359325	0.012022	8.4
1939	-1.483833	103.328922	0.011192	7.9
1940	-0.000000	103.298543	0.000000	7.5
1941	-0.067829	103.268188	0.001129	8.5
1942	-0.177515	103.237857	0.002686	8.2
1943	-1.427003	103.207549	0.018362	8.4
1944	-0.383780	103.177265	0.009212	8.7
1945	-0.733060	103.147005	0.009740	7.6
1946	-1.388903	103.116768	0.014093	7.9
1947	-1.722316	103.086556	0.016698	7.7
1948	-0.000000	103.056366	0.000000	7.8
1949	-1.179368	103.026200	0.013232	8.0
1950	-0.851918	102.996058	0.009136	7.6
1951	-1.393932	102.965939	0.005508	7.7
1952	-0.255178	102.935844	0.002889	7.5
1953	-1.012129	102.905772	0.003262	7.6
1954	-1.049139	102.875724	0.002658	7.8
1955	-1.352360	102.845699	0.009933	7.8
1956	-1.533013	102.815697	0.013705	8.1
1957	-0.010107	102.785719	0.000737	7.5
1958	-1.542058	102.755764	0.010528	7.5
1959	-1.491613	102.725832	0.011666	9.2
1960	-1.411444	102.695924	0.020441	7.4
1961	-1.319694	102.666038	0.001842	7.3
1962	-1.298571	102.636176	0.017403	7.8
1963	-1.459332	102.606337	0.018160	8.1
1964	-0.862558	102.576521	0.012289	7.9
1965	-0.486595	102.546728	0.003736	7.8
1966	-1.352038	102.516959	0.011548	7.8
1967	-1.323595	102.487212	0.010282	7.8
1968	-1.456917	102.457488	0.013215	7.8
1969	-0.000000	102.427788	0.000000	7.7
1970	-0.409882	102.398110	0.002287	8.2
1971	-1.359652	102.368455	0.014033	8.0
1972	-0.051051	102.338823	0.001520	7.4
1973	-1.176795	102.309214	0.006483	12.5
1974	-0.252250	102.279628	0.003725	12.8
1975	-0.568207	102.250064	0.006389	14.6
1976	-1.480560	102.220524	0.007575	14.9
1977	-1.341808	102.191006	0.007255	14.4
1978	-1.258777	102.161511	0.006412	9.5
1979	-0.000000	102.132038	0.000000	9.2
1980	-0.917399	102.102588	0.010728	12.2
1981	-1.038042	102.073161	0.007924	10.5
1982	-1.374602	102.043757	0.005064	9.2
1983	-1.049887	102.014375	0.002866	13.6
1984	-0.000000	101.985015	0.000000	8.7
1985	-1.309833	101.955678	0.008253	8.1
1986	-0.000000	101.926364	0.000000	11.8
1987	-1.600503	101.897072	0.014296	10.4
1988	-0.000000	101.867802	0.000000	11.2
1989	-1.259595	101.838555	0.005003	8.1
1990	-1.301818	101.809330	0.015077	8.2
1991	-0.003590	101.780128	0.000315	9.1
1992	-1.517141	101.750948	0.015617	9.4
1993	-1.356009	101.721790	0.007374	10.7
1994	-0.318812	101.692654	0.004346	8.4
1995	-1.699695	101.663541	0.009599	8.1
1996	-1.587568	101.634450	0.009283	7.4
1997	-0.000030	101.605381	0.000006	11.0
1998	-1.453493	101.576335	0.022485	7.8
1999	-0.542675	101.547310	0.007477	12.0
