1:ItNr	2:Metric	3:StepSize	4:||Gradient||	Time[ms]
0	-0.000000	627.201626	0.000000	1008.1
1	-0.856490	623.504937	0.007083	11.5
2	-0.758943	619.865785	0.006559	11.9
3	-0.324428	616.282728	0.007153	12.0
4	-0.395982	612.754375	0.006306	12.7
5	-0.000000	609.279381	0.000000	16.6
6	-0.000000	605.856447	0.000000	11.5
7	-0.681473	602.484317	0.005122	11.7
8	-0.551970	599.161779	0.006201	11.6
9	-0.000000	595.887656	0.000000	11.8
10	-0.762343	592.660813	0.007546	11.7
11	-0.000000	589.480151	0.000000	11.7
12	-0.584089	586.344606	0.004536	11.1
13	-0.000000	583.253145	0.000000	11.9
14	-0.596036	580.204771	0.007578	11.5
15	-0.291630	577.198517	0.005207	12.2
16	-0.300897	574.233444	0.004537	11.5
17	-0.438425	571.308645	0.006436	11.8
18	-0.001701	568.423237	0.000107	11.6
19	-0.606596	565.576365	0.006137	12.7
20	-0.000000	562.767201	0.000000	11.5
21	-0.807065	559.994938	0.005052	12.4
22	-0.802592	557.258797	0.005218	12.1
23	-0.829071	554.558018	0.008120	15.1
24	-0.592213	551.891865	0.007613	11.5
25	-0.810435	549.259621	0.005671	12.0
26	-0.512032	546.660592	0.005719	12.3
27	-0.000000	544.094102	0.000000	12.4
28	-0.319952	541.559494	0.004260	11.4
29	-0.171164	539.056129	0.003618	11.1
30	-0.232212	536.583387	0.002759	12.9
31	-0.605398	534.140663	0.007313	11.6
32	-0.026190	531.727370	0.002426	11.8
33	-0.042695	529.342935	0.001352	11.6
34	-0.404871	526.986802	0.004945	12.2
35	-0.753253	524.658430	0.004738	11.8
36	-0.000000	522.357290	0.000000	11.9
37	-0.591727	520.082868	0.004548	11.5
38	-0.397365	517.834665	0.005186	12.7
39	-0.976034	515.612193	0.007919	13.0
40	-0.950335	513.414976	0.005114	12.0
41	-0.472151	511.242551	0.007348	11.7
42	-0.422250	509.094468	0.004966	12.2
43	-0.000078	506.970285	0.000049	14.9
44	-0.677658	504.869574	0.007301	11.7
45	-0.622963	502.791916	0.006123	11.9
46	-0.674736	500.736903	0.006559	11.6
47	-0.000000	498.704137	0.000000	12.3
48	-0.530853	496.693228	0.006576	11.4
49	-0.555228	494.703798	0.003914	11.9
50	-0.000000	492.735476	0.000000	11.6
51	-0.000009	490.787900	0.000009	11.8
52	-0.089529	488.860718	0.001804	10.8
53	-0.403267	486.953585	0.004899	12.0
54	-0.685811	485.066164	0.008005	11.6
55	-0.724375	483.198126	0.004838	11.9
56	-0.000000	481.349149	0.000000	11.6
57	-0.000000	479.518920	0.000000	12.2
58	-0.000000	477.707132	0.000000	11.2
59	-0.308832	475.913485	0.004149	11.9
60	-0.000000	474.137684	0.000000	12.1
61	-0.000000	472.379445	0.000000	12.0
62	-0.401766	470.638485	0.004970	11.8
63	-0.000000	468.914531	0.000000	12.2
64	-0.532924	467.207315	0.006230	11.5
65	-0.780861	465.516573	0.008389	11.8
66	-0.707980	463.842050	0.008987	11.8
67	-0.636398	462.183494	0.006341	12.1
68	-0.799113	460.540658	0.007300	11.5
69	-0.000214	458.913303	0.000108	12.0
70	-0.524891	457.301192	0.005273	11.5
71	-0.663126	455.704096	0.006670	12.0
72	-0.827810	454.121787	0.005346	11.5
73	-0.177003	452.554045	0.004997	11.3
74	-0.609169	451.000653	0.006282	11.5
75	-0.533106	449.461399	0.006627	12.1
76	-0.145821	447.936075	0.001431	11.3
77	-0.000000	446.424477	0.000000	11.8
78	-0.104133	444.926406	0.002300	11.7
79	-0.027847	443.441666	0.000758	11.8
80	-0.000000	441.970065	0.000000	11.6
81	-0.000000	440.511415	0.000000	11.9
82	-0.248119	439.065533	0.003322	11.6
83	-0.276778	437.632238	0.005727	11.8
84	-0.748151	436.211351	0.007464	12.3
85	-0.000000	434.802701	0.000000	11.5
86	-0.186466	433.406117	0.003342	12.0
87	-0.421191	432.021430	0.004755	11.5
88	-0.000000	430.648479	0.000000	11.9
89	-0.018558	429.287101	0.000990	11.6
90	-0.454355	427.937140	0.006059	11.9
91	-0.866708	426.598440	0.005009	11.5
92	-0.760149	425.270849	0.006578	13.0
93	-0.000000	423.954220	0.000000	11.5
94	-0.000000	422.648404	0.000000	12.1
95	-0.597225	421.353259	0.006461	11.5
96	-0.329096	420.068643	0.007562	12.1
97	-0.047468	418.794419	0.004466	11.5
98	-0.353319	417.530451	0.004447	11.9
99	-0.035287	416.276604	0.000845	11.5
100	-0.000000	415.032748	0.000000	10.9
101	-0.495715	413.798754	0.005877	12.2
102	-0.362834	412.574495	0.005507	12.4
103	-0.833683	411.359849	0.004757	11.6
104	-0.484322	410.154691	0.004272	11.5
105	-0.835888	408.958904	0.007937	12.0
106	-0.021309	407.772368	0.001416	11.8
107	-0.790807	406.594968	0.005739	11.6
108	-0.542773	405.426590	0.007162	11.4
109	-0.000000	404.267122	0.000000	11.8
110	-0.000000	403.116456	0.000000	11.6
111	-0.404461	401.974481	0.005143	11.9
112	-0.288962	400.841093	0.004145	11.9
113	-0.650471	399.716187	0.006507	12.2
114	-0.351595	398.599660	0.002724	11.6
115	-0.927538	397.491411	0.006358	12.0
116	-0.228885	396.391342	0.005085	11.8
117	-0.000000	395.299353	0.000000	11.6
118	-0.000000	394.215350	0.000000	12.3
119	-0.170353	393.139238	0.003503	11.5
120	-0.775990	392.070924	0.006731	11.5
121	-0.105133	391.010316	0.001635	13.0
122	-0.914388	389.957325	0.005746	11.8
123	-0.000000	388.911862	0.000000	12.5
124	0.000000	387.873839	0.000000	11.6
125	-0.000000	386.843173	0.000000	12.0
126	-0.000000	385.819777	0.000000	12.5
127	-0.187212	384.803569	0.002161	12.6
128	-0.628212	383.794468	0.006753	12.0
129	-0.705932	382.792393	0.005096	11.6
130	-0.014204	381.797264	0.000487	13.0
131	-0.000000	380.809005	0.000000	13.1
132	-0.000000	379.827537	0.000000	11.5
133	-0.812471	378.852786	0.009266	12.0
134	-0.880400	377.884678	0.005586	11.4
135	-0.048632	376.923138	0.002337	12.0
136	-0.948245	375.968095	0.006745	11.5
137	-0.571150	375.019479	0.006898	12.0
138	-0.726200	374.077218	0.007020	11.5
139	-0.183899	373.141244	0.002725	12.0
140	-0.660091	372.211489	0.006716	11.7
141	-0.027398	371.287887	0.001514	11.9
142	-0.833150	370.370370	0.007166	11.8
143	-0.832173	369.458876	0.006546	12.1
144	-0.017547	368.553338	0.000438	11.1
145	-0.465515	367.653696	0.006123	12.4
146	-0.438633	366.759885	0.008557	11.9
147	-0.023661	365.871846	0.003338	12.4
148	-0.881292	364.989518	0.005841	11.5
149	-0.375092	364.112841	0.004911	11.8
150	-0.376840	363.241757	0.004676	12.8
151	-0.000000	362.376208	0.000000	11.8
152	-0.494632	361.516137	0.005835	13.8
153	-0.230112	360.661488	0.004356	11.9
154	-0.000000	359.812206	0.000000	10.7
155	-0.000000	358.968236	0.000000	12.0
156	-0.382130	358.129524	0.003343	11.5
157	-0.648755	357.296018	0.005069	12.0
158	-0.708927	356.467665	0.006134	11.6
159	-0.430422	355.644414	0.004445	12.0
160	-0.591164	354.826213	0.005642	11.2
161	-0.000000	354.013012	0.000000	11.5
162	-0.000030	353.204763	0.000037	11.6
163	-0.000000	352.401415	0.000000	11.9
164	-0.000000	351.602922	0.000000	11.5
165	-0.701701	350.809235	0.006962	11.9
166	-0.798333	350.020308	0.004699	12.4
167	-0.000000	349.236095	0.000000	12.3
168	-0.000000	348.456550	0.000000	11.5
169	-0.592478	347.681627	0.007208	12.0
170	-0.986216	346.911283	0.005511	11.7
171	-0.000000	346.145474	0.000000	11.5
172	-0.854649	345.384157	0.007169	11.9
173	-0.000000	344.627288	0.000000	11.6
174	-0.515563	343.874826	0.006789	11.9
175	-0.782621	343.126729	0.006276	11.9
176	-0.488766	342.382957	0.004798	11.7
177	-0.610587	341.643469	0.004870	12.2
178	-0.058439	340.908224	0.002860	11.6
179	-0.000000	340.177184	0.000000	12.1
180	-0.907330	339.450309	0.005253	13.6
181	-0.508806	338.727561	0.005781	12.1
182	-0.372871	338.008902	0.005461	11.5
183	-0.565201	337.294295	0.007713	12.1
184	-0.814079	336.583703	0.003911	11.5
185	-0.263857	335.877089	0.004086	12.0
186	-0.715964	335.174416	0.005482	11.6
187	-0.379309	334.475651	0.004774	12.3
188	-0.000000	333.780756	0.000000	11.6
189	-0.602550	333.089698	0.006284	12.2
190	-0.000000	332.402443	0.000000	11.6
191	-0.948303	331.718955	0.006605	11.9
192	-0.701895	331.039203	0.004898	11.5
193	-0.806501	330.363153	0.005399	12.2
194	-0.000000	329.690771	0.000000	11.5
195	-0.876596	329.022027	0.008465	12.0
196	-0.000000	328.356888	0.000000	11.6
197	-0.417994	327.695322	0.004387	13.2
198	-0.746192	327.037299	0.005711	11.5
199	-0.559341	326.382787	0.005675	12.2
200	-0.877212	325.731758	0.008059	11.9
201	-0.057304	325.084179	0.001485	12.4
202	-0.781318	324.440023	0.006152	11.5
203	-0.821983	323.799258	0.007143	12.7
204	-0.155336	323.161858	0.002019	11.4
205	-0.928689	322.527792	0.006155	12.0
206	-0.933769	321.897034	0.007389	14.6
207	-0.797757	321.269554	0.006293	10.9
208	-0.706488	320.645325	0.005902	11.7
209	-0.457735	320.024320	0.004827	15.0
210	-0.433908	319.406512	0.004950	11.7
211	-0.147296	318.791875	0.005742	11.5
212	-0.298033	318.180381	0.005317	10.9
213	-0.026041	317.572005	0.001257	12.2
214	-0.000000	316.966721	0.000000	29.9
215	-0.725185	316.364504	0.006196	22.4
216	-0.396184	315.765329	0.003586	23.0
217	-0.681581	315.169170	0.005014	24.5
218	-0.564363	314.576003	0.006670	17.2
219	-0.512557	313.985804	0.007641	16.6
220	-0.857240	313.398548	0.006977	17.1
221	-1.028389	312.814213	0.008512	17.2
222	-0.126193	312.232773	0.003522	18.2
223	-0.000122	311.654207	0.000094	20.5
224	-0.000000	311.078491	0.000000	17.4
225	-0.000000	310.505602	0.000000	17.2
226	-0.313655	309.935518	0.006490	16.8
227	-0.000000	309.368217	0.000000	16.7
228	-0.040656	308.803676	0.002205	16.8
229	-0.000000	308.241874	0.000000	17.2
230	-0.186840	307.682789	0.003132	19.3
231	-0.968890	307.126400	0.006884	18.0
232	-0.699189	306.572687	0.006429	20.0
233	-0.951227	306.021627	0.007039	18.3
234	-0.340712	305.473201	0.004720	14.1
235	-0.815982	304.927388	0.005799	11.6
236	-0.761050	304.384168	0.006479	12.2
237	-0.490115	303.843521	0.008275	12.2
238	-0.963481	303.305427	0.005850	12.2
239	-0.455446	302.769867	0.006313	11.5
240	-0.172513	302.236821	0.002886	12.7
241	-0.231892	301.706270	0.003974	11.6
242	-0.950218	301.178196	0.007005	12.1
243	-0.669467	300.652580	0.004600	11.8
244	0.000000	300.129402	0.000000	10.6
245	-0.601035	299.608645	0.005996	11.7
246	-0.446519	299.090291	0.004465	12.4
247	-0.538533	298.574321	0.006859	11.9
248	-0.352882	298.060718	0.007714	12.2
249	-0.003745	297.549465	0.000313	11.6
250	-0.788521	297.040543	0.008172	12.1
251	-0.736627	296.533936	0.007951	11.5
252	-0.701471	296.029626	0.004583	12.8
253	-0.018209	295.527597	0.000931	11.5
254	-0.583894	295.027832	0.007074	12.0
255	-0.000000	294.530315	0.000000	11.7
256	-0.000000	294.035028	0.000000	12.5
257	-0.000000	293.541956	0.000000	12.0
258	-0.000000	293.051083	0.000000	12.1
259	-0.198389	292.562393	0.002731	11.7
260	-0.362319	292.075870	0.003616	13.8
261	-0.479463	291.591498	0.006468	13.5
262	-0.936123	291.109263	0.005726	13.9
263	-0.997400	290.629149	0.005598	12.7
264	-0.471117	290.151140	0.003752	13.0
265	-0.000132	289.675222	0.000169	12.6
266	-0.194707	289.201380	0.004612	12.3
267	-0.875400	288.729600	0.005844	12.4
268	-0.575002	288.259866	0.005844	12.8
269	-0.817463	287.792165	0.006765	12.6
270	-0.000000	287.326481	0.000000	12.1
271	-0.000000	286.862802	0.000000	13.0
272	-0.291500	286.401113	0.003915	12.6
273	-0.999997	285.941400	0.006643	12.0
274	-0.000000	285.483649	0.000000	11.0
275	-0.000000	285.027847	0.000000	11.5
276	-0.508289	284.573981	0.005098	12.2
277	-0.235162	284.122037	0.004676	11.7
278	-0.000000	283.672002	0.000000	13.1
279	-0.937506	283.223863	0.007778	12.0
280	-0.969765	282.777607	0.005838	12.3
281	-0.293530	282.333221	0.004128	12.3
282	-0.948107	281.890692	0.006004	11.8
283	-0.673100	281.450008	0.003995	12.7
284	-0.410287	281.011157	0.005803	12.7
285	-0.653518	280.574125	0.007489	12.3
286	-0.054446	280.138901	0.001400	12.2
287	-0.024581	279.705473	0.000929	11.5
288	-0.687583	279.273829	0.006003	11.8
289	-0.000000	278.843956	0.000000	10.9
290	-0.080362	278.415844	0.001335	12.1
291	-0.509780	277.989479	0.005927	12.3
292	-1.017390	277.564851	0.008345	11.7
293	-0.639167	277.141949	0.005423	11.5
294	-0.000000	276.720761	0.000000	11.4
295	-0.000000	276.301275	0.000000	11.6
296	-0.451565	275.883480	0.004678	11.8
297	-0.707274	275.467366	0.004479	11.7
298	-0.421270	275.052922	0.006360	12.0
299	-0.600372	274.640136	0.007251	11.5
300	-0.373737	274.228998	0.003746	12.0
301	-0.053157	273.819497	0.004394	11.7
302	-0.030635	273.411623	0.004559	11.6
303	-0.632573	273.005365	0.004268	11.6
304	-0.547244	272.600712	0.006448	11.7
305	-0.258961	272.197655	0.003313	12.4
306	-0.599348	271.796184	0.006730	11.8
307	-0.852419	271.396287	0.006625	11.6
308	-0.196665	270.997956	0.002472	11.8
309	-0.873518	270.601180	0.005410	11.4
310	-0.320399	270.205949	0.006770	11.7
311	-0.704314	269.812254	0.006566	11.3
312	-0.150865	269.420085	0.003286	11.5
313	-0.652131	269.029432	0.005574	11.8
314	-0.865177	268.640287	0.006429	11.4
315	-0.705237	268.252638	0.004755	11.8
316	-0.836004	267.866478	0.008858	11.5
317	-0.000000	267.481796	0.000000	11.8
318	-0.261032	267.098584	0.005534	11.5
319	-0.745649	266.716833	0.006800	11.9
320	-0.597606	266.336533	0.006322	11.4
321	-0.917599	265.957676	0.005589	11.7
322	-0.462583	265.580253	0.003526	11.9
323	-0.495301	265.204254	0.006017	12.1
324	-0.234795	264.829672	0.005446	11.4
325	-0.000000	264.456497	0.000000	11.6
326	-0.000000	264.084721	0.000000	11.4
327	-0.278436	263.714335	0.005590	12.3
328	-0.957705	263.345332	0.006052	11.6
329	-0.583480	262.977702	0.005048	12.0
330	-0.529001	262.611438	0.008097	11.9
331	-0.842683	262.246531	0.006935	11.6
332	-0.000000	261.882973	0.000000	11.2
333	-0.450583	261.520756	0.007618	11.7
334	-1.043894	261.159871	0.007331	11.3
335	-0.591941	260.800312	0.007683	11.3
336	-0.482020	260.442070	0.005590	11.9
337	-0.714741	260.085137	0.006319	11.3
338	-0.880627	259.729505	0.006321	11.9
339	-0.660387	259.375167	0.006462	11.5
340	-0.634449	259.022116	0.006230	12.4
341	-0.002265	258.670343	0.000075	11.0
342	-0.580099	258.319841	0.007045	12.0
343	-0.579784	257.970602	0.006874	11.7
344	-0.720021	257.622620	0.005245	12.0
345	-0.000132	257.275887	0.000098	11.5
346	-0.930389	256.930396	0.004811	12.0
347	-0.207173	256.586139	0.002973	11.6
348	-0.531742	256.243109	0.006508	12.6
349	-0.645920	255.901300	0.007070	11.5
350	-0.619907	255.560703	0.004758	12.1
351	-0.032109	255.221313	0.000990	11.5
352	-0.000000	254.883122	0.000000	11.5
353	-0.094149	254.546124	0.001826	12.2
354	-0.199841	254.210311	0.002656	12.0
355	-0.004851	253.875677	0.000576	11.5
356	-0.431352	253.542215	0.004847	12.0
357	-0.604022	253.209918	0.008051	11.5
358	-0.829826	252.878781	0.005793	11.5
359	-0.691672	252.548795	0.004041	11.9
360	-0.133244	252.219956	0.003827	11.7
361	-0.765525	251.892255	0.005322	11.6
362	-0.270900	251.565688	0.003678	11.8
363	-0.044657	251.240247	0.001733	12.5
364	-0.345353	250.915926	0.004842	11.5
365	-0.629339	250.592720	0.006635	11.9
366	-0.003694	250.270621	0.000136	11.1
367	-0.776606	249.949624	0.007779	12.1
368	-0.396688	249.629723	0.004510	11.4
369	-0.233844	249.310911	0.003500	12.7
370	-0.754536	248.993182	0.007331	13.1
371	-0.353898	248.676531	0.004247	14.0
372	-0.962968	248.360952	0.005555	12.2
373	-0.425332	248.046438	0.004910	11.5
374	-0.862677	247.732984	0.004829	12.2
375	-0.872226	247.420584	0.008785	12.2
376	-0.683681	247.109233	0.007439	11.9
377	-0.000000	246.798924	0.000000	11.5
378	-0.498696	246.489652	0.006572	12.2
379	-0.000000	246.181412	0.000000	11.5
380	-0.516733	245.874197	0.006944	11.4
381	-0.717559	245.568002	0.005070	13.2
382	-0.000000	245.262822	0.000000	11.9
383	-0.445364	244.958652	0.005112	11.5
384	-0.627231	244.655485	0.004421	11.9
385	-0.821817	244.353317	0.006670	11.5
386	-0.223351	244.052142	0.005692	12.0
387	-0.495973	243.751955	0.005440	11.7
388	-0.680378	243.452750	0.007298	12.0
389	-0.000000	243.154523	0.000000	12.4
390	-0.732435	242.857268	0.005529	12.6
391	-0.548123	242.560980	0.004081	11.6
392	-0.119324	242.265654	0.003680	11.6
393	-0.815815	241.971285	0.005995	11.4
394	-0.802563	241.677868	0.006091	11.9
395	-0.454439	241.385397	0.004898	11.6
396	-0.302898	241.093869	0.004215	11.9
397	-0.000000	240.803278	0.000000	11.6
398	-0.536706	240.513619	0.005428	12.0
399	-0.527469	240.224887	0.006630	11.7
400	-0.019953	239.937077	0.000867	11.9
401	-0.842827	239.650186	0.006594	11.4
402	-0.865979	239.364207	0.006628	12.1
403	-0.007433	239.079136	0.000812	10.3
404	-0.000000	238.794969	0.000000	11.9
405	-0.000000	238.511701	0.000000	11.5
406	-0.000000	238.229327	0.000000	11.9
407	-0.669519	237.947843	0.007190	11.6
408	-0.000000	237.667244	0.000000	12.2
409	-0.014288	237.387526	0.002761	11.6
410	-0.000000	237.108684	0.000000	12.6
411	-0.000000	236.830714	0.000000	11.6
412	-0.000000	236.553610	0.000000	12.1
413	-0.815981	236.277370	0.004782	11.4
414	-0.008650	236.001989	0.000539	12.1
415	-0.874249	235.727461	0.005255	11.8
416	-0.602455	235.453784	0.005292	12.0
417	-0.000000	235.180952	0.000000	12.5
418	-0.826808	234.908962	0.006157	11.9
419	-0.534363	234.637809	0.005592	11.5
420	-0.008703	234.367488	0.000000	12.0
421	-0.929920	234.097997	0.005250	11.4
422	-0.000000	233.829331	0.000000	11.8
423	-0.000000	233.561485	0.000000	11.5
424	-0.755736	233.294456	0.005816	12.1
425	-0.452648	233.028239	0.004643	11.8
426	-0.841440	232.762831	0.007276	11.5
427	-0.600597	232.498228	0.006515	11.9
428	0.000000	232.234425	0.000000	10.5
429	-0.418875	231.971419	0.006792	11.9
430	-0.031355	231.709205	0.001121	11.6
431	-0.804750	231.447781	0.007227	11.8
432	-0.000000	231.187141	0.000000	11.1
433	-0.000000	230.927283	0.000000	10.8
434	-0.907270	230.668202	0.006508	12.1
435	-0.865526	230.409895	0.008181	11.5
436	-0.652988	230.152358	0.004220	11.6
437	-0.937455	229.895587	0.006103	11.8
438	-0.568966	229.639578	0.005908	10.4
439	-0.809728	229.384329	0.006046	12.0
440	-0.431809	229.129834	0.006349	12.0
441	-0.651648	228.876091	0.004494	11.9
442	-0.857064	228.623096	0.004749	11.4
443	-0.037488	228.370846	0.001371	11.9
444	-0.390676	228.119336	0.006692	11.9
445	-0.227816	227.868563	0.003014	12.3
446	-0.580128	227.618525	0.007419	12.3
447	-0.000000	227.369216	0.000000	12.0
448	-0.732056	227.120635	0.006852	11.4
449	-0.788398	226.872777	0.005859	12.0
450	-0.579504	226.625638	0.003920	11.3
451	-0.072108	226.379217	0.001560	12.5
452	-0.341665	226.133509	0.003387	14.4
453	-0.000000	225.888510	0.000000	12.9
454	-0.262951	225.644218	0.005261	11.8
455	-0.940996	225.400630	0.006461	11.9
456	-0.393847	225.157741	0.004975	11.5
457	-0.635759	224.915549	0.007162	12.6
458	-0.000000	224.674051	0.000000	11.6
459	-0.807066	224.433242	0.005606	11.8
460	-0.327072	224.193121	0.006239	11.9
461	-0.000000	223.953684	0.000000	11.9
462	-0.000000	223.714927	0.000000	12.0
463	-0.000000	223.476848	0.000000	15.9
464	-0.759964	223.239444	0.006578	27.7
465	-0.706237	223.002710	0.006102	12.8
466	-0.351115	222.766645	0.005116	11.7
467	-0.652584	222.531245	0.006756	11.4
468	-0.670255	222.296508	0.004719	11.5
469	-0.605230	222.062429	0.005378	12.4
470	-0.244989	221.829007	0.004160	12.1
471	-0.501595	221.596238	0.004857	11.4
472	-0.834237	221.364119	0.005677	11.9
473	-0.406860	221.132647	0.006522	12.0
474	-0.000000	220.901820	0.000000	12.2
475	-0.047614	220.671634	0.002797	11.6
476	-0.654166	220.442086	0.006335	12.4
477	-0.486258	220.213174	0.005095	11.6
478	-0.310941	219.984895	0.004297	11.9
479	-0.730631	219.757246	0.004362	11.5
480	-0.705956	219.530224	0.007507	12.1
481	-0.568750	219.303826	0.006745	11.6
482	-0.671905	219.078050	0.004440	11.9
483	-0.000000	218.852893	0.000000	11.1
484	-0.001419	218.628352	0.000178	12.5
485	-0.118473	218.404424	0.003524	11.7
486	-0.674985	218.181106	0.008286	12.0
487	-0.000000	217.958397	0.000000	11.9
488	-0.603562	217.736292	0.006229	12.1
489	-0.236459	217.514790	0.002485	11.6
490	-0.016133	217.293888	0.002239	12.0
491	-0.000001	217.073584	0.000005	11.5
492	-0.606205	216.853873	0.005009	12.1
493	-0.223644	216.634755	0.002299	11.5
494	-0.134197	216.416227	0.001679	12.2
495	-0.000000	216.198285	0.000000	11.6
496	-0.103808	215.980927	0.001744	12.0
497	-0.943624	215.764151	0.005395	12.0
498	-0.226022	215.547955	0.002979	11.5
499	-0.597739	215.332335	0.007146	11.7
500	-0.633870	215.117289	0.006415	14.6
501	-0.685710	214.902815	0.005290	13.3
502	-0.083199	214.688911	0.002255	11.7
503	-0.902748	214.475573	0.007137	12.0
504	-0.832788	214.262800	0.007899	11.4
505	-0.000000	214.050588	0.000000	12.1
506	-0.073657	213.838936	0.001089	11.3
507	-0.174568	213.627842	0.001989	12.0
508	-0.736037	213.417302	0.005943	11.5
509	-0.538875	213.207314	0.005474	12.1
510	-0.642756	212.997877	0.006360	11.7
511	-0.687117	212.788987	0.008062	11.6
512	-0.330625	212.580642	0.004669	12.6
513	-0.037150	212.372841	0.001245	11.2
514	-0.000000	212.165581	0.000000	17.4
515	-0.781643	211.958859	0.006038	25.8
516	-0.975416	211.752673	0.006200	19.9
517	-0.295770	211.547021	0.005559	19.1
518	-0.051073	211.341902	0.003626	18.4
519	-0.000000	211.137311	0.000000	17.5
520	-0.000000	210.933248	0.000000	15.5
521	-0.805929	210.729710	0.006182	13.6
522	-0.959584	210.526695	0.008323	14.0
523	-0.310511	210.324200	0.004138	18.7
524	-0.181502	210.122224	0.006544	15.9
525	-0.251860	209.920765	0.003565	15.6
526	-0.902288	209.719820	0.005246	19.3
527	-0.000000	209.519387	0.000000	35.8
528	-0.182146	209.319463	0.002880	25.9
529	-0.104553	209.120048	0.003476	20.2
530	-0.186921	208.921139	0.005733	22.8
531	-0.682348	208.722733	0.003741	21.3
532	-0.722124	208.524829	0.008264	17.3
533	-0.000000	208.327425	0.000000	22.8
534	-0.751059	208.130518	0.004795	23.3
535	-0.686934	207.934107	0.006394	23.0
536	-0.000000	207.738189	0.000000	20.8
537	0.000000	207.542762	0.000000	13.9
538	-0.000000	207.347825	0.000000	18.9
539	-0.000000	207.153376	0.000000	21.8
540	-0.646129	206.959412	0.005889	20.9
541	-0.000000	206.765932	0.000000	21.0
542	-0.460967	206.572933	0.004550	22.1
543	-0.823062	206.380414	0.005600	23.5
544	-0.027279	206.188373	0.002627	18.5
545	-0.393985	205.996807	0.004293	21.3
546	-0.529616	205.805716	0.005432	23.7
547	-0.517831	205.615096	0.006136	21.1
548	-0.000000	205.424946	0.000000	23.1
549	-0.548966	205.235265	0.005357	24.7
550	-0.687862	205.046050	0.006340	21.3
551	-0.742123	204.857299	0.005435	14.6
552	-0.594435	204.669011	0.005211	16.6
553	-0.848127	204.481184	0.009007	16.0
554	-0.475327	204.293816	0.005210	15.2
555	-0.747719	204.106905	0.007650	14.4
556	-0.902460	203.920449	0.007602	16.2
557	-0.381840	203.734447	0.006124	13.2
558	-0.000000	203.548896	0.000000	12.3
559	-0.709733	203.363795	0.006518	12.4
560	-0.820565	203.179143	0.006499	13.7
561	-0.715640	202.994937	0.008947	11.9
562	-0.000000	202.811176	0.000000	12.3
563	-0.676688	202.627857	0.007136	12.1
564	-0.256426	202.444980	0.002744	11.6
565	-0.888428	202.262543	0.005964	11.9
566	-0.091809	202.080543	0.005891	11.4
567	-0.818872	201.898979	0.006297	12.3
568	-0.350314	201.717849	0.003848	12.0
569	-0.689802	201.537153	0.004761	12.3
570	-0.502620	201.356887	0.005638	11.6
571	-0.000600	201.177050	0.000778	11.7
572	-0.000000	200.997642	0.000000	13.8
573	-0.879944	200.818659	0.006324	12.1
574	-0.506586	200.640100	0.006364	11.5
575	-0.379504	200.461965	0.004123	13.2
576	-0.000000	200.284250	0.000000	12.0
577	-0.708888	200.106955	0.007792	11.7
578	-0.889298	199.930078	0.004684	12.1
579	-0.000475	199.753617	0.000171	11.5
580	-0.007340	199.577571	0.000539	13.4
581	-0.000000	199.401938	0.000000	12.6
582	-0.746183	199.226717	0.005408	11.9
583	-0.793593	199.051905	0.005228	11.5
584	-0.227403	198.877502	0.003609	12.1
585	-0.000000	198.703506	0.000000	11.7
586	-0.386713	198.529916	0.004988	12.0
587	-0.528620	198.356729	0.005622	11.6
588	-0.474463	198.183944	0.006604	12.1
589	-0.245145	198.011560	0.004919	11.8
590	-0.588031	197.839576	0.006699	10.7
591	-0.170044	197.667989	0.002443	12.0
592	-0.000000	197.496798	0.000000	11.8
593	-0.523532	197.326002	0.007932	12.3
594	-0.000018	197.155600	0.000037	11.9
595	-0.512452	196.985589	0.006246	11.5
596	-0.254015	196.815969	0.001981	11.5
597	-0.461363	196.646738	0.009788	11.6
598	-0.731564	196.477894	0.005701	13.3
599	-0.000000	196.309436	0.000000	13.1
600	-0.000524	196.141363	0.000236	12.2
601	-0.920664	195.973673	0.007194	11.5
602	-0.962879	195.806365	0.005840	11.9
603	-0.000000	195.639437	0.000000	11.6
604	-0.332531	195.472888	0.005884	12.3
605	-0.823624	195.306717	0.005170	11.7
606	-0.038087	195.140922	0.000671	13.8
607	-0.000000	194.975501	0.000000	11.6
608	-0.000000	194.810454	0.000000	15.1
609	-0.794329	194.645779	0.004483	13.8
610	-0.916599	194.481475	0.007523	12.8
611	-0.574606	194.317540	0.006579	12.0
612	-0.582221	194.153973	0.004428	13.0
613	-0.142121	193.990773	0.002574	11.7
614	-0.000000	193.827938	0.000000	12.5
615	-0.000000	193.665467	0.000000	11.5
616	-0.000000	193.503358	0.000000	12.1
617	-0.863615	193.341611	0.005544	12.1
618	-0.109856	193.180224	0.002743	11.3
619	-0.250874	193.019196	0.004958	11.5
620	-0.287627	192.858525	0.003138	12.0
621	-0.280944	192.698210	0.005610	11.8
622	-0.850604	192.538251	0.005974	11.8
623	-0.000220	192.378644	0.000125	11.5
624	-0.577899	192.219391	0.005898	11.8
625	-0.760066	192.060488	0.006458	11.6
626	-0.598322	191.901935	0.006250	11.8
627	-0.407847	191.743730	0.004879	11.5
628	-0.098266	191.585873	0.001470	11.5
629	-0.682072	191.428362	0.006341	12.3
630	-0.782827	191.271196	0.007142	11.6
631	-0.000000	191.114374	0.000000	12.2
632	-0.876496	190.957893	0.006115	11.4
633	-0.756951	190.801755	0.005859	12.4
634	-0.499478	190.645956	0.006249	12.1
635	-1.012035	190.490495	0.005636	12.1
636	-0.035015	190.335373	0.000989	11.6
637	-0.621305	190.180587	0.004951	14.6
638	-0.615522	190.026136	0.005797	14.6
639	-0.000000	189.872019	0.000000	14.8
640	-0.000000	189.718235	0.000000	15.2
641	-0.741454	189.564782	0.006490	13.4
642	-0.031714	189.411661	0.000937	12.7
643	-0.611883	189.258868	0.007122	11.9
644	-0.353588	189.106404	0.003582	12.4
645	-0.130310	188.954267	0.002131	12.0
646	-0.791230	188.802456	0.007520	13.1
647	-0.804313	188.650969	0.004001	13.5
648	-0.793175	188.499807	0.005269	12.2
649	-0.000000	188.348967	0.000000	12.9
650	-0.232192	188.198448	0.005663	12.3
651	-0.330077	188.048250	0.004285	12.4
652	-0.865457	187.898371	0.006313	12.4
653	-0.072745	187.748810	0.002479	12.6
654	-0.523994	187.599566	0.005987	12.9
655	-0.000000	187.450638	0.000000	13.2
656	-0.578165	187.302025	0.005856	13.4
657	-0.000000	187.153725	0.000000	12.3
658	-0.782226	187.005739	0.007455	12.4
659	-0.797099	186.858064	0.006859	13.0
660	-0.718871	186.710699	0.006412	12.4
661	-0.366449	186.563645	0.005435	16.0
662	-0.000000	186.416898	0.000000	13.4
663	-0.000000	186.270459	0.000000	11.4
664	-0.743905	186.124326	0.005008	13.8
665	-0.499257	185.978499	0.005605	16.0
666	-0.868876	185.832976	0.006103	12.5
667	-0.449541	185.687756	0.006242	12.2
668	-0.746693	185.542838	0.007217	12.6
669	-0.832690	185.398222	0.006452	13.6
670	-0.949010	185.253906	0.006423	12.5
671	-0.000000	185.109889	0.000000	12.6
672	-0.672898	184.966170	0.006731	12.6
673	-0.000000	184.822748	0.000000	12.3
674	-0.000000	184.679623	0.000000	13.4
675	-0.401777	184.536792	0.004823	13.5
676	-0.544698	184.394256	0.006089	13.1
677	-0.323394	184.252013	0.003106	12.1
678	-0.000000	184.110062	0.000000	12.8
679	-0.722112	183.968403	0.005629	13.1
680	-0.938999	183.827034	0.006527	12.4
681	-0.352507	183.685954	0.003548	11.6
682	-0.449794	183.545163	0.004001	12.5
683	-0.015313	183.404658	0.004521	12.9
684	-0.174007	183.264441	0.001940	11.5
685	-0.538807	183.124509	0.005358	13.6
686	-0.411521	182.984861	0.003577	14.2
687	-0.582563	182.845497	0.005745	12.5
688	-0.000000	182.706416	0.000000	13.1
689	-0.000000	182.567616	0.000000	12.5
690	-0.000000	182.429098	0.000000	11.4
691	-0.408113	182.290859	0.006402	13.4
692	-0.350285	182.152899	0.004978	13.2
693	-0.549880	182.015217	0.005652	12.4
694	-0.448368	181.877813	0.005432	12.1
695	-0.000000	181.740684	0.000000	12.9
696	-0.468593	181.603832	0.005186	12.6
697	-0.000000	181.467253	0.000000	11.6
698	-0.284623	181.330948	0.002788	12.3
699	-0.239654	181.194916	0.004594	12.4
700	-0.644185	181.059155	0.004184	13.4
701	-0.000000	180.923666	0.000000	11.2
702	-0.909133	180.788446	0.005730	12.2
703	-0.000000	180.653496	0.000000	12.9
704	-0.827114	180.518814	0.006167	13.0
705	-0.235295	180.384399	0.003437	12.3
706	-0.168916	180.250251	0.003536	12.4
707	-0.878787	180.116369	0.006105	11.8
708	-0.867997	179.982752	0.006809	13.5
709	-0.490837	179.849398	0.005593	12.1
710	-0.676749	179.716308	0.006798	12.4
711	-0.745059	179.583480	0.005775	11.8
712	-0.723125	179.450913	0.005744	13.7
713	-0.572650	179.318607	0.005124	11.8
714	-0.767350	179.186561	0.007013	11.4
715	-0.516192	179.054774	0.005002	14.1
716	-0.805768	178.923245	0.005585	12.5
717	-0.138107	178.791973	0.002388	13.1
718	-0.627879	178.660958	0.005934	11.9
719	-0.587756	178.530199	0.004791	11.6
720	-0.812072	178.399694	0.006479	13.0
721	-0.000000	178.269444	0.000000	11.7
722	-0.474055	178.139447	0.003749	12.1
723	-0.494844	178.009702	0.006729	12.7
724	-0.027990	177.880209	0.001059	12.9
725	-0.328665	177.750967	0.004550	12.5
726	-0.564723	177.621975	0.005823	12.8
727	-0.626878	177.493232	0.005448	11.8
728	-0.210191	177.364738	0.003086	14.0
729	-0.659364	177.236492	0.006718	17.6
730	-0.906686	177.108492	0.008207	21.4
731	-0.707153	176.980739	0.006385	23.9
732	-0.045698	176.853231	0.001995	19.4
733	-0.665486	176.725968	0.006823	30.6
734	-0.455273	176.598949	0.005379	21.1
735	-0.075456	176.472173	0.003354	20.0
736	-0.544392	176.345639	0.006219	25.2
737	-0.228308	176.219348	0.003257	23.1
738	-0.000000	176.093296	0.000000	16.3
739	-0.464780	175.967486	0.005905	14.0
740	-0.207011	175.841914	0.002362	13.0
741	-0.671611	175.716581	0.005353	14.3
742	-0.000000	175.591486	0.000000	27.9
743	-0.428838	175.466629	0.005279	22.3
744	-0.817132	175.342008	0.004850	17.1
745	-0.000000	175.217622	0.000000	12.0
746	-0.669141	175.093472	0.009820	14.6
747	-0.270033	174.969556	0.006084	13.8
748	-0.948058	174.845873	0.006478	16.6
749	-0.989440	174.722423	0.006221	19.4
750	-0.878117	174.599206	0.005117	14.9
751	-0.013269	174.476220	0.001801	12.8
752	-0.684557	174.353464	0.008133	13.6
753	-0.071827	174.230939	0.001889	15.7
754	-0.429768	174.108643	0.004487	13.0
755	-0.148001	173.986576	0.002716	15.0
756	-0.849868	173.864737	0.005056	12.0
757	-0.058764	173.743124	0.001635	12.0
758	-0.352210	173.621739	0.004411	14.2
759	-0.000000	173.500579	0.000000	12.9
760	-0.187741	173.379645	0.006054	12.4
761	-0.000000	173.258935	0.000000	15.5
762	-0.895082	173.138449	0.008407	12.5
763	-0.028901	173.018186	0.000978	17.9
764	-0.497788	172.898146	0.007551	19.2
765	-0.439190	172.778327	0.003634	15.9
766	-0.907696	172.658730	0.005552	12.2
767	-0.070956	172.539353	0.001049	12.3
768	-0.566953	172.420196	0.005333	14.2
769	-0.000000	172.301258	0.000000	12.9
770	-0.568345	172.182539	0.005878	20.3
771	-0.317946	172.064037	0.002605	16.8
772	-0.388198	171.945753	0.005575	12.6
773	-0.790715	171.827686	0.007071	12.1
774	-0.719248	171.709834	0.005735	13.5
775	-0.000000	171.592198	0.000000	13.1
776	-0.801761	171.474776	0.006097	14.5
777	-0.077415	171.357568	0.002351	21.6
778	-0.372391	171.240574	0.005645	15.5
779	-0.000000	171.123793	0.000000	14.3
780	-0.650529	171.007223	0.006315	13.5
781	-0.687164	170.890865	0.005574	14.2
782	-0.003549	170.774718	0.000384	12.1
783	-0.000000	170.658782	0.000000	15.5
784	-0.395474	170.543055	0.005077	15.7
785	-0.011742	170.427537	0.001126	14.3
786	-0.014072	170.312227	0.000979	15.7
787	-0.682555	170.197125	0.006616	13.1
788	-0.060824	170.082231	0.001649	14.3
789	-0.780480	169.967543	0.005628	12.4
790	-0.840351	169.853061	0.005009	13.9
791	-0.134971	169.738784	0.003766	13.5
792	-0.924658	169.624713	0.006929	13.5
793	-0.000000	169.510845	0.000000	13.9
794	-0.266759	169.397181	0.006630	13.6
795	-0.361969	169.283720	0.006725	15.0
796	-0.512687	169.170462	0.003587	12.1
797	-0.000000	169.057405	0.000000	14.5
798	-0.804184	168.944549	0.006072	13.7
799	-0.000000	168.831895	0.000000	13.9
800	-0.721561	168.719440	0.005330	12.3
801	-0.000000	168.607185	0.000000	14.1
802	-0.036219	168.495129	0.000786	12.2
803	-0.350621	168.383271	0.005030	12.4
804	-0.008660	168.271611	0.000901	18.1
805	-0.834019	168.160148	0.006821	20.0
806	-0.646716	168.048882	0.006070	14.3
807	-0.674445	167.937812	0.004465	14.6
808	-0.897400	167.826938	0.004898	13.0
809	-0.689588	167.716258	0.005846	14.2
810	-0.279808	167.605773	0.003012	14.9
811	-0.782302	167.495482	0.007081	24.8
812	-0.631023	167.385384	0.006361	16.5
813	-0.049676	167.275479	0.001699	14.0
814	-0.616314	167.165766	0.005658	13.7
815	-0.875338	167.056245	0.005299	11.7
816	-0.109407	166.946915	0.002340	13.6
817	-0.000000	166.837776	0.000000	15.8
818	-0.858095	166.728826	0.007319	17.7
819	-0.000000	166.620067	0.000000	15.7
820	-0.902567	166.511496	0.005697	15.4
821	-0.000000	166.403113	0.000000	18.9
822	-0.000000	166.294919	0.000000	24.2
823	-0.572274	166.186912	0.005762	15.3
824	-0.884904	166.079091	0.008220	13.0
825	-0.455811	165.971458	0.002979	14.3
826	-0.450403	165.864009	0.007179	14.0
827	-0.039039	165.756747	0.000339	18.0
828	-0.850066	165.649669	0.003946	24.1
829	-0.176649	165.542775	0.002387	16.5
830	-0.000000	165.436065	0.000000	14.5
831	-0.528891	165.329538	0.006718	17.0
832	-1.002827	165.223194	0.007246	12.3
833	-0.000904	165.117032	0.000362	14.4
834	-0.493330	165.011052	0.006717	15.6
835	-0.966754	164.905253	0.005261	18.8
836	-0.000000	164.799635	0.000000	15.0
837	-0.804807	164.694197	0.007765	13.1
838	-0.754948	164.588939	0.007969	18.5
839	-0.211063	164.483859	0.004889	19.7
840	-0.000086	164.378959	0.000055	15.5
841	-0.807198	164.274237	0.005053	13.0
842	-0.039628	164.169692	0.003303	14.4
843	-0.383431	164.065325	0.005545	16.3
844	-0.584144	163.961135	0.005982	19.0
845	-0.590078	163.857120	0.005453	15.3
846	-0.780845	163.753282	0.005974	14.5
847	-0.133771	163.649619	0.002071	12.9
848	-0.000000	163.546130	0.000000	14.3
849	-0.739996	163.442816	0.006061	11.9
850	-0.245880	163.339676	0.005321	13.2
851	-0.806780	163.236709	0.005418	14.9
852	-0.585931	163.133915	0.005648	13.3
853	-0.000000	163.031294	0.000000	21.8
854	-0.000000	162.928844	0.000000	15.1
855	-0.000000	162.826566	0.000000	14.8
856	-0.000000	162.724459	0.000000	12.9
857	-0.000000	162.622523	0.000000	14.3
858	-0.856364	162.520757	0.006345	12.9
859	-0.317120	162.419160	0.003438	19.0
860	-0.802948	162.317733	0.006755	15.1
861	-0.897353	162.216474	0.004887	15.0
862	-0.000000	162.115383	0.000000	13.3
863	-0.715805	162.014461	0.004328	15.4
864	-0.000000	161.913705	0.000000	14.7
865	-0.000000	161.813117	0.000000	17.2
866	-0.000000	161.712695	0.000000	19.9
867	-0.410669	161.612439	0.006718	17.1
868	-0.884069	161.512349	0.005619	14.0
869	-0.700326	161.412424	0.007202	13.7
870	-0.000000	161.312663	0.000000	14.8
871	-0.000401	161.213067	0.000129	14.7
872	-0.259464	161.113635	0.004511	18.3
873	-0.510363	161.014366	0.005261	12.1
874	-0.653566	160.915260	0.005318	15.3
875	-0.000000	160.816316	0.000000	12.1
876	-0.911829	160.717535	0.004531	14.8
877	-0.758998	160.618915	0.005909	14.2
878	-0.775446	160.520456	0.006696	18.3
879	-0.490597	160.422158	0.006618	19.1
880	-0.544137	160.324021	0.007803	14.3
881	-0.879978	160.226043	0.006046	14.4
882	-0.857634	160.128225	0.006556	12.3
883	-0.002540	160.030566	0.000265	14.8
884	-0.013265	159.933066	0.001733	14.1
885	-0.183890	159.835723	0.004046	77.9
886	-0.480397	159.738539	0.007186	32.7
887	-0.539890	159.641512	0.005111	26.1
888	-0.739779	159.544642	0.005192	24.2
889	-0.758265	159.447929	0.004713	18.3
890	-0.746537	159.351372	0.003848	20.3
891	-0.391019	159.254971	0.003716	13.4
892	-0.197959	159.158725	0.003507	17.7
893	-0.296902	159.062634	0.004260	16.4
894	-0.362895	158.966697	0.004856	15.1
895	-0.000010	158.870915	0.000017	14.3
896	-0.395908	158.775286	0.005116	15.1
897	-0.751579	158.679811	0.006235	16.9
898	-0.000000	158.584489	0.000000	17.2
899	-0.003908	158.489319	0.000339	19.9
900	-0.927971	158.394302	0.006539	16.6
901	-0.000000	158.299436	0.000000	13.6
902	-0.506860	158.204721	0.005932	14.7
903	-0.828583	158.110158	0.006635	14.1
904	-0.895600	158.015745	0.005392	17.0
905	-0.550123	157.921482	0.007950	15.8
906	-0.107832	157.827369	0.001527	16.2
907	-0.386850	157.733406	0.004040	16.3
908	-0.159381	157.639591	0.004035	15.2
909	-0.492385	157.545925	0.005114	18.1
910	-0.293652	157.452408	0.004492	17.9
911	-0.600871	157.359038	0.007618	17.7
912	-0.597675	157.265816	0.007465	16.3
913	-0.811594	157.172741	0.004584	16.5
914	-0.365860	157.079813	0.004374	16.4
915	-0.000000	156.987031	0.000000	17.0
916	-0.454279	156.894395	0.004510	22.7
917	-0.429678	156.801904	0.004855	61.7
918	-0.302860	156.709559	0.004556	62.8
919	-0.030505	156.617359	0.000769	90.8
920	-0.831076	156.525304	0.006818	141.0
921	-0.795387	156.433392	0.004224	32.9
922	-0.179145	156.341624	0.005307	37.7
923	-0.461090	156.250000	0.005416	142.1
924	-0.275356	156.158519	0.003888	42.0
925	-0.421526	156.067180	0.004120	61.9
926	-0.020424	155.975984	0.002035	51.2
927	-0.000000	155.884930	0.000000	34.2
928	-0.732764	155.794017	0.006210	36.1
929	-0.888849	155.703246	0.006460	31.8
930	-0.384735	155.612615	0.003763	19.5
931	-0.515417	155.522125	0.004998	21.0
932	-0.818031	155.431775	0.004560	28.8
933	-0.691652	155.341565	0.007089	28.0
934	-0.852400	155.251495	0.006318	65.5
935	-0.532294	155.161563	0.006065	67.3
936	-1.003270	155.071771	0.006559	20.0
937	-0.771573	154.982117	0.005682	20.5
938	-0.634234	154.892601	0.005777	33.4
939	-0.883796	154.803222	0.004989	77.8
940	-0.325602	154.713981	0.004519	101.2
941	-0.000000	154.624878	0.000000	32.6
942	-0.841058	154.535910	0.007399	52.7
943	-0.000006	154.447080	0.000014	32.2
944	-0.304618	154.358385	0.003047	59.3
945	-0.492578	154.269826	0.008381	70.0
946	-0.136699	154.181402	0.002573	25.5
947	-0.477167	154.093114	0.007077	52.0
948	-0.772889	154.004960	0.006961	30.4
949	-0.337244	153.916940	0.003966	36.7
950	0.000000	153.829054	0.000000	16.7
951	0.000000	153.741303	0.000000	17.8
952	-0.318505	153.653684	0.003644	18.4
953	-0.864958	153.566198	0.005678	15.8
954	-0.086415	153.478846	0.002790	27.0
955	-0.801113	153.391625	0.005706	17.8
956	-0.000000	153.304537	0.000000	39.3
957	-0.755567	153.217580	0.006000	32.3
958	-0.000000	153.130755	0.000000	35.8
959	-0.657154	153.044061	0.003571	26.0
960	-0.000000	152.957498	0.000000	29.1
961	-0.904867	152.871065	0.006464	22.8
962	-0.497613	152.784762	0.006656	30.1
963	-0.777187	152.698589	0.005719	16.1
964	-0.569620	152.612545	0.004827	21.3
965	-0.594861	152.526631	0.006704	61.3
966	-0.854175	152.440845	0.006091	92.1
967	-0.000000	152.355188	0.000000	55.7
968	-0.433420	152.269660	0.006421	22.7
969	-0.394645	152.184259	0.004897	34.8
970	-0.273431	152.098986	0.004494	31.0
971	-0.000000	152.013840	0.000000	33.7
972	-0.523369	151.928821	0.005680	17.7
973	-0.966699	151.843928	0.007548	24.8
974	-0.621906	151.759163	0.007531	23.4
975	-0.000000	151.674523	0.000000	28.5
976	-0.498594	151.590009	0.006404	19.2
977	-0.866650	151.505620	0.007176	18.8
978	-0.007741	151.421357	0.002496	19.2
979	-0.753067	151.337218	0.003203	14.0
980	-0.000000	151.253204	0.000000	20.7
981	-0.273169	151.169314	0.004178	17.3
982	-0.000000	151.085549	0.000000	16.0
983	-0.219514	151.001907	0.002817	25.2
984	-0.721767	150.918388	0.005371	14.3
985	-0.765571	150.834992	0.005378	19.4
986	-0.000000	150.751719	0.000000	20.7
987	-0.696096	150.668569	0.005894	17.0
988	-0.674435	150.585541	0.007180	37.7
989	-0.607897	150.502634	0.005496	23.0
990	-0.556871	150.419849	0.005183	45.2
991	-0.000000	150.337186	0.000000	23.4
992	-0.000000	150.254644	0.000000	25.4
993	-0.000000	150.172222	0.000000	20.6
994	-0.652316	150.089921	0.007342	23.6
995	-0.309468	150.007740	0.003601	34.5
996	-0.320281	149.925679	0.003081	20.6
997	-0.757368	149.843737	0.007078	30.0
998	-0.142375	149.761915	0.003868	50.2
999	-0.000000	149.680212	0.000000	22.5
1000	-0.671723	149.598627	0.008699	21.0
1001	-0.792141	149.517161	0.005123	21.5
1002	-0.000000	149.435814	0.000000	28.5
1003	-0.000000	149.354584	0.000000	17.9
1004	-0.310808	149.273472	0.002622	44.0
1005	-0.849284	149.192477	0.005585	19.6
1006	-0.598807	149.111599	0.005829	26.6
1007	-0.929464	149.030838	0.005389	31.7
1008	-0.516547	148.950194	0.007422	28.5
1009	-0.922242	148.869666	0.005140	46.1
1010	-0.000000	148.789253	0.000000	22.2
1011	-0.711135	148.708957	0.005692	29.1
1012	-0.200910	148.628776	0.004488	37.8
1013	-0.000000	148.548710	0.000000	32.6
1014	-0.847889	148.468759	0.007138	37.7
1015	-0.773700	148.388923	0.005581	42.9
1016	-0.000000	148.309201	0.000000	39.1
1017	-0.543541	148.229594	0.006158	26.0
1018	-0.883269	148.150100	0.006224	27.3
1019	-0.000000	148.070719	0.000000	34.3
1020	-0.045492	147.991452	0.001360	31.0
1021	-0.095289	147.912298	0.001251	58.7
1022	-0.397053	147.833257	0.004011	20.9
1023	-0.731716	147.754329	0.006409	20.4
1024	-0.783594	147.675512	0.006249	29.2
1025	-0.004197	147.596808	0.000283	34.4
1026	-0.488725	147.518216	0.006435	29.1
1027	-0.765627	147.439735	0.006737	26.2
1028	-0.718483	147.361365	0.005403	16.8
1029	-0.941662	147.283106	0.005910	14.4
1030	-0.877969	147.204958	0.005505	23.7
1031	-0.000188	147.126920	0.000088	16.2
1032	-0.000000	147.048993	0.000000	17.3
1033	-0.001643	146.971175	0.000230	22.7
1034	-0.229862	146.893468	0.003500	23.3
1035	-0.000000	146.815869	0.000000	39.8
1036	-0.795720	146.738380	0.007357	35.3
1037	-0.919694	146.661000	0.004590	33.6
1038	-0.353814	146.583729	0.004675	23.2
1039	-0.828778	146.506566	0.007961	23.6
1040	-0.007884	146.429511	0.000137	31.2
1041	-0.488948	146.352565	0.009149	21.3
1042	-0.499604	146.275726	0.005310	27.6
1043	-0.468619	146.198994	0.006021	22.2
1044	-0.829671	146.122370	0.005136	15.5
1045	-0.000000	146.045853	0.000000	24.6
1046	-0.911982	145.969442	0.006684	14.6
1047	-0.658153	145.893139	0.005506	16.1
1048	-0.000000	145.816941	0.000000	18.5
1049	-0.725201	145.740849	0.005262	22.8
1050	-0.183099	145.664863	0.003541	16.7
1051	-0.273629	145.588983	0.003111	15.6
1052	-0.778893	145.513208	0.008592	21.8
1053	-0.911914	145.437538	0.007400	22.1
1054	-0.000000	145.361973	0.000000	23.1
1055	-0.000722	145.286513	0.000214	19.3
1056	-0.000000	145.211157	0.000000	24.6
1057	-0.771436	145.135905	0.005135	25.0
1058	-0.677734	145.060757	0.006248	20.8
1059	-0.000000	144.985712	0.000000	58.9
1060	-0.441311	144.910771	0.005857	21.7
1061	-0.250726	144.835934	0.004617	24.4
1062	-0.026068	144.761199	0.005781	17.0
1063	-0.397376	144.686567	0.003756	20.1
1064	-0.468004	144.612037	0.008484	27.8
1065	-0.724008	144.537610	0.006158	21.4
1066	-0.000000	144.463285	0.000000	22.3
1067	-0.218288	144.389062	0.003043	12.5
1068	-0.660252	144.314940	0.005308	18.0
1069	-0.568075	144.240920	0.007133	12.0
1070	-0.206349	144.167001	0.006088	37.6
1071	-0.000000	144.093182	0.000000	51.0
1072	-0.618323	144.019465	0.007067	34.3
1073	-0.447297	143.945848	0.005382	33.7
1074	-0.000000	143.872331	0.000000	34.6
1075	-0.465369	143.798914	0.003816	19.4
1076	-0.037556	143.725597	0.001199	38.5
1077	-0.805770	143.652380	0.005626	27.9
1078	-0.531711	143.579262	0.005113	22.7
1079	-0.546930	143.506243	0.006582	107.1
1080	-0.885569	143.433323	0.007399	33.4
1081	-0.000000	143.360502	0.000000	44.2
1082	-0.079646	143.287780	0.004297	23.5
1083	-0.401960	143.215155	0.003238	42.0
1084	-0.790872	143.142629	0.005897	17.5
1085	-0.735774	143.070201	0.005980	15.1
1086	-0.469001	142.997870	0.004724	24.5
1087	-0.000000	142.925637	0.000000	20.0
1088	-0.620687	142.853501	0.005503	22.1
1089	-0.763545	142.781462	0.006675	17.1
1090	-0.351039	142.709519	0.003440	56.6
1091	-0.352970	142.637674	0.005438	31.5
1092	-0.000000	142.565924	0.000000	27.1
1093	-0.000000	142.494271	0.000000	25.1
1094	-0.000000	142.422714	0.000000	25.2
1095	-0.237115	142.351252	0.004995	16.6
1096	-0.218270	142.279886	0.002934	17.5
1097	-0.000000	142.208616	0.000000	27.0
1098	-0.853313	142.137440	0.005630	30.8
1099	-1.001517	142.066360	0.007238	23.0
1100	-0.960208	141.995374	0.007208	21.7
1101	-0.576130	141.924483	0.006684	23.6
1102	-0.701288	141.853685	0.005394	30.7
1103	-0.012399	141.782983	0.001203	26.1
1104	-0.951645	141.712373	0.005552	23.9
1105	-0.000000	141.641858	0.000000	16.3
1106	-0.404756	141.571436	0.005130	14.2
1107	-0.000000	141.501108	0.000000	19.4
1108	-0.007157	141.430872	0.001204	20.0
1109	-0.095884	141.360730	0.001903	20.6
1110	-0.000811	141.290680	0.000119	22.2
1111	-0.352967	141.220722	0.004501	30.8
1112	-0.034772	141.150857	0.001367	19.1
1113	-0.868259	141.081084	0.006037	20.1
1114	-0.587791	141.011403	0.006177	29.9
1115	-0.000000	140.941813	0.000000	27.8
1116	-0.000000	140.872315	0.000000	37.1
1117	-0.973497	140.802909	0.007179	31.6
1118	-1.014045	140.733593	0.006272	18.0
1119	-0.131312	140.664369	0.002392	21.1
1120	-0.000000	140.595235	0.000000	24.1
1121	-0.000000	140.526192	0.000000	16.1
1122	-0.000000	140.457239	0.000000	22.3
1123	-0.000000	140.388376	0.000000	28.8
1124	-0.733764	140.319603	0.007533	26.4
1125	-0.413791	140.250920	0.004204	31.2
1126	-0.860699	140.182326	0.005345	18.4
1127	-0.000000	140.113822	0.000000	27.0
1128	-0.000000	140.045407	0.000000	26.5
1129	-0.466701	139.977081	0.005020	23.9
1130	-0.000000	139.908844	0.000000	20.5
1131	-0.536614	139.840696	0.003242	31.2
1132	-0.000000	139.772635	0.000000	16.8
1133	-0.586061	139.704664	0.007365	35.9
1134	-0.000000	139.636780	0.000000	26.7
1135	-0.736239	139.568984	0.004735	35.9
1136	-0.644873	139.501276	0.007190	21.3
1137	-0.558292	139.433655	0.004901	27.0
1138	-0.889226	139.366122	0.007072	35.9
1139	-0.000000	139.298676	0.000000	27.5
1140	-0.645043	139.231317	0.005955	43.4
1141	-0.775226	139.164045	0.006369	21.7
1142	-0.716985	139.096859	0.005236	28.9
1143	-0.489103	139.029760	0.006117	24.3
1144	-0.000000	138.962747	0.000000	25.2
1145	-0.272041	138.895820	0.002149	22.5
1146	-0.870027	138.828978	0.008080	22.0
1147	-0.064827	138.762223	0.001599	21.4
1148	-0.000000	138.695553	0.000000	25.1
1149	-0.000000	138.628969	0.000000	16.9
1150	-0.856737	138.562469	0.005485	19.1
1151	-0.619891	138.496055	0.003716	20.5
1152	-0.664118	138.429725	0.007224	24.0
1153	-0.677429	138.363481	0.006613	31.1
1154	-0.958118	138.297320	0.006341	21.2
1155	-0.894398	138.231244	0.004609	26.2
1156	-0.710208	138.165252	0.006137	16.3
1157	-1.004748	138.099344	0.006198	16.1
1158	-0.712391	138.033520	0.006856	21.6
1159	-0.663712	137.967779	0.005809	29.6
1160	-0.000000	137.902122	0.000000	37.9
1161	-0.412307	137.836548	0.006123	22.6
1162	-0.904867	137.771057	0.005389	17.0
1163	-0.735322	137.705649	0.005498	21.4
1164	-0.513100	137.640324	0.005852	21.8
1165	-0.371779	137.575081	0.007345	21.6
1166	-0.320547	137.509921	0.007473	15.7
1167	-0.000000	137.444842	0.000000	21.8
1168	-0.810996	137.379846	0.004183	18.1
1169	-0.583103	137.314932	0.004551	14.5
1170	-0.539520	137.250100	0.005700	19.0
1171	-0.442609	137.185349	0.005749	13.1
1172	-0.836863	137.120680	0.006946	22.6
1173	-0.000000	137.056092	0.000000	18.5
1174	-0.451457	136.991585	0.004759	16.7
1175	-0.449670	136.927158	0.004458	17.9
1176	-0.297549	136.862813	0.004589	14.9
1177	-0.500729	136.798548	0.003797	13.1
1178	-0.607538	136.734363	0.005263	17.2
1179	-0.937200	136.670259	0.006720	17.2
1180	-0.085300	136.606235	0.001588	43.9
1181	-0.824072	136.542291	0.005817	21.7
1182	-0.038428	136.478426	0.004068	23.1
1183	-0.000340	136.414641	0.000529	17.7
1184	-0.678898	136.350936	0.004529	16.1
1185	-0.844543	136.287310	0.006014	18.7
1186	-0.328931	136.223763	0.003242	19.4
1187	-0.574541	136.160295	0.005712	24.9
1188	-0.207962	136.096905	0.002188	22.1
1189	-0.578070	136.033594	0.007166	28.5
1190	-0.000000	135.970362	0.000000	19.4
1191	-0.836080	135.907208	0.004926	24.4
1192	-0.692233	135.844133	0.005273	20.4
1193	-0.943210	135.781135	0.005601	21.7
1194	-0.560818	135.718215	0.004857	22.2
1195	-0.120618	135.655373	0.003919	57.5
1196	-0.404232	135.592608	0.004329	28.9
1197	-0.048910	135.529921	0.003644	21.2
1198	-0.000000	135.467311	0.000000	43.1
1199	-0.000019	135.404778	0.000019	24.3
1200	-0.805622	135.342322	0.005882	31.9
1201	-0.456566	135.279942	0.006193	25.6
1202	-0.020872	135.217640	0.001080	20.1
1203	-0.305079	135.155413	0.005213	17.4
1204	-0.017003	135.093263	0.001093	22.6
1205	-0.117580	135.031190	0.003499	21.8
1206	-0.726937	134.969192	0.005287	23.9
1207	-0.910324	134.907270	0.005221	35.9
1208	-0.643767	134.845424	0.005235	19.9
1209	-0.127160	134.783653	0.003149	21.3
1210	-0.900112	134.721958	0.004715	28.1
1211	-0.045272	134.660338	0.001972	13.5
1212	-0.824470	134.598793	0.005121	16.1
1213	-0.965115	134.537323	0.005019	17.0
1214	-0.699269	134.475927	0.006231	14.1
1215	-0.597145	134.414607	0.005376	13.7
1216	-0.716320	134.353361	0.005992	14.8
1217	-0.803529	134.292189	0.008740	16.0
1218	-0.836997	134.231092	0.004806	16.1
1219	-0.235014	134.170068	0.001839	18.2
1220	-0.921460	134.109119	0.005468	16.8
1221	-0.831186	134.048243	0.005825	13.3
1222	-0.528535	133.987441	0.004511	17.4
1223	-0.881341	133.926713	0.005520	16.3
1224	-0.409282	133.866057	0.003400	15.6
1225	-0.000484	133.805475	0.000252	19.7
1226	-0.237451	133.744966	0.003389	17.6
1227	-0.000000	133.684530	0.000000	13.3
1228	-0.773158	133.624167	0.005356	17.2
1229	-0.000000	133.563877	0.000000	19.2
1230	-0.548356	133.503658	0.005614	15.3
1231	-0.458932	133.443513	0.005539	30.9
1232	-0.628760	133.383439	0.007297	53.3
1233	-0.647668	133.323437	0.005735	16.5
1234	-0.901964	133.263508	0.006318	23.7
1235	-0.000000	133.203650	0.000000	23.1
1236	-0.709135	133.143864	0.006240	17.1
1237	-0.827167	133.084149	0.007947	23.7
1238	-0.000000	133.024506	0.000000	22.6
1239	-0.754385	132.964934	0.003818	25.6
1240	-0.864737	132.905433	0.005056	16.3
1241	-0.803253	132.846003	0.005657	13.5
1242	-0.000000	132.786643	0.000000	19.6
1243	-0.863781	132.727355	0.005293	14.9
1244	-0.596324	132.668137	0.005077	19.2
1245	-0.150442	132.608989	0.003275	27.0
1246	-0.593621	132.549912	0.005424	18.0
1247	-0.435721	132.490904	0.002947	15.7
1248	-0.512028	132.431967	0.008168	20.6
1249	-0.000000	132.373100	0.000000	13.2
1250	-0.947929	132.314302	0.005741	18.9
1251	-0.557961	132.255574	0.006895	20.7
1252	-0.714818	132.196916	0.008308	13.0
1253	-0.625898	132.138326	0.005663	16.3
1254	-0.579518	132.079806	0.006832	17.6
1255	-0.000000	132.021355	0.000000	20.5
1256	-0.665876	131.962973	0.005772	15.8
1257	-0.668277	131.904660	0.007246	16.8
1258	-0.326172	131.846415	0.005193	20.0
1259	-0.713617	131.788239	0.005621	18.7
1260	-0.562491	131.730131	0.008187	20.1
1261	-0.000000	131.672092	0.000000	19.0
1262	-0.563031	131.614121	0.006531	28.4
1263	-0.905831	131.556217	0.006523	26.3
1264	-0.333511	131.498382	0.002802	16.8
1265	-0.305230	131.440614	0.005044	13.8
1266	-0.920994	131.382914	0.005651	24.4
1267	-0.875713	131.325282	0.006836	24.5
1268	-0.000000	131.267717	0.000000	30.9
1269	-0.735462	131.210219	0.006535	22.4
1270	-0.533346	131.152788	0.007100	19.6
1271	-0.000000	131.095424	0.000000	17.9
1272	-0.025645	131.038127	0.003604	15.5
1273	-0.116722	130.980897	0.007667	24.5
1274	-0.000576	130.923733	0.000658	17.2
1275	-0.688430	130.866636	0.005602	34.8
1276	-0.157262	130.809605	0.003257	22.6
1277	-0.462160	130.752641	0.004407	26.6
1278	-0.000000	130.695742	0.000000	19.1
1279	-0.000000	130.638910	0.000000	20.4
1280	-0.683504	130.582143	0.008236	21.9
1281	-0.837162	130.525442	0.005488	18.3
1282	-0.483731	130.468807	0.006568	27.8
1283	-0.758634	130.412237	0.004646	23.1
1284	-0.000000	130.355733	0.000000	18.4
1285	-0.000000	130.299294	0.000000	14.7
1286	-0.362184	130.242920	0.004517	26.1
1287	-1.027629	130.186611	0.006476	22.7
1288	-0.022469	130.130366	0.000943	16.0
1289	-0.000000	130.074187	0.000000	17.7
1290	-0.000000	130.018072	0.000000	17.4
1291	-0.135990	129.962022	0.001886	21.0
1292	-0.198694	129.906036	0.003984	18.7
1293	-0.000000	129.850114	0.000000	19.0
1294	-0.016977	129.794257	0.002363	22.9
1295	-0.792892	129.738463	0.008264	31.8
1296	-0.704211	129.682734	0.007265	17.3
1297	-0.113126	129.627068	0.001907	18.6
1298	-0.397611	129.571466	0.003848	21.6
1299	-0.276628	129.515927	0.003080	18.0
1300	-0.139666	129.460452	0.002807	20.0
1301	-0.052090	129.405040	0.002426	18.8
1302	-0.652878	129.349692	0.006785	22.5
1303	-0.816931	129.294406	0.004271	16.3
1304	-0.907966	129.239183	0.005504	14.7
1305	-0.697799	129.184024	0.007039	17.7
1306	-0.039596	129.128927	0.001317	16.0
1307	-0.684111	129.073892	0.005886	15.1
1308	-0.394395	129.018921	0.005147	20.1
1309	-0.601841	128.964011	0.006511	17.7
1310	-0.710568	128.909164	0.005898	15.7
1311	-0.712856	128.854379	0.007256	19.7
1312	-0.067150	128.799656	0.001220	11.4
1313	-0.000000	128.744995	0.000000	15.5
1314	-0.000000	128.690396	0.000000	22.1
1315	-0.553022	128.635858	0.003885	15.9
1316	-0.192183	128.581382	0.002807	47.8
1317	-0.654179	128.526968	0.007118	20.9
1318	-0.670968	128.472615	0.005701	21.5
1319	-0.000443	128.418323	0.000177	21.9
1320	-0.791549	128.364092	0.006503	23.2
1321	-0.463060	128.309922	0.005042	31.9
1322	-0.070760	128.255814	0.001462	32.4
1323	-0.640188	128.201766	0.003539	19.5
1324	-0.008021	128.147778	0.000169	20.6
1325	-0.229018	128.093852	0.002492	21.2
1326	-0.635427	128.039985	0.006535	24.7
1327	-0.000000	127.986180	0.000000	22.7
1328	-0.368648	127.932434	0.004476	20.6
1329	-0.455911	127.878749	0.006263	18.5
1330	-0.000000	127.825123	0.000000	16.7
1331	-0.000000	127.771558	0.000000	41.9
1332	-0.000000	127.718052	0.000000	16.8
1333	-0.000000	127.664606	0.000000	84.7
1334	-0.075140	127.611220	0.003159	19.8
1335	-0.415727	127.557893	0.002873	24.5
1336	-0.870267	127.504625	0.005845	15.8
1337	-0.000000	127.451417	0.000000	13.2
1338	-0.839812	127.398268	0.005284	34.2
1339	-0.243918	127.345178	0.002172	25.0
1340	-0.000000	127.292147	0.000000	25.4
1341	-0.362748	127.239175	0.007670	52.8
1342	-0.561949	127.186261	0.006187	26.2
1343	-0.898373	127.133407	0.006690	26.0
1344	-0.000000	127.080610	0.000000	22.7
1345	-0.475019	127.027872	0.004747	18.5
1346	-0.801181	126.975193	0.004506	23.8
1347	-0.550398	126.922572	0.006476	50.1
1348	-0.162355	126.870008	0.002283	25.9
1349	-0.876880	126.817503	0.004971	34.6
1350	-1.010868	126.765056	0.005264	23.9
1351	-0.730067	126.712667	0.007783	22.1
1352	-0.446161	126.660335	0.004983	23.8
1353	-0.383311	126.608061	0.006142	47.0
1354	-0.196351	126.555844	0.002629	19.8
1355	-0.004346	126.503685	0.000000	40.4
1356	-0.091500	126.451583	0.001776	31.7
1357	-0.543628	126.399538	0.004406	31.5
1358	0.000000	126.347550	0.000000	28.8
1359	-0.553232	126.295619	0.005519	17.9
1360	-0.587909	126.243745	0.006892	19.1
1361	-0.000000	126.191928	0.000000	19.6
1362	-0.000000	126.140168	0.000000	21.5
1363	-0.669415	126.088464	0.006263	29.8
1364	-0.634627	126.036817	0.006868	47.9
1365	-0.000000	125.985226	0.000000	28.5
1366	-0.062939	125.933691	0.002257	28.4
1367	-0.000726	125.882212	0.000303	19.5
1368	-0.007700	125.830790	0.000608	27.9
1369	-0.710625	125.779423	0.007754	22.6
1370	0.000000	125.728113	0.000000	114.8
1371	-0.000746	125.676858	0.000065	64.4
1372	-0.925502	125.625659	0.005893	31.7
1373	-0.038332	125.574515	0.000705	28.1
1374	-0.654293	125.523427	0.004611	24.8
1375	-0.520576	125.472394	0.005650	24.5
1376	-0.739064	125.421417	0.007468	23.8
1377	-0.555314	125.370495	0.006209	24.2
1378	-0.813670	125.319628	0.005326	25.1
1379	-0.000000	125.268815	0.000000	21.1
1380	-0.111109	125.218058	0.003696	29.1
1381	-0.806062	125.167356	0.006126	63.8
1382	-0.075094	125.116708	0.003576	51.3
1383	-0.541573	125.066115	0.005567	33.7
1384	-0.395305	125.015576	0.003666	23.9
1385	-0.798644	124.965092	0.005358	32.2
1386	-0.742314	124.914662	0.005038	34.8
1387	-0.238921	124.864287	0.007568	34.4
1388	-0.432440	124.813965	0.005375	25.2
1389	-0.012632	124.763698	0.001455	41.3
1390	-0.228697	124.713485	0.006477	57.9
1391	-0.755009	124.663325	0.005605	29.0
1392	-0.000000	124.613219	0.000000	29.4
1393	-0.563753	124.563167	0.006351	22.0
1394	-0.696916	124.513168	0.005674	25.6
1395	-0.590938	124.463223	0.007616	23.3
1396	-0.195134	124.413332	0.002315	26.3
1397	-0.000000	124.363493	0.000000	19.3
1398	-0.497724	124.313708	0.005699	51.2
1399	-0.858496	124.263976	0.006050	25.5
1400	-0.820859	124.214297	0.005118	53.3
1401	-0.000000	124.164671	0.000000	20.1
1402	-0.823291	124.115097	0.006665	32.1
1403	-0.377086	124.065577	0.006565	22.5
1404	-0.000000	124.016109	0.000000	33.7
1405	-0.485002	123.966693	0.006283	44.1
1406	-0.726766	123.917330	0.006479	29.8
1407	-0.578452	123.868020	0.006065	50.8
1408	-0.000000	123.818762	0.000000	22.3
1409	-0.706133	123.769556	0.005996	59.4
1410	-0.560321	123.720402	0.003684	23.9
1411	-0.798150	123.671300	0.008135	21.3
1412	-0.396374	123.622250	0.004374	22.2
1413	-0.000000	123.573252	0.000000	40.7
1414	0.000000	123.524305	0.000000	17.7
1415	-0.065490	123.475411	0.002931	20.7
1416	-0.433727	123.426568	0.005857	15.5
1417	-0.430623	123.377776	0.005401	20.5
1418	-0.674466	123.329036	0.004151	27.3
1419	-0.526284	123.280347	0.005934	25.4
1420	-0.000431	123.231709	0.001333	26.6
1421	-0.807735	123.183122	0.006187	24.4
1422	-0.000000	123.134587	0.000000	26.0
1423	-0.000000	123.086102	0.000000	20.8
1424	-0.169221	123.037669	0.002355	20.6
1425	-0.713069	122.989286	0.004027	63.1
1426	-0.743811	122.940954	0.007573	31.0
1427	-0.883020	122.892672	0.005108	38.2
1428	-0.849491	122.844441	0.005666	51.0
1429	-0.495056	122.796261	0.007171	18.0
1430	-0.732780	122.748130	0.005778	33.9
1431	-0.750491	122.700050	0.006205	31.6
1432	-0.815841	122.652021	0.005192	33.3
1433	-0.000000	122.604041	0.000000	25.8
1434	-0.855214	122.556111	0.006294	31.6
1435	-0.746418	122.508232	0.004156	25.4
1436	-0.877808	122.460402	0.005992	42.4
1437	-0.226534	122.412622	0.005757	21.4
1438	-0.000000	122.364891	0.000000	45.1
1439	-0.338694	122.317210	0.004490	100.6
1440	-0.000000	122.269579	0.000000	39.6
1441	-0.000000	122.221997	0.000000	21.6
1442	-0.001547	122.174465	0.000123	29.3
1443	-0.437447	122.126981	0.005952	28.0
1444	-0.567446	122.079547	0.005894	22.2
1445	-0.427410	122.032162	0.006147	17.0
1446	-0.042200	121.984826	0.003319	22.2
1447	-0.396699	121.937539	0.005492	32.9
1448	-0.000000	121.890301	0.000000	27.4
1449	-0.000388	121.843112	0.000378	28.8
1450	-0.086796	121.795971	0.002140	29.6
1451	-0.301924	121.748879	0.004255	25.4
1452	-0.615419	121.701835	0.006695	50.7
1453	-0.753103	121.654840	0.006528	31.4
1454	-0.036410	121.607893	0.000788	24.3
1455	-0.058639	121.560994	0.001182	19.0
1456	-0.000000	121.514144	0.000000	16.9
1457	-0.000000	121.467342	0.000000	26.0
1458	-0.861069	121.420588	0.008001	15.9
1459	-0.362844	121.373882	0.005185	23.4
1460	-0.983884	121.327223	0.005876	28.4
1461	-0.547137	121.280613	0.005872	22.3
1462	-0.000000	121.234050	0.000000	21.9
1463	-0.658485	121.187535	0.003412	24.9
1464	-0.000000	121.141067	0.000000	18.8
1465	-0.550982	121.094647	0.006571	26.5
1466	-0.672666	121.048274	0.005843	23.7
1467	-0.450126	121.001949	0.006836	19.3
1468	-0.452418	120.955671	0.004254	19.0
1469	-0.687709	120.909440	0.003794	36.8
1470	-0.000000	120.863256	0.000000	17.0
1471	-0.000000	120.817119	0.000000	22.7
1472	-0.843229	120.771029	0.007210	17.7
1473	-0.755694	120.724986	0.006609	15.1
1474	-0.769466	120.678990	0.005023	20.2
1475	-0.000000	120.633040	0.000000	22.3
1476	-0.388713	120.587137	0.007691	24.3
1477	-0.003254	120.541281	0.000398	31.1
1478	-0.856140	120.495471	0.006439	34.4
1479	-0.938777	120.449707	0.005578	32.2
1480	-0.697634	120.403990	0.005508	22.1
1481	-0.494041	120.358319	0.005579	15.9
1482	-0.402606	120.312694	0.004983	24.4
1483	-0.675319	120.267115	0.005364	19.0
1484	-0.000000	120.221582	0.000000	27.4
1485	-0.753576	120.176096	0.004144	30.2
1486	-0.703553	120.130655	0.004585	19.5
1487	-0.757862	120.085260	0.008104	21.5
1488	-0.783060	120.039910	0.004225	18.3
1489	-1.015294	119.994606	0.006619	22.8
1490	-0.714405	119.949348	0.005817	27.6
1491	-0.134476	119.904135	0.004679	24.6
1492	-0.851020	119.858968	0.006459	20.3
1493	-0.547057	119.813846	0.005583	21.0
1494	-0.807735	119.768769	0.006648	20.6
1495	-0.518672	119.723738	0.003371	23.6
1496	-0.788490	119.678752	0.006657	25.2
1497	-0.276676	119.633810	0.004285	26.8
1498	-0.007762	119.588914	0.000404	16.8
1499	-0.735937	119.544062	0.005487	41.0
1500	-0.415662	119.499256	0.005043	26.9
1501	-0.863649	119.454494	0.005948	22.8
1502	-0.005613	119.409777	0.000302	15.8
1503	-0.840215	119.365104	0.005102	17.2
1504	-0.860761	119.320476	0.005945	20.2
1505	-1.008877	119.275893	0.005246	20.3
1506	-0.390387	119.231353	0.006026	24.6
1507	-1.015044	119.186859	0.006095	21.3
1508	-0.689560	119.142408	0.006171	22.3
1509	-0.550200	119.098002	0.004703	13.4
1510	-0.000000	119.053639	0.000000	41.2
1511	-0.104554	119.009321	0.001303	19.3
1512	-0.847669	118.965047	0.007289	16.0
1513	-0.048802	118.920816	0.001911	25.2
1514	-0.775188	118.876630	0.006223	26.2
1515	-0.894162	118.832487	0.005249	23.9
1516	-0.773069	118.788388	0.006134	20.9
1517	-0.107208	118.744332	0.002308	18.0
1518	-0.091437	118.700320	0.003145	22.8
1519	-0.000000	118.656352	0.000000	28.9
1520	-0.303723	118.612427	0.003574	23.2
1521	-0.000000	118.568545	0.000000	13.0
1522	-0.003347	118.524706	0.000277	20.8
1523	-0.000012	118.480911	0.000009	22.9
1524	-0.834972	118.437159	0.005464	16.7
1525	-0.000000	118.393450	0.000000	13.8
1526	-0.019915	118.349784	0.002043	23.9
1527	-0.990444	118.306160	0.006924	44.4
1528	-0.266683	118.262580	0.004121	18.2
1529	-0.715902	118.219042	0.006380	37.3
1530	-0.000000	118.175548	0.000000	24.2
1531	-0.561186	118.132095	0.006814	29.3
1532	-0.008907	118.088686	0.000325	33.6
1533	-0.000058	118.045319	0.000062	28.8
1534	-0.952501	118.001994	0.006499	20.2
1535	-0.000001	117.958712	0.000001	20.9
1536	-0.453197	117.915472	0.002703	18.9
1537	-1.004692	117.872274	0.005971	18.7
1538	-0.383873	117.829118	0.005559	20.4
1539	-0.000000	117.786005	0.000000	17.4
1540	-0.936617	117.742933	0.004824	14.7
1541	-0.148008	117.699904	0.002515	19.0
1542	-0.916823	117.656916	0.005575	18.4
1543	-0.504884	117.613971	0.003453	31.6
1544	-0.385115	117.571067	0.006272	21.5
1545	-0.000000	117.528205	0.000000	29.1
1546	-0.801474	117.485384	0.005015	17.8
1547	-0.834176	117.442605	0.008385	14.3
1548	-0.410475	117.399867	0.004904	23.0
1549	-0.774000	117.357171	0.006838	16.3
1550	-0.000000	117.314517	0.000000	15.3
1551	-0.007037	117.271903	0.000309	17.7
1552	-0.838879	117.229331	0.010202	15.8
1553	-0.006185	117.186800	0.000326	15.6
1554	-0.841879	117.144311	0.005488	20.6
1555	-0.297292	117.101862	0.002270	13.2
1556	-0.747364	117.059454	0.004603	15.3
1557	-0.000000	117.017087	0.000000	16.5
1558	-0.726174	116.974762	0.005910	16.3
1559	-0.664305	116.932476	0.006904	20.4
1560	-0.775559	116.890232	0.006515	27.8
1561	-0.000000	116.848028	0.000000	21.0
1562	-0.828115	116.805865	0.004854	15.6
1563	-0.005377	116.763743	0.000247	15.2
1564	-0.427271	116.721661	0.005335	19.6
1565	-0.002318	116.679619	0.000364	18.8
1566	-0.565029	116.637618	0.005915	14.1
1567	-0.901436	116.595657	0.004209	18.2
1568	-0.252300	116.553736	0.005995	17.2
1569	-0.884394	116.511855	0.005955	14.3
1570	-0.681958	116.470015	0.006276	18.7
1571	-0.631694	116.428214	0.007664	16.0
1572	-0.000000	116.386454	0.000000	15.2
1573	-0.935728	116.344733	0.005410	18.1
1574	-0.000000	116.303052	0.000000	15.6
1575	-0.692176	116.261412	0.005521	13.9
1576	-0.653127	116.219810	0.004779	18.8
1577	-0.353765	116.178249	0.003467	22.1
1578	-0.996891	116.136727	0.005831	20.1
1579	-0.005924	116.095245	0.000568	17.2
1580	-0.553373	116.053802	0.008198	16.3
1581	-0.462940	116.012398	0.007067	18.6
1582	-0.833114	115.971034	0.005294	14.0
1583	-0.000000	115.929710	0.000000	12.1
1584	-0.000000	115.888424	0.000000	17.0
1585	-0.000000	115.847178	0.000000	12.7
1586	-0.499669	115.805970	0.004531	14.2
1587	-0.150586	115.764802	0.003506	15.2
1588	-0.524823	115.723673	0.005478	14.9
1589	-0.018974	115.682583	0.001992	13.9
1590	-0.252581	115.641532	0.003316	16.5
1591	-0.004358	115.600519	0.001284	12.2
1592	-0.000000	115.559546	0.000000	12.0
1593	-0.774479	115.518610	0.006964	14.7
1594	-0.000000	115.477714	0.000000	15.9
1595	-0.234870	115.436856	0.005215	14.1
1596	-0.177638	115.396037	0.003684	14.9
1597	-0.817015	115.355256	0.005388	16.7
1598	-0.660048	115.314514	0.007189	13.7
1599	-0.389170	115.273810	0.004458	14.6
1600	-0.376843	115.233144	0.003657	15.0
1601	-0.387280	115.192517	0.005470	12.7
1602	-0.859956	115.151927	0.004674	15.2
1603	-0.677820	115.111376	0.005724	15.6
1604	-0.000000	115.070863	0.000000	12.8
1605	-0.689460	115.030388	0.006576	15.0
1606	-0.591746	114.989951	0.005853	17.9
1607	-0.809340	114.949551	0.005340	13.6
1608	-0.204409	114.909190	0.003413	15.3
1609	-1.009419	114.868866	0.007285	17.7
1610	-0.517872	114.828580	0.006632	16.4
1611	-0.716384	114.788332	0.005593	19.0
1612	-0.534159	114.748121	0.004377	13.4
1613	-0.856478	114.707948	0.005577	13.4
1614	-0.705379	114.667812	0.005753	14.7
1615	-0.719263	114.627714	0.007803	14.4
1616	-0.450953	114.587653	0.004660	12.4
1617	-0.871201	114.547629	0.006171	14.8
1618	-0.159575	114.507643	0.002100	13.7
1619	-0.313442	114.467693	0.004284	13.1
1620	-0.844334	114.427781	0.007296	13.6
1621	-0.477562	114.387907	0.004270	15.8
1622	-0.997624	114.348069	0.005792	19.2
1623	-0.916440	114.308268	0.008638	21.3
1624	-0.000000	114.268504	0.000000	14.0
1625	-0.930445	114.228777	0.006277	13.0
1626	-0.922099	114.189086	0.005931	15.0
1627	-0.757820	114.149433	0.007472	13.5
1628	-0.007767	114.109816	0.000895	21.3
1629	-0.863023	114.070235	0.006762	21.1
1630	-0.726271	114.030692	0.005129	21.3
1631	-0.793987	113.991185	0.004845	16.2
1632	-0.894122	113.951714	0.007166	16.9
1633	-0.522703	113.912280	0.004522	15.7
1634	0.000000	113.872882	0.000000	22.1
1635	-0.482887	113.833521	0.004249	22.6
1636	-0.414776	113.794195	0.005652	19.9
1637	-0.774630	113.754906	0.007092	12.9
1638	-0.000000	113.715653	0.000000	15.1
1639	-0.946182	113.676437	0.005742	14.9
1640	-0.874552	113.637256	0.004712	15.6
1641	-0.718962	113.598111	0.007311	18.7
1642	-0.661402	113.559002	0.006524	20.1
1643	-0.410870	113.519929	0.006129	15.9
1644	-0.613781	113.480892	0.006172	14.4
1645	-0.000000	113.441891	0.000000	21.4
1646	-0.000000	113.402925	0.000000	17.5
1647	-0.843117	113.363995	0.006228	12.0
1648	-0.869708	113.325101	0.005347	17.1
1649	-0.007100	113.286242	0.002649	12.9
1650	-0.385675	113.247419	0.004337	13.6
1651	-0.000000	113.208631	0.000000	18.3
1652	-0.596543	113.169879	0.004795	13.0
1653	-0.827950	113.131162	0.006560	12.3
1654	-0.671203	113.092480	0.004535	13.4
1655	-0.649566	113.053833	0.008555	15.5
1656	-0.000000	113.015222	0.000000	14.5
1657	-0.000000	112.976646	0.000000	19.7
1658	-0.603025	112.938105	0.006088	23.4
1659	-0.026507	112.899599	0.000909	19.1
1660	-0.911285	112.861128	0.006335	16.6
1661	-0.911137	112.822692	0.006189	18.0
1662	0.000000	112.784291	0.000000	22.5
1663	-0.583962	112.745924	0.006789	17.5
1664	-0.219185	112.707593	0.002975	16.1
1665	-0.383685	112.669296	0.005378	23.8
1666	-0.853593	112.631034	0.005383	12.6
1667	-0.105034	112.592806	0.001659	14.2
1668	-0.667470	112.554613	0.005624	19.6
1669	-0.765823	112.516455	0.007845	14.6
1670	-0.868426	112.478331	0.007457	15.1
1671	-0.518053	112.440241	0.006640	12.2
1672	-0.314700	112.402186	0.004713	17.4
1673	-0.798004	112.364165	0.006206	18.5
1674	-0.408888	112.326179	0.004590	12.1
1675	-0.222195	112.288227	0.002726	19.1
1676	-0.318663	112.250309	0.004183	26.8
1677	-0.758411	112.212425	0.006778	21.1
1678	-0.543307	112.174575	0.004622	20.9
1679	-0.856971	112.136759	0.006155	19.5
1680	-0.000000	112.098977	0.000000	17.4
1681	-0.831082	112.061229	0.007068	18.3
1682	-0.725284	112.023515	0.005927	14.6
1683	-0.416928	111.985834	0.005308	12.7
1684	-0.961973	111.948188	0.006522	14.5
1685	-0.986962	111.910575	0.005821	15.2
1686	-0.131942	111.872996	0.002650	12.6
1687	-0.000000	111.835450	0.000000	16.8
1688	-0.489491	111.797939	0.004564	15.8
1689	-0.554140	111.760460	0.005320	14.3
1690	-0.675904	111.723015	0.004941	16.9
1691	-0.047160	111.685604	0.004624	13.6
1692	-0.000000	111.648226	0.000000	13.1
1693	-0.754849	111.610881	0.005982	16.3
1694	-0.610342	111.573570	0.004968	15.8
1695	-0.661568	111.536292	0.006469	15.9
1696	-0.120399	111.499047	0.002644	15.7
1697	-0.000000	111.461835	0.000000	14.6
1698	-0.756030	111.424656	0.006671	14.1
1699	-0.513373	111.387510	0.007735	18.3
1700	-0.986502	111.350398	0.007455	13.0
1701	-0.556927	111.313318	0.005100	13.4
1702	-0.000000	111.276271	0.000000	15.9
1703	-0.000000	111.239257	0.000000	13.2
1704	-0.738963	111.202276	0.006292	12.6
1705	-1.012891	111.165328	0.006971	16.8
1706	-0.146748	111.128412	0.001912	14.3
1707	-0.056817	111.091529	0.001232	12.3
1708	-0.000000	111.054679	0.000000	15.6
1709	-0.650091	111.017861	0.006143	17.8
1710	-0.756199	110.981076	0.007992	17.0
1711	-0.000000	110.944323	0.000000	20.7
1712	-0.048814	110.907603	0.001075	16.0
1713	-0.875353	110.870915	0.005584	14.2
1714	-0.995367	110.834259	0.006398	17.0
1715	-0.000000	110.797636	0.000000	14.5
1716	-0.786312	110.761045	0.005360	16.2
1717	-0.489337	110.724486	0.004375	21.3
1718	-0.599139	110.687959	0.004837	14.6
1719	-0.899941	110.651465	0.004600	14.5
1720	-0.000000	110.615002	0.000000	17.4
1721	-0.763491	110.578572	0.004421	13.3
1722	-0.799468	110.542173	0.007426	14.1
1723	-0.000000	110.505807	0.000000	16.2
1724	-0.050222	110.469472	0.001480	14.1
1725	-0.624441	110.433169	0.003848	13.6
1726	-0.645222	110.396898	0.007132	14.8
1727	-0.786092	110.360659	0.007160	12.4
1728	-0.005560	110.324451	0.000609	13.7
1729	-0.741276	110.288276	0.004142	15.4
1730	-0.890863	110.252131	0.005158	13.6
1731	-0.617726	110.216019	0.003682	12.5
1732	-0.888149	110.179937	0.006070	13.5
1733	-0.623612	110.143888	0.005107	18.3
1734	-0.906080	110.107869	0.005548	12.1
1735	-0.407510	110.071882	0.003265	15.2
1736	-0.421065	110.035927	0.004873	16.9
1737	-0.799662	110.000003	0.005841	12.7
1738	-0.742957	109.964110	0.009345	15.5
1739	-0.708651	109.928248	0.006224	13.8
1740	-0.622946	109.892417	0.007231	12.5
1741	-0.008398	109.856618	0.000993	13.7
1742	-0.783076	109.820850	0.007982	14.5
1743	-0.824327	109.785112	0.005350	13.6
1744	-0.000000	109.749406	0.000000	14.0
1745	-0.000000	109.713730	0.000000	16.9
1746	-0.000000	109.678086	0.000000	14.4
1747	-0.541224	109.642472	0.005940	12.8
1748	-0.498596	109.606890	0.004055	15.4
1749	-0.297369	109.571337	0.011560	11.7
1750	-0.863923	109.535816	0.004137	14.1
1751	-1.021077	109.500326	0.006168	17.5
1752	-0.473596	109.464866	0.005532	13.4
1753	-0.000000	109.429436	0.000000	15.2
1754	-0.000000	109.394038	0.000000	16.6
1755	-0.994989	109.358669	0.005432	13.9
1756	-0.822490	109.323331	0.007019	15.4
1757	-0.085349	109.288024	0.002521	17.7
1758	-0.098934	109.252747	0.003398	13.5
1759	-0.719565	109.217501	0.005109	14.5
1760	-0.758717	109.182284	0.008022	15.8
1761	-0.000000	109.147098	0.000000	12.3
1762	-0.863273	109.111942	0.006783	15.2
1763	-0.713046	109.076817	0.008285	16.1
1764	-0.000000	109.041721	0.000000	14.7
1765	-0.973776	109.006656	0.005980	15.3
1766	-0.769952	108.971620	0.007082	15.7
1767	-0.093695	108.936615	0.002929	16.6
1768	-0.379428	108.901640	0.004292	17.8
1769	-0.770339	108.866694	0.004616	13.5
1770	-0.547284	108.831779	0.003068	13.0
1771	-0.772577	108.796893	0.006845	13.9
1772	-0.053832	108.762037	0.001791	16.1
1773	-0.000613	108.727211	0.000193	14.3
1774	-0.964611	108.692415	0.005890	14.2
1775	-0.001410	108.657648	0.000679	15.3
1776	-0.487762	108.622911	0.005719	13.3
1777	-0.894991	108.588203	0.006244	14.9
1778	-0.189700	108.553525	0.004514	19.6
1779	-0.000000	108.518877	0.000000	16.2
1780	-0.010313	108.484258	0.000599	19.7
1781	-0.000000	108.449668	0.000000	14.7
1782	-0.707812	108.415108	0.005981	15.3
1783	-0.195728	108.380578	0.005652	16.6
1784	-0.705691	108.346076	0.007005	14.2
1785	-0.000000	108.311604	0.000000	17.2
1786	-0.493687	108.277161	0.006229	24.5
1787	-0.632005	108.242747	0.003770	17.7
1788	-0.187833	108.208363	0.002875	24.2
1789	-0.715435	108.174007	0.004459	20.3
1790	-0.761610	108.139681	0.005277	18.7
1791	-0.430372	108.105383	0.005805	20.1
1792	-0.042081	108.071115	0.002133	17.5
1793	-0.855705	108.036875	0.006405	17.8
1794	-0.565383	108.002665	0.005826	12.4
1795	-0.000000	107.968483	0.000000	13.3
1796	-0.012478	107.934330	0.001052	18.7
1797	-0.001351	107.900206	0.000358	15.4
1798	-0.549457	107.866111	0.005281	12.6
1799	-0.346471	107.832044	0.002829	16.3
1800	-1.022609	107.798007	0.005834	14.0
1801	-0.000000	107.763997	0.000000	14.1
1802	-0.000000	107.730017	0.000000	14.7
1803	-0.909103	107.696065	0.005875	14.4
1804	-0.777450	107.662141	0.006557	12.3
1805	-0.649426	107.628246	0.006022	14.1
1806	-0.500928	107.594379	0.005174	15.1
1807	-0.997569	107.560541	0.005842	14.2
1808	-0.808236	107.526731	0.004569	15.7
1809	-0.000000	107.492949	0.000000	16.2
1810	-0.000000	107.459196	0.000000	13.0
1811	-0.000000	107.425471	0.000000	13.7
1812	-0.000000	107.391774	0.000000	17.1
1813	-0.789091	107.358106	0.005874	12.0
1814	-0.454052	107.324465	0.005050	14.1
1815	-0.211390	107.290853	0.003352	23.7
1816	-0.461726	107.257268	0.004677	12.6
1817	-0.814085	107.223712	0.006392	16.1
1818	-0.888080	107.190184	0.005582	13.0
1819	-0.000000	107.156683	0.000000	16.3
1820	-0.433598	107.123211	0.004950	17.1
1821	-0.000000	107.089766	0.000000	13.3
1822	-0.479704	107.056349	0.003453	14.4
1823	-0.048834	107.022960	0.000830	19.8
1824	-0.422271	106.989599	0.003837	16.7
1825	-0.000000	106.956265	0.000000	14.5
1826	-0.677744	106.922960	0.006672	18.1
1827	-0.627427	106.889681	0.005995	17.0
1828	-0.774174	106.856431	0.007309	66.4
1829	-0.000154	106.823208	0.000087	21.6
1830	-0.505398	106.790012	0.006041	25.7
1831	-0.412799	106.756844	0.005147	19.9
1832	-0.345508	106.723703	0.005379	13.1
1833	-0.535532	106.690590	0.006337	22.2
1834	-0.000000	106.657505	0.000000	18.0
1835	-0.591531	106.624446	0.005369	21.6
1836	-0.576132	106.591415	0.003282	17.8
1837	-0.459674	106.558411	0.005203	14.0
1838	-0.209321	106.525435	0.005025	33.3
1839	-0.023439	106.492485	0.001957	53.7
1840	-0.827870	106.459563	0.007994	32.8
1841	-0.653675	106.426668	0.005985	24.8
1842	-0.603072	106.393800	0.007512	14.6
1843	-0.967612	106.360959	0.006396	15.8
1844	-0.906132	106.328145	0.008613	15.4
1845	-0.837450	106.295358	0.006322	12.5
1846	-0.031534	106.262598	0.001307	25.4
1847	-0.830812	106.229865	0.005947	17.7
1848	-0.029163	106.197158	0.000561	15.2
1849	-0.000000	106.164479	0.000000	19.9
1850	-0.015185	106.131826	0.002169	20.6
1851	-0.714221	106.099201	0.007719	27.5
1852	-0.574154	106.066602	0.005958	23.4
1853	-0.506204	106.034029	0.008056	22.0
1854	-0.489005	106.001483	0.005336	18.1
1855	-0.570398	105.968964	0.007185	19.8
1856	-0.744376	105.936472	0.007114	27.9
1857	-0.843741	105.904006	0.007008	21.0
1858	-0.863013	105.871566	0.006013	23.6
1859	-0.000001	105.839153	0.000001	18.8
1860	-0.000000	105.806767	0.000000	19.2
1861	-0.092622	105.774407	0.003312	13.1
1862	-0.391321	105.742073	0.004617	12.6
1863	-0.000000	105.709766	0.000000	21.1
1864	-0.046179	105.677485	0.001594	15.4
1865	-0.384618	105.645230	0.003863	26.3
1866	-0.128864	105.613001	0.002647	21.7
1867	-0.577475	105.580799	0.003666	21.6
1868	-0.000000	105.548623	0.000000	22.4
1869	-0.649780	105.516473	0.004769	23.7
1870	-0.657887	105.484349	0.006433	15.5
1871	-0.833462	105.452251	0.006910	16.3
1872	-0.838361	105.420179	0.004429	19.5
1873	-0.938576	105.388133	0.004964	15.6
1874	-0.742709	105.356113	0.007565	14.9
1875	-0.010752	105.324119	0.000624	27.8
1876	-0.000022	105.292151	0.000020	20.4
1877	-0.000000	105.260209	0.000000	21.8
1878	-0.253969	105.228293	0.004433	17.4
1879	-0.754797	105.196402	0.006608	19.0
1880	-0.950394	105.164537	0.006274	20.2
1881	-0.847139	105.132698	0.007485	18.2
1882	-0.691704	105.100885	0.005655	33.4
1883	-0.671603	105.069097	0.004294	26.5
1884	-0.556666	105.037335	0.003517	27.9
1885	-0.727873	105.005598	0.006860	20.5
1886	-0.042538	104.973887	0.003496	20.9
1887	-0.734144	104.942202	0.005861	20.8
1888	-0.324955	104.910542	0.003746	17.7
1889	-0.565456	104.878907	0.006456	21.7
1890	-0.000000	104.847298	0.000000	17.7
1891	-0.282390	104.815715	0.005640	25.9
1892	-0.715759	104.784156	0.004644	33.2
1893	-0.687985	104.752623	0.005377	32.9
1894	-0.341047	104.721116	0.006035	20.2
1895	-0.000080	104.689633	0.000112	18.4
1896	-0.894549	104.658176	0.006726	20.1
1897	-0.360127	104.626744	0.004550	12.9
1898	-0.000000	104.595337	0.000000	30.1
1899	-0.692090	104.563955	0.005757	23.2
1900	-0.786737	104.532599	0.005929	28.4
1901	-0.405716	104.501267	0.006735	26.0
1902	-0.874180	104.469960	0.006487	28.5
1903	-1.051714	104.438679	0.006049	21.4
1904	-1.012965	104.407422	0.008326	22.5
1905	-0.470753	104.376191	0.005557	22.1
1906	-0.101956	104.344984	0.001661	18.8
1907	-0.510211	104.313802	0.004688	17.8
1908	-0.678617	104.282645	0.007420	17.1
1909	-0.623304	104.251513	0.003833	20.3
1910	-0.000000	104.220405	0.000000	17.6
1911	-0.000000	104.189323	0.000000	23.6
1912	-0.264742	104.158265	0.003774	17.9
1913	-0.000000	104.127231	0.000000	15.2
1914	-0.000000	104.096222	0.000000	28.0
1915	-0.000000	104.065238	0.000000	14.4
1916	-0.476568	104.034279	0.005497	16.6
1917	-0.353393	104.003344	0.002975	20.5
1918	-0.000000	103.972433	0.000000	21.7
1919	-0.001537	103.941547	0.000205	16.6
1920	-0.037281	103.910686	0.003534	24.1
1921	-0.000000	103.879849	0.000000	67.0
1922	-0.486564	103.849036	0.005902	51.9
1923	-0.621419	103.818248	0.007805	27.9
1924	-0.170398	103.787484	0.001777	22.8
1925	-0.660472	103.756744	0.005834	25.1
1926	-0.000000	103.726029	0.000000	40.0
1927	-0.059264	103.695338	0.001212	28.5
1928	-0.677622	103.664671	0.003639	40.4
1929	-0.872823	103.634028	0.004770	28.4
1930	-0.994355	103.603409	0.007124	38.2
1931	-1.016784	103.572814	0.006964	31.3
1932	-0.007881	103.542244	0.000449	26.3
1933	-0.023352	103.511698	0.000676	20.2
1934	-0.000000	103.481175	0.000000	43.5
1935	-0.336603	103.450677	0.004107	18.5
1936	-0.659358	103.420202	0.003987	25.6
1937	-0.000000	103.389752	0.000000	22.6
1938	-0.390446	103.359325	0.004531	26.9
1939	-0.000000	103.328922	0.000000	23.0
1940	-0.003082	103.298543	0.000382	23.8
1941	-0.931449	103.268188	0.005296	27.9
1942	-0.867205	103.237857	0.006809	30.2
1943	-0.048886	103.207549	0.003833	23.5
1944	-0.939260	103.177265	0.007414	32.3
1945	-0.475887	103.147005	0.004544	31.3
1946	-0.043101	103.116768	0.003344	33.4
1947	-0.004129	103.086556	0.000000	22.1
1948	-0.168983	103.056366	0.002747	24.3
1949	-0.000000	103.026200	0.000000	18.1
1950	-0.665820	102.996058	0.005715	20.9
1951	-0.545874	102.965939	0.003686	29.9
1952	-0.526941	102.935844	0.007508	18.5
1953	-0.000000	102.905772	0.000000	25.8
1954	-0.453760	102.875724	0.004665	31.0
1955	-0.610529	102.845699	0.004924	33.9
1956	-0.525893	102.815697	0.004578	34.8
1957	-0.319722	102.785719	0.004474	22.3
1958	-0.801921	102.755764	0.008077	15.8
1959	-0.000000	102.725832	0.000000	18.2
1960	-0.937901	102.695924	0.007572	20.3
1961	-0.001499	102.666038	0.000323	13.3
1962	-0.988524	102.636176	0.006344	18.7
1963	-0.545179	102.606337	0.005282	17.7
1964	-0.889261	102.576521	0.005360	19.0
1965	-0.072185	102.546728	0.000744	21.7
1966	-0.233337	102.516959	0.004526	15.1
1967	-0.786317	102.487212	0.006894	30.7
1968	-0.000000	102.457488	0.000000	19.4
1969	-0.885288	102.427788	0.004027	54.1
1970	-0.725131	102.398110	0.003888	26.9
1971	-0.000000	102.368455	0.000000	30.5
1972	-0.829146	102.338823	0.003666	45.8
1973	-0.612937	102.309214	0.005695	23.7
1974	-0.654368	102.279628	0.005650	30.3
1975	-0.000000	102.250064	0.000000	19.6
1976	-0.453535	102.220524	0.005486	28.3
1977	-0.799845	102.191006	0.006068	20.4
1978	-0.899696	102.161511	0.006547	20.2
1979	-0.000000	102.132038	0.000000	27.8
1980	-0.000002	102.102588	0.000001	28.8
1981	-0.351208	102.073161	0.005379	18.8
1982	-0.000000	102.043757	0.000000	13.7
1983	-0.977524	102.014375	0.006944	19.5
1984	-0.000000	101.985015	0.000000	14.4
1985	-0.006762	101.955678	0.000313	13.2
1986	-0.859651	101.926364	0.005853	20.7
1987	-0.000000	101.897072	0.000000	18.4
1988	-0.007850	101.867802	0.000093	36.2
1989	-0.174110	101.838555	0.003109	20.5
1990	-0.057560	101.809330	0.001193	29.3
1991	-0.000000	101.780128	0.000000	19.9
1992	-1.001096	101.750948	0.007145	21.6
1993	-0.000000	101.721790	0.000000	25.8
1994	-0.006343	101.692654	0.000498	21.1
1995	-0.837364	101.663541	0.005687	26.0
1996	-0.732906	101.634450	0.006877	22.2
1997	-0.000000	101.605381	0.000000	27.8
1998	-0.739125	101.576335	0.006016	22.5
1999	-0.000000	101.547310	0.000000	18.5
