1:ItNr	2:Metric	3:StepSize	4:||Gradient||	Time[ms]
0	-0.706905	627.201626	0.015482	1027.8
1	-1.157440	623.504937	0.015472	8.7
2	-1.050863	619.865785	0.021966	8.7
3	-0.698295	616.282728	0.033084	9.0
4	0.000000	612.754375	0.000000	8.6
5	-0.378054	609.279381	0.008105	8.0
6	-0.702419	605.856447	0.009050	10.1
7	0.000000	602.484317	0.000000	7.7
8	0.000000	599.161779	0.000000	8.8
9	-0.650407	595.887656	0.021016	8.4
10	0.000000	592.660813	0.000000	8.3
11	-0.515614	589.480151	0.007215	9.1
12	-0.541732	586.344606	0.010288	8.5
13	-0.248883	583.253145	0.004857	8.2
14	0.000000	580.204771	0.000000	7.8
15	-0.778601	577.198517	0.023853	8.0
16	-0.930731	574.233444	0.029697	8.8
17	-0.944509	571.308645	0.026954	7.6
18	-0.869590	568.423237	0.021572	8.9
19	-0.439487	565.576365	0.009606	8.4
20	0.000000	562.767201	0.000000	7.6
21	-0.831311	559.994938	0.014977	8.0
22	-0.475976	557.258797	0.009488	8.8
23	-0.040064	554.558018	0.000587	7.7
24	-1.014068	551.891865	0.016175	9.6
25	-0.842327	549.259621	0.015729	9.0
26	-0.743105	546.660592	0.022599	8.3
27	-0.679703	544.094102	0.007973	8.2
28	-0.505636	541.559494	0.006183	8.6
29	-0.389514	539.056129	0.007740	8.3
30	0.000000	536.583387	0.000000	8.4
31	-0.622376	534.140663	0.011685	8.2
32	0.000000	531.727370	0.000000	8.2
33	-0.087229	529.342935	0.003334	8.0
34	-0.986428	526.986802	0.007919	8.2
35	-0.238502	524.658430	0.006971	8.1
36	-0.228979	522.357290	0.007183	7.6
37	0.000000	520.082868	0.000000	8.0
38	-0.002119	517.834665	0.001055	8.2
39	-0.604076	515.612193	0.015401	8.2
40	-0.606795	513.414976	0.011968	7.6
41	-0.276483	511.242551	0.008926	8.4
42	-1.036046	509.094468	0.010570	8.9
43	-0.861242	506.970285	0.015291	8.1
44	0.000000	504.869574	0.000000	8.3
45	-0.593315	502.791916	0.014899	7.0
46	-0.431479	500.736903	0.003538	6.8
47	-1.130319	498.704137	0.014641	8.8
48	-0.134980	496.693228	0.007976	8.2
49	0.000000	494.703798	0.000000	9.2
50	0.000000	492.735476	0.000000	9.6
51	0.000000	490.787900	0.000000	8.0
52	-0.726371	488.860718	0.018068	9.9
53	-0.282219	486.953585	0.007395	9.4
54	-0.834767	485.066164	0.011457	9.0
55	-0.196475	483.198126	0.009596	9.8
56	-0.909930	481.349149	0.011882	11.2
57	-0.300814	479.518920	0.008948	12.2
58	-0.717278	477.707132	0.024555	12.6
59	-0.467790	475.913485	0.008397	8.5
60	-0.906627	474.137684	0.015631	11.5
61	-0.569535	472.379445	0.014343	12.0
62	0.000000	470.638485	0.000000	7.5
63	-0.246237	468.914531	0.011571	12.0
64	-0.502714	467.207315	0.010470	10.3
65	-0.940253	465.516573	0.035382	10.6
66	0.000000	463.842050	0.000000	12.5
67	-0.972361	462.183494	0.010709	9.6
68	-0.646727	460.540658	0.005674	8.6
69	-0.655643	458.913303	0.010677	10.0
70	-0.479185	457.301192	0.007531	8.4
71	-0.253586	455.704096	0.007053	9.8
72	0.000000	454.121787	0.000000	8.4
73	-1.010254	452.554045	0.018829	9.7
74	-0.621409	451.000653	0.016369	9.0
75	-0.745735	449.461399	0.008213	8.4
76	-0.000000	447.936075	0.000000	8.9
77	-0.777288	446.424477	0.012462	10.3
78	-0.003997	444.926406	0.000723	12.6
79	-0.636455	443.441666	0.007933	9.7
80	-0.719781	441.970065	0.008462	11.2
81	-0.513578	440.511415	0.017082	12.4
82	-0.767250	439.065533	0.016603	9.8
83	-0.595144	437.632238	0.012241	11.5
84	-0.399077	436.211351	0.007861	13.0
85	-0.000000	434.802701	0.000000	9.2
86	-0.677353	433.406117	0.014552	8.5
87	-0.081979	432.021430	0.004074	9.0
88	-0.000039	430.648479	0.000029	7.9
89	0.000000	429.287101	0.000000	7.9
90	-0.763003	427.937140	0.005440	8.5
91	-0.142468	426.598440	0.003235	8.0
92	-0.537535	425.270849	0.022706	8.4
93	-0.114504	423.954220	0.005792	7.3
94	-0.543704	422.648404	0.008138	8.0
95	-0.074878	421.353259	0.003764	8.8
96	-0.028319	420.068643	0.004154	9.4
97	-0.028996	418.794419	0.001467	12.8
98	-0.000000	417.530451	0.000000	9.9
99	-0.606168	416.276604	0.010814	11.1
100	-0.796325	415.032748	0.009964	12.4
101	-0.906649	413.798754	0.010348	10.5
102	0.000000	412.574495	0.000000	10.6
103	-0.653934	411.359849	0.009265	12.9
104	-0.989663	410.154691	0.029502	10.1
105	-0.563564	408.958904	0.014099	9.9
106	-0.540587	407.772368	0.009597	12.9
107	-0.561323	406.594968	0.008678	10.7
108	-0.831989	405.426590	0.016029	11.0
109	-0.000000	404.267122	0.000000	12.6
110	-0.482590	403.116456	0.002918	11.0
111	-1.033883	401.974481	0.017745	8.2
112	0.000000	400.841093	0.000000	11.2
113	-0.968688	399.716187	0.012769	8.9
114	-0.068676	398.599660	0.001777	8.8
115	0.000000	397.491411	0.000000	8.6
116	0.000000	396.391342	0.000000	10.3
117	-0.201017	395.299353	0.003674	10.3
118	-0.712430	394.215350	0.014559	8.8
119	-0.111351	393.139238	0.004457	9.9
120	-0.758353	392.070924	0.012542	10.2
121	-0.731780	391.010316	0.012124	8.2
122	-0.000001	389.957325	0.000001	9.3
123	-0.922103	388.911862	0.023936	8.3
124	-0.499439	387.873839	0.007812	9.0
125	-0.844537	386.843173	0.006284	8.2
126	-0.000000	385.819777	0.000000	9.0
127	-0.912832	384.803569	0.026321	8.5
128	-0.760014	383.794468	0.025161	12.9
129	-0.693114	382.792393	0.007495	10.3
130	-0.850696	381.797264	0.028501	13.4
131	-0.223572	380.809005	0.007913	10.5
132	-0.841493	379.827537	0.011760	13.0
133	-0.001785	378.852786	0.000483	8.7
134	-1.005389	377.884678	0.038054	9.5
135	-0.501957	376.923138	0.009501	10.2
136	-0.748793	375.968095	0.007926	9.1
137	-0.567120	375.019479	0.006208	9.9
138	-0.576046	374.077218	0.009518	8.4
139	-0.590015	373.141244	0.008528	9.9
140	-0.084039	372.211489	0.003700	14.5
141	-0.883151	371.287887	0.014578	19.6
142	-0.577232	370.370370	0.016616	11.9
143	-0.337033	369.458876	0.004453	8.4
144	0.000000	368.553338	0.000000	8.9
145	-0.950165	367.653696	0.013052	8.3
146	-0.903363	366.759885	0.022109	9.7
147	-0.493588	365.871846	0.009632	9.8
148	-0.000094	364.989518	0.000037	8.1
149	-0.454226	364.112841	0.024971	10.2
150	0.000000	363.241757	0.000000	9.0
151	-0.377336	362.376208	0.010011	9.1
152	-0.023934	361.516137	0.001357	8.7
153	-0.533031	360.661488	0.008406	9.3
154	-0.616159	359.812206	0.008711	8.6
155	-0.103622	358.968236	0.000679	9.0
156	-0.492925	358.129524	0.007489	9.1
157	-0.428764	357.296018	0.008381	8.6
158	0.000000	356.467665	0.000000	9.4
159	-0.676723	355.644414	0.010921	9.0
160	-0.850739	354.826213	0.011776	9.5
161	-0.940920	354.013012	0.020649	8.4
162	0.000000	353.204763	0.000000	8.5
163	-0.742197	352.401415	0.010805	8.1
164	0.000000	351.602922	0.000000	9.1
165	-0.000000	350.809235	0.000000	8.4
166	-0.414609	350.020308	0.008960	11.0
167	-0.856446	349.236095	0.008894	8.8
168	-0.693057	348.456550	0.008086	8.7
169	0.000000	347.681627	0.000000	9.4
170	-0.709046	346.911283	0.018482	8.8
171	-0.486923	346.145474	0.007245	9.3
172	-0.321938	345.384157	0.005142	8.8
173	-1.035353	344.627288	0.011219	10.5
174	-1.128628	343.874826	0.015144	8.1
175	-0.002295	343.126729	0.000445	10.2
176	-0.839875	342.382957	0.011035	13.1
177	0.000000	341.643469	0.000000	7.2
178	-0.166869	340.908224	0.003598	9.0
179	-0.615520	340.177184	0.008015	9.1
180	-0.623926	339.450309	0.013006	8.3
181	0.000000	338.727561	0.000000	7.9
182	-0.096363	338.008902	0.003995	9.0
183	-0.838452	337.294295	0.009132	8.5
184	-0.528837	336.583703	0.008075	16.5
185	-0.906915	335.877089	0.010473	9.7
186	-0.356796	335.174416	0.005036	8.0
187	-0.984618	334.475651	0.021726	8.3
188	-0.780320	333.780756	0.006589	7.8
189	-0.000033	333.089698	0.000025	10.7
190	0.000000	332.402443	0.000000	7.0
191	-0.851906	331.718955	0.014280	7.9
192	-0.569569	331.039203	0.009880	7.8
193	-0.792221	330.363153	0.007658	7.6
194	-0.329446	329.690771	0.008251	8.0
195	0.000000	329.022027	0.000000	8.1
196	-1.057364	328.356888	0.017974	7.7
197	0.000000	327.695322	0.000000	7.6
198	-0.480008	327.037299	0.009085	7.5
199	0.000000	326.382787	0.000000	9.5
200	-0.285168	325.731758	0.008508	14.0
201	0.000000	325.084179	0.000000	18.4
202	-0.963143	324.440023	0.018447	13.2
203	-0.926531	323.799258	0.020745	10.3
204	-0.913965	323.161858	0.011605	8.2
205	-0.000114	322.527792	0.000064	6.7
206	-0.472791	321.897034	0.007618	12.1
207	-0.020162	321.269554	0.001314	15.8
208	-0.433057	320.645325	0.006144	10.1
209	-0.043241	320.024320	0.003127	7.6
210	-0.336655	319.406512	0.006938	7.6
211	-0.793317	318.791875	0.007166	8.1
212	-0.969264	318.180381	0.012250	7.5
213	0.000000	317.572005	0.000000	7.8
214	-0.493128	316.966721	0.011244	11.2
215	0.000000	316.364504	0.000000	8.0
216	0.000000	315.765329	0.000000	7.7
217	0.000000	315.169170	0.000000	7.6
218	-1.024269	314.576003	0.013820	7.5
219	-0.992496	313.985804	0.008418	7.5
220	-0.841821	313.398548	0.016349	8.4
221	0.000000	312.814213	0.000000	8.1
222	-0.554080	312.232773	0.005055	7.8
223	-0.970455	311.654207	0.012203	7.5
224	-0.441471	311.078491	0.005672	7.5
225	0.000000	310.505602	0.000000	7.9
226	0.000000	309.935518	0.000000	7.4
227	-0.797475	309.368217	0.009263	7.6
228	-0.810482	308.803676	0.010304	8.0
229	0.000000	308.241874	0.000000	7.6
230	-0.519380	307.682789	0.006361	7.7
231	-0.093351	307.126400	0.007472	8.6
232	0.000000	306.572687	0.000000	8.2
233	0.000000	306.021627	0.000000	7.5
234	-0.361764	305.473201	0.009103	9.7
235	-0.528267	304.927388	0.009789	8.1
236	-0.585898	304.384168	0.007148	7.5
237	0.000000	303.843521	0.000000	8.1
238	-0.726929	303.305427	0.007289	8.1
239	-0.886166	302.769867	0.010810	7.6
240	-0.770865	302.236821	0.013197	7.7
241	0.000000	301.706270	0.000000	7.8
242	-0.986725	301.178196	0.012138	7.5
243	0.000000	300.652580	0.000000	8.0
244	-0.671479	300.129402	0.012284	7.5
245	-0.863420	299.608645	0.013455	7.7
246	-0.134985	299.090291	0.003019	8.1
247	-0.628979	298.574321	0.008868	7.7
248	-0.895499	298.060718	0.006111	7.5
249	-0.907377	297.549465	0.024432	8.0
250	-0.686549	297.040543	0.005749	7.5
251	-0.598858	296.533936	0.012546	8.1
252	0.000000	296.029626	0.000000	8.5
253	-0.672379	295.527597	0.007336	8.1
254	-0.430767	295.027832	0.005010	8.0
255	-0.034928	294.530315	0.002867	8.8
256	-0.282606	294.035028	0.006823	8.1
257	-0.778673	293.541956	0.007109	8.2
258	0.000000	293.051083	0.000000	8.8
259	-0.474479	292.562393	0.006856	8.5
260	0.000000	292.075870	0.000000	7.5
261	-0.965261	291.591498	0.009769	8.7
262	-0.000000	291.109263	0.000000	7.9
263	-1.172756	290.629149	0.017230	8.1
264	-0.000000	290.151140	0.000000	8.3
265	-0.628877	289.675222	0.017491	7.9
266	-0.123798	289.201380	0.002707	8.6
267	0.000000	288.729600	0.000000	7.7
268	0.000000	288.259866	0.000000	7.4
269	-0.834769	287.792165	0.010569	8.4
270	0.000000	287.326481	0.000000	7.6
271	-0.753903	286.862802	0.008328	7.6
272	-0.000000	286.401113	0.000000	8.0
273	-0.085191	285.941400	0.005139	8.1
274	0.000000	285.483649	0.000000	7.0
275	-0.716350	285.027847	0.012468	10.7
276	-0.692295	284.573981	0.010746	9.5
277	-0.526587	284.122037	0.003598	8.4
278	-0.833765	283.672002	0.007179	9.1
279	-0.287779	283.223863	0.003571	8.3
280	-0.886023	282.777607	0.016488	8.9
281	0.000000	282.333221	0.000000	10.2
282	-0.635367	281.890692	0.010796	8.4
283	-0.586615	281.450008	0.006244	8.8
284	-0.769156	281.011157	0.010969	8.9
285	-0.961962	280.574125	0.023165	9.7
286	-0.716387	280.138901	0.011410	8.8
287	-0.207492	279.705473	0.006928	9.5
288	-0.424293	279.273829	0.006242	9.2
289	0.000000	278.843956	0.000000	11.8
290	-0.689843	278.415844	0.010650	16.8
291	-0.169111	277.989479	0.003040	15.3
292	-0.204975	277.564851	0.007186	10.9
293	-0.248265	277.141949	0.010833	11.4
294	-0.915383	276.720761	0.012296	13.3
295	-0.756090	276.301275	0.021007	11.4
296	-1.052962	275.883480	0.032881	10.0
297	-0.006245	275.467366	0.001420	12.7
298	0.000000	275.052922	0.000000	10.2
299	-0.221360	274.640136	0.004721	8.7
300	-0.856255	274.228998	0.013170	12.8
301	-0.377670	273.819497	0.012187	10.6
302	0.000000	273.411623	0.000000	7.0
303	-0.491437	273.005365	0.006472	9.9
304	-0.539689	272.600712	0.015740	7.8
305	0.000000	272.197655	0.000000	10.1
306	-0.007960	271.796184	0.001268	9.6
307	-0.359096	271.396287	0.008166	10.5
308	-0.529574	270.997956	0.006354	11.0
309	-0.828170	270.601180	0.020496	9.6
310	-0.000002	270.205949	0.000002	11.6
311	-0.685424	269.812254	0.007911	12.3
312	-0.610408	269.420085	0.006835	8.6
313	-0.845063	269.029432	0.008186	10.9
314	-0.437312	268.640287	0.011753	10.7
315	-0.862964	268.252638	0.016409	11.0
316	0.000000	267.866478	0.000000	15.3
317	-0.124476	267.481796	0.004677	13.3
318	-0.000140	267.098584	0.000052	8.0
319	0.000000	266.716833	0.000000	11.4
320	-0.476576	266.336533	0.005641	11.5
321	-0.669774	265.957676	0.009052	8.4
322	0.000000	265.580253	0.000000	11.5
323	-0.690746	265.204254	0.009401	10.1
324	-0.213312	264.829672	0.006584	9.1
325	-0.980597	264.456497	0.012061	9.7
326	-0.333723	264.084721	0.009459	8.0
327	-0.212119	263.714335	0.001592	9.5
328	-0.598208	263.345332	0.008558	11.4
329	-0.528233	262.977702	0.008574	9.0
330	-0.458095	262.611438	0.007083	8.1
331	-0.492573	262.246531	0.008367	7.9
332	-0.519878	261.882973	0.009857	8.3
333	-0.954901	261.520756	0.008618	10.6
334	-0.767233	261.159871	0.008756	8.2
335	-0.710023	260.800312	0.016074	10.0
336	-0.000000	260.442070	0.000000	8.1
337	-0.341912	260.085137	0.007049	15.5
338	-1.115908	259.729505	0.014180	14.2
339	0.000000	259.375167	0.000000	11.1
340	-0.285186	259.022116	0.008793	12.6
341	-0.709752	258.670343	0.005137	12.7
342	-0.005995	258.319841	0.001434	9.3
343	-0.657371	257.970602	0.034271	11.3
344	-0.984739	257.622620	0.015795	13.4
345	-0.026855	257.275887	0.000955	9.9
346	-1.130630	256.930396	0.017269	10.6
347	-0.450892	256.586139	0.012581	11.2
348	-0.953853	256.243109	0.009993	9.2
349	-0.283726	255.901300	0.010335	11.1
350	-0.537298	255.560703	0.006271	12.5
351	-0.572120	255.221313	0.010105	9.5
352	-0.507061	254.883122	0.008090	11.3
353	-0.751071	254.546124	0.009879	12.3
354	-0.655101	254.210311	0.007579	9.4
355	-0.479324	253.875677	0.005482	11.5
356	-0.095237	253.542215	0.003873	13.0
357	-0.874966	253.209918	0.017229	10.1
358	-0.002202	252.878781	0.000943	10.9
359	-0.645300	252.548795	0.007943	12.9
360	-0.397543	252.219956	0.005965	15.4
361	-0.524361	251.892255	0.008361	9.5
362	-0.618092	251.565688	0.008160	11.3
363	0.000000	251.240247	0.000000	13.1
364	-0.049024	250.915926	0.003158	10.2
365	-0.000041	250.592720	0.000011	10.2
366	-0.911891	250.270621	0.009991	12.1
367	-0.539516	249.949624	0.009442	9.9
368	-0.650135	249.629723	0.012643	10.9
369	-0.000000	249.310911	0.000000	11.4
370	0.000000	248.993182	0.000000	11.1
371	-1.261594	248.676531	0.013047	11.1
372	-0.805551	248.360952	0.008048	13.0
373	0.000000	248.046438	0.000000	10.1
374	-0.000000	247.732984	0.000000	9.1
375	-0.894587	247.420584	0.016081	9.0
376	-0.684902	247.109233	0.007256	8.0
377	-0.027147	246.798924	0.000451	8.9
378	0.000000	246.489652	0.000000	7.7
379	0.000000	246.181412	0.000000	9.3
380	0.000000	245.874197	0.000000	8.3
381	-0.169687	245.568002	0.005553	7.7
382	-0.000007	245.262822	0.000004	8.4
383	-0.634941	244.958652	0.005942	7.8
384	-0.337226	244.655485	0.006741	7.2
385	-0.191679	244.353317	0.008380	8.3
386	-0.002204	244.052142	0.000456	7.6
387	-0.172408	243.751955	0.007759	11.0
388	-0.500741	243.452750	0.005291	9.2
389	-0.425506	243.154523	0.004965	12.9
390	-0.985547	242.857268	0.011854	12.3
391	-1.043403	242.560980	0.017753	10.4
392	-0.447565	242.265654	0.004851	10.9
393	0.000000	241.971285	0.000000	10.7
394	-0.874468	241.677868	0.008032	8.8
395	-0.671637	241.385397	0.023247	11.4
396	-0.426551	241.093869	0.005325	11.1
397	-0.900906	240.803278	0.014138	8.5
398	-0.000009	240.513619	0.000006	16.5
399	-0.394315	240.224887	0.003962	10.6
400	0.000000	239.937077	0.000000	11.4
401	-0.385960	239.650186	0.006277	8.7
402	0.000000	239.364207	0.000000	8.6
403	-0.887620	239.079136	0.006500	9.2
404	-0.698739	238.794969	0.010431	12.5
405	-0.000000	238.511701	0.000000	8.3
406	-1.012263	238.229327	0.006059	8.8
407	-1.022047	237.947843	0.009464	9.0
408	-1.084559	237.667244	0.009920	8.7
409	-0.001562	237.387526	0.000446	8.7
410	-0.000000	237.108684	0.000000	6.9
411	-0.760050	236.830714	0.007222	8.0
412	-0.136587	236.553610	0.003136	8.8
413	0.000000	236.277370	0.000000	7.9
414	0.000000	236.001989	0.000000	7.8
415	-0.000000	235.727461	0.000000	8.1
416	-0.475343	235.453784	0.005781	7.8
417	-0.584558	235.180952	0.009016	7.8
418	-0.277544	234.908962	0.005828	8.2
419	-0.539641	234.637809	0.007178	8.3
420	-0.185595	234.367488	0.007091	9.8
421	0.000000	234.097997	0.000000	8.2
422	-0.638618	233.829331	0.007535	9.8
423	-0.964043	233.561485	0.025123	8.6
424	-0.062236	233.294456	0.003636	12.1
425	-0.320164	233.028239	0.007435	7.7
426	-0.728951	232.762831	0.012614	9.1
427	-0.826571	232.498228	0.009207	11.0
428	-0.135353	232.234425	0.003424	12.9
429	-0.532148	231.971419	0.004310	9.6
430	-0.592423	231.709205	0.006508	8.5
431	-0.639798	231.447781	0.006195	9.4
432	-1.070210	231.187141	0.020703	10.1
433	-0.734665	230.927283	0.009302	12.2
434	0.000000	230.668202	0.000000	9.9
435	-0.000000	230.409895	0.000000	9.3
436	0.000000	230.152358	0.000000	10.9
437	0.000000	229.895587	0.000000	14.1
438	-0.074403	229.639578	0.003605	9.5
439	-0.578000	229.384329	0.008237	9.7
440	-0.789033	229.129834	0.007858	8.5
441	-0.674350	228.876091	0.015790	11.9
442	-1.131080	228.623096	0.012101	9.9
443	-1.181455	228.370846	0.012171	10.0
444	-0.313684	228.119336	0.005411	10.6
445	-0.000000	227.868563	0.000000	8.6
446	-0.024070	227.618525	0.002081	8.7
447	-0.911531	227.369216	0.008674	8.4
448	-0.837977	227.120635	0.008704	7.8
449	-1.051136	226.872777	0.016110	8.4
450	-0.181266	226.625638	0.003810	7.8
451	-0.201095	226.379217	0.005815	8.1
452	-0.408587	226.133509	0.007107	8.2
453	-0.592160	225.888510	0.007953	8.7
454	-1.093074	225.644218	0.015498	8.0
455	0.000000	225.400630	0.000000	7.7
456	-0.871720	225.157741	0.011500	8.2
457	-0.538842	224.915549	0.008428	8.2
458	0.000000	224.674051	0.000000	8.6
459	0.000000	224.433242	0.000000	7.8
460	-0.025356	224.193121	0.001243	7.9
461	0.000000	223.953684	0.000000	8.4
462	-0.629587	223.714927	0.007094	7.8
463	-0.012489	223.476848	0.001452	6.9
464	-0.119666	223.239444	0.004964	8.4
465	-0.655342	223.002710	0.008876	7.3
466	-0.164752	222.766645	0.004583	8.0
467	-0.376352	222.531245	0.004810	8.3
468	-0.636268	222.296508	0.019529	8.1
469	-1.011355	222.062429	0.008245	7.9
470	0.000000	221.829007	0.000000	7.9
471	-0.326648	221.596238	0.006223	7.3
472	-0.932595	221.364119	0.007104	8.0
473	-0.139504	221.132647	0.005407	8.0
474	-0.254626	220.901820	0.006342	8.0
475	-0.910576	220.671634	0.020713	7.9
476	-0.945038	220.442086	0.013049	7.9
477	-0.164687	220.213174	0.008753	8.2
478	-0.145179	219.984895	0.002883	8.0
479	-0.709961	219.757246	0.008252	8.8
480	-0.197887	219.530224	0.008330	8.2
481	-0.340425	219.303826	0.006184	8.1
482	-0.366593	219.078050	0.003404	8.1
483	0.000000	218.852893	0.000000	8.2
484	-0.991592	218.628352	0.007406	7.8
485	-1.143078	218.404424	0.019243	7.9
486	-0.061945	218.181106	0.001924	7.7
487	-0.716215	217.958397	0.007892	8.5
488	0.000000	217.736292	0.000000	7.5
489	-0.000184	217.514790	0.000081	7.6
490	0.000000	217.293888	0.000000	8.2
491	0.000000	217.073584	0.000000	7.3
492	-0.007066	216.853873	0.000306	7.6
493	-0.432874	216.634755	0.006801	7.5
494	-0.814367	216.416227	0.009156	7.6
495	-0.555272	216.198285	0.005345	7.6
496	0.000000	215.980927	0.000000	6.8
497	-0.051132	215.764151	0.002552	7.5
498	-0.486804	215.547955	0.006994	7.6
499	-0.688450	215.332335	0.011276	7.7
500	0.000000	215.117289	0.000000	7.7
501	0.000000	214.902815	0.000000	7.6
502	-0.887154	214.688911	0.011755	8.3
503	-0.902036	214.475573	0.008926	7.6
504	-0.462358	214.262800	0.004416	8.0
505	-0.652212	214.050588	0.007626	7.6
506	-0.260193	213.838936	0.005838	8.8
507	-0.390753	213.627842	0.003531	7.5
508	-0.057056	213.417302	0.001803	7.5
509	0.000000	213.207314	0.000000	8.5
510	-0.024746	212.997877	0.002024	7.4
511	-0.905834	212.788987	0.011148	7.4
512	-0.036847	212.580642	0.001381	7.5
513	0.000000	212.372841	0.000000	7.5
514	-0.551853	212.165581	0.006716	7.5
515	-0.335814	211.958859	0.009576	7.3
516	-0.000152	211.752673	0.000053	7.6
517	-1.095950	211.547021	0.006590	7.5
518	-0.450507	211.341902	0.006595	7.5
519	-1.035964	211.137311	0.010544	7.6
520	-1.038226	210.933248	0.018843	7.5
521	-0.694083	210.729710	0.008194	7.6
522	-0.404644	210.526695	0.004893	7.6
523	-1.010232	210.324200	0.010366	8.2
524	-0.000002	210.122224	0.000002	7.6
525	0.000000	209.920765	0.000000	7.1
526	0.000000	209.719820	0.000000	7.6
527	-0.428358	209.519387	0.006246	7.7
528	-0.683181	209.319463	0.011787	7.6
529	-1.014328	209.120048	0.015393	7.5
530	-0.695944	208.921139	0.020752	7.0
531	-0.694896	208.722733	0.007534	8.4
532	-0.939725	208.524829	0.013564	7.6
533	-1.049137	208.327425	0.011660	7.5
534	0.000000	208.130518	0.000000	7.7
535	-1.086657	207.934107	0.016807	7.7
536	-0.921680	207.738189	0.012095	7.5
537	-0.947339	207.542762	0.018475	7.9
538	-0.882111	207.347825	0.008679	7.9
539	-0.612373	207.153376	0.009329	7.5
540	-0.000004	206.959412	0.000002	7.8
541	-0.474751	206.765932	0.006505	7.6
542	-0.580249	206.572933	0.006205	7.6
543	-1.046166	206.380414	0.006452	7.6
544	-0.526567	206.188373	0.008693	7.5
545	-0.007186	205.996807	0.001209	8.2
546	-0.000164	205.805716	0.000163	7.5
547	-0.690000	205.615096	0.007599	8.1
548	-1.099769	205.424946	0.015559	8.7
549	-0.027255	205.235265	0.002442	7.7
550	-0.927577	205.046050	0.008860	8.6
551	-0.562569	204.857299	0.006512	8.2
552	-0.832032	204.669011	0.009868	8.1
553	-0.364998	204.481184	0.007638	8.5
554	-0.000000	204.293816	0.000000	7.6
555	-0.948706	204.106905	0.019362	8.1
556	-0.509427	203.920449	0.006284	8.7
557	-0.741577	203.734447	0.007374	8.1
558	-1.056512	203.548896	0.019071	7.9
559	-0.832782	203.363795	0.013777	9.8
560	-0.324805	203.179143	0.004625	7.9
561	-0.095685	202.994937	0.006287	8.0
562	-1.038718	202.811176	0.012883	8.9
563	0.000000	202.627857	0.000000	7.7
564	-0.356478	202.444980	0.006485	8.1
565	-0.482606	202.262543	0.007909	7.6
566	0.000000	202.080543	0.000000	8.1
567	-0.897855	201.898979	0.014466	7.6
568	-0.636895	201.717849	0.005377	7.9
569	-0.657664	201.537153	0.012145	8.2
570	-0.524363	201.356887	0.007255	8.4
571	-0.681765	201.177050	0.008905	9.8
572	-0.253407	200.997642	0.005980	7.8
573	-0.122682	200.818659	0.004602	8.6
574	-0.643927	200.640100	0.007788	7.9
575	0.000000	200.461965	0.000000	8.7
576	-0.671714	200.284250	0.006196	9.9
577	-0.800756	200.106955	0.005800	8.6
578	-0.600297	199.930078	0.006644	12.7
579	-0.548359	199.753617	0.005133	12.6
580	-0.680709	199.577571	0.003971	12.7
581	-0.753493	199.401938	0.010189	10.8
582	-0.619703	199.226717	0.005598	12.7
583	-0.556932	199.051905	0.011415	9.2
584	-0.830212	198.877502	0.009013	9.0
585	-0.359038	198.703506	0.004814	11.4
586	-0.462831	198.529916	0.004354	8.6
587	-0.014643	198.356729	0.001155	12.3
588	-1.107356	198.183944	0.006388	10.2
589	0.000000	198.011560	0.000000	10.3
590	0.000000	197.839576	0.000000	12.3
591	-0.524994	197.667989	0.007770	9.0
592	-1.139684	197.496798	0.009965	11.2
593	-0.000000	197.326002	0.000000	12.1
594	-0.942260	197.155600	0.008500	8.9
595	-0.375515	196.985589	0.005174	10.8
596	-1.114523	196.815969	0.017792	13.2
597	0.000000	196.646738	0.000000	8.7
598	0.000000	196.477894	0.000000	10.3
599	-0.402345	196.309436	0.004169	13.3
600	0.000000	196.141363	0.000000	9.3
601	0.000000	195.973673	0.000000	10.9
602	-0.000010	195.806365	0.000006	13.1
603	0.000000	195.639437	0.000000	9.6
604	-0.701391	195.472888	0.013582	8.6
605	-0.000711	195.306717	0.000177	10.9
606	-0.172242	195.140922	0.008795	9.8
607	-0.855177	194.975501	0.008158	10.0
608	0.000000	194.810454	0.000000	8.3
609	-0.976393	194.645779	0.007915	11.2
610	-0.000019	194.481475	0.000011	9.9
611	-0.000171	194.317540	0.000142	10.1
612	-1.056314	194.153973	0.013656	13.2
613	-0.571899	193.990773	0.007289	10.3
614	-0.641805	193.827938	0.007999	9.9
615	-0.000745	193.665467	0.000402	12.1
616	-0.617719	193.503358	0.006527	12.2
617	-0.961531	193.341611	0.010952	8.1
618	0.000000	193.180224	0.000000	12.1
619	-0.000000	193.019196	0.000000	9.8
620	-0.701399	192.858525	0.008778	8.9
621	-1.037562	192.698210	0.007683	13.0
622	-0.000000	192.538251	0.000000	9.6
623	-0.980811	192.378644	0.009482	11.2
624	-0.081810	192.219391	0.006112	11.7
625	-0.689467	192.060488	0.008933	10.5
626	-0.654846	191.901935	0.008665	8.5
627	-0.549743	191.743730	0.006548	9.5
628	-0.489718	191.585873	0.009574	10.3
629	-0.850962	191.428362	0.019689	12.7
630	-0.110524	191.271196	0.008427	9.4
631	-1.109049	191.114374	0.012084	10.6
632	-0.000000	190.957893	0.000000	12.8
633	-0.648501	190.801755	0.005733	9.8
634	-1.042665	190.645956	0.014421	10.3
635	-0.817175	190.490495	0.007703	13.3
636	-0.921197	190.335373	0.008618	12.1
637	0.000000	190.180587	0.000000	7.1
638	-1.038562	190.026136	0.011986	12.8
639	-0.680253	189.872019	0.011150	10.6
640	-0.606101	189.718235	0.004158	9.5
641	-0.858542	189.564782	0.011113	12.2
642	-0.647587	189.411661	0.005966	10.1
643	-1.035872	189.258868	0.011997	8.4
644	-0.764455	189.106404	0.006439	9.8
645	-1.075214	188.954267	0.020037	9.7
646	-0.066694	188.802456	0.003002	9.2
647	-0.522812	188.650969	0.007820	8.4
648	-1.093342	188.499807	0.012585	8.9
649	-0.710144	188.348967	0.007895	9.8
650	-0.402336	188.198448	0.003798	8.6
651	-0.102024	188.048250	0.002513	7.1
652	-1.118305	187.898371	0.012485	8.8
653	-0.000000	187.748810	0.000000	7.0
654	-1.142459	187.599566	0.014427	10.7
655	-0.632534	187.450638	0.007947	10.1
656	-0.733298	187.302025	0.008473	8.6
657	-0.739133	187.153725	0.014776	11.1
658	-0.369696	187.005739	0.005042	8.8
659	-0.010120	186.858064	0.001185	10.6
660	-0.387708	186.710699	0.013466	11.8
661	-0.000430	186.563645	0.000128	7.9
662	0.000000	186.416898	0.000000	9.5
663	-0.334062	186.270459	0.009200	7.7
664	-0.639394	186.124326	0.011112	11.9
665	-0.027059	185.978499	0.002080	10.4
666	-0.911658	185.832976	0.006759	7.9
667	-0.798122	185.687756	0.008385	8.2
668	-0.841982	185.542838	0.008800	7.8
669	-0.000000	185.398222	0.000000	9.0
670	-0.969068	185.253906	0.027961	8.0
671	-0.446507	185.109889	0.006525	8.1
672	-0.321172	184.966170	0.011789	8.5
673	-0.756868	184.822748	0.008539	8.4
674	0.000000	184.679623	0.000000	7.6
675	-0.000000	184.536792	0.000000	8.0
676	-0.991533	184.394256	0.008733	8.0
677	-0.851905	184.252013	0.013694	7.7
678	-0.881060	184.110062	0.012260	8.7
679	0.000000	183.968403	0.000000	7.5
680	0.000000	183.827034	0.000000	8.5
681	-0.859092	183.685954	0.005125	8.0
682	0.000000	183.545163	0.000000	7.4
683	-0.705820	183.404658	0.011492	7.6
684	-0.278280	183.264441	0.004706	8.3
685	0.000000	183.124509	0.000000	7.5
686	-0.613296	182.984861	0.004876	7.6
687	-0.748964	182.845497	0.007722	7.6
688	-0.697568	182.706416	0.009316	7.5
689	-0.263204	182.567616	0.007471	7.5
690	0.000000	182.429098	0.000000	7.0
691	-0.000000	182.290859	0.000000	7.7
692	-0.548068	182.152899	0.006411	7.5
693	-0.825469	182.015217	0.009401	8.0
694	-0.744088	181.877813	0.011019	7.6
695	-0.849336	181.740684	0.008679	7.5
696	-0.943985	181.603832	0.006004	8.0
697	-0.239403	181.467253	0.007187	7.5
698	-0.733379	181.330948	0.006102	7.6
699	-0.403286	181.194916	0.004495	7.6
700	-0.000000	181.059155	0.000000	6.9
701	0.000000	180.923666	0.000000	7.6
702	-0.269311	180.788446	0.004909	7.5
703	-0.076894	180.653496	0.003366	7.0
704	-1.035551	180.518814	0.022870	7.5
705	-0.786087	180.384399	0.010034	7.5
706	-0.869721	180.250251	0.015956	7.6
707	-0.119982	180.116369	0.003304	7.5
708	0.000000	179.982752	0.000000	7.6
709	-0.950040	179.849398	0.012499	7.6
710	0.000000	179.716308	0.000000	7.1
711	0.000000	179.583480	0.000000	7.5
712	-0.000000	179.450913	0.000000	6.3
713	-1.031514	179.318607	0.011148	7.6
714	-0.242483	179.186561	0.010764	8.7
715	-0.000001	179.054774	0.000000	8.3
716	-1.058668	178.923245	0.015818	7.9
717	-0.502764	178.791973	0.006463	8.2
718	0.000000	178.660958	0.000000	7.6
719	-0.493902	178.530199	0.004448	8.0
720	-0.595347	178.399694	0.008909	8.0
721	-1.009051	178.269444	0.009894	8.2
722	-0.952777	178.139447	0.011034	8.0
723	0.000000	178.009702	0.000000	8.2
724	-0.958171	177.880209	0.008086	8.1
725	-0.371188	177.750967	0.005711	8.2
726	-0.698319	177.621975	0.015603	8.1
727	0.000000	177.493232	0.000000	7.6
728	-0.590156	177.364738	0.013344	8.0
729	-0.723319	177.236492	0.010680	8.1
730	-0.829962	177.108492	0.009767	8.0
731	-0.316240	176.980739	0.010153	8.1
732	-0.424911	176.853231	0.005462	10.9
733	-0.854580	176.725968	0.007029	11.6
734	-0.438663	176.598949	0.009057	9.8
735	-0.483283	176.472173	0.006891	10.0
736	-0.536542	176.345639	0.006009	10.8
737	-1.002052	176.219348	0.006311	12.9
738	-0.527008	176.093296	0.006310	9.5
739	-0.437548	175.967486	0.005854	10.8
740	-0.365260	175.841914	0.011292	9.1
741	-0.819078	175.716581	0.010027	8.8
742	-0.442277	175.591486	0.008097	11.7
743	-0.604516	175.466629	0.009211	12.1
744	-0.000000	175.342008	0.000000	9.1
745	0.000000	175.217622	0.000000	10.1
746	-0.000001	175.093472	0.000001	9.8
747	-0.708024	174.969556	0.005702	10.2
748	-1.141555	174.845873	0.015967	13.0
749	-0.601050	174.722423	0.004323	10.2
750	-0.254743	174.599206	0.005617	9.8
751	0.000000	174.476220	0.000000	12.4
752	-1.219625	174.353464	0.014742	9.4
753	-0.234156	174.230939	0.006707	12.3
754	-0.616021	174.108643	0.005521	11.7
755	-0.171598	173.986576	0.004924	10.5
756	-0.968804	173.864737	0.006636	11.5
757	-0.753342	173.743124	0.009061	12.6
758	-0.707399	173.621739	0.006332	11.3
759	-0.000000	173.500579	0.000000	9.5
760	-0.553464	173.379645	0.006265	11.7
761	-0.707265	173.258935	0.008988	12.1
762	-0.999394	173.138449	0.011158	9.7
763	0.000000	173.018186	0.000000	10.5
764	-0.972118	172.898146	0.010994	10.1
765	-0.781793	172.778327	0.009818	10.5
766	-0.000175	172.658730	0.000106	11.2
767	-0.672734	172.539353	0.006332	9.7
768	-1.068927	172.420196	0.014634	12.0
769	-0.311474	172.301258	0.005947	11.6
770	-0.045179	172.182539	0.002306	8.6
771	-0.295766	172.064037	0.006722	11.0
772	-0.931684	171.945753	0.011404	8.9
773	-0.075299	171.827686	0.002223	11.5
774	-1.084073	171.709834	0.029912	9.5
775	-0.106620	171.592198	0.005219	9.4
776	-0.901909	171.474776	0.006337	8.7
777	-0.820452	171.357568	0.005856	9.2
778	-0.894823	171.240574	0.009505	10.9
779	0.000000	171.123793	0.000000	8.6
780	-0.023533	171.007223	0.002729	8.7
781	-0.756200	170.890865	0.013163	10.5
782	-0.498318	170.774718	0.005384	9.2
783	-0.250835	170.658782	0.004158	10.4
784	-0.000000	170.543055	0.000000	10.8
785	-0.995993	170.427537	0.008150	8.2
786	0.000000	170.312227	0.000000	11.5
787	0.000000	170.197125	0.000000	9.3
788	-0.858084	170.082231	0.008218	8.6
789	0.000000	169.967543	0.000000	11.5
790	-1.151560	169.853061	0.011259	9.5
791	-0.042730	169.738784	0.002640	10.2
792	-0.227472	169.624713	0.005568	10.0
793	0.000000	169.510845	0.000000	11.3
794	-0.767734	169.397181	0.008155	12.3
795	-0.944032	169.283720	0.005583	10.5
796	-0.481085	169.170462	0.007173	11.0
797	-0.615049	169.057405	0.006286	9.4
798	-0.935857	168.944549	0.009358	8.9
799	0.000000	168.831895	0.000000	11.1
800	-0.469832	168.719440	0.003944	12.8
801	-0.903123	168.607185	0.006933	9.8
802	-0.583308	168.495129	0.006157	10.1
803	-0.932823	168.383271	0.010104	13.3
804	-0.800984	168.271611	0.014920	9.5
805	-0.850745	168.160148	0.009478	11.1
806	-0.000000	168.048882	0.000000	9.7
807	-0.000003	167.937812	0.000003	8.5
808	-0.987528	167.826938	0.007579	12.0
809	-0.724670	167.716258	0.014611	8.4
810	0.000000	167.605773	0.000000	8.3
811	-0.999584	167.495482	0.008752	8.3
812	-0.930869	167.385384	0.008603	9.0
813	0.000000	167.275479	0.000000	10.3
814	-0.371657	167.165766	0.005756	11.0
815	-0.767718	167.056245	0.010643	12.4
816	-0.380864	166.946915	0.010835	12.0
817	0.000000	166.837776	0.000000	10.7
818	-0.000000	166.728826	0.000000	10.8
819	-0.622857	166.620067	0.012767	11.1
820	-0.195335	166.511496	0.004812	8.0
821	0.000000	166.403113	0.000000	11.5
822	-0.343748	166.294919	0.005976	12.0
823	-0.756560	166.186912	0.006099	9.3
824	-1.015398	166.079091	0.030390	12.1
825	-0.257907	165.971458	0.009282	13.0
826	-0.416303	165.864009	0.007828	9.7
827	-0.651894	165.756747	0.006886	10.5
828	-0.474984	165.649669	0.003407	13.5
829	-0.744332	165.542775	0.004756	9.2
830	-0.884316	165.436065	0.005929	10.9
831	-0.683335	165.329538	0.005023	12.1
832	-0.758011	165.223194	0.011720	9.0
833	-0.154094	165.117032	0.003645	11.9
834	-1.103819	165.011052	0.010930	11.8
835	-0.639785	164.905253	0.003443	9.5
836	-0.841632	164.799635	0.008730	11.0
837	-0.145515	164.694197	0.005553	10.4
838	-0.837859	164.588939	0.009973	8.0
839	-0.158180	164.483859	0.007359	7.7
840	0.000000	164.378959	0.000000	7.9
841	0.000000	164.274237	0.000000	8.1
842	-0.538933	164.169692	0.006708	8.1
843	-0.599598	164.065325	0.008136	8.1
844	-1.049538	163.961135	0.012679	8.5
845	-0.000000	163.857120	0.000000	8.6
846	-0.687671	163.753282	0.006783	8.6
847	-0.460586	163.649619	0.004277	10.1
848	-0.041335	163.546130	0.003192	7.8
849	-0.170053	163.442816	0.006272	8.8
850	0.000000	163.339676	0.000000	7.9
851	-1.123206	163.236709	0.017905	8.0
852	0.000000	163.133915	0.000000	7.8
853	0.000000	163.031294	0.000000	8.6
854	0.000000	162.928844	0.000000	8.0
855	-0.010893	162.826566	0.001280	8.2
856	-1.067976	162.724459	0.018367	8.2
857	-0.585429	162.622523	0.011507	7.8
858	-0.562725	162.520757	0.007418	8.1
859	-0.000000	162.419160	0.000000	11.3
860	-0.943899	162.317733	0.006848	8.1
861	-0.000000	162.216474	0.000000	8.4
862	-0.556370	162.115383	0.006106	8.1
863	-0.490669	162.014461	0.006680	7.8
864	-0.000000	161.913705	0.000000	6.7
865	-0.853965	161.813117	0.015741	8.1
866	0.000000	161.712695	0.000000	7.6
867	-0.901121	161.612439	0.004475	7.6
868	-1.119415	161.512349	0.016088	7.8
869	-0.000000	161.412424	0.000000	13.0
870	-0.123681	161.312663	0.007578	11.4
871	0.000000	161.213067	0.000000	8.0
872	-0.000000	161.113635	0.000000	10.7
873	-0.011758	161.014366	0.000603	12.5
874	0.000000	160.915260	0.000000	9.7
875	-0.299697	160.816316	0.009258	9.5
876	-0.714453	160.717535	0.007179	11.6
877	-0.661044	160.618915	0.014465	12.0
878	-0.000552	160.520456	0.000168	11.3
879	-1.037685	160.422158	0.013296	10.7
880	0.000000	160.324021	0.000000	8.0
881	-0.000501	160.226043	0.000215	11.8
882	0.000000	160.128225	0.000000	8.7
883	-0.494271	160.030566	0.006892	8.8
884	0.000000	159.933066	0.000000	8.3
885	-0.000000	159.835723	0.000000	8.2
886	-0.925259	159.738539	0.011613	10.2
887	-0.104513	159.641512	0.004547	7.9
888	-0.784770	159.544642	0.006534	8.7
889	-0.544202	159.447929	0.007801	7.9
890	-1.099192	159.351372	0.017639	8.0
891	-0.276824	159.254971	0.005802	8.3
892	0.000000	159.158725	0.000000	7.8
893	-0.423290	159.062634	0.010137	8.0
894	-1.042272	158.966697	0.013869	8.0
895	-0.719119	158.870915	0.008797	7.9
896	-0.798910	158.775286	0.012412	7.9
897	-0.814704	158.679811	0.009086	7.9
898	-0.713132	158.584489	0.005433	7.9
899	-0.386750	158.489319	0.006268	7.9
900	-0.000000	158.394302	0.000000	7.5
901	-0.490026	158.299436	0.009175	8.6
902	-0.695211	158.204721	0.009529	7.9
903	-0.000000	158.110158	0.000000	7.4
904	0.000000	158.015745	0.000000	8.0
905	-0.921230	157.921482	0.013810	7.9
906	0.000000	157.827369	0.000000	7.7
907	0.000000	157.733406	0.000000	8.0
908	-0.151241	157.639591	0.004149	7.9
909	-0.876027	157.545925	0.007341	7.9
910	-0.178777	157.452408	0.004674	7.1
911	-1.093111	157.359038	0.008150	7.9
912	-0.522744	157.265816	0.004950	7.9
913	-1.183153	157.172741	0.010279	8.0
914	-0.925795	157.079813	0.007353	7.9
915	-0.594439	156.987031	0.007560	7.8
916	-0.000004	156.894395	0.000003	7.8
917	-1.093294	156.801904	0.009044	7.8
918	-1.142438	156.709559	0.007708	9.2
919	-0.283107	156.617359	0.004774	8.1
920	-0.599090	156.525304	0.007265	8.2
921	-0.822369	156.433392	0.003433	8.9
922	-1.119963	156.341624	0.018784	8.8
923	-0.954659	156.250000	0.009543	9.0
924	-1.228231	156.158519	0.010112	8.5
925	-0.755247	156.067180	0.013337	13.4
926	-0.894355	155.975984	0.007256	9.6
927	-0.887986	155.884930	0.009497	8.3
928	-0.462186	155.794017	0.004364	8.6
929	-0.939795	155.703246	0.010747	8.4
930	-0.617356	155.612615	0.004184	13.3
931	-0.460798	155.522125	0.006170	11.0
932	0.000000	155.431775	0.000000	13.0
933	-1.023553	155.341565	0.007855	12.7
934	-0.946451	155.251495	0.007959	12.1
935	-0.634164	155.161563	0.012364	12.6
936	0.000000	155.071771	0.000000	15.7
937	-0.028393	154.982117	0.000757	10.0
938	-0.000000	154.892601	0.000000	7.7
939	-0.525925	154.803222	0.007238	8.5
940	0.000000	154.713981	0.000000	8.4
941	-0.297806	154.624878	0.009556	7.5
942	-0.840390	154.535910	0.007560	7.9
943	-0.542400	154.447080	0.008262	8.3
944	-1.097571	154.358385	0.013556	8.0
945	-0.007123	154.269826	0.002257	7.1
946	0.000000	154.181402	0.000000	9.4
947	-0.662939	154.093114	0.007473	9.4
948	-0.906957	154.004960	0.005839	7.9
949	-1.109696	153.916940	0.012851	7.9
950	-0.000855	153.829054	0.000232	7.8
951	-0.853286	153.741303	0.013013	8.2
952	-0.744382	153.653684	0.008291	10.1
953	-0.808043	153.566198	0.008837	8.5
954	-0.046677	153.478846	0.002262	9.3
955	-0.038267	153.391625	0.002774	7.5
956	-0.886822	153.304537	0.005351	8.0
957	-0.986009	153.217580	0.010250	11.0
958	-0.676744	153.130755	0.009148	9.5
959	-0.224374	153.044061	0.006788	11.1
960	-0.001991	152.957498	0.000294	7.5
961	-0.731062	152.871065	0.007005	13.5
962	-0.971599	152.784762	0.005158	15.6
963	-0.853484	152.698589	0.005070	10.8
964	-1.247861	152.612545	0.007125	9.4
965	-0.043732	152.526631	0.002246	14.4
966	-0.761038	152.440845	0.013701	14.3
967	-0.572523	152.355188	0.005700	9.9
968	-0.427590	152.269660	0.005333	10.8
969	-1.088821	152.184259	0.010901	9.6
970	-0.364436	152.098986	0.008919	10.4
971	-0.853813	152.013840	0.009992	13.1
972	0.000000	151.928821	0.000000	9.6
973	-0.758769	151.843928	0.006534	8.0
974	-0.853517	151.759163	0.005952	9.3
975	-0.549972	151.674523	0.005251	10.2
976	-0.820673	151.590009	0.014098	11.3
977	-1.127476	151.505620	0.007880	9.0
978	-0.585902	151.421357	0.009875	8.0
979	0.000000	151.337218	0.000000	8.0
980	-0.701187	151.253204	0.009693	10.4
981	-0.751729	151.169314	0.005114	8.4
982	-0.371322	151.085549	0.007440	9.6
983	-1.124855	151.001907	0.010202	9.2
984	-0.864335	150.918388	0.008854	8.5
985	-0.384063	150.834992	0.008751	10.0
986	-0.000993	150.751719	0.000502	14.5
987	-0.504945	150.668569	0.006130	12.3
988	-1.013597	150.585541	0.018437	8.3
989	-0.844791	150.502634	0.009250	10.8
990	-0.685806	150.419849	0.005715	13.6
991	-0.692344	150.337186	0.006638	11.1
992	-0.092783	150.254644	0.003955	8.2
993	-0.463614	150.172222	0.004577	10.2
994	-1.040526	150.089921	0.008685	10.4
995	-0.011100	150.007740	0.000460	8.8
996	-1.030669	149.925679	0.009221	9.5
997	0.000000	149.843737	0.000000	11.9
998	-1.075524	149.761915	0.018814	9.7
999	-0.678954	149.680212	0.005338	9.0
1000	-0.965875	149.598627	0.005484	14.3
1001	-0.001219	149.517161	0.000201	10.3
1002	-0.531113	149.435814	0.006802	8.4
1003	-0.716761	149.354584	0.005960	13.9
1004	-0.966783	149.273472	0.013993	9.8
1005	-0.762949	149.192477	0.006569	9.6
1006	-1.076396	149.111599	0.014430	11.8
1007	0.000000	149.030838	0.000000	9.8
1008	-0.755474	148.950194	0.009401	12.3
1009	-0.000000	148.869666	0.000000	10.8
1010	-0.647114	148.789253	0.007210	11.5
1011	-0.849827	148.708957	0.011538	8.6
1012	-0.554720	148.628776	0.007299	9.9
1013	-0.261710	148.548710	0.005277	9.1
1014	0.000000	148.468759	0.000000	13.1
1015	0.000000	148.388923	0.000000	10.1
1016	-0.907793	148.309201	0.005195	8.3
1017	-0.729450	148.229594	0.012367	12.6
1018	-0.692740	148.150100	0.006076	13.8
1019	-0.427285	148.070719	0.008633	8.3
1020	-0.711165	147.991452	0.006642	12.0
1021	-1.173458	147.912298	0.005185	12.5
1022	0.000000	147.833257	0.000000	9.2
1023	-0.841579	147.754329	0.006328	13.3
1024	-0.928894	147.675512	0.008279	12.4
1025	-0.838256	147.596808	0.009661	10.0
1026	-0.100127	147.518216	0.003798	12.2
1027	-0.622511	147.439735	0.009103	11.6
1028	0.000000	147.361365	0.000000	12.7
1029	-0.772687	147.283106	0.012958	8.8
1030	-0.691244	147.204958	0.007256	11.4
1031	-0.443667	147.126920	0.006052	11.3
1032	-0.232780	147.048993	0.005245	10.9
1033	-0.961479	146.971175	0.006232	12.1
1034	-0.640215	146.893468	0.010285	11.7
1035	-0.833959	146.815869	0.005702	15.5
1036	-1.152411	146.738380	0.016250	10.1
1037	-0.943993	146.661000	0.009271	11.8
1038	-0.760054	146.583729	0.006305	13.1
1039	-0.806295	146.506566	0.010133	10.5
1040	0.000000	146.429511	0.000000	13.1
1041	-0.231919	146.352565	0.007136	11.9
1042	-0.361482	146.275726	0.006339	13.6
1043	-0.000000	146.198994	0.000000	12.5
1044	0.000000	146.122370	0.000000	10.2
1045	-0.900690	146.045853	0.005584	11.5
1046	-0.000885	145.969442	0.000283	11.8
1047	-0.000001	145.893139	0.000001	9.7
1048	-0.000474	145.816941	0.000122	12.7
1049	-0.524296	145.740849	0.005141	12.0
1050	-0.328982	145.664863	0.005633	8.4
1051	-0.884378	145.588983	0.007885	12.4
1052	-0.886342	145.513208	0.014498	12.6
1053	-0.776599	145.437538	0.006971	10.2
1054	-0.485943	145.361973	0.005620	11.0
1055	-0.000000	145.286513	0.000000	13.5
1056	0.000000	145.211157	0.000000	10.4
1057	0.000000	145.135905	0.000000	11.3
1058	-0.680797	145.060757	0.005523	12.3
1059	0.000000	144.985712	0.000000	12.3
1060	-0.871114	144.910771	0.010805	8.8
1061	-0.564368	144.835934	0.006402	22.9
1062	-0.392758	144.761199	0.013835	9.1
1063	0.000000	144.686567	0.000000	15.3
1064	0.000000	144.612037	0.000000	14.2
1065	0.000000	144.537610	0.000000	12.6
1066	-0.528101	144.463285	0.004338	13.1
1067	-0.724875	144.389062	0.007680	10.2
1068	-0.684769	144.314940	0.007307	14.3
1069	-0.315007	144.240920	0.005409	11.5
1070	-0.792448	144.167001	0.010781	8.6
1071	-0.826695	144.093182	0.006507	14.4
1072	-0.602189	144.019465	0.006331	15.1
1073	-0.749657	143.945848	0.009129	13.9
1074	-0.839223	143.872331	0.007751	11.2
1075	-0.677212	143.798914	0.007932	12.2
1076	-0.228934	143.725597	0.005253	14.4
1077	-1.109631	143.652380	0.018286	13.9
1078	-1.176267	143.579262	0.012621	13.6
1079	-0.976845	143.506243	0.009540	14.2
1080	-0.989929	143.433323	0.009750	12.2
1081	-0.785203	143.360502	0.009519	10.9
1082	-0.658424	143.287780	0.007830	15.0
1083	-0.483408	143.215155	0.006110	15.0
1084	-0.251215	143.142629	0.008380	11.3
1085	-0.685585	143.070201	0.009829	11.8
1086	0.000000	142.997870	0.000000	11.5
1087	-0.621041	142.925637	0.005858	13.5
1088	-0.928057	142.853501	0.007345	13.9
1089	-0.528151	142.781462	0.003323	11.1
1090	-0.144631	142.709519	0.004705	11.3
1091	-0.510282	142.637674	0.005337	15.2
1092	-0.755554	142.565924	0.012130	14.7
1093	-0.777899	142.494271	0.007946	14.6
1094	-0.841537	142.422714	0.008883	14.6
1095	-0.372781	142.351252	0.003190	13.3
1096	-0.811823	142.279886	0.008377	10.7
1097	-0.614172	142.208616	0.009594	13.9
1098	0.000000	142.137440	0.000000	12.8
1099	-0.118817	142.066360	0.004925	9.5
1100	-0.873090	141.995374	0.007916	11.0
1101	0.000000	141.924483	0.000000	10.9
1102	-0.961886	141.853685	0.007583	9.5
1103	-0.935438	141.782983	0.010215	13.2
1104	-0.175934	141.712373	0.004392	13.1
1105	-0.229750	141.641858	0.003230	11.4
1106	-1.072464	141.571436	0.012071	8.1
1107	-0.458648	141.501108	0.005702	13.3
1108	-0.868373	141.430872	0.017020	9.8
1109	-0.260303	141.360730	0.005681	8.8
1110	0.000000	141.290680	0.000000	12.1
1111	-0.560691	141.220722	0.009996	13.5
1112	-0.789515	141.150857	0.006587	8.5
1113	-0.426000	141.081084	0.005864	11.1
1114	-0.218137	141.011403	0.004635	10.2
1115	0.000000	140.941813	0.000000	8.5
1116	-0.106323	140.872315	0.005895	9.8
1117	0.000000	140.802909	0.000000	9.3
1118	-0.028069	140.733593	0.002130	7.6
1119	0.000000	140.664369	0.000000	8.0
1120	0.000000	140.595235	0.000000	9.1
1121	0.000000	140.526192	0.000000	8.9
1122	-1.039258	140.457239	0.011779	8.2
1123	-0.620710	140.388376	0.012504	8.1
1124	0.000000	140.319603	0.000000	10.1
1125	-0.639987	140.250920	0.005831	8.9
1126	-1.064140	140.182326	0.016166	7.9
1127	-0.133628	140.113822	0.007331	9.0
1128	-0.082370	140.045407	0.004141	10.1
1129	-0.175214	139.977081	0.004673	10.3
1130	0.000000	139.908844	0.000000	9.0
1131	-0.018924	139.840696	0.001847	8.0
1132	-0.065767	139.772635	0.003734	8.5
1133	-0.102273	139.704664	0.004320	9.8
1134	-1.108778	139.636780	0.012037	9.0
1135	-0.165147	139.568984	0.006639	8.8
1136	0.000000	139.501276	0.000000	8.0
1137	0.000000	139.433655	0.000000	8.2
1138	-0.042344	139.366122	0.001748	9.0
1139	0.000000	139.298676	0.000000	10.0
1140	-0.609294	139.231317	0.008408	7.9
1141	-0.212960	139.164045	0.004684	7.9
1142	-0.357426	139.096859	0.007083	9.2
1143	-0.485325	139.029760	0.004623	9.9
1144	-0.906801	138.962747	0.014943	8.6
1145	-0.679817	138.895820	0.007143	9.4
1146	0.000000	138.828978	0.000000	10.2
1147	-0.989062	138.762223	0.010515	10.0
1148	-1.093390	138.695553	0.014075	11.2
1149	-0.729101	138.628969	0.007184	12.8
1150	-0.000002	138.562469	0.000001	14.8
1151	0.000000	138.496055	0.000000	12.1
1152	-0.002761	138.429725	0.001002	13.1
1153	-1.089311	138.363481	0.014147	13.0
1154	-0.063508	138.297320	0.003227	13.8
1155	-0.323159	138.231244	0.004468	12.6
1156	-0.803542	138.165252	0.010630	10.5
1157	-0.000014	138.099344	0.000012	8.7
1158	-0.320189	138.033520	0.004863	11.3
1159	-0.417440	137.967779	0.005305	9.5
1160	0.000000	137.902122	0.000000	11.0
1161	-0.683181	137.836548	0.005521	11.0
1162	-0.220031	137.771057	0.005640	10.3
1163	-0.597647	137.705649	0.007325	8.9
1164	-0.992506	137.640324	0.022968	10.2
1165	-0.887012	137.575081	0.004345	12.0
1166	-0.846992	137.509921	0.004932	8.6
1167	-0.437490	137.444842	0.005335	9.0
1168	-0.755914	137.379846	0.008520	10.4
1169	-0.036037	137.314932	0.003595	10.0
1170	0.000000	137.250100	0.000000	7.9
1171	-1.207548	137.185349	0.007683	9.6
1172	-0.993572	137.120680	0.005657	11.1
1173	-0.000000	137.056092	0.000000	6.7
1174	-0.860179	136.991585	0.009082	7.6
1175	-0.959333	136.927158	0.006380	10.7
1176	-0.885859	136.862813	0.006001	9.2
1177	-0.570657	136.798548	0.007355	8.4
1178	-0.871851	136.734363	0.006830	9.2
1179	-0.673902	136.670259	0.011101	11.9
1180	-0.522336	136.606235	0.005687	8.1
1181	0.000000	136.542291	0.000000	8.0
1182	-1.060218	136.478426	0.012290	11.1
1183	-0.204543	136.414641	0.005922	9.9
1184	-0.475085	136.350936	0.011490	7.6
1185	-0.066252	136.287310	0.004211	9.2
1186	-0.005411	136.223763	0.000528	10.1
1187	-0.404790	136.160295	0.008170	7.2
1188	-0.808597	136.096905	0.006471	7.6
1189	-0.038727	136.033594	0.001705	9.1
1190	-0.304813	135.970362	0.005321	10.6
1191	-0.440146	135.907208	0.004111	7.5
1192	-0.304113	135.844133	0.007451	8.3
1193	-0.795567	135.781135	0.006307	9.7
1194	0.000000	135.718215	0.000000	8.9
1195	-0.304048	135.655373	0.005801	10.0
1196	-0.694259	135.592608	0.006664	9.0
1197	0.000000	135.529921	0.000000	9.1
1198	-0.012260	135.467311	0.002269	8.8
1199	-0.802181	135.404778	0.005985	8.2
1200	-0.703230	135.342322	0.007550	10.4
1201	-0.724471	135.279942	0.009505	10.0
1202	-0.020104	135.217640	0.001543	7.4
1203	-0.140916	135.155413	0.003758	9.2
1204	-0.660232	135.093263	0.006979	12.3
1205	-0.370704	135.031190	0.010612	9.7
1206	-0.421135	134.969192	0.006113	13.6
1207	-0.606889	134.907270	0.009208	13.2
1208	-0.179067	134.845424	0.003813	12.7
1209	-0.673908	134.783653	0.005114	9.3
1210	0.000000	134.721958	0.000000	9.8
1211	0.000000	134.660338	0.000000	10.4
1212	-0.646678	134.598793	0.005907	9.0
1213	-0.556210	134.537323	0.007843	11.9
1214	-0.833833	134.475927	0.006803	9.8
1215	-0.208549	134.414607	0.006801	10.0
1216	0.000000	134.353361	0.000000	9.3
1217	-0.906405	134.292189	0.005595	10.2
1218	-0.730012	134.231092	0.007120	10.3
1219	-0.664867	134.170068	0.006048	8.8
1220	0.000000	134.109119	0.000000	9.6
1221	-0.587059	134.048243	0.005581	10.2
1222	0.000000	133.987441	0.000000	9.6
1223	-0.620556	133.926713	0.006374	9.6
1224	-0.749727	133.866057	0.011502	11.8
1225	-0.621764	133.805475	0.004389	9.7
1226	-1.107882	133.744966	0.015462	10.8
1227	-0.007599	133.684530	0.001247	11.0
1228	-0.737075	133.624167	0.005375	8.1
1229	-0.536555	133.563877	0.003933	11.5
1230	-0.000000	133.503658	0.000000	10.4
1231	-0.846053	133.443513	0.005383	8.4
1232	-0.528050	133.383439	0.003015	11.2
1233	-0.577746	133.323437	0.005797	10.2
1234	-0.381366	133.263508	0.009837	10.1
1235	-1.076862	133.203650	0.007523	10.0
1236	-0.634882	133.143864	0.006496	8.3
1237	-0.866926	133.084149	0.004329	9.2
1238	-0.508930	133.024506	0.005580	8.5
1239	-0.861318	132.964934	0.006761	9.3
1240	-0.634066	132.905433	0.010228	8.2
1241	-1.077040	132.846003	0.013371	9.1
1242	-0.142910	132.786643	0.004840	8.5
1243	-1.022037	132.727355	0.016168	13.0
1244	-0.000000	132.668137	0.000000	12.8
1245	-0.737340	132.608989	0.007253	8.9
1246	0.000000	132.549912	0.000000	10.7
1247	-0.788610	132.490904	0.011426	13.9
1248	-0.000000	132.431967	0.000000	18.7
1249	-0.409509	132.373100	0.005024	17.6
1250	0.000000	132.314302	0.000000	18.2
1251	-0.916320	132.255574	0.007563	14.3
1252	-0.014543	132.196916	0.000533	14.3
1253	-0.799644	132.138326	0.006902	10.3
1254	-0.316681	132.079806	0.004880	11.2
1255	0.000000	132.021355	0.000000	12.2
1256	0.000000	131.962973	0.000000	9.8
1257	-0.050042	131.904660	0.003004	10.8
1258	-0.703629	131.846415	0.005204	12.2
1259	-0.232015	131.788239	0.004353	10.7
1260	-0.650597	131.730131	0.010724	8.5
1261	-0.674046	131.672092	0.007065	12.3
1262	-0.093083	131.614121	0.003799	9.7
1263	-0.199557	131.556217	0.007404	10.5
1264	-0.668898	131.498382	0.005890	10.4
1265	-0.199813	131.440614	0.006949	8.4
1266	-1.039261	131.382914	0.006752	10.0
1267	-0.845009	131.325282	0.006737	7.9
1268	0.000000	131.267717	0.000000	10.4
1269	-0.212979	131.210219	0.006881	10.8
1270	-0.499547	131.152788	0.005757	8.6
1271	-0.425179	131.095424	0.004662	9.1
1272	-0.427011	131.038127	0.004527	7.9
1273	-0.087639	130.980897	0.003564	7.5
1274	-0.826916	130.923733	0.008759	7.9
1275	-0.760479	130.866636	0.007858	8.5
1276	-0.357231	130.809605	0.005272	7.9
1277	-0.780709	130.752641	0.009454	11.1
1278	-0.156984	130.695742	0.004569	8.5
1279	-0.415414	130.638910	0.005158	9.8
1280	-1.089263	130.582143	0.010594	9.1
1281	0.000000	130.525442	0.000000	9.7
1282	-0.446979	130.468807	0.008380	12.0
1283	0.000000	130.412237	0.000000	8.0
1284	-0.889683	130.355733	0.006516	9.8
1285	-0.026174	130.299294	0.003021	8.3
1286	0.000000	130.242920	0.000000	9.3
1287	-0.000000	130.186611	0.000000	8.2
1288	-0.887237	130.130366	0.006328	8.4
1289	-1.045685	130.074187	0.014221	9.5
1290	-1.049961	130.018072	0.009985	7.8
1291	-0.758377	129.962022	0.006331	9.0
1292	0.000000	129.906036	0.000000	7.5
1293	-0.589147	129.850114	0.008882	7.8
1294	0.000000	129.794257	0.000000	9.2
1295	-1.066909	129.738463	0.010591	7.9
1296	0.000000	129.682734	0.000000	7.9
1297	-1.115760	129.627068	0.008790	7.9
1298	-0.275754	129.571466	0.003911	7.9
1299	-0.249150	129.515927	0.005169	7.8
1300	-0.000000	129.460452	0.000000	8.0
1301	-0.000000	129.405040	0.000000	7.9
1302	-0.781536	129.349692	0.006644	8.0
1303	-0.845565	129.294406	0.013814	8.0
1304	-0.101220	129.239183	0.008362	7.8
1305	-0.701185	129.184024	0.011370	8.0
1306	-0.648861	129.128927	0.005522	8.3
1307	-0.833716	129.073892	0.015988	7.9
1308	0.000000	129.018921	0.000000	7.6
1309	0.000000	128.964011	0.000000	9.3
1310	-0.000202	128.909164	0.000100	7.9
1311	-0.007432	128.854379	0.001115	8.2
1312	-0.301209	128.799656	0.002695	7.9
1313	-0.098216	128.744995	0.003961	7.9
1314	-0.844906	128.690396	0.007842	8.0
1315	-0.960115	128.635858	0.008711	8.4
1316	-0.891516	128.581382	0.005855	7.8
1317	-0.898638	128.526968	0.004535	7.9
1318	0.000000	128.472615	0.000000	8.0
1319	-0.807189	128.418323	0.005247	7.9
1320	-0.903118	128.364092	0.009980	7.9
1321	-0.781227	128.309922	0.008047	8.0
1322	-0.655573	128.255814	0.006116	8.3
1323	-1.094973	128.201766	0.010565	7.5
1324	-1.024287	128.147778	0.008555	8.2
1325	-0.001085	128.093852	0.000735	8.0
1326	-0.606701	128.039985	0.005927	8.3
1327	-0.685712	127.986180	0.008849	8.1
1328	-1.070795	127.932434	0.010106	9.4
1329	-0.076998	127.878749	0.006837	8.4
1330	-0.000000	127.825123	0.000000	11.5
1331	0.000000	127.771558	0.000000	10.7
1332	0.000000	127.718052	0.000000	11.2
1333	-0.963016	127.664606	0.007441	12.5
1334	-0.113161	127.611220	0.004403	13.1
1335	-0.638267	127.557893	0.008081	9.6
1336	-0.000217	127.504625	0.000091	11.7
1337	-0.753622	127.451417	0.009228	10.3
1338	0.000000	127.398268	0.000000	7.8
1339	-0.811894	127.345178	0.013832	10.8
1340	-0.017961	127.292147	0.001008	8.5
1341	-0.532069	127.239175	0.005310	8.4
1342	-0.160272	127.186261	0.010064	7.7
1343	-1.007842	127.133407	0.005660	7.6
1344	-0.786813	127.080610	0.005252	8.9
1345	-0.949817	127.027872	0.007467	7.7
1346	-1.179765	126.975193	0.018632	7.6
1347	-0.470939	126.922572	0.008828	7.5
1348	-0.548361	126.870008	0.005080	8.0
1349	-0.027027	126.817503	0.001944	6.7
1350	-0.649579	126.765056	0.004115	8.7
1351	-0.464175	126.712667	0.007077	8.4
1352	-0.581858	126.660335	0.005444	7.8
1353	0.000000	126.608061	0.000000	8.7
1354	-0.011515	126.555844	0.001255	11.9
1355	-0.795841	126.503685	0.009875	8.7
1356	0.000000	126.451583	0.000000	8.2
1357	-0.670329	126.399538	0.003946	9.2
1358	-0.541086	126.347550	0.009939	8.5
1359	-0.231337	126.295619	0.007522	9.0
1360	-0.461224	126.243745	0.009236	7.9
1361	-0.031789	126.191928	0.001038	7.9
1362	-0.437821	126.140168	0.005684	8.0
1363	-0.553836	126.088464	0.005558	10.0
1364	0.000000	126.036817	0.000000	8.9
1365	0.000000	125.985226	0.000000	8.4
1366	-0.596845	125.933691	0.005668	8.1
1367	-0.116719	125.882212	0.006041	7.9
1368	-0.697798	125.830790	0.008293	8.3
1369	-0.736384	125.779423	0.009633	12.4
1370	-0.102082	125.728113	0.004472	8.3
1371	-0.300391	125.676858	0.006465	9.4
1372	-0.498985	125.625659	0.006047	8.9
1373	-0.866004	125.574515	0.006680	12.3
1374	-0.311637	125.523427	0.005499	9.6
1375	-0.540527	125.472394	0.005077	11.6
1376	-0.000103	125.421417	0.000063	12.9
1377	-0.002676	125.370495	0.000878	11.3
1378	-0.940664	125.319628	0.005693	10.4
1379	-1.113587	125.268815	0.008044	12.3
1380	-1.094932	125.218058	0.006178	13.3
1381	-0.520723	125.167356	0.007147	9.9
1382	-0.586774	125.116708	0.005640	10.9
1383	-0.440254	125.066115	0.004743	12.2
1384	-0.124001	125.015576	0.007060	9.1
1385	0.000000	124.965092	0.000000	11.4
1386	-0.848335	124.914662	0.004765	10.5
1387	-0.125369	124.864287	0.004833	8.2
1388	-0.674058	124.813965	0.010913	11.8
1389	-1.074642	124.763698	0.010204	11.8
1390	-0.719791	124.713485	0.016769	8.9
1391	-0.699614	124.663325	0.005276	13.2
1392	-0.580409	124.613219	0.006336	10.2
1393	0.000000	124.563167	0.000000	8.4
1394	0.000000	124.513168	0.000000	12.1
1395	-0.965642	124.463223	0.013151	10.1
1396	-0.000000	124.413332	0.000000	8.6
1397	-0.684300	124.363493	0.004983	12.4
1398	-0.767069	124.313708	0.005612	8.6
1399	-0.744742	124.263976	0.003717	9.6
1400	-0.548350	124.214297	0.007193	8.9
1401	-0.296141	124.164671	0.008026	8.3
1402	0.000000	124.115097	0.000000	10.8
1403	-0.518681	124.065577	0.004839	10.9
1404	-0.768959	124.016109	0.004668	8.8
1405	-0.670495	123.966693	0.009981	8.4
1406	-0.960502	123.917330	0.006463	8.1
1407	-0.027085	123.868020	0.002562	7.8
1408	-0.000000	123.818762	0.000000	7.9
1409	-0.736863	123.769556	0.007566	8.1
1410	-0.807158	123.720402	0.006102	7.5
1411	-0.667728	123.671300	0.006104	7.6
1412	-0.679318	123.622250	0.005873	7.9
1413	-0.020500	123.573252	0.001837	8.4
1414	-0.762047	123.524305	0.004999	8.1
1415	-1.149903	123.475411	0.011472	7.7
1416	-0.919725	123.426568	0.014062	7.6
1417	0.000000	123.377776	0.000000	11.3
1418	-0.057886	123.329036	0.003427	7.7
1419	-0.084644	123.280347	0.002771	7.5
1420	-0.103326	123.231709	0.005830	7.6
1421	-0.472951	123.183122	0.005540	8.8
1422	-0.000000	123.134587	0.000000	8.0
1423	-0.730814	123.086102	0.005699	8.8
1424	-0.989280	123.037669	0.011509	8.1
1425	-1.048941	122.989286	0.016056	7.9
1426	0.000000	122.940954	0.000000	7.9
1427	-0.720219	122.892672	0.004210	8.0
1428	-0.484917	122.844441	0.004072	8.8
1429	-0.714976	122.796261	0.008495	8.0
1430	0.000000	122.748130	0.000000	7.8
1431	-0.325555	122.700050	0.004880	9.0
1432	-0.898161	122.652021	0.014532	7.8
1433	-0.585366	122.604041	0.004691	8.8
1434	-0.649772	122.556111	0.004892	8.5
1435	0.000000	122.508232	0.000000	8.0
1436	-0.468739	122.460402	0.004966	8.2
1437	-0.452493	122.412622	0.006487	10.7
1438	-0.867510	122.364891	0.006828	10.6
1439	-1.024565	122.317210	0.008600	10.2
1440	-0.000009	122.269579	0.000005	9.5
1441	-0.536115	122.221997	0.005900	11.2
1442	0.000000	122.174465	0.000000	9.4
1443	0.000000	122.126981	0.000000	12.4
1444	-0.821188	122.079547	0.010198	10.5
1445	-0.112376	122.032162	0.002023	8.3
1446	-0.618791	121.984826	0.006996	8.8
1447	-0.742231	121.937539	0.005090	8.4
1448	-0.768953	121.890301	0.008323	11.4
1449	-0.003772	121.843112	0.000660	11.0
1450	-0.987782	121.795971	0.011547	9.6
1451	-0.695099	121.748879	0.004776	8.7
1452	-0.586361	121.701835	0.006248	8.3
1453	-0.822432	121.654840	0.007838	11.3
1454	-0.003601	121.607893	0.000735	10.8
1455	-0.587685	121.560994	0.008645	10.0
1456	-0.863387	121.514144	0.007426	8.4
1457	-0.753445	121.467342	0.007622	11.1
1458	0.000000	121.420588	0.000000	16.3
1459	-0.540980	121.373882	0.003368	8.7
1460	-0.586832	121.327223	0.004494	12.8
1461	-0.843178	121.280613	0.011084	10.0
1462	-0.000002	121.234050	0.000002	8.7
1463	-0.000004	121.187535	0.000002	12.3
1464	-1.138680	121.141067	0.014014	9.3
1465	-0.501601	121.094647	0.007125	9.0
1466	-1.055711	121.048274	0.007660	10.0
1467	-0.508189	121.001949	0.007877	11.5
1468	-0.280150	120.955671	0.003647	10.3
1469	-0.832510	120.909440	0.012652	8.6
1470	-0.000000	120.863256	0.000000	12.0
1471	-0.000000	120.817119	0.000000	11.4
1472	0.000000	120.771029	0.000000	9.3
1473	-0.047245	120.724986	0.005885	8.5
1474	0.000000	120.678990	0.000000	10.3
1475	-1.147040	120.633040	0.009695	12.1
1476	-0.759549	120.587137	0.008514	12.5
1477	-0.433525	120.541281	0.004937	13.0
1478	-0.191967	120.495471	0.005258	10.2
1479	-0.001515	120.449707	0.000429	11.9
1480	-0.726123	120.403990	0.010583	12.5
1481	-0.285702	120.358319	0.004522	10.5
1482	-0.528906	120.312694	0.008516	11.4
1483	0.000000	120.267115	0.000000	9.0
1484	-0.094674	120.221582	0.003272	7.7
1485	-1.115117	120.176096	0.008519	9.0
1486	-0.466906	120.130655	0.005907	8.2
1487	-0.076108	120.085260	0.005535	8.0
1488	-0.173664	120.039910	0.006880	9.3
1489	-0.890910	119.994606	0.012962	8.1
1490	-0.076962	119.949348	0.001445	8.8
1491	-0.452331	119.904135	0.006585	8.0
1492	-0.302546	119.858968	0.004406	8.6
1493	-1.071515	119.813846	0.010832	8.9
1494	-0.569661	119.768769	0.004013	9.8
1495	-0.392270	119.723738	0.004058	11.7
1496	-0.848073	119.678752	0.008529	9.0
1497	-0.903498	119.633810	0.013208	8.8
1498	-0.931648	119.588914	0.010277	9.4
1499	-0.473123	119.544062	0.003954	8.0
1500	-1.034183	119.499256	0.010769	9.7
1501	-1.159080	119.454494	0.009541	9.2
1502	-0.000002	119.409777	0.000001	10.0
1503	-0.871645	119.365104	0.010405	9.8
1504	-0.806135	119.320476	0.012452	7.6
1505	-0.786360	119.275893	0.003839	8.1
1506	-0.734825	119.231353	0.006008	8.2
1507	-0.983323	119.186859	0.013782	9.0
1508	-0.963801	119.142408	0.011432	7.9
1509	-0.000000	119.098002	0.000000	8.4
1510	-0.848475	119.053639	0.011570	7.8
1511	-0.540168	119.009321	0.004319	7.9
1512	-0.437200	118.965047	0.006002	7.8
1513	-0.012654	118.920816	0.001334	8.8
1514	0.000000	118.876630	0.000000	7.8
1515	-0.929725	118.832487	0.014718	7.9
1516	-0.734487	118.788388	0.009414	9.4
1517	-1.081895	118.744332	0.018026	10.1
1518	0.000000	118.700320	0.000000	8.4
1519	-0.000000	118.656352	0.000000	12.4
1520	-1.094827	118.612427	0.011657	10.2
1521	-0.477622	118.568545	0.006834	8.3
1522	-1.000997	118.524706	0.006460	10.0
1523	-0.830169	118.480911	0.007312	9.1
1524	-0.004256	118.437159	0.000057	8.4
1525	-1.031964	118.393450	0.014858	8.7
1526	-0.736490	118.349784	0.004541	10.3
1527	-1.100091	118.306160	0.015733	9.0
1528	-0.308530	118.262580	0.006495	8.7
1529	-0.514380	118.219042	0.006932	8.4
1530	-0.849860	118.175548	0.008445	7.6
1531	-0.567311	118.132095	0.005435	8.1
1532	-0.212136	118.088686	0.005715	7.5
1533	-0.312623	118.045319	0.005879	7.6
1534	-0.219055	118.001994	0.004870	7.9
1535	0.000000	117.958712	0.000000	7.8
1536	-0.916504	117.915472	0.009268	9.3
1537	-0.321593	117.872274	0.003244	7.6
1538	-0.884111	117.829118	0.013055	7.6
1539	0.000000	117.786005	0.000000	7.4
1540	-0.041965	117.742933	0.004651	7.7
1541	-1.091340	117.699904	0.010488	7.9
1542	0.000000	117.656916	0.000000	8.1
1543	-0.867061	117.613971	0.006001	7.7
1544	0.000000	117.571067	0.000000	8.0
1545	-0.624294	117.528205	0.007938	7.8
1546	-0.799906	117.485384	0.008010	7.9
1547	-0.031237	117.442605	0.001921	8.2
1548	-1.116589	117.399867	0.011277	11.3
1549	-0.000000	117.357171	0.000000	7.9
1550	-0.087277	117.314517	0.004906	8.4
1551	-0.393257	117.271903	0.004514	7.4
1552	0.000000	117.229331	0.000000	8.2
1553	-0.874941	117.186800	0.010118	8.9
1554	-0.542078	117.144311	0.004970	8.9
1555	-0.854666	117.101862	0.006610	7.9
1556	-0.949398	117.059454	0.007263	7.9
1557	-0.824132	117.017087	0.013350	8.3
1558	-0.368258	116.974762	0.006015	10.0
1559	-0.589661	116.932476	0.004252	10.6
1560	-0.421959	116.890232	0.007878	7.7
1561	-0.191446	116.848028	0.005502	12.1
1562	-0.915984	116.805865	0.006462	12.6
1563	0.000000	116.763743	0.000000	11.8
1564	-0.978655	116.721661	0.010053	9.6
1565	-0.226889	116.679619	0.003542	10.1
1566	-0.505628	116.637618	0.008588	15.0
1567	-0.905538	116.595657	0.004091	11.5
1568	-0.981069	116.553736	0.007586	12.2
1569	0.000000	116.511855	0.000000	11.0
1570	-0.779610	116.470015	0.006053	8.7
1571	-0.676679	116.428214	0.004661	13.1
1572	-1.053516	116.386454	0.009598	10.8
1573	-1.027076	116.344733	0.011978	8.9
1574	-1.026139	116.303052	0.006902	13.0
1575	-0.056537	116.261412	0.006959	10.3
1576	-0.808311	116.219810	0.004978	8.2
1577	-0.885631	116.178249	0.006344	9.4
1578	-0.025201	116.136727	0.004869	8.2
1579	-0.668562	116.095245	0.005775	12.4
1580	-0.359101	116.053802	0.004653	9.8
1581	-0.845703	116.012398	0.007144	9.9
1582	-1.072998	115.971034	0.010895	11.6
1583	-0.850618	115.929710	0.006282	9.5
1584	-1.084461	115.888424	0.008924	11.8
1585	-0.893946	115.847178	0.008164	10.2
1586	0.000000	115.805970	0.000000	8.2
1587	0.000000	115.764802	0.000000	11.9
1588	-1.048035	115.723673	0.007159	10.0
1589	-0.016639	115.682583	0.002058	11.0
1590	-1.100029	115.641532	0.008636	13.0
1591	0.000000	115.600519	0.000000	12.0
1592	-0.679767	115.559546	0.006845	9.4
1593	-1.044118	115.518610	0.010712	11.7
1594	-1.053002	115.477714	0.009198	13.0
1595	-1.123388	115.436856	0.016426	9.0
1596	-1.069788	115.396037	0.011100	11.2
1597	-1.071692	115.355256	0.011231	13.3
1598	-1.134206	115.314514	0.015264	9.9
1599	-0.033517	115.273810	0.002574	11.1
1600	-0.856345	115.233144	0.009767	11.9
1601	-0.835567	115.192517	0.012669	9.4
1602	-0.056050	115.151927	0.001773	11.4
1603	-0.613910	115.111376	0.009072	10.5
1604	-0.000003	115.070863	0.000002	8.5
1605	-0.937121	115.030388	0.006302	12.4
1606	-0.425739	114.989951	0.005295	10.2
1607	-0.690785	114.949551	0.009711	11.0
1608	-0.974570	114.909190	0.011104	9.1
1609	-0.000000	114.868866	0.000000	9.4
1610	-0.897296	114.828580	0.007018	8.6
1611	-0.992356	114.788332	0.006468	8.7
1612	-1.026112	114.748121	0.009330	8.5
1613	-0.963150	114.707948	0.006094	9.0
1614	-0.646408	114.667812	0.007871	11.3
1615	-0.531333	114.627714	0.005225	10.8
1616	-0.803296	114.587653	0.013360	9.3
1617	-0.556441	114.547629	0.006677	7.9
1618	-0.810381	114.507643	0.005629	9.2
1619	-0.976854	114.467693	0.005729	8.8
1620	0.000000	114.427781	0.000000	10.0
1621	-0.191393	114.387907	0.006459	11.0
1622	-0.813492	114.348069	0.007565	9.8
1623	-0.711975	114.308268	0.009831	9.6
1624	-0.873869	114.268504	0.010600	8.9
1625	-0.505081	114.228777	0.004992	10.2
1626	-0.084144	114.189086	0.003900	8.9
1627	-0.739928	114.149433	0.008286	9.8
1628	-0.489004	114.109816	0.006377	8.5
1629	-0.454543	114.070235	0.005924	12.0
1630	-0.139994	114.030692	0.006202	10.2
1631	-0.527607	113.991185	0.005475	8.2
1632	-0.000170	113.951714	0.000178	12.0
1633	0.000000	113.912280	0.000000	9.4
1634	-0.944355	113.872882	0.006314	9.3
1635	-0.718211	113.833521	0.006655	9.8
1636	-0.303229	113.794195	0.004047	7.9
1637	-0.541618	113.754906	0.004863	12.5
1638	0.000000	113.715653	0.000000	9.4
1639	-0.925719	113.676437	0.006773	9.8
1640	0.000000	113.637256	0.000000	9.2
1641	-0.053020	113.598111	0.003611	7.6
1642	-0.000000	113.559002	0.000000	8.7
1643	0.000000	113.519929	0.000000	9.4
1644	-1.006278	113.480892	0.010406	11.2
1645	-0.662151	113.441891	0.005086	9.1
1646	-0.578728	113.402925	0.010753	9.6
1647	-0.326826	113.363995	0.007032	9.8
1648	-0.798591	113.325101	0.006564	8.4
1649	-0.656296	113.286242	0.008527	11.2
1650	-0.076082	113.247419	0.002247	9.2
1651	-0.223967	113.208631	0.007807	12.1
1652	-0.766617	113.169879	0.006428	9.9
1653	-0.940622	113.131162	0.006430	8.7
1654	-0.879562	113.092480	0.006732	9.6
1655	-0.564236	113.053833	0.006050	8.6
1656	-0.051531	113.015222	0.001345	10.1
1657	0.000000	112.976646	0.000000	8.8
1658	-0.075547	112.938105	0.001226	8.4
1659	-0.995474	112.899599	0.007830	8.5
1660	-0.339999	112.861128	0.003677	8.2
1661	-0.496246	112.822692	0.009387	9.2
1662	0.000000	112.784291	0.000000	8.6
1663	-0.258306	112.745924	0.005650	7.1
1664	0.000000	112.707593	0.000000	7.5
1665	-0.864647	112.669296	0.007851	7.7
1666	-0.362836	112.631034	0.003949	8.4
1667	-0.877130	112.592806	0.006426	7.5
1668	-0.913236	112.554613	0.010936	7.6
1669	0.000000	112.516455	0.000000	7.6
1670	-1.037165	112.478331	0.009603	7.5
1671	-0.682807	112.440241	0.007218	8.0
1672	-0.858022	112.402186	0.007229	7.6
1673	-0.000000	112.364165	0.000000	7.3
1674	-0.885019	112.326179	0.006000	8.1
1675	-0.928721	112.288227	0.012174	8.4
1676	-0.000000	112.250309	0.000000	7.7
1677	-0.629364	112.212425	0.006032	7.6
1678	-1.008577	112.174575	0.008069	7.5
1679	-0.877819	112.136759	0.009078	7.6
1680	-0.985275	112.098977	0.007612	7.6
1681	-0.005317	112.061229	0.001544	7.5
1682	-1.078947	112.023515	0.010924	8.4
1683	-0.040528	111.985834	0.003106	8.0
1684	-1.088881	111.948188	0.008950	7.5
1685	-1.172292	111.910575	0.011737	8.1
1686	-0.962620	111.872996	0.006763	8.0
1687	-0.577421	111.835450	0.009905	8.1
1688	-0.193012	111.797939	0.006033	7.7
1689	-0.011413	111.760460	0.001253	7.8
1690	-0.529486	111.723015	0.008680	7.8
1691	-0.545942	111.685604	0.006883	8.7
1692	0.000000	111.648226	0.000000	8.0
1693	-0.756520	111.610881	0.004658	7.8
1694	-1.032894	111.573570	0.003372	8.4
1695	-1.045419	111.536292	0.012423	7.8
1696	-0.600400	111.499047	0.005265	7.7
1697	-1.093596	111.461835	0.006128	7.8
1698	-0.621740	111.424656	0.006163	7.7
1699	-0.693130	111.387510	0.007553	7.2
1700	0.000000	111.350398	0.000000	7.7
1701	0.000000	111.313318	0.000000	7.5
1702	-0.431287	111.276271	0.008273	7.1
1703	-0.508149	111.239257	0.011990	7.9
1704	-0.906040	111.202276	0.006696	7.8
1705	-0.947346	111.165328	0.004024	8.0
1706	-0.986896	111.128412	0.008635	8.0
1707	-0.000000	111.091529	0.000000	8.0
1708	-0.701926	111.054679	0.005738	8.1
1709	-0.731120	111.017861	0.009903	8.0
1710	-0.582659	110.981076	0.006367	8.5
1711	0.000000	110.944323	0.000000	8.0
1712	-0.725958	110.907603	0.006509	7.5
1713	0.000000	110.870915	0.000000	7.2
1714	-0.883859	110.834259	0.006362	8.7
1715	-0.872457	110.797636	0.008616	10.1
1716	-0.461915	110.761045	0.007749	9.0
1717	-0.966292	110.724486	0.010977	8.9
1718	-0.813390	110.687959	0.005875	10.6
1719	-0.049646	110.651465	0.003600	11.2
1720	0.000000	110.615002	0.000000	12.1
1721	-0.494547	110.578572	0.003706	8.8
1722	-0.726734	110.542173	0.009704	13.6
1723	-0.668895	110.505807	0.011155	9.1
1724	0.000000	110.469472	0.000000	9.7
1725	-0.311582	110.433169	0.005915	10.5
1726	-0.756178	110.396898	0.008657	8.3
1727	-0.016794	110.360659	0.001139	11.7
1728	-0.687717	110.324451	0.007429	9.4
1729	-1.026795	110.288276	0.011206	9.7
1730	-0.781962	110.252131	0.005550	11.4
1731	-0.367908	110.216019	0.009185	8.7
1732	-0.619173	110.179937	0.005153	9.5
1733	-1.109774	110.143888	0.013716	11.4
1734	-0.016395	110.107869	0.001673	10.1
1735	-1.026647	110.071882	0.005981	9.3
1736	-0.025210	110.035927	0.002417	8.4
1737	-0.787872	110.000003	0.011434	12.6
1738	-0.718511	109.964110	0.009324	9.8
1739	-0.502284	109.928248	0.005937	9.2
1740	0.000000	109.892417	0.000000	11.6
1741	-0.000000	109.856618	0.000000	8.8
1742	-0.939926	109.820850	0.011456	11.2
1743	-0.432506	109.785112	0.005813	9.4
1744	-0.007068	109.749406	0.000793	8.4
1745	-0.418544	109.713730	0.004400	9.4
1746	-0.000442	109.678086	0.000170	7.9
1747	-0.645791	109.642472	0.010018	9.4
1748	-0.097925	109.606890	0.006321	7.9
1749	-1.066537	109.571337	0.005667	8.5
1750	-0.644460	109.535816	0.006765	7.7
1751	0.000000	109.500326	0.000000	7.9
1752	-0.662437	109.464866	0.013469	7.4
1753	-0.018777	109.429436	0.001335	7.6
1754	-0.937066	109.394038	0.011851	8.0
1755	-0.924608	109.358669	0.005898	8.2
1756	-0.168795	109.323331	0.004879	7.9
1757	-0.898957	109.288024	0.008052	8.0
1758	0.000000	109.252747	0.000000	7.1
1759	-0.243930	109.217501	0.006010	7.9
1760	-0.762928	109.182284	0.009891	8.1
1761	0.000000	109.147098	0.000000	8.1
1762	-0.286502	109.111942	0.006457	8.2
1763	-0.633427	109.076817	0.004864	8.7
1764	-0.769375	109.041721	0.006983	7.8
1765	-0.000000	109.006656	0.000000	7.9
1766	-0.919579	108.971620	0.005130	8.3
1767	-0.457855	108.936615	0.003444	7.7
1768	-0.700040	108.901640	0.008941	8.0
1769	-0.599037	108.866694	0.008239	8.0
1770	-0.933380	108.831779	0.008296	7.9
1771	-0.458845	108.796893	0.007802	7.9
1772	-0.716096	108.762037	0.009154	7.9
1773	-0.224640	108.727211	0.006959	8.5
1774	-0.218685	108.692415	0.005388	8.1
1775	-0.741276	108.657648	0.010323	7.9
1776	0.000000	108.622911	0.000000	6.5
1777	-0.665007	108.588203	0.004646	8.2
1778	-0.663305	108.553525	0.003620	9.7
1779	-1.196366	108.518877	0.020113	7.8
1780	0.000000	108.484258	0.000000	7.6
1781	-0.928371	108.449668	0.010261	7.8
1782	-0.501882	108.415108	0.004995	8.2
1783	-0.671849	108.380578	0.006990	8.5
1784	-0.087053	108.346076	0.005944	7.9
1785	-0.856357	108.311604	0.004894	7.9
1786	-0.478260	108.277161	0.007269	7.9
1787	-0.837087	108.242747	0.012675	7.9
1788	-0.000630	108.208363	0.000059	8.1
1789	-0.212120	108.174007	0.006182	7.9
1790	-0.589560	108.139681	0.006052	7.9
1791	-0.204895	108.105383	0.005483	7.9
1792	-1.009881	108.071115	0.008952	8.7
1793	-0.861974	108.036875	0.013152	7.7
1794	-0.864508	108.002665	0.004029	7.7
1795	-1.132101	107.968483	0.010433	7.6
1796	-0.929415	107.934330	0.006723	7.8
1797	-0.705605	107.900206	0.008671	8.3
1798	-1.012298	107.866111	0.012655	7.6
1799	-0.673259	107.832044	0.008408	7.8
1800	-0.564295	107.798007	0.005599	8.4
1801	-0.649773	107.763997	0.005113	8.0
1802	-0.846681	107.730017	0.008835	7.6
1803	-0.296344	107.696065	0.006135	8.0
1804	-0.923351	107.662141	0.009177	7.6
1805	0.000000	107.628246	0.000000	9.3
1806	-0.651119	107.594379	0.006108	8.0
1807	-0.981761	107.560541	0.008493	10.2
1808	0.000000	107.526731	0.000000	9.2
1809	0.000000	107.492949	0.000000	10.2
1810	-0.936747	107.459196	0.009782	10.2
1811	0.000000	107.425471	0.000000	8.7
1812	-0.653194	107.391774	0.005669	12.0
1813	-0.943567	107.358106	0.010546	12.4
1814	-0.940045	107.324465	0.010172	8.6
1815	-0.800253	107.290853	0.014623	9.5
1816	-1.116743	107.257268	0.006803	10.2
1817	0.000000	107.223712	0.000000	11.0
1818	-0.678662	107.190184	0.006483	12.3
1819	-0.806104	107.156683	0.009895	9.5
1820	0.000000	107.123211	0.000000	9.6
1821	-0.199579	107.089766	0.003497	9.9
1822	0.000000	107.056349	0.000000	9.0
1823	-0.810923	107.022960	0.005346	12.2
1824	-0.205082	106.989599	0.007134	11.5
1825	-0.031028	106.956265	0.002029	8.3
1826	-1.021921	106.922960	0.006886	9.7
1827	0.000000	106.889681	0.000000	9.7
1828	0.000000	106.856431	0.000000	11.3
1829	-0.790536	106.823208	0.006881	9.0
1830	-0.480266	106.790012	0.005956	9.8
1831	-0.058392	106.756844	0.000794	13.0
1832	-1.101797	106.723703	0.011947	9.7
1833	0.000000	106.690590	0.000000	9.8
1834	-1.047852	106.657505	0.006678	9.5
1835	-0.181539	106.624446	0.003683	9.0
1836	-0.800912	106.591415	0.011625	11.1
1837	-0.000000	106.558411	0.000000	9.3
1838	-0.791956	106.525435	0.015158	10.6
1839	-0.618534	106.492485	0.006444	9.5
1840	-0.134149	106.459563	0.008808	8.5
1841	-0.124705	106.426668	0.005032	8.8
1842	-0.951805	106.393800	0.009948	8.3
1843	-0.539680	106.360959	0.005235	11.3
1844	-0.814306	106.328145	0.007615	9.7
1845	-0.544623	106.295358	0.004167	9.2
1846	-0.756344	106.262598	0.009305	8.8
1847	-0.631839	106.229865	0.004324	8.1
1848	-0.564401	106.197158	0.006073	8.8
1849	0.000000	106.164479	0.000000	7.6
1850	0.000000	106.131826	0.000000	8.9
1851	-0.857436	106.099201	0.009225	7.9
1852	-0.425147	106.066602	0.006136	9.3
1853	-0.549418	106.034029	0.005858	8.5
1854	-0.368538	106.001483	0.003816	12.1
1855	-1.028698	105.968964	0.011727	9.6
1856	-0.384886	105.936472	0.004235	8.1
1857	-1.097649	105.904006	0.008544	8.9
1858	-0.910542	105.871566	0.006899	8.8
1859	-0.402026	105.839153	0.005557	9.0
1860	-0.167945	105.806767	0.007042	7.9
1861	0.000000	105.774407	0.000000	8.5
1862	-0.920510	105.742073	0.008562	8.6
1863	-0.476948	105.709766	0.007242	11.1
1864	-0.471512	105.677485	0.008725	8.6
1865	-0.745110	105.645230	0.006113	10.4
1866	0.000000	105.613001	0.000000	8.7
1867	0.000000	105.580799	0.000000	8.5
1868	-0.932961	105.548623	0.006065	9.8
1869	-0.009214	105.516473	0.000857	8.5
1870	0.000000	105.484349	0.000000	12.2
1871	0.000000	105.452251	0.000000	8.6
1872	0.000000	105.420179	0.000000	9.6
1873	-1.145210	105.388133	0.006357	10.0
1874	-0.107173	105.356113	0.001569	8.0
1875	-0.959655	105.324119	0.011267	8.8
1876	0.000000	105.292151	0.000000	7.8
1877	-1.139304	105.260209	0.009176	7.9
1878	0.000000	105.228293	0.000000	8.0
1879	-0.546315	105.196402	0.004285	12.7
1880	-0.000048	105.164537	0.000037	9.2
1881	-0.751336	105.132698	0.008249	8.8
1882	-0.707585	105.100885	0.005832	10.0
1883	-0.876405	105.069097	0.007562	8.5
1884	0.000000	105.037335	0.000000	11.5
1885	-0.705341	105.005598	0.009032	9.4
1886	0.000000	104.973887	0.000000	11.0
1887	-0.620586	104.942202	0.014072	8.4
1888	-0.528092	104.910542	0.006430	9.0
1889	-0.184670	104.878907	0.002782	8.0
1890	-0.714369	104.847298	0.007651	8.6
1891	-0.926007	104.815715	0.004379	8.3
1892	-0.000004	104.784156	0.000003	8.8
1893	-0.000429	104.752623	0.000178	8.1
1894	-0.576300	104.721116	0.006336	7.9
1895	-0.620449	104.689633	0.007650	7.8
1896	-0.320540	104.658176	0.005045	7.9
1897	0.000000	104.626744	0.000000	8.6
1898	0.000000	104.595337	0.000000	8.0
1899	-1.013148	104.563955	0.007827	8.0
1900	-0.132723	104.532599	0.004268	8.5
1901	-0.877225	104.501267	0.005351	7.9
1902	-0.018500	104.469960	0.001925	8.1
1903	-0.367172	104.438679	0.005439	7.9
1904	-1.117963	104.407422	0.009321	7.9
1905	-0.115348	104.376191	0.005328	8.0
1906	0.000000	104.344984	0.000000	7.7
1907	-0.790015	104.313802	0.006705	8.0
1908	-0.673046	104.282645	0.007490	8.1
1909	-0.000802	104.251513	0.000234	7.0
1910	-0.833851	104.220405	0.007905	8.3
1911	-0.911998	104.189323	0.007300	7.7
1912	-0.463628	104.158265	0.004398	8.0
1913	0.000000	104.127231	0.000000	8.0
1914	0.000000	104.096222	0.000000	8.1
1915	0.000000	104.065238	0.000000	8.0
1916	-0.053514	104.034279	0.001562	8.4
1917	-1.067933	104.003344	0.004807	7.9
1918	-1.035417	103.972433	0.004398	8.0
1919	-0.407017	103.941547	0.003604	8.1
1920	-0.095391	103.910686	0.006431	7.9
1921	-1.014504	103.879849	0.005519	7.8
1922	0.000000	103.849036	0.000000	7.6
1923	-0.768805	103.818248	0.011243	7.8
1924	-0.806410	103.787484	0.011005	8.4
1925	-1.075118	103.756744	0.007715	7.8
1926	-0.284247	103.726029	0.006527	7.9
1927	-0.768105	103.695338	0.007151	8.0
1928	0.000000	103.664671	0.000000	7.9
1929	-0.441654	103.634028	0.005330	7.9
1930	-0.744896	103.603409	0.007107	7.7
1931	-0.771556	103.572814	0.011589	9.3
1932	0.000000	103.542244	0.000000	7.1
1933	0.000000	103.511698	0.000000	7.1
1934	-1.086937	103.481175	0.007410	8.0
1935	-1.028273	103.450677	0.007052	10.2
1936	-0.577223	103.420202	0.005172	8.6
1937	-0.584156	103.389752	0.006185	9.6
1938	-0.994614	103.359325	0.015258	7.2
1939	-0.304106	103.328922	0.005790	9.1
1940	-0.035800	103.298543	0.000610	8.0
1941	-0.625294	103.268188	0.005933	8.7
1942	0.000000	103.237857	0.000000	7.5
1943	-1.087333	103.207549	0.013186	7.7
1944	-0.780898	103.177265	0.005516	8.7
1945	0.000000	103.147005	0.000000	7.9
1946	0.000000	103.116768	0.000000	7.9
1947	-0.941374	103.086556	0.008151	10.1
1948	-1.077974	103.056366	0.005437	8.0
1949	-0.917697	103.026200	0.005667	8.7
1950	-0.065221	102.996058	0.003303	8.2
1951	0.000000	102.965939	0.000000	8.7
1952	0.000000	102.935844	0.000000	9.0
1953	-0.472957	102.905772	0.006520	8.6
1954	-0.142973	102.875724	0.003147	9.5
1955	-0.646224	102.845699	0.010184	8.3
1956	-0.356007	102.815697	0.006727	11.9
1957	-0.979928	102.785719	0.006488	8.4
1958	-0.585673	102.755764	0.010724	9.4
1959	-0.557330	102.725832	0.003237	8.0
1960	-0.871800	102.695924	0.005286	9.7
1961	-0.405468	102.666038	0.011625	8.8
1962	-0.019577	102.636176	0.002285	8.5
1963	-0.646842	102.606337	0.005161	10.7
1964	-0.922601	102.576521	0.006501	8.6
1965	-0.918071	102.546728	0.006424	10.0
1966	-0.900269	102.516959	0.006122	8.6
1967	-0.579016	102.487212	0.008168	9.0
1968	-0.296387	102.457488	0.007380	9.6
1969	-0.864769	102.427788	0.009325	7.6
1970	-0.000000	102.398110	0.000000	6.4
1971	0.000000	102.368455	0.000000	9.3
1972	-0.951533	102.338823	0.009725	9.1
1973	-0.024530	102.309214	0.002054	9.0
1974	-0.591778	102.279628	0.006646	9.2
1975	0.000000	102.250064	0.000000	10.2
1976	-0.038564	102.220524	0.002821	10.0
1977	0.000000	102.191006	0.000000	8.5
1978	-0.243297	102.161511	0.005254	10.6
1979	-1.005017	102.132038	0.010461	8.1
1980	-1.106328	102.102588	0.014691	8.7
1981	-0.891015	102.073161	0.006747	10.0
1982	-0.937123	102.043757	0.012873	8.5
1983	0.000000	102.014375	0.000000	8.8
1984	-0.895993	101.985015	0.007040	8.8
1985	-0.045491	101.955678	0.004042	8.9
1986	-0.433177	101.926364	0.004698	8.3
1987	-1.079668	101.897072	0.007328	9.0
1988	-0.877748	101.867802	0.005535	8.1
1989	-0.000000	101.838555	0.000000	8.4
1990	0.000000	101.809330	0.000000	7.8
1991	0.000000	101.780128	0.000000	8.2
1992	0.000000	101.750948	0.000000	7.8
1993	-0.000000	101.721790	0.000000	8.2
1994	-0.502186	101.692654	0.004456	7.9
1995	-0.497980	101.663541	0.006888	7.8
1996	-0.901488	101.634450	0.005833	8.2
1997	-0.000442	101.605381	0.000145	7.7
1998	-0.550599	101.576335	0.003999	8.2
1999	-0.036597	101.547310	0.003103	8.3
