1:ItNr	2:Metric	3:StepSize	4:||Gradient||	Time[ms]
0	-0.090509	627.201626	0.004180	1331.1
1	-0.658123	623.504937	0.020927	7.6
2	-0.000000	619.865785	0.000000	7.5
3	-0.574746	616.282728	0.015715	7.5
4	-0.000000	612.754375	0.000000	11.3
5	-0.012233	609.279381	0.000740	7.5
6	-0.917145	605.856447	0.009605	9.0
7	-0.908338	602.484317	0.009992	7.4
8	-0.279433	599.161779	0.002401	8.5
9	-0.000000	595.887656	0.000000	12.3
10	-0.645036	592.660813	0.013406	7.6
11	-0.007154	589.480151	0.000372	8.8
12	-0.838878	586.344606	0.014771	7.6
13	-0.537618	583.253145	0.017867	7.8
14	-0.581499	580.204771	0.005112	11.1
15	-0.000000	577.198517	0.000000	8.9
16	-0.662705	574.233444	0.012348	7.8
17	-0.693834	571.308645	0.012381	7.6
18	-0.000001	568.423237	0.000001	7.5
19	-0.676541	565.576365	0.030570	12.0
20	-0.043661	562.767201	0.003126	7.6
21	-0.004316	559.994938	0.000340	9.2
22	-1.003652	557.258797	0.017232	7.7
23	-0.996510	554.558018	0.008053	8.1
24	-0.703514	551.891865	0.007082	11.1
25	-0.889068	549.259621	0.021048	7.7
26	-0.392132	546.660592	0.005294	9.1
27	-0.768548	544.094102	0.012349	7.9
28	-0.047051	541.559494	0.000792	7.5
29	-0.000307	539.056129	0.000097	11.6
30	-0.988632	536.583387	0.013857	9.1
31	-0.395241	534.140663	0.012030	7.5
32	-0.286446	531.727370	0.003321	7.5
33	-1.121076	529.342935	0.022336	8.1
34	-1.154661	526.986802	0.019546	12.7
35	-1.100772	524.658430	0.025942	8.8
36	-0.394233	522.357290	0.016170	8.3
37	-0.640144	520.082868	0.028066	8.3
38	-0.929846	517.834665	0.008698	7.5
39	-0.000000	515.612193	0.000000	12.1
40	-0.952569	513.414976	0.017010	7.5
41	-0.777724	511.242551	0.013387	8.7
42	-1.110794	509.094468	0.035348	7.5
43	-0.829099	506.970285	0.027832	8.5
44	-0.123317	504.869574	0.000759	10.6
45	-0.971491	502.791916	0.006016	8.6
46	-0.082349	500.736903	0.002662	7.6
47	-0.949204	498.704137	0.013259	7.6
48	-0.592494	496.693228	0.009815	9.0
49	-0.682039	494.703798	0.003828	11.3
50	-0.000000	492.735476	0.000000	8.9
51	-0.642252	490.787900	0.009389	7.5
52	-0.717254	488.860718	0.025116	8.3
53	-1.166212	486.953585	0.013279	10.2
54	-0.472527	485.066164	0.007161	9.1
55	-0.620436	483.198126	0.012978	7.5
56	-0.775591	481.349149	0.013302	8.8
57	-0.630318	479.518920	0.012315	7.7
58	-0.337900	477.707132	0.003972	12.2
59	-0.899328	475.913485	0.003078	8.0
60	-0.000527	474.137684	0.000031	8.3
61	-1.157824	472.379445	0.019537	7.6
62	-0.000000	470.638485	0.000000	7.5
63	-0.815624	468.914531	0.019232	13.8
64	-1.222516	467.207315	0.011100	7.6
65	-0.594082	465.516573	0.020847	11.5
66	-0.000000	463.842050	0.000000	10.5
67	-0.537134	462.183494	0.007682	12.4
68	-1.113883	460.540658	0.033561	7.6
69	-0.000003	458.913303	0.000002	8.2
70	-1.124252	457.301192	0.047026	10.5
71	-0.490236	455.704096	0.041733	10.0
72	-0.780132	454.121787	0.007762	10.9
73	-0.000545	452.554045	0.000079	12.0
74	-0.000000	451.000653	0.000000	10.1
75	-0.953125	449.461399	0.014229	7.9
76	-0.000000	447.936075	0.000000	15.3
77	-0.377853	446.424477	0.009015	10.9
78	-0.000000	444.926406	0.000000	10.0
79	-0.305771	443.441666	0.002739	13.1
80	-0.813796	441.970065	0.009568	10.6
81	-0.265738	440.511415	0.005183	7.6
82	-0.774907	439.065533	0.009269	12.6
83	-0.000000	437.632238	0.000000	12.1
84	-0.758820	436.211351	0.007915	7.5
85	-0.300211	434.802701	0.005406	10.8
86	-0.393294	433.406117	0.005875	9.8
87	-0.558343	432.021430	0.008294	9.4
88	-0.743097	430.648479	0.006565	13.8
89	-0.000000	429.287101	0.000000	10.2
90	-0.672639	427.937140	0.014480	7.5
91	-1.057199	426.598440	0.009635	9.1
92	-0.741793	425.270849	0.007423	12.4
93	-1.150588	423.954220	0.023622	11.3
94	-0.538488	422.648404	0.006697	10.9
95	-0.832761	421.353259	0.011704	12.6
96	-0.587137	420.068643	0.006431	10.1
97	-0.476724	418.794419	0.006904	8.9
98	-0.095897	417.530451	0.001390	9.5
99	-0.000000	416.276604	0.000000	10.9
100	-0.966058	415.032748	0.025772	11.9
101	-0.924617	413.798754	0.004886	10.5
102	-0.596654	412.574495	0.015346	8.5
103	-0.894222	411.359849	0.014386	9.2
104	-0.610096	410.154691	0.009396	12.8
105	-1.070801	408.958904	0.019156	11.0
106	-0.571997	407.772368	0.011482	11.8
107	-0.529363	406.594968	0.037726	14.7
108	-0.388123	405.426590	0.007904	10.2
109	-1.059748	404.267122	0.012415	10.6
110	-0.000000	403.116456	0.000000	9.9
111	-0.000000	401.974481	0.000000	12.3
112	-0.395181	400.841093	0.003998	9.5
113	-0.423700	399.716187	0.007579	10.4
114	-0.975030	398.599660	0.028200	8.6
115	-0.587754	397.491411	0.011782	8.8
116	-0.365928	396.391342	0.007134	11.9
117	-0.000000	395.299353	0.000000	11.8
118	-0.938096	394.215350	0.010540	8.0
119	-1.037933	393.139238	0.013336	10.4
120	-0.578409	392.070924	0.009496	12.8
121	-0.000000	391.010316	0.000000	10.1
122	-0.489003	389.957325	0.009502	10.3
123	-0.000000	388.911862	0.000000	12.7
124	-0.839585	387.873839	0.023341	8.1
125	-0.749667	386.843173	0.011130	9.5
126	-0.535933	385.819777	0.009696	10.4
127	-0.767760	384.803569	0.012740	8.0
128	-0.766634	383.794468	0.011834	13.9
129	-0.855739	382.792393	0.014605	10.9
130	-0.117818	381.797264	0.003220	7.6
131	-0.880613	380.809005	0.013277	7.7
132	-0.000000	379.827537	0.000000	13.4
133	-0.980198	378.852786	0.017823	10.5
134	-0.784136	377.884678	0.008636	10.7
135	-0.221895	376.923138	0.002871	11.7
136	-0.478027	375.968095	0.003023	12.9
137	-0.074125	375.019479	0.002685	7.6
138	-0.540988	374.077218	0.006375	9.3
139	-0.779734	373.141244	0.015942	7.6
140	-0.000000	372.211489	0.000000	7.8
141	-0.011650	371.287887	0.001366	12.2
142	-0.171435	370.370370	0.009410	11.3
143	-1.102838	369.458876	0.013826	11.2
144	-0.122806	368.553338	0.001586	10.4
145	-0.495281	367.653696	0.012321	13.0
146	-0.063178	366.759885	0.001680	11.1
147	-0.669997	365.871846	0.006501	11.8
148	-0.968618	364.989518	0.004866	9.8
149	-0.416047	364.112841	0.008697	12.9
150	-0.714411	363.241757	0.010102	10.7
151	-0.929559	362.376208	0.017677	10.2
152	-0.001921	361.516137	0.000236	7.6
153	-0.805272	360.661488	0.007207	11.1
154	-0.804021	359.812206	0.016408	13.9
155	-0.066811	358.968236	0.001698	10.7
156	-0.566572	358.129524	0.010512	11.4
157	-0.691452	357.296018	0.014539	12.6
158	-0.231549	356.467665	0.003993	7.6
159	-0.120727	355.644414	0.003513	9.3
160	-0.142394	354.826213	0.002966	9.7
161	-1.116543	354.013012	0.019938	9.6
162	-0.000204	353.204763	0.000022	13.1
163	-0.000000	352.401415	0.000000	10.0
164	-1.205071	351.602922	0.031319	8.7
165	-1.096898	350.809235	0.011666	7.5
166	-0.198096	350.020308	0.002843	12.9
167	-0.899693	349.236095	0.012494	10.9
168	-0.020809	348.456550	0.000657	10.5
169	-1.048589	347.681627	0.017516	10.9
170	-0.000000	346.911283	0.000000	12.1
171	-1.008608	346.145474	0.010008	7.5
172	-1.037211	345.384157	0.005397	9.6
173	-0.388928	344.627288	0.004851	9.5
174	-0.984003	343.874826	0.019406	10.8
175	-0.942642	343.126729	0.018940	12.2
176	-0.987986	342.382957	0.006164	9.7
177	-1.128769	341.643469	0.023471	8.6
178	-0.582865	340.908224	0.010298	7.9
179	-0.558348	340.177184	0.005012	12.8
180	-0.158625	339.450309	0.002650	11.2
181	-0.268661	338.727561	0.001866	10.3
182	-1.059284	338.008902	0.014785	9.7
183	-0.718620	337.294295	0.007357	12.3
184	-0.987354	336.583703	0.017250	8.2
185	-1.083273	335.877089	0.025019	9.9
186	-0.954963	335.174416	0.006854	9.7
187	-0.051971	334.475651	0.005686	11.9
188	-0.359900	333.780756	0.014978	11.4
189	-0.853859	333.089698	0.017409	10.4
190	-0.994212	332.402443	0.008470	8.3
191	-0.000000	331.718955	0.000000	11.0
192	-1.033441	331.039203	0.016691	12.2
193	-0.000000	330.363153	0.000000	10.5
194	-0.237485	329.690771	0.003396	10.4
195	-0.545771	329.022027	0.007177	11.6
196	-0.860679	328.356888	0.015282	9.9
197	-0.001913	327.695322	0.000030	7.4
198	-0.282801	327.037299	0.002986	10.9
199	-1.040257	326.382787	0.010102	10.0
200	-0.425873	325.731758	0.008462	11.5
201	-0.042189	325.084179	0.002219	10.1
202	-0.075151	324.440023	0.001926	9.7
203	-0.000000	323.799258	0.000000	7.6
204	-0.983395	323.161858	0.008996	12.3
205	-0.069177	322.527792	0.000819	10.1
206	-0.470313	321.897034	0.006744	10.2
207	-0.000015	321.269554	0.000006	10.5
208	-1.038654	320.645325	0.028720	10.0
209	-0.558553	320.024320	0.009791	10.7
210	-1.353073	319.406512	0.025683	9.3
211	-1.164745	318.791875	0.012471	10.0
212	-1.253575	318.180381	0.050249	11.3
213	-1.088279	317.572005	0.010752	8.3
214	-0.000000	316.966721	0.000000	9.1
215	-0.079686	316.364504	0.001166	9.7
216	-0.000000	315.765329	0.000000	7.5
217	-0.228014	315.169170	0.002100	13.3
218	-0.012043	314.576003	0.000343	10.2
219	-0.001608	313.985804	0.000074	8.1
220	-1.165041	313.398548	0.037733	7.9
221	-0.680556	312.814213	0.009027	12.4
222	-0.365117	312.232773	0.005720	10.8
223	-1.091756	311.654207	0.025292	9.9
224	-0.174599	311.078491	0.006860	10.0
225	-0.000000	310.505602	0.000000	13.8
226	-0.727928	309.935518	0.009195	7.5
227	-0.000000	309.368217	0.000000	9.1
228	-1.162080	308.803676	0.034235	9.4
229	-0.678355	308.241874	0.010156	8.0
230	-0.103384	307.682789	0.002620	14.4
231	-0.000040	307.126400	0.000016	9.5
232	-0.063625	306.572687	0.001663	8.4
233	-0.790247	306.021627	0.034766	8.0
234	-0.308686	305.473201	0.004980	12.0
235	-0.814037	304.927388	0.006799	11.0
236	-1.097400	304.384168	0.023970	9.8
237	-0.184898	303.843521	0.003959	10.2
238	-0.570570	303.305427	0.009690	12.7
239	-0.351784	302.769867	0.005596	7.6
240	-0.023343	302.236821	0.000848	9.4
241	-0.869420	301.706270	0.013817	9.8
242	-0.937859	301.178196	0.015207	8.9
243	-0.535395	300.652580	0.011169	12.7
244	-0.401755	300.129402	0.004541	10.1
245	-0.778861	299.608645	0.010516	8.8
246	-0.980991	299.090291	0.018086	7.5
247	-1.243803	298.574321	0.007834	13.4
248	-0.000000	298.060718	0.000000	9.4
249	-0.000000	297.549465	0.000000	7.5
250	-0.066422	297.040543	0.001143	8.6
251	-0.601667	296.533936	0.012675	11.8
252	-0.228157	296.029626	0.003969	10.0
253	-0.794916	295.527597	0.005300	7.5
254	-0.000000	295.027832	0.000000	10.6
255	-0.583285	294.530315	0.005476	9.6
256	-0.784529	294.035028	0.008957	12.4
257	-0.641644	293.541956	0.005025	10.0
258	-1.081801	293.051083	0.010592	10.0
259	-1.092873	292.562393	0.012221	7.7
260	-0.000000	292.075870	0.000000	11.8
261	-1.010737	291.591498	0.022119	9.5
262	-0.738115	291.109263	0.009981	10.9
263	-0.090307	290.629149	0.003747	10.2
264	-0.035882	290.151140	0.002376	10.8
265	-0.667554	289.675222	0.012358	9.9
266	-0.790844	289.201380	0.008252	9.8
267	-0.583915	288.729600	0.009147	10.5
268	-0.069133	288.259866	0.002483	12.6
269	-1.093767	287.792165	0.014872	7.7
270	-0.367385	287.326481	0.006479	10.7
271	-0.820710	286.862802	0.008205	9.6
272	-0.330033	286.401113	0.003750	8.7
273	-0.629169	285.941400	0.025724	13.3
274	-0.671913	285.483649	0.017908	10.9
275	-0.001910	285.027847	0.000217	10.3
276	-1.120794	284.573981	0.025349	12.6
277	-0.738578	284.122037	0.014296	11.6
278	-0.447771	283.672002	0.010276	10.0
279	-0.000000	283.223863	0.000000	9.8
280	-0.960212	282.777607	0.030231	11.7
281	-0.000000	282.333221	0.000000	7.7
282	-0.237487	281.890692	0.003445	9.0
283	-0.000000	281.450008	0.000000	10.2
284	-0.622747	281.011157	0.015098	11.3
285	-0.427388	280.574125	0.010314	11.6
286	-0.782793	280.138901	0.015748	10.1
287	-0.452089	279.705473	0.011478	9.2
288	-1.179365	279.273829	0.010279	9.0
289	-0.623945	278.843956	0.013384	12.7
290	-0.233166	278.415844	0.004292	10.6
291	-0.000000	277.989479	0.000000	9.9
292	-0.885861	277.564851	0.011859	12.2
293	-0.962719	277.141949	0.013757	11.0
294	-0.990676	276.720761	0.016209	9.7
295	-1.214674	276.301275	0.021997	10.3
296	-0.000000	275.883480	0.000000	11.3
297	-0.491858	275.467366	0.011301	8.0
298	-0.931653	275.052922	0.013036	9.6
299	-0.953627	274.640136	0.012599	10.2
300	-0.145587	274.228998	0.002039	8.9
301	-1.084962	273.819497	0.021249	12.2
302	-0.625646	273.411623	0.011180	9.5
303	-0.000000	273.005365	0.000000	8.6
304	-0.332720	272.600712	0.005498	7.6
305	-0.000000	272.197655	0.000000	13.0
306	-0.000000	271.796184	0.000000	10.4
307	-0.000122	271.396287	0.000040	9.8
308	-0.003728	270.997956	0.000058	10.6
309	-0.000000	270.601180	0.000000	14.7
310	-0.000000	270.205949	0.000000	9.5
311	-0.439050	269.812254	0.010841	9.8
312	-0.615522	269.420085	0.005846	10.9
313	-0.728201	269.029432	0.011493	10.0
314	-0.000000	268.640287	0.000000	10.1
315	-0.661348	268.252638	0.010556	9.7
316	-0.372289	267.866478	0.002807	7.7
317	-0.142460	267.481796	0.005354	7.6
318	-1.046525	267.098584	0.007211	17.3
319	-0.952268	266.716833	0.009676	10.9
320	-0.393106	266.336533	0.007673	9.7
321	-0.000000	265.957676	0.000000	11.4
322	-0.968799	265.580253	0.010651	10.4
323	-0.244954	265.204254	0.001432	8.3
324	-0.864354	264.829672	0.006339	10.3
325	-0.674874	264.456497	0.009597	8.9
326	-1.132613	264.084721	0.014250	12.5
327	-0.569663	263.714335	0.007785	10.6
328	-0.000000	263.345332	0.000000	9.2
329	-0.001024	262.977702	0.000173	8.0
330	-1.089079	262.611438	0.045912	11.9
331	-0.372349	262.246531	0.004746	10.2
332	-0.677006	261.882973	0.011047	11.3
333	-0.567375	261.520756	0.010138	9.1
334	-0.855327	261.159871	0.006205	13.8
335	-0.257642	260.800312	0.002468	10.3
336	-1.285209	260.442070	0.007964	10.1
337	-0.634748	260.085137	0.005197	9.8
338	-0.349100	259.729505	0.009347	9.2
339	-0.093731	259.375167	0.000485	11.7
340	-0.000000	259.022116	0.000000	9.6
341	-0.000000	258.670343	0.000000	8.8
342	-1.104374	258.319841	0.013210	7.6
343	-1.053927	257.970602	0.016828	15.4
344	-1.067519	257.622620	0.025793	10.4
345	-1.014885	257.275887	0.022222	10.2
346	-0.974817	256.930396	0.006819	11.3
347	-1.103499	256.586139	0.025686	12.3
348	0.000000	256.243109	0.000000	10.3
349	-0.633365	255.901300	0.010604	9.6
350	-0.069747	255.560703	0.003096	12.6
351	-1.051114	255.221313	0.018359	10.6
352	-0.715815	254.883122	0.017840	8.3
353	-0.893175	254.546124	0.006613	7.6
354	-0.000755	254.210311	0.000166	7.5
355	-0.851060	253.875677	0.009902	13.9
356	-0.498947	253.542215	0.007576	9.7
357	-1.052672	253.209918	0.016248	10.8
358	-0.000004	252.878781	0.000001	10.8
359	-0.204982	252.548795	0.003709	13.8
360	-0.000221	252.219956	0.000044	10.2
361	-0.045364	251.892255	0.002103	10.7
362	-0.850872	251.565688	0.009530	12.7
363	-1.050717	251.240247	0.008948	10.6
364	-1.084214	250.915926	0.012090	10.7
365	-0.847733	250.592720	0.015130	9.9
366	-0.037256	250.270621	0.000415	10.0
367	-0.568170	249.949624	0.008366	9.7
368	-0.018175	249.629723	0.001241	9.6
369	-0.109849	249.310911	0.004568	8.1
370	-0.839351	248.993182	0.008952	7.7
371	-0.786863	248.676531	0.030235	15.4
372	-0.000000	248.360952	0.000000	10.9
373	-0.966179	248.046438	0.013183	9.9
374	-0.000125	247.732984	0.000004	7.8
375	-0.000637	247.420584	0.000098	14.1
376	-1.192574	247.109233	0.035442	10.5
377	-0.919962	246.798924	0.005185	11.7
378	-0.000000	246.489652	0.000000	10.9
379	-0.018565	246.181412	0.001191	10.8
380	-0.000000	245.874197	0.000000	8.6
381	-1.222024	245.568002	0.005711	7.6
382	-0.838559	245.262822	0.007683	8.5
383	-0.003832	244.958652	0.000986	13.6
384	-0.999565	244.655485	0.007827	7.6
385	-0.000000	244.353317	0.000000	8.7
386	-0.453275	244.052142	0.006914	7.6
387	-0.284161	243.751955	0.001671	10.3
388	-0.237377	243.452750	0.006463	11.9
389	-0.144762	243.154523	0.002131	8.9
390	-0.705695	242.857268	0.022474	8.3
391	-1.208578	242.560980	0.030374	8.2
392	-0.276919	242.265654	0.002755	13.5
393	-0.212738	241.971285	0.004218	8.5
394	-0.034817	241.677868	0.003960	9.0
395	-0.843384	241.385397	0.008828	7.6
396	-1.115998	241.093869	0.037414	7.8
397	-0.182114	240.803278	0.005746	12.6
398	-0.425176	240.513619	0.008269	7.7
399	-0.801374	240.224887	0.007064	9.4
400	-1.041146	239.937077	0.005764	7.6
401	-1.025338	239.650186	0.014052	8.3
402	-0.860389	239.364207	0.009886	11.6
403	-0.044369	239.079136	0.001218	9.0
404	-1.043629	238.794969	0.036352	7.7
405	-1.039881	238.511701	0.022893	8.1
406	-0.138188	238.229327	0.002670	7.6
407	-0.018201	237.947843	0.000478	11.0
408	-0.000000	237.667244	0.000000	8.7
409	-0.519954	237.387526	0.011463	8.1
410	-0.802327	237.108684	0.006533	7.5
411	-0.722897	236.830714	0.009599	7.6
412	-0.375880	236.553610	0.002821	11.5
413	-1.006828	236.277370	0.013812	7.5
414	-1.176223	236.001989	0.017461	9.3
415	-0.674619	235.727461	0.006281	7.6
416	-0.895484	235.453784	0.014762	8.3
417	-0.670146	235.180952	0.009051	11.2
418	-0.052372	234.908962	0.000196	8.9
419	-0.801460	234.637809	0.008704	7.6
420	-0.582235	234.367488	0.010350	8.4
421	-1.290102	234.097997	0.027881	7.5
422	-0.320920	233.829331	0.004521	11.9
423	-0.000000	233.561485	0.000000	9.0
424	-0.854406	233.294456	0.011656	8.1
425	-0.869153	233.028239	0.018220	7.5
426	-0.014396	232.762831	0.001108	7.4
427	-1.135203	232.498228	0.019803	11.5
428	-0.535968	232.234425	0.007780	7.4
429	-1.082712	231.971419	0.024755	9.5
430	-0.841097	231.709205	0.012394	7.5
431	-0.140385	231.447781	0.002721	7.7
432	-0.883908	231.187141	0.010264	10.8
433	-0.306460	230.927283	0.003537	9.2
434	-1.282268	230.668202	0.043834	7.5
435	-0.788139	230.409895	0.005777	8.3
436	-0.956372	230.152358	0.010247	7.6
437	-0.032878	229.895587	0.001676	11.5
438	-1.104646	229.639578	0.024975	8.8
439	-0.206786	229.384329	0.003508	8.4
440	-0.062078	229.129834	0.001128	8.3
441	-0.009263	228.876091	0.001023	7.6
442	-0.026526	228.623096	0.000559	12.2
443	-0.346965	228.370846	0.002672	7.5
444	-0.593186	228.119336	0.010493	9.1
445	-1.024465	227.868563	0.013151	7.5
446	-1.035864	227.618525	0.031850	8.5
447	-0.000798	227.369216	0.000104	11.2
448	-0.204252	227.120635	0.001894	10.1
449	-0.000000	226.872777	0.000000	9.0
450	-0.004660	226.625638	0.000240	7.6
451	-1.196994	226.379217	0.029594	7.8
452	-0.438145	226.133509	0.003578	13.0
453	-0.000000	225.888510	0.000000	9.4
454	-0.251860	225.644218	0.004227	7.7
455	-0.661785	225.400630	0.008561	7.9
456	-0.000000	225.157741	0.000000	11.4
457	-1.057604	224.915549	0.023244	7.8
458	-0.734443	224.674051	0.006468	7.7
459	-0.000000	224.433242	0.000000	9.0
460	-0.128245	224.193121	0.003423	8.1
461	-1.096840	223.953684	0.021854	11.0
462	-0.861501	223.714927	0.004722	9.3
463	-0.334331	223.476848	0.005055	7.5
464	-0.000013	223.239444	0.000002	8.2
465	-1.220463	223.002710	0.011829	7.6
466	-0.000000	222.766645	0.000000	11.0
467	-0.092540	222.531245	0.004939	7.6
468	-0.703391	222.296508	0.040110	9.5
469	-1.200594	222.062429	0.019511	7.5
470	-0.529938	221.829007	0.005830	7.5
471	-0.632545	221.596238	0.005672	11.2
472	-0.928549	221.364119	0.005035	7.8
473	-0.761685	221.132647	0.012347	7.7
474	-0.716637	220.901820	0.007917	9.1
475	-1.156828	220.671634	0.011765	9.5
476	-1.199659	220.442086	0.025406	12.5
477	-0.000000	220.213174	0.000000	8.9
478	-0.114203	219.984895	0.002065	7.7
479	-0.148620	219.757246	0.003691	8.4
480	-0.923556	219.530224	0.007639	9.5
481	-0.000000	219.303826	0.000000	11.7
482	-0.000003	219.078050	0.000000	9.3
483	-0.000088	218.852893	0.000018	7.5
484	-0.585591	218.628352	0.002911	7.6
485	-0.745215	218.404424	0.009734	11.0
486	-0.000000	218.181106	0.000000	9.3
487	-0.926025	217.958397	0.012077	7.6
488	-0.876798	217.736292	0.011702	7.7
489	-0.000000	217.514790	0.000000	7.5
490	-0.000000	217.293888	0.000000	11.7
491	-0.391571	217.073584	0.004075	7.6
492	-0.054974	216.853873	0.002580	9.6
493	-1.071168	216.634755	0.025820	8.6
494	-0.000000	216.416227	0.000000	7.5
495	-1.231036	216.198285	0.005028	11.6
496	-0.571489	215.980927	0.013274	7.5
497	-0.910450	215.764151	0.013197	9.1
498	-0.372671	215.547955	0.008870	7.4
499	-1.082222	215.332335	0.011039	7.5
500	-0.260253	215.117289	0.006299	10.3
501	-0.244810	214.902815	0.002687	9.3
502	-0.000000	214.688911	0.000000	7.5
503	-0.894337	214.475573	0.006625	7.6
504	-0.395043	214.262800	0.007292	7.5
505	-0.758315	214.050588	0.014263	11.6
506	-0.478682	213.838936	0.005492	7.4
507	-0.784335	213.627842	0.014714	9.5
508	-0.025483	213.417302	0.000927	7.9
509	-0.698255	213.207314	0.010676	8.3
510	-1.047874	212.997877	0.008846	11.7
511	-0.000010	212.788987	0.000003	7.8
512	-0.578634	212.580642	0.013390	9.7
513	-1.222985	212.372841	0.039046	7.5
514	-0.000000	212.165581	0.000000	7.5
515	-0.880747	211.958859	0.006541	11.2
516	-0.515374	211.752673	0.010081	8.8
517	-0.947112	211.547021	0.007780	7.5
518	-0.592588	211.341902	0.025352	7.5
519	-0.656463	211.137311	0.011313	7.6
520	-0.177790	210.933248	0.001582	11.0
521	-0.052283	210.729710	0.002329	8.0
522	-1.066010	210.526695	0.007799	9.4
523	-0.577556	210.324200	0.008784	7.5
524	-1.118464	210.122224	0.009778	9.3
525	-0.032919	209.920765	0.001136	12.5
526	-0.000000	209.719820	0.000000	7.4
527	-0.709376	209.519387	0.028119	9.1
528	-1.121810	209.319463	0.010677	7.4
529	-0.378050	209.120048	0.003524	8.2
530	-0.955847	208.921139	0.014190	11.6
531	-0.001243	208.722733	0.000190	9.1
532	-0.242878	208.524829	0.002900	7.6
533	-0.590872	208.327425	0.002484	7.6
534	-0.633377	208.130518	0.007630	8.8
535	-0.119927	207.934107	0.001308	12.0
536	-0.827948	207.738189	0.006421	8.8
537	-0.000000	207.542762	0.000000	7.9
538	-0.793263	207.347825	0.008886	8.2
539	-1.084912	207.153376	0.005271	10.5
540	-0.195415	206.959412	0.006200	9.2
541	-0.621852	206.765932	0.015301	8.3
542	-0.000002	206.572933	0.000001	7.6
543	-0.175774	206.380414	0.003002	7.5
544	-0.000000	206.188373	0.000000	11.5
545	-0.194294	205.996807	0.002855	7.5
546	-0.698519	205.805716	0.026720	9.3
547	-1.097320	205.615096	0.012743	7.6
548	-0.871062	205.424946	0.008023	7.5
549	-0.243112	205.235265	0.001093	12.1
550	-0.576453	205.046050	0.026494	7.5
551	-0.883095	204.857299	0.015814	8.9
552	-0.692724	204.669011	0.007593	8.0
553	-0.988416	204.481184	0.012421	8.6
554	-0.846548	204.293816	0.010288	11.4
555	-0.569760	204.106905	0.009396	9.2
556	-0.648766	203.920449	0.008629	7.6
557	-0.759987	203.734447	0.007609	8.7
558	-1.181774	203.548896	0.024858	7.5
559	-1.075292	203.363795	0.016100	12.0
560	-0.161795	203.179143	0.002593	8.7
561	-1.063459	202.994937	0.029249	9.2
562	-0.244637	202.811176	0.006355	7.7
563	-0.912595	202.627857	0.009041	7.5
564	-0.001460	202.444980	0.000069	12.3
565	-1.163052	202.262543	0.010031	7.5
566	-0.677059	202.080543	0.004541	9.0
567	-1.117112	201.898979	0.007237	8.5
568	-0.000969	201.717849	0.000166	8.7
569	-0.115467	201.537153	0.002684	12.9
570	-0.539040	201.356887	0.004266	8.3
571	-0.021551	201.177050	0.000230	9.0
572	-0.996925	200.997642	0.016788	7.5
573	-0.000000	200.818659	0.000000	9.2
574	-1.172087	200.640100	0.016797	10.2
575	-0.595664	200.461965	0.023326	9.0
576	-0.851379	200.284250	0.008444	8.4
577	-0.000000	200.106955	0.000000	6.8
578	-1.335991	199.930078	0.013068	9.4
579	-0.000000	199.753617	0.000000	10.6
580	-0.657541	199.577571	0.005066	7.7
581	-0.000000	199.401938	0.000000	9.0
582	-0.000000	199.226717	0.000000	9.0
583	-0.875932	199.051905	0.009065	10.8
584	-0.857021	198.877502	0.007544	9.3
585	-0.777128	198.703506	0.005893	8.3
586	-0.876257	198.529916	0.012319	9.3
587	-0.000010	198.356729	0.000003	7.7
588	-0.685333	198.183944	0.004152	12.8
589	-0.573234	198.011560	0.011466	9.3
590	-1.002870	197.839576	0.006909	7.4
591	-0.000000	197.667989	0.000000	7.5
592	-0.327853	197.496798	0.005380	9.5
593	-0.000861	197.326002	0.000029	11.5
594	-1.247225	197.155600	0.014104	7.9
595	-0.000000	196.985589	0.000000	9.9
596	-0.014373	196.815969	0.001148	7.7
597	-0.537488	196.646738	0.006264	10.2
598	-0.595875	196.477894	0.005192	9.1
599	-0.000689	196.309436	0.000032	8.0
600	-1.016418	196.141363	0.009448	8.5
601	-1.096295	195.973673	0.011094	7.5
602	-0.223096	195.806365	0.005095	11.2
603	-0.439026	195.639437	0.005223	7.5
604	-0.939012	195.472888	0.004825	9.3
605	-0.608325	195.306717	0.017841	7.5
606	-0.667072	195.140922	0.005133	8.4
607	-0.671396	194.975501	0.009327	12.5
608	-0.795304	194.810454	0.010836	8.4
609	-0.000000	194.645779	0.000000	7.5
610	-0.763496	194.481475	0.010339	7.5
611	-0.485949	194.317540	0.005470	7.6
612	-0.000002	194.153973	0.000001	11.6
613	-1.018104	193.990773	0.010541	9.2
614	-0.759514	193.827938	0.017493	7.4
615	-0.992614	193.665467	0.013666	8.3
616	-0.035361	193.503358	0.002301	7.5
617	-0.464993	193.341611	0.005334	11.3
618	-0.000000	193.180224	0.000000	7.5
619	-1.045987	193.019196	0.014222	8.7
620	-0.530145	192.858525	0.005412	7.7
621	-0.915831	192.698210	0.007776	8.6
622	-1.215108	192.538251	0.018717	11.8
623	-1.155175	192.378644	0.010239	8.8
624	-1.040313	192.219391	0.009448	7.6
625	-0.554486	192.060488	0.006124	7.5
626	-0.565696	191.901935	0.012658	7.5
627	-0.000000	191.743730	0.000000	12.0
628	-0.897809	191.585873	0.017194	9.4
629	-0.000000	191.428362	0.000000	7.5
630	-0.253459	191.271196	0.003659	8.2
631	-0.000000	191.114374	0.000000	7.4
632	-0.769200	190.957893	0.010447	11.1
633	-1.220903	190.801755	0.038520	7.5
634	-0.969861	190.645956	0.013206	8.6
635	-0.454696	190.490495	0.007040	7.5
636	-1.144653	190.335373	0.006331	7.4
637	-1.056173	190.180587	0.004983	10.1
638	-0.000080	190.026136	0.000019	8.8
639	-0.180575	189.872019	0.005382	8.2
640	-0.952950	189.718235	0.014686	7.5
641	-1.030717	189.564782	0.017131	7.9
642	-0.130755	189.411661	0.004568	11.7
643	-0.755051	189.258868	0.007202	7.6
644	-0.993855	189.106404	0.024154	8.9
645	-0.898509	188.954267	0.009238	7.5
646	-0.000000	188.802456	0.000000	8.2
647	-1.170130	188.650969	0.038350	10.8
648	-0.632117	188.499807	0.004090	7.8
649	-0.883258	188.348967	0.003750	7.7
650	-0.000000	188.198448	0.000000	8.8
651	-0.994104	188.048250	0.018791	7.6
652	-1.213461	187.898371	0.024602	10.8
653	-0.000000	187.748810	0.000000	8.8
654	-0.866632	187.599566	0.009662	7.4
655	-1.088006	187.450638	0.016813	7.7
656	-0.262067	187.302025	0.006259	7.5
657	-0.000000	187.153725	0.000000	11.0
658	-0.001430	187.005739	0.000092	7.7
659	-0.949645	186.858064	0.017202	9.1
660	-1.045969	186.710699	0.012873	7.5
661	-1.143818	186.563645	0.012703	8.5
662	-0.833909	186.416898	0.008832	11.2
663	-0.000025	186.270459	0.000003	9.5
664	-0.000000	186.124326	0.000000	8.4
665	-0.815907	185.978499	0.008814	7.7
666	-1.063461	185.832976	0.016523	7.7
667	-0.545327	185.687756	0.003141	12.4
668	-1.212881	185.542838	0.016061	8.8
669	-0.927088	185.398222	0.008794	7.7
670	-0.911859	185.253906	0.018295	8.7
671	-0.812592	185.109889	0.011084	9.2
672	-1.068068	184.966170	0.015523	11.0
673	-0.000000	184.822748	0.000000	7.9
674	-0.542708	184.679623	0.004914	9.3
675	-0.277590	184.536792	0.001825	8.6
676	-0.000000	184.394256	0.000000	11.4
677	-0.031705	184.252013	0.000814	8.7
678	-0.810919	184.110062	0.042209	8.0
679	-0.719430	183.968403	0.018881	8.2
680	-0.987235	183.827034	0.005946	8.3
681	-1.105909	183.685954	0.037455	12.6
682	-0.192556	183.545163	0.006184	7.9
683	-0.319772	183.404658	0.006868	8.2
684	-0.917413	183.264441	0.008252	7.5
685	-0.941787	183.124509	0.009418	8.3
686	-1.141718	182.984861	0.024659	12.5
687	-0.000449	182.845497	0.000009	7.4
688	-0.968971	182.706416	0.012419	8.9
689	-0.693680	182.567616	0.034480	7.6
690	-0.722476	182.429098	0.009677	10.4
691	-0.845333	182.290859	0.011234	9.3
692	-0.909831	182.152899	0.017478	9.1
693	-0.000000	182.015217	0.000000	7.5
694	-0.185107	181.877813	0.005512	8.2
695	-0.000035	181.740684	0.000015	10.6
696	-0.000000	181.603832	0.000000	7.5
697	-0.809020	181.467253	0.007381	8.9
698	-0.000000	181.330948	0.000000	8.3
699	-0.621359	181.194916	0.009050	8.3
700	-0.000000	181.059155	0.000000	11.2
701	-0.395598	180.923666	0.006216	8.9
702	-0.000000	180.788446	0.000000	7.1
703	-0.773794	180.653496	0.022019	8.4
704	-0.667427	180.518814	0.010677	7.6
705	-1.038522	180.384399	0.012020	11.5
706	-1.178078	180.250251	0.038618	8.0
707	-0.000000	180.116369	0.000000	9.4
708	-0.000000	179.982752	0.000000	7.7
709	-0.969335	179.849398	0.012494	7.6
710	-0.067580	179.716308	0.002648	11.5
711	-0.225344	179.583480	0.005344	7.6
712	-0.886881	179.450913	0.009683	9.2
713	-0.359496	179.318607	0.003731	7.9
714	-0.000000	179.186561	0.000000	7.5
715	-1.060267	179.054774	0.010097	11.3
716	-1.096551	178.923245	0.008255	8.9
717	-0.000304	178.791973	0.000055	7.5
718	-0.069528	178.660958	0.001960	7.6
719	-1.100123	178.530199	0.018414	7.5
720	-0.725290	178.399694	0.031019	11.5
721	-0.813840	178.269444	0.016083	8.3
722	-1.060084	178.139447	0.013807	9.1
723	-0.108059	178.009702	0.001420	7.6
724	-0.907318	177.880209	0.019634	8.6
725	-0.685659	177.750967	0.004906	12.7
726	-0.496871	177.621975	0.007179	7.5
727	-0.777136	177.493232	0.007152	9.0
728	-1.120509	177.364738	0.018339	7.6
729	-0.637741	177.236492	0.005173	8.1
730	-1.236935	177.108492	0.021924	11.3
731	-0.020996	176.980739	0.000576	9.3
732	-0.580241	176.853231	0.006443	7.6
733	-0.000000	176.725968	0.000000	7.5
734	-0.700167	176.598949	0.009389	9.2
735	-1.048864	176.472173	0.007819	10.9
736	-1.155863	176.345639	0.005835	9.1
737	-0.000000	176.219348	0.000000	8.2
738	-0.000284	176.093296	0.000073	8.3
739	-0.000000	175.967486	0.000000	10.6
740	-1.158517	175.841914	0.010711	9.1
741	-0.257190	175.716581	0.003837	7.5
742	-1.137976	175.591486	0.009803	8.4
743	-0.962954	175.466629	0.013857	7.5
744	-1.139526	175.342008	0.005934	11.3
745	-0.000460	175.217622	0.000095	7.6
746	-0.000743	175.093472	0.000102	8.7
747	-0.802755	174.969556	0.007577	7.6
748	-1.253885	174.845873	0.020954	7.5
749	-0.631716	174.722423	0.010580	10.4
750	-1.125121	174.599206	0.010098	8.5
751	-1.076233	174.476220	0.011804	9.9
752	-0.372859	174.353464	0.006222	8.0
753	-0.885574	174.230939	0.019204	9.6
754	-0.741546	174.108643	0.006356	11.1
755	-0.476035	173.986576	0.008767	9.1
756	-0.005277	173.864737	0.000646	7.2
757	-0.655421	173.743124	0.013820	8.7
758	-0.000252	173.621739	0.000053	9.0
759	-0.131663	173.500579	0.004132	9.5
760	-0.001229	173.379645	0.000393	7.8
761	-0.838091	173.258935	0.019819	8.6
762	-0.774274	173.138449	0.010934	7.9
763	-0.472332	173.018186	0.009661	10.9
764	-0.940130	172.898146	0.005202	9.8
765	-0.001223	172.778327	0.000416	7.5
766	-0.004526	172.658730	0.000557	7.7
767	-1.007334	172.539353	0.006999	8.0
768	-0.264175	172.420196	0.004090	11.6
769	-0.731392	172.301258	0.006462	7.6
770	-0.375924	172.182539	0.008134	8.9
771	-0.784181	172.064037	0.012955	7.7
772	-1.006359	171.945753	0.017257	8.3
773	-1.015105	171.827686	0.022473	11.0
774	-0.670648	171.709834	0.006876	7.5
775	-0.889469	171.592198	0.005481	7.5
776	-0.651832	171.474776	0.015477	9.1
777	-0.939129	171.357568	0.015817	7.4
778	-0.619493	171.240574	0.006544	10.0
779	-0.000000	171.123793	0.000000	9.2
780	-0.238218	171.007223	0.002848	8.1
781	-0.863991	170.890865	0.011964	7.6
782	-0.690901	170.774718	0.011423	7.5
783	-0.185506	170.658782	0.005366	11.6
784	-0.428936	170.543055	0.003448	7.6
785	-1.097589	170.427537	0.013942	9.0
786	-0.511694	170.312227	0.008303	7.5
787	-1.225603	170.197125	0.032649	8.6
788	-0.812775	170.082231	0.003612	12.0
789	-0.009226	169.967543	0.000526	8.9
790	-0.345948	169.853061	0.006011	7.6
791	-1.159901	169.738784	0.006180	8.3
792	-0.000000	169.624713	0.000000	8.3
793	-0.132521	169.510845	0.003959	11.3
794	-1.230380	169.397181	0.003909	9.3
795	-0.430038	169.283720	0.006646	7.5
796	-1.061419	169.170462	0.008097	7.5
797	-0.073667	169.057405	0.001510	7.5
798	-0.314246	168.944549	0.002882	13.1
799	-0.712150	168.831895	0.009291	7.5
800	-0.902805	168.719440	0.014270	9.4
801	-1.161360	168.607185	0.016253	7.5
802	-0.449632	168.495129	0.006004	9.9
803	-0.486325	168.383271	0.008359	12.1
804	-0.000000	168.271611	0.000000	7.6
805	-0.778301	168.160148	0.010338	8.3
806	-0.156300	168.048882	0.005525	7.5
807	-0.778153	167.937812	0.009413	10.0
808	-0.042605	167.826938	0.001851	7.9
809	-0.798300	167.716258	0.014349	8.8
810	-0.000000	167.605773	0.000000	7.5
811	-1.129872	167.495482	0.013067	7.5
812	-0.519660	167.385384	0.010777	10.4
813	-0.702139	167.275479	0.008859	9.0
814	-0.733368	167.165766	0.004046	8.4
815	-0.000000	167.056245	0.000000	7.4
816	-0.256252	166.946915	0.001983	8.4
817	-0.000000	166.837776	0.000000	12.4
818	-0.002605	166.728826	0.000165	8.4
819	-0.821668	166.620067	0.012390	8.3
820	-0.915539	166.511496	0.012960	7.7
821	-0.000000	166.403113	0.000000	7.5
822	-0.000000	166.294919	0.000000	11.2
823	-0.540704	166.186912	0.005179	7.5
824	-1.216473	166.079091	0.013161	9.1
825	-0.778685	165.971458	0.011173	7.5
826	-0.898823	165.864009	0.018045	7.6
827	-0.753045	165.756747	0.005842	11.3
828	-0.936549	165.649669	0.016113	9.3
829	-0.817045	165.542775	0.015919	7.6
830	-0.001456	165.436065	0.000220	7.5
831	-0.521286	165.329538	0.007377	7.9
832	-1.066091	165.223194	0.009925	12.0
833	-1.244748	165.117032	0.009890	7.6
834	-0.634315	165.011052	0.015700	9.9
835	-0.005112	164.905253	0.000994	8.6
836	-0.632240	164.799635	0.011083	7.5
837	-0.542946	164.694197	0.012608	11.6
838	-0.000300	164.588939	0.000098	7.5
839	-0.586861	164.483859	0.012252	8.9
840	-0.743641	164.378959	0.006045	7.5
841	-1.202173	164.274237	0.015861	7.7
842	-0.072784	164.169692	0.001690	10.4
843	-0.940150	164.065325	0.011151	8.8
844	-0.000000	163.961135	0.000000	7.4
845	-0.904465	163.857120	0.023909	7.6
846	-1.283352	163.753282	0.029332	7.5
847	-1.164632	163.649619	0.009021	10.9
848	-0.171262	163.546130	0.001341	8.2
849	-1.214036	163.442816	0.028561	9.4
850	-0.003535	163.339676	0.000643	7.5
851	-0.810093	163.236709	0.007692	8.3
852	-0.919098	163.133915	0.016508	11.1
853	-0.139927	163.031294	0.002479	7.6
854	-1.116717	162.928844	0.017832	7.7
855	-0.728277	162.826566	0.004357	9.5
856	-0.524642	162.724459	0.013222	8.4
857	-0.773269	162.622523	0.009611	11.5
858	-0.744990	162.520757	0.007634	8.7
859	-0.628078	162.419160	0.002346	7.5
860	-1.117763	162.317733	0.029372	7.5
861	-1.089795	162.216474	0.028769	8.0
862	-0.729303	162.115383	0.004174	12.2
863	-0.925185	162.014461	0.010940	7.5
864	-1.116354	161.913705	0.024446	9.3
865	-1.103406	161.813117	0.015954	7.6
866	-0.000045	161.712695	0.000003	10.9
867	-0.596840	161.612439	0.006096	10.2
868	-0.633568	161.512349	0.013812	7.6
869	-0.853904	161.412424	0.008131	8.5
870	-1.145084	161.312663	0.033680	7.4
871	-0.408678	161.213067	0.007067	10.6
872	-1.120182	161.113635	0.012852	7.5
873	-0.000000	161.014366	0.000000	8.9
874	-1.252324	160.915260	0.025480	7.5
875	-0.000000	160.816316	0.000000	7.9
876	-0.000000	160.717535	0.000000	11.1
877	-1.321528	160.618915	0.021620	8.8
878	-0.718978	160.520456	0.010135	7.6
879	-0.397028	160.422158	0.003100	7.6
880	-0.739343	160.324021	0.006917	7.5
881	-0.867695	160.226043	0.021576	12.0
882	-0.861904	160.128225	0.015620	8.8
883	-1.055986	160.030566	0.024013	8.1
884	-0.000000	159.933066	0.000000	8.7
885	-0.968943	159.835723	0.010313	8.3
886	-0.704943	159.738539	0.005816	12.4
887	-0.942442	159.641512	0.015719	7.5
888	-0.848742	159.544642	0.026254	9.1
889	-0.025081	159.447929	0.000726	7.4
890	-0.577948	159.351372	0.006771	7.9
891	-0.028076	159.254971	0.000183	12.8
892	-0.707896	159.158725	0.009122	8.2
893	-0.652385	159.062634	0.012441	7.5
894	-0.602973	158.966697	0.007741	8.2
895	-0.799269	158.870915	0.007589	10.8
896	-0.907366	158.775286	0.009236	14.5
897	-0.000000	158.679811	0.000000	10.0
898	-1.123517	158.584489	0.028318	10.3
899	-0.627832	158.489319	0.010537	12.2
900	-0.000014	158.394302	0.000002	7.4
901	-0.771128	158.299436	0.008834	9.4
902	-0.294879	158.204721	0.003244	9.6
903	-0.405720	158.110158	0.004062	9.3
904	-0.000000	158.015745	0.000000	11.2
905	-0.501792	157.921482	0.007204	10.5
906	-0.849663	157.827369	0.007603	8.6
907	-0.686079	157.733406	0.005497	7.7
908	-1.122232	157.639591	0.018571	15.1
909	-0.677588	157.545925	0.013135	10.1
910	-0.000000	157.452408	0.000000	10.4
911	-0.921749	157.359038	0.014852	9.8
912	-0.000000	157.265816	0.000000	12.0
913	-0.957062	157.172741	0.016541	9.2
914	-0.564139	157.079813	0.010887	10.9
915	-0.331525	156.987031	0.003929	9.9
916	-0.665329	156.894395	0.008533	13.9
917	-0.187742	156.801904	0.002015	10.9
918	-1.219250	156.709559	0.016218	10.4
919	-1.273326	156.617359	0.013859	7.5
920	-0.235885	156.525304	0.006179	10.6
921	-0.710281	156.433392	0.008283	12.4
922	-0.474336	156.341624	0.008289	10.0
923	-1.112216	156.250000	0.011136	10.5
924	-1.112208	156.158519	0.016812	12.7
925	-0.000000	156.067180	0.000000	8.2
926	-1.100042	155.975984	0.011532	11.1
927	-0.030531	155.884930	0.001412	10.2
928	-1.158743	155.794017	0.011255	13.6
929	-0.676048	155.703246	0.012728	11.5
930	-0.614816	155.612615	0.006815	9.5
931	-0.439188	155.522125	0.007471	8.5
932	-0.870902	155.431775	0.012177	11.4
933	-0.392745	155.341565	0.004245	12.0
934	-1.077632	155.251495	0.008091	10.1
935	-1.013962	155.161563	0.015185	10.7
936	-0.952761	155.071771	0.009996	13.8
937	-0.582814	154.982117	0.004214	10.6
938	-0.826064	154.892601	0.006818	10.2
939	-0.382967	154.803222	0.005612	10.1
940	-0.672155	154.713981	0.003665	12.5
941	-0.477429	154.624878	0.003657	10.2
942	-0.000000	154.535910	0.000000	12.0
943	-0.780384	154.447080	0.024150	7.7
944	-0.000000	154.358385	0.000000	12.3
945	-0.912479	154.269826	0.006074	10.7
946	-0.892400	154.181402	0.007555	12.7
947	-0.887346	154.093114	0.018638	9.9
948	-0.771399	154.004960	0.014167	13.0
949	-1.128993	153.916940	0.018124	12.4
950	-0.892663	153.829054	0.004642	11.1
951	-1.103002	153.741303	0.009418	9.6
952	-0.393023	153.653684	0.006949	11.8
953	-0.648071	153.566198	0.006694	9.1
954	-0.131752	153.478846	0.004203	10.4
955	-0.902325	153.391625	0.008744	8.1
956	-1.057457	153.304537	0.021992	9.2
957	-1.133555	153.217580	0.023170	13.4
958	-0.010687	153.130755	0.000734	11.1
959	-0.485351	153.044061	0.006209	9.6
960	-1.275688	152.957498	0.012755	13.8
961	-0.603197	152.871065	0.007839	11.5
962	-0.091855	152.784762	0.001450	11.3
963	-0.776752	152.698589	0.008499	10.8
964	-0.838963	152.612545	0.016152	12.4
965	-0.905904	152.526631	0.017219	9.8
966	-0.000000	152.440845	0.000000	9.7
967	-0.000000	152.355188	0.000000	12.2
968	-1.170503	152.269660	0.028011	10.7
969	-0.717284	152.184259	0.006107	7.5
970	-0.996424	152.098986	0.016865	10.6
971	-0.698633	152.013840	0.005373	10.4
972	-0.956894	151.928821	0.010630	12.4
973	-1.144104	151.843928	0.018417	11.2
974	-0.000000	151.759163	0.000000	10.1
975	-0.315197	151.674523	0.004846	10.7
976	-1.143263	151.590009	0.010073	12.6
977	-0.903318	151.505620	0.020318	7.6
978	-0.783235	151.421357	0.008959	10.7
979	-0.981460	151.337218	0.009761	9.4
980	-0.000000	151.253204	0.000000	8.6
981	-1.072784	151.169314	0.006705	13.0
982	-0.598672	151.085549	0.006526	10.7
983	-0.547430	151.001907	0.005763	11.0
984	-0.000000	150.918388	0.000000	11.7
985	-0.865961	150.834992	0.008905	12.6
986	-0.000000	150.751719	0.000000	9.7
987	-0.424682	150.668569	0.006751	9.3
988	-0.029994	150.585541	0.002080	8.6
989	-0.154955	150.502634	0.003238	9.8
990	-1.010987	150.419849	0.013800	7.7
991	-0.000086	150.337186	0.000033	10.3
992	-0.825921	150.254644	0.014918	8.9
993	-0.191913	150.172222	0.005559	11.6
994	-1.253943	150.089921	0.011058	10.6
995	-1.224651	150.007740	0.021485	9.9
996	-0.824427	149.925679	0.008012	7.5
997	-1.173536	149.843737	0.010242	10.8
998	-0.012376	149.761915	0.000543	11.1
999	-0.624687	149.680212	0.006205	10.5
1000	-1.134750	149.598627	0.024421	10.1
1001	-1.189938	149.517161	0.010383	12.1
1002	-1.033549	149.435814	0.010127	8.2
1003	-0.735705	149.354584	0.011434	7.5
1004	-1.000363	149.273472	0.015101	10.3
1005	-0.000000	149.192477	0.000000	10.4
1006	-1.176540	149.111599	0.014778	10.7
1007	-0.000000	149.030838	0.000000	9.2
1008	-0.991084	148.950194	0.009791	9.7
1009	-1.096350	148.869666	0.011323	7.5
1010	-0.000000	148.789253	0.000000	11.0
1011	-0.749033	148.708957	0.008574	10.7
1012	-0.622094	148.628776	0.010825	11.1
1013	-0.931053	148.548710	0.005678	10.0
1014	-0.896707	148.468759	0.010320	13.2
1015	-0.000000	148.388923	0.000000	10.6
1016	-0.655080	148.309201	0.009921	10.2
1017	-0.790808	148.229594	0.008835	9.9
1018	-0.605165	148.150100	0.004144	11.2
1019	-1.101986	148.070719	0.016249	8.1
1020	-0.768305	147.991452	0.011580	10.9
1021	-1.060647	147.912298	0.010309	9.8
1022	-0.881206	147.833257	0.009761	8.7
1023	-0.000000	147.754329	0.000000	13.0
1024	-0.972482	147.675512	0.018473	9.3
1025	-0.000000	147.596808	0.000000	10.5
1026	-0.094201	147.518216	0.002388	11.5
1027	-0.535719	147.439735	0.007152	12.5
1028	-0.849185	147.361365	0.015203	11.3
1029	-0.772455	147.283106	0.011324	10.7
1030	-0.674177	147.204958	0.011863	13.4
1031	-0.894332	147.126920	0.012515	8.4
1032	-1.182961	147.048993	0.011968	9.0
1033	-0.864248	146.971175	0.021320	9.7
1034	-0.835358	146.893468	0.009204	7.6
1035	-1.059985	146.815869	0.012877	13.7
1036	-0.584976	146.738380	0.007109	9.8
1037	-0.993157	146.661000	0.019985	8.7
1038	-0.000022	146.583729	0.000001	7.6
1039	-0.000000	146.506566	0.000000	13.0
1040	-1.100317	146.429511	0.014488	11.1
1041	-0.260206	146.352565	0.003359	7.5
1042	-0.690828	146.275726	0.012163	9.0
1043	-0.427141	146.198994	0.012768	11.6
1044	-0.000000	146.122370	0.000000	9.4
1045	-1.195714	146.045853	0.029769	7.6
1046	-0.590901	145.969442	0.005211	10.5
1047	-0.850749	145.893139	0.024508	8.8
1048	-0.000000	145.816941	0.000000	12.8
1049	-0.000000	145.740849	0.000000	10.7
1050	-0.052849	145.664863	0.001005	9.3
1051	-0.704932	145.588983	0.010059	7.9
1052	-0.888368	145.513208	0.003822	12.7
1053	-0.000002	145.437538	0.000000	9.8
1054	-0.000000	145.361973	0.000000	10.7
1055	-1.126786	145.286513	0.022965	9.8
1056	-1.232860	145.211157	0.018309	13.8
1057	-0.969290	145.135905	0.011771	10.6
1058	-0.812629	145.060757	0.006864	11.0
1059	-0.055492	144.985712	0.001955	9.5
1060	-1.064061	144.910771	0.006209	10.1
1061	-1.049971	144.835934	0.009107	9.5
1062	-1.043921	144.761199	0.006958	9.7
1063	-1.007893	144.686567	0.006989	8.4
1064	-0.462199	144.612037	0.005989	7.6
1065	-0.282993	144.537610	0.001961	14.7
1066	-0.042854	144.463285	0.000754	10.1
1067	-0.000000	144.389062	0.000000	10.0
1068	-0.530018	144.314940	0.005112	11.6
1069	-0.190607	144.240920	0.004994	13.4
1070	-0.521375	144.167001	0.006209	10.7
1071	-0.774815	144.093182	0.004230	9.8
1072	-0.000000	144.019465	0.000000	11.4
1073	-1.001842	143.945848	0.013349	8.3
1074	-0.388388	143.872331	0.006375	11.0
1075	-0.065384	143.798914	0.000693	9.8
1076	-0.003152	143.725597	0.000265	9.2
1077	-1.049302	143.652380	0.017137	10.4
1078	-1.020912	143.579262	0.016011	7.6
1079	-0.820936	143.506243	0.013272	9.8
1080	-0.054788	143.433323	0.001022	7.6
1081	-0.798543	143.360502	0.010622	13.5
1082	-1.089512	143.287780	0.013181	10.5
1083	-1.138318	143.215155	0.012176	9.6
1084	-1.185059	143.142629	0.011655	9.8
1085	-1.235880	143.070201	0.024248	11.6
1086	-0.008649	142.997870	0.000259	8.3
1087	-0.666360	142.925637	0.004263	8.9
1088	-0.063992	142.853501	0.003835	9.6
1089	-1.191445	142.781462	0.010863	9.3
1090	-1.114507	142.709519	0.007563	13.8
1091	-0.000000	142.637674	0.000000	10.3
1092	-0.620197	142.565924	0.009861	8.6
1093	-0.647114	142.494271	0.008197	7.6
1094	-1.049473	142.422714	0.007106	12.9
1095	-1.204494	142.351252	0.009109	10.4
1096	-1.319386	142.279886	0.023701	9.7
1097	-1.149848	142.208616	0.013831	10.0
1098	-0.826807	142.137440	0.007736	13.7
1099	-0.455774	142.066360	0.006305	9.7
1100	-0.000000	141.995374	0.000000	11.5
1101	-1.040137	141.924483	0.006858	9.9
1102	-1.047120	141.853685	0.011993	10.2
1103	-0.000000	141.782983	0.000000	10.4
1104	-0.996377	141.712373	0.008453	9.9
1105	-0.044057	141.641858	0.001382	7.6
1106	-1.318742	141.571436	0.010648	8.1
1107	-0.472940	141.501108	0.009780	16.8
1108	-0.562128	141.430872	0.008996	11.5
1109	-1.180936	141.360730	0.029161	10.8
1110	-1.169491	141.290680	0.009973	12.0
1111	-0.707827	141.220722	0.011014	8.1
1112	-0.000000	141.150857	0.000000	7.6
1113	-1.046623	141.081084	0.010570	10.3
1114	-0.583447	141.011403	0.009665	8.6
1115	-0.720861	140.941813	0.004970	12.8
1116	-0.076382	140.872315	0.003031	10.8
1117	-0.459428	140.802909	0.007356	9.6
1118	-0.171429	140.733593	0.003070	9.8
1119	-1.225883	140.664369	0.016080	12.9
1120	-0.033781	140.595235	0.000905	10.5
1121	-1.168973	140.526192	0.013296	10.0
1122	-0.792453	140.457239	0.005180	10.2
1123	-0.954194	140.388376	0.011402	12.0
1124	-0.913541	140.319603	0.013896	10.1
1125	-0.647725	140.250920	0.005714	9.8
1126	-0.004225	140.182326	0.000867	7.5
1127	-1.158470	140.113822	0.007953	12.0
1128	-0.665165	140.045407	0.009471	9.2
1129	-0.929111	139.977081	0.008000	10.5
1130	-0.000035	139.908844	0.000007	8.6
1131	-1.190614	139.840696	0.012045	9.3
1132	-0.000000	139.772635	0.000000	12.8
1133	-0.000000	139.704664	0.000000	10.2
1134	-1.116319	139.636780	0.022692	7.4
1135	-0.000000	139.568984	0.000000	8.7
1136	-1.115586	139.501276	0.006857	11.7
1137	-1.220955	139.433655	0.016373	8.7
1138	-0.832474	139.366122	0.006702	7.8
1139	-1.140513	139.298676	0.005920	8.4
1140	-0.894293	139.231317	0.019133	9.8
1141	-0.000000	139.164045	0.000000	9.0
1142	-0.000000	139.096859	0.000000	9.1
1143	-0.062917	139.029760	0.001401	7.8
1144	-1.098838	138.962747	0.016583	7.7
1145	-1.283458	138.895820	0.021957	10.3
1146	-1.008522	138.828978	0.014500	9.2
1147	-0.000000	138.762223	0.000000	7.5
1148	-0.000000	138.695553	0.000000	7.8
1149	-0.000000	138.628969	0.000000	7.6
1150	-0.020314	138.562469	0.001144	11.5
1151	-0.112544	138.496055	0.002364	7.5
1152	-0.059013	138.429725	0.000418	9.3
1153	-0.191387	138.363481	0.004528	7.5
1154	-0.897511	138.297320	0.008185	8.2
1155	-0.000003	138.231244	0.000001	11.2
1156	-0.302232	138.165252	0.004502	7.5
1157	-0.898360	138.099344	0.013183	7.6
1158	-0.143793	138.033520	0.003370	8.5
1159	-0.752618	137.967779	0.014538	7.7
1160	-0.405362	137.902122	0.004305	10.6
1161	-0.000000	137.836548	0.000000	9.3
1162	-0.926934	137.771057	0.002963	7.6
1163	-0.793498	137.705649	0.005980	7.4
1164	-0.930056	137.640324	0.016098	7.5
1165	-1.000162	137.575081	0.017628	11.6
1166	-0.000000	137.509921	0.000000	7.4
1167	-0.656586	137.444842	0.023715	8.8
1168	-0.608374	137.379846	0.005085	7.5
1169	-0.751866	137.314932	0.006536	8.0
1170	-0.000000	137.250100	0.000000	10.9
1171	-0.000000	137.185349	0.000000	9.1
1172	-0.085090	137.120680	0.000703	7.5
1173	-0.649620	137.056092	0.012190	9.2
1174	-1.104331	136.991585	0.020883	7.5
1175	-0.717191	136.927158	0.006456	12.3
1176	-0.748750	136.862813	0.014015	9.2
1177	-0.041502	136.798548	0.002553	7.7
1178	-0.315939	136.734363	0.004024	7.5
1179	-0.796122	136.670259	0.007651	8.5
1180	-0.243314	136.606235	0.002831	11.5
1181	-1.053220	136.542291	0.005721	7.5
1182	-0.093733	136.478426	0.001534	8.8
1183	-0.000000	136.414641	0.000000	7.5
1184	-1.036319	136.350936	0.011347	10.0
1185	-0.000000	136.287310	0.000000	9.3
1186	-1.184621	136.223763	0.030042	8.9
1187	-1.226597	136.160295	0.014352	7.5
1188	-0.596530	136.096905	0.005461	9.2
1189	-0.000000	136.033594	0.000000	11.8
1190	-1.086945	135.970362	0.012614	7.4
1191	-0.539254	135.907208	0.006860	9.2
1192	-0.842217	135.844133	0.008909	7.5
1193	-0.026873	135.781135	0.000903	7.5
1194	-1.120010	135.718215	0.008878	10.8
1195	-0.000144	135.655373	0.000036	8.7
1196	-0.232349	135.592608	0.004347	7.4
1197	-0.135752	135.529921	0.005924	7.9
1198	-0.000000	135.467311	0.000000	7.5
1199	-0.669245	135.404778	0.008382	11.6
1200	-0.502821	135.342322	0.005467	7.5
1201	-0.454943	135.279942	0.006219	9.5
1202	-0.650729	135.217640	0.009111	7.6
1203	-1.271795	135.155413	0.008381	8.2
1204	-0.990816	135.093263	0.018163	11.6
1205	-1.224805	135.031190	0.010832	8.3
1206	-0.659229	134.969192	0.011854	8.6
1207	-0.026724	134.907270	0.000951	8.0
1208	-1.090633	134.845424	0.006471	8.4
1209	-0.734777	134.783653	0.009439	12.4
1210	-0.871879	134.721958	0.019031	8.9
1211	-1.233726	134.660338	0.007383	7.6
1212	-0.001430	134.598793	0.000107	7.5
1213	-0.774322	134.537323	0.012924	8.4
1214	-0.663304	134.475927	0.005250	12.1
1215	-0.821434	134.414607	0.009912	8.9
1216	-0.000720	134.353361	0.000220	8.1
1217	-0.611458	134.292189	0.005257	8.3
1218	-1.172022	134.231092	0.011365	10.1
1219	-0.558603	134.170068	0.008319	9.4
1220	-1.159223	134.109119	0.010948	7.6
1221	-1.071849	134.048243	0.007954	8.2
1222	-1.054713	133.987441	0.005757	7.5
1223	-0.570036	133.926713	0.006431	10.7
1224	-0.636265	133.866057	0.005522	7.5
1225	-1.150271	133.805475	0.006348	9.0
1226	-0.357904	133.744966	0.002912	7.5
1227	-1.238119	133.684530	0.007584	8.5
1228	-0.664789	133.624167	0.007807	12.0
1229	-1.201813	133.563877	0.017345	8.1
1230	-0.000000	133.503658	0.000000	7.5
1231	-0.949567	133.443513	0.014857	8.7
1232	-0.849963	133.383439	0.009845	8.3
1233	-0.646325	133.323437	0.010324	11.2
1234	-0.494227	133.263508	0.005816	8.7
1235	-1.142366	133.203650	0.008242	8.0
1236	-0.000000	133.143864	0.000000	8.7
1237	-0.000000	133.084149	0.000000	8.6
1238	-1.262948	133.024506	0.023973	11.3
1239	-0.302975	132.964934	0.004238	8.4
1240	-0.000164	132.905433	0.000034	8.3
1241	-0.132140	132.846003	0.004627	7.6
1242	-1.259616	132.786643	0.014323	8.7
1243	-0.000000	132.727355	0.000000	11.4
1244	-0.765306	132.668137	0.008875	7.5
1245	-0.867059	132.608989	0.011326	9.1
1246	-1.194890	132.549912	0.008312	7.5
1247	-1.087168	132.490904	0.011696	9.6
1248	-0.000000	132.431967	0.000000	10.0
1249	-1.073199	132.373100	0.008552	8.9
1250	-0.000000	132.314302	0.000000	7.6
1251	-1.182345	132.255574	0.010430	8.6
1252	-0.848585	132.196916	0.008296	10.8
1253	-0.055792	132.138326	0.000852	8.8
1254	-0.000000	132.079806	0.000000	8.8
1255	-0.297434	132.021355	0.003560	7.9
1256	-0.926820	131.962973	0.006833	7.6
1257	-0.477498	131.904660	0.006986	11.3
1258	-1.147183	131.846415	0.011016	8.7
1259	-0.034656	131.788239	0.000759	7.5
1260	-0.883815	131.730131	0.011190	7.6
1261	-0.078799	131.672092	0.001359	7.5
1262	-0.170471	131.614121	0.003343	11.1
1263	-0.794636	131.556217	0.006342	7.8
1264	-0.000000	131.498382	0.000000	8.9
1265	-0.609161	131.440614	0.006307	7.5
1266	-0.000006	131.382914	0.000003	8.4
1267	-0.796462	131.325282	0.009160	11.1
1268	-0.722373	131.267717	0.012460	7.6
1269	-1.042952	131.210219	0.027647	7.5
1270	-0.799447	131.152788	0.006037	8.7
1271	-1.305975	131.095424	0.020340	7.9
1272	-0.002649	131.038127	0.000121	10.8
1273	-0.807783	130.980897	0.013485	9.1
1274	-0.037853	130.923733	0.001482	7.4
1275	-0.990628	130.866636	0.015262	7.5
1276	-0.895448	130.809605	0.009586	7.5
1277	-0.743797	130.752641	0.005012	11.1
1278	-0.810890	130.695742	0.012722	7.7
1279	-1.160652	130.638910	0.021569	9.0
1280	-0.498792	130.582143	0.007505	7.6
1281	-0.950763	130.525442	0.016834	8.3
1282	-1.090617	130.468807	0.010980	10.9
1283	-0.632323	130.412237	0.004313	9.2
1284	-0.611922	130.355733	0.004805	7.6
1285	-0.159656	130.299294	0.004641	9.1
1286	-0.745995	130.242920	0.014603	7.5
1287	-0.518998	130.186611	0.009321	11.8
1288	-1.138349	130.130366	0.008397	8.9
1289	-0.748370	130.074187	0.009942	9.1
1290	-1.014375	130.018072	0.003728	7.5
1291	-0.155070	129.962022	0.004170	7.6
1292	-0.132793	129.906036	0.005277	11.9
1293	-0.000001	129.850114	0.000000	7.5
1294	-1.057065	129.794257	0.008366	9.0
1295	-1.012835	129.738463	0.012003	7.6
1296	-1.065783	129.682734	0.017283	8.2
1297	-0.101459	129.627068	0.002333	10.9
1298	-1.025420	129.571466	0.017422	7.6
1299	-0.880495	129.515927	0.018878	7.6
1300	-0.010656	129.460452	0.001083	9.5
1301	-0.456263	129.405040	0.007201	7.6
1302	-0.736586	129.349692	0.011658	10.7
1303	-0.425919	129.294406	0.004611	9.1
1304	-0.337683	129.239183	0.005518	8.2
1305	-0.405199	129.184024	0.002683	7.8
1306	-0.040240	129.128927	0.001106	7.5
1307	-0.323228	129.073892	0.004529	11.5
1308	-1.094818	129.018921	0.010672	7.5
1309	-0.859202	128.964011	0.004479	10.3
1310	-1.100126	128.909164	0.007193	7.6
1311	-0.772740	128.854379	0.008720	9.0
1312	-1.265579	128.799656	0.026032	13.2
1313	-1.110421	128.744995	0.012517	8.4
1314	-1.204273	128.690396	0.044075	8.5
1315	-0.597566	128.635858	0.004707	7.4
1316	-1.129020	128.581382	0.008794	9.6
1317	-0.502586	128.526968	0.005301	9.2
1318	-0.481199	128.472615	0.004280	9.6
1319	-0.996094	128.418323	0.005626	7.7
1320	-0.000487	128.364092	0.000066	7.5
1321	-1.279617	128.309922	0.026224	10.6
1322	-0.000000	128.255814	0.000000	8.8
1323	-0.940442	128.201766	0.018660	7.6
1324	-0.353932	128.147778	0.005832	7.5
1325	-0.450074	128.093852	0.004459	7.6
1326	-1.192881	128.039985	0.026728	11.5
1327	-0.738464	127.986180	0.011831	9.2
1328	-0.083180	127.932434	0.003160	8.2
1329	-0.152433	127.878749	0.003917	8.3
1330	-0.278932	127.825123	0.002030	7.5
1331	-0.462291	127.771558	0.007291	11.5
1332	-0.749008	127.718052	0.007827	7.6
1333	-0.000000	127.664606	0.000000	8.8
1334	-0.981403	127.611220	0.007619	7.5
1335	-0.000000	127.557893	0.000000	7.6
1336	-0.000000	127.504625	0.000000	10.3
1337	-0.000000	127.451417	0.000000	9.5
1338	-0.100340	127.398268	0.001560	7.6
1339	-0.824362	127.345178	0.007564	7.8
1340	-0.115443	127.292147	0.000895	7.5
1341	-0.058993	127.239175	0.000773	11.9
1342	-1.300164	127.186261	0.021759	7.7
1343	-0.137885	127.133407	0.003895	10.3
1344	-0.990713	127.080610	0.011293	8.6
1345	-0.872878	127.027872	0.011132	7.6
1346	-0.618306	126.975193	0.008075	12.5
1347	-0.237550	126.922572	0.002457	8.0
1348	-0.838549	126.870008	0.007767	8.8
1349	-0.000000	126.817503	0.000000	7.5
1350	-0.000008	126.765056	0.000002	8.3
1351	-1.113635	126.712667	0.005275	12.1
1352	-0.622982	126.660335	0.012542	8.2
1353	-0.667485	126.608061	0.005792	7.6
1354	-0.809517	126.555844	0.009446	7.5
1355	-0.469102	126.503685	0.004236	10.2
1356	-0.313344	126.451583	0.006715	9.9
1357	-1.165625	126.399538	0.025562	9.2
1358	-0.920323	126.347550	0.014440	7.5
1359	-0.727855	126.295619	0.008105	8.2
1360	-0.951595	126.243745	0.003323	10.2
1361	-0.206480	126.191928	0.003508	7.9
1362	-0.501158	126.140168	0.004731	7.6
1363	-0.019085	126.088464	0.000439	9.2
1364	-0.010680	126.036817	0.000611	7.6
1365	-0.610200	125.985226	0.006713	10.9
1366	-1.275482	125.933691	0.009226	7.6
1367	-0.844771	125.882212	0.004625	8.7
1368	-1.226640	125.830790	0.015266	7.9
1369	-0.351005	125.779423	0.004715	7.6
1370	-0.000000	125.728113	0.000000	12.2
1371	-0.208546	125.676858	0.004670	8.1
1372	-1.171953	125.625659	0.014603	9.0
1373	-1.065613	125.574515	0.013317	7.6
1374	-1.089727	125.523427	0.009590	8.6
1375	-0.119314	125.472394	0.001722	11.5
1376	-0.000000	125.421417	0.000000	9.1
1377	-1.180062	125.370495	0.019533	8.3
1378	-0.904707	125.319628	0.014307	9.3
1379	-0.000000	125.268815	0.000000	7.6
1380	-1.271896	125.218058	0.022353	12.6
1381	-0.660918	125.167356	0.008193	9.6
1382	-1.080177	125.116708	0.046798	7.6
1383	-0.856873	125.066115	0.014745	7.5
1384	-1.284545	125.015576	0.008027	8.9
1385	-0.017340	124.965092	0.001688	10.8
1386	-0.636238	124.914662	0.005657	8.0
1387	-0.793543	124.864287	0.011994	10.2
1388	-0.922891	124.813965	0.008267	8.2
1389	-0.756765	124.763698	0.004787	11.0
1390	-0.008367	124.713485	0.000148	8.7
1391	-0.739640	124.663325	0.003780	7.6
1392	-1.146753	124.613219	0.013084	7.8
1393	-1.169777	124.563167	0.020265	7.9
1394	-0.387361	124.513168	0.005355	10.9
1395	-0.347408	124.463223	0.007115	7.6
1396	-0.951611	124.413332	0.022788	8.7
1397	-0.000002	124.363493	0.000001	7.5
1398	-0.590753	124.313708	0.008975	7.6
1399	-0.200642	124.263976	0.005884	10.6
1400	-1.012818	124.214297	0.018989	9.5
1401	-0.789053	124.164671	0.004859	7.6
1402	-0.096431	124.115097	0.002147	7.5
1403	-0.752229	124.065577	0.017167	7.6
1404	-0.752277	124.016109	0.006647	12.2
1405	-0.613921	123.966693	0.011184	9.0
1406	-0.000000	123.917330	0.000000	8.1
1407	-0.795447	123.868020	0.009366	8.5
1408	-0.410440	123.818762	0.004008	7.5
1409	-0.223463	123.769556	0.003155	12.6
1410	-0.681422	123.720402	0.011459	8.3
1411	-0.000460	123.671300	0.000171	9.2
1412	-1.249990	123.622250	0.017477	7.5
1413	-1.105666	123.573252	0.018964	8.8
1414	-0.000000	123.524305	0.000000	11.5
1415	-0.889176	123.475411	0.007444	8.2
1416	-0.000000	123.426568	0.000000	7.6
1417	-0.827256	123.377776	0.007239	7.6
1418	-1.354804	123.329036	0.006369	10.8
1419	-1.239695	123.280347	0.012045	8.4
1420	-0.011061	123.231709	0.001672	9.1
1421	-1.288402	123.183122	0.030049	7.8
1422	-1.199472	123.134587	0.022891	8.6
1423	-0.000000	123.086102	0.000000	11.3
1424	-0.789695	123.037669	0.014664	9.1
1425	-0.894771	122.989286	0.004316	7.6
1426	-0.193698	122.940954	0.006114	8.3
1427	-0.399730	122.892672	0.004022	7.6
1428	-0.560757	122.844441	0.009813	11.3
1429	-0.000000	122.796261	0.000000	8.4
1430	-0.000000	122.748130	0.000000	8.2
1431	-0.827718	122.700050	0.009061	8.7
1432	-0.000000	122.652021	0.000000	7.5
1433	-0.546828	122.604041	0.008186	12.2
1434	-0.696671	122.556111	0.006544	7.6
1435	-0.975310	122.508232	0.007267	9.2
1436	-1.144855	122.460402	0.012556	7.6
1437	-1.175615	122.412622	0.010107	9.4
1438	-0.849448	122.364891	0.011815	12.7
1439	-0.000000	122.317210	0.000000	8.0
1440	-1.155994	122.269579	0.007988	8.3
1441	-0.647595	122.221997	0.004373	7.4
1442	-0.000000	122.174465	0.000000	10.0
1443	-1.118275	122.126981	0.015183	8.0
1444	-0.877703	122.079547	0.012114	9.2
1445	-1.146518	122.032162	0.026675	7.9
1446	-0.000000	121.984826	0.000000	7.5
1447	-0.000000	121.937539	0.000000	10.7
1448	-1.019356	121.890301	0.011065	9.6
1449	-0.000027	121.843112	0.000006	7.9
1450	-0.000000	121.795971	0.000000	7.8
1451	-1.003633	121.748879	0.006663	7.6
1452	-0.000000	121.701835	0.000000	12.4
1453	-0.563449	121.654840	0.010692	9.4
1454	-0.960166	121.607893	0.013243	8.4
1455	-0.434391	121.560994	0.006982	8.2
1456	-0.842550	121.514144	0.015829	7.5
1457	-0.246800	121.467342	0.005022	12.5
1458	-0.515994	121.420588	0.005975	8.1
1459	-0.436819	121.373882	0.006697	9.4
1460	-0.000000	121.327223	0.000000	8.1
1461	-1.058599	121.280613	0.006451	9.3
1462	-0.389339	121.234050	0.009022	11.2
1463	-0.000000	121.187535	0.000000	7.7
1464	-1.068088	121.141067	0.013830	8.9
1465	-0.078441	121.094647	0.002737	8.5
1466	-0.333163	121.048274	0.004919	12.8
1467	-0.977535	121.001949	0.006371	9.0
1468	-0.865516	120.955671	0.016782	8.4
1469	-0.886361	120.909440	0.016545	8.4
1470	-0.770844	120.863256	0.015886	7.5
1471	-0.840096	120.817119	0.019701	11.7
1472	-0.573724	120.771029	0.008297	7.5
1473	-1.091208	120.724986	0.011979	8.7
1474	-1.112151	120.678990	0.012418	7.8
1475	-1.203584	120.633040	0.008340	8.3
1476	-0.992249	120.587137	0.010413	10.9
1477	-1.216068	120.541281	0.009495	9.1
1478	-0.386090	120.495471	0.004375	7.6
1479	-0.033353	120.449707	0.000680	7.5
1480	-0.702464	120.403990	0.008978	7.7
1481	-0.805168	120.358319	0.011833	11.9
1482	-1.086936	120.312694	0.019857	9.1
1483	-0.293434	120.267115	0.003228	8.2
1484	-0.841137	120.221582	0.010131	8.3
1485	-1.202007	120.176096	0.005569	7.5
1486	-0.462879	120.130655	0.007744	11.2
1487	-0.798690	120.085260	0.009663	7.5
1488	-1.274351	120.039910	0.024237	8.8
1489	-0.008623	119.994606	0.000500	7.5
1490	-0.870273	119.949348	0.007451	7.5
1491	-0.972799	119.904135	0.008703	10.5
1492	-1.038546	119.858968	0.009807	9.1
1493	-0.899973	119.813846	0.008693	8.3
1494	-0.647595	119.768769	0.012371	8.3
1495	-0.821563	119.723738	0.008623	7.5
1496	-0.186778	119.678752	0.004219	12.2
1497	-0.006785	119.633810	0.000843	9.4
1498	-0.031918	119.588914	0.000248	7.6
1499	-0.457052	119.544062	0.009396	8.3
1500	-0.327083	119.499256	0.003449	8.4
1501	-1.208027	119.454494	0.036769	12.5
1502	-1.204138	119.409777	0.011875	7.6
1503	-0.474761	119.365104	0.005289	9.5
1504	-0.641465	119.320476	0.006334	7.8
1505	-0.000000	119.275893	0.000000	9.3
1506	-0.000000	119.231353	0.000000	11.5
1507	-0.535578	119.186859	0.005019	8.2
1508	-0.000000	119.142408	0.000000	7.5
1509	-0.946543	119.098002	0.015421	7.5
1510	-1.155955	119.053639	0.014964	10.9
1511	0.000000	119.009321	0.000000	7.8
1512	-0.682053	118.965047	0.004505	9.6
1513	-0.951653	118.920816	0.019432	7.5
1514	-0.000000	118.876630	0.000000	8.2
1515	-0.000000	118.832487	0.000000	11.6
1516	-0.006104	118.788388	0.000740	9.0
1517	-1.185882	118.744332	0.011679	7.7
1518	-0.602298	118.700320	0.007157	8.3
1519	-0.000000	118.656352	0.000000	8.9
1520	-0.523009	118.612427	0.004421	13.6
1521	-0.962896	118.568545	0.012236	9.3
1522	-1.165815	118.524706	0.019425	7.5
1523	-0.634249	118.480911	0.006465	8.3
1524	-0.000000	118.437159	0.000000	11.2
1525	-0.000000	118.393450	0.000000	7.8
1526	-0.628366	118.349784	0.006283	8.0
1527	-0.846120	118.306160	0.006269	8.3
1528	-0.559400	118.262580	0.006235	8.4
1529	-0.948254	118.219042	0.006998	11.3
1530	-1.003606	118.175548	0.010588	8.8
1531	-1.093494	118.132095	0.007749	7.8
1532	-0.000000	118.088686	0.000000	8.5
1533	-0.023950	118.045319	0.001844	7.5
1534	-0.583774	118.001994	0.009810	11.3
1535	-1.061036	117.958712	0.013998	7.5
1536	-0.668387	117.915472	0.008325	9.2
1537	-0.833907	117.872274	0.005181	8.3
1538	-0.000000	117.829118	0.000000	7.6
1539	-0.000000	117.786005	0.000000	12.2
1540	-1.033821	117.742933	0.003860	7.6
1541	-0.000000	117.699904	0.000000	9.3
1542	-0.000003	117.656916	0.000001	7.9
1543	-0.592724	117.613971	0.006067	8.6
1544	-0.680904	117.571067	0.009017	11.7
1545	-0.795765	117.528205	0.006698	9.0
1546	-0.224716	117.485384	0.003405	7.6
1547	-0.587314	117.442605	0.005964	8.2
1548	-0.035085	117.399867	0.001401	7.5
1549	-0.000000	117.357171	0.000000	11.0
1550	-1.109188	117.314517	0.014637	8.2
1551	-1.150347	117.271903	0.008190	9.0
1552	-1.202628	117.229331	0.010790	7.4
1553	-0.055627	117.186800	0.000680	7.5
1554	-0.000023	117.144311	0.000005	11.9
1555	-0.985765	117.101862	0.010255	7.5
1556	-0.752803	117.059454	0.014017	8.8
1557	-0.566907	117.017087	0.006914	7.5
1558	-0.727903	116.974762	0.008687	7.6
1559	-1.119062	116.932476	0.017737	10.5
1560	-0.542210	116.890232	0.003160	9.1
1561	-1.050487	116.848028	0.018137	7.5
1562	-1.130488	116.805865	0.010487	8.6
1563	-0.503716	116.763743	0.006913	8.3
1564	-1.232166	116.721661	0.020230	13.6
1565	-0.847902	116.679619	0.008312	9.5
1566	-0.000012	116.637618	0.000003	7.5
1567	-1.097992	116.595657	0.006987	7.6
1568	-0.947498	116.553736	0.006908	9.5
1569	-1.054540	116.511855	0.010589	10.6
1570	-1.227868	116.470015	0.007871	7.5
1571	-0.000000	116.428214	0.000000	8.9
1572	-1.012428	116.386454	0.012144	7.6
1573	-0.080177	116.344733	0.000602	11.7
1574	-1.021566	116.303052	0.008114	8.8
1575	-0.189400	116.261412	0.003585	8.3
1576	-0.000000	116.219810	0.000000	8.2
1577	-0.218993	116.178249	0.004556	8.2
1578	-1.332852	116.136727	0.010713	12.5
1579	-0.136202	116.095245	0.002953	7.5
1580	-0.854667	116.053802	0.006885	8.7
1581	-1.134937	116.012398	0.014600	7.5
1582	-1.151599	115.971034	0.007425	7.6
1583	-0.820824	115.929710	0.015035	12.2
1584	-1.098418	115.888424	0.014065	8.7
1585	-0.798187	115.847178	0.012872	7.6
1586	-0.249415	115.805970	0.005100	7.6
1587	-0.812865	115.764802	0.009217	8.6
1588	-0.521832	115.723673	0.001750	12.3
1589	-0.676143	115.682583	0.009377	8.8
1590	-0.886862	115.641532	0.009603	7.9
1591	-0.000908	115.600519	0.000199	8.3
1592	-0.769931	115.559546	0.004263	8.9
1593	-0.000001	115.518610	0.000000	10.0
1594	-0.751625	115.477714	0.007736	7.6
1595	-0.701876	115.436856	0.014570	9.1
1596	-0.000000	115.396037	0.000000	7.5
1597	-1.041312	115.355256	0.014743	9.4
1598	-0.042162	115.314514	0.001816	9.7
1599	-0.070015	115.273810	0.003484	9.1
1600	-1.060779	115.233144	0.013463	7.5
1601	-0.600989	115.192517	0.005455	7.8
1602	-0.825668	115.151927	0.008697	11.2
1603	-0.569761	115.111376	0.008588	7.9
1604	-0.815628	115.070863	0.013211	9.2
1605	-0.659452	115.030388	0.004591	7.5
1606	-0.628435	114.989951	0.007356	8.2
1607	-0.000001	114.949551	0.000001	11.3
1608	-0.000476	114.909190	0.000162	9.2
1609	-0.708834	114.868866	0.004086	7.5
1610	-0.000000	114.828580	0.000000	8.6
1611	-0.537532	114.788332	0.004702	7.5
1612	-0.045291	114.748121	0.003191	11.9
1613	-0.258083	114.707948	0.002951	8.7
1614	-0.000377	114.667812	0.000085	8.7
1615	-0.798654	114.627714	0.038287	8.3
1616	-1.144157	114.587653	0.022719	8.3
1617	-0.815090	114.547629	0.011258	12.9
1618	-0.826168	114.507643	0.011620	7.5
1619	-0.921802	114.467693	0.022785	9.2
1620	-0.377448	114.427781	0.004599	7.6
1621	-0.579909	114.387907	0.005710	9.7
1622	-1.102139	114.348069	0.010284	11.3
1623	-0.697235	114.308268	0.004860	7.8
1624	-1.187230	114.268504	0.009515	8.6
1625	-0.719306	114.228777	0.009375	7.6
1626	-0.668646	114.189086	0.010855	10.2
1627	-0.297032	114.149433	0.001978	7.9
1628	-0.000000	114.109816	0.000000	9.0
1629	-0.002379	114.070235	0.000380	7.5
1630	-0.425399	114.030692	0.011802	7.5
1631	-0.973774	113.991185	0.008734	10.6
1632	-0.941483	113.951714	0.008386	9.2
1633	-1.234335	113.912280	0.009309	7.6
1634	-0.000000	113.872882	0.000000	7.5
1635	-1.052364	113.833521	0.007707	7.7
1636	-0.796470	113.794195	0.006376	11.5
1637	-0.000000	113.754906	0.000000	7.6
1638	-0.567579	113.715653	0.008410	9.0
1639	-1.039562	113.676437	0.012336	7.7
1640	-0.000000	113.637256	0.000000	8.3
1641	-0.000095	113.598111	0.000021	11.5
1642	-0.000000	113.559002	0.000000	7.6
1643	-1.291473	113.519929	0.028152	8.8
1644	-0.532531	113.480892	0.003872	7.5
1645	-0.000000	113.441891	0.000000	7.6
1646	-0.921646	113.402925	0.005355	10.4
1647	-0.754571	113.363995	0.011291	9.0
1648	-0.962971	113.325101	0.008242	7.5
1649	-0.716025	113.286242	0.009313	7.6
1650	-0.000000	113.247419	0.000000	7.5
1651	-0.197356	113.208631	0.003476	11.3
1652	-0.749195	113.169879	0.025319	7.6
1653	-0.002515	113.131162	0.000438	9.8
1654	-0.233736	113.092480	0.004167	7.5
1655	-0.000000	113.053833	0.000000	8.4
1656	-0.833301	113.015222	0.008336	12.9
1657	-1.000855	112.976646	0.008631	7.6
1658	-1.150626	112.938105	0.005155	9.2
1659	-0.597465	112.899599	0.015353	7.6
1660	-0.329094	112.861128	0.006453	8.4
1661	-1.120341	112.822692	0.011400	10.6
1662	-0.539065	112.784291	0.014463	9.3
1663	-0.000000	112.745924	0.000000	7.6
1664	-0.647141	112.707593	0.005831	7.8
1665	-0.074917	112.669296	0.002706	9.6
1666	-0.893901	112.631034	0.014543	10.5
1667	-0.000000	112.592806	0.000000	8.7
1668	-0.000000	112.554613	0.000000	8.4
1669	-0.888555	112.516455	0.013782	8.9
1670	-0.480243	112.478331	0.005715	11.9
1671	-0.000004	112.440241	0.000001	9.0
1672	-0.575696	112.402186	0.012318	7.5
1673	-0.000001	112.364165	0.000000	8.3
1674	-0.000131	112.326179	0.000030	7.6
1675	-0.551104	112.288227	0.006253	12.6
1676	-0.621277	112.250309	0.011430	8.9
1677	-1.058778	112.212425	0.010616	7.6
1678	-0.748322	112.174575	0.011973	7.5
1679	-0.000013	112.136759	0.000001	8.0
1680	-0.618090	112.098977	0.004886	11.8
1681	-0.053196	112.061229	0.002237	7.5
1682	-1.268519	112.023515	0.016613	9.2
1683	-0.981959	111.985834	0.010129	7.7
1684	-0.743513	111.948188	0.012328	8.4
1685	-0.726786	111.910575	0.014019	11.3
1686	-0.000000	111.872996	0.000000	9.7
1687	-0.036632	111.835450	0.001147	8.2
1688	-0.423190	111.797939	0.006243	7.8
1689	-0.000000	111.760460	0.000000	7.6
1690	-1.318660	111.723015	0.013884	12.7
1691	-0.000000	111.685604	0.000000	8.7
1692	-0.321788	111.648226	0.004569	7.5
1693	-1.110744	111.610881	0.011046	7.6
1694	-0.000000	111.573570	0.000000	8.0
1695	-0.989426	111.536292	0.010637	12.9
1696	-0.000000	111.499047	0.000000	7.7
1697	-0.000000	111.461835	0.000000	9.5
1698	-0.000000	111.424656	0.000000	7.9
1699	-0.000000	111.387510	0.000000	10.8
1700	-0.000000	111.350398	0.000000	9.3
1701	-0.938484	111.313318	0.009886	7.6
1702	-0.362285	111.276271	0.004091	8.3
1703	-0.005520	111.239257	0.000574	7.6
1704	-0.468191	111.202276	0.005688	11.0
1705	-0.922239	111.165328	0.007920	7.7
1706	-0.715684	111.128412	0.002830	8.6
1707	-1.109857	111.091529	0.015037	7.5
1708	-0.068118	111.054679	0.003105	7.6
1709	-0.000000	111.017861	0.000000	11.3
1710	-0.372262	110.981076	0.004766	9.0
1711	-0.142445	110.944323	0.002579	7.6
1712	-0.895622	110.907603	0.011565	7.6
1713	-0.000000	110.870915	0.000000	7.6
1714	-1.316197	110.834259	0.012324	11.9
1715	-0.443735	110.797636	0.008232	8.9
1716	-0.947378	110.761045	0.008388	9.0
1717	-0.066106	110.724486	0.002094	8.3
1718	-1.161977	110.687959	0.010007	7.6
1719	-0.623151	110.651465	0.007115	12.3
1720	-1.104958	110.615002	0.024163	7.6
1721	-0.570021	110.578572	0.007585	9.6
1722	-0.000000	110.542173	0.000000	7.6
1723	-0.723610	110.505807	0.008031	8.5
1724	-0.009466	110.469472	0.000946	11.8
1725	-0.873108	110.433169	0.027343	8.3
1726	-0.917407	110.396898	0.007505	7.6
1727	-0.000000	110.360659	0.000000	7.5
1728	-0.000000	110.324451	0.000000	10.1
1729	-1.059722	110.288276	0.013941	9.9
1730	-0.602944	110.252131	0.005028	9.0
1731	-0.512967	110.216019	0.007445	7.6
1732	-0.800216	110.179937	0.006571	8.3
1733	-0.912813	110.143888	0.010804	9.9
1734	-0.451304	110.107869	0.002652	8.1
1735	-0.981258	110.071882	0.009895	7.6
1736	-0.772767	110.035927	0.007691	8.9
1737	-0.532731	110.000003	0.005394	7.5
1738	-1.023650	109.964110	0.006175	10.5
1739	-1.027383	109.928248	0.017141	7.6
1740	-0.471016	109.892417	0.006366	8.8
1741	-0.693164	109.856618	0.011743	7.7
1742	-0.649808	109.820850	0.006761	7.5
1743	-0.000000	109.785112	0.000000	11.0
1744	-0.451003	109.749406	0.008582	7.7
1745	-0.979196	109.713730	0.014058	7.5
1746	-0.859884	109.678086	0.008465	9.2
1747	-0.446953	109.642472	0.004031	8.2
1748	-0.824446	109.606890	0.006359	11.7
1749	-0.000000	109.571337	0.000000	9.2
1750	-0.676686	109.535816	0.010702	7.9
1751	-0.716117	109.500326	0.005181	8.4
1752	-0.632553	109.464866	0.004921	7.6
1753	-1.156648	109.429436	0.015586	11.9
1754	-0.120314	109.394038	0.004874	7.7
1755	-0.952683	109.358669	0.011047	9.2
1756	-0.036548	109.323331	0.000760	7.5
1757	-0.332847	109.288024	0.005568	8.8
1758	-1.072796	109.252747	0.007294	12.3
1759	-1.002057	109.217501	0.008401	7.5
1760	-0.000000	109.182284	0.000000	9.1
1761	-0.685609	109.147098	0.012238	7.5
1762	-0.970388	109.111942	0.016564	8.5
1763	-1.097877	109.076817	0.006317	12.4
1764	-0.501463	109.041721	0.004967	7.6
1765	-0.000000	109.006656	0.000000	7.5
1766	-1.202777	108.971620	0.006518	9.1
1767	-0.680526	108.936615	0.006224	7.6
1768	-0.548367	108.901640	0.005601	11.6
1769	-0.000159	108.866694	0.000052	9.4
1770	-0.424215	108.831779	0.005269	7.4
1771	-1.012506	108.796893	0.013555	7.5
1772	-0.000000	108.762037	0.000000	7.4
1773	-0.965695	108.727211	0.013558	11.5
1774	-0.788739	108.692415	0.007517	7.5
1775	-0.000000	108.657648	0.000000	8.7
1776	-0.781969	108.622911	0.008697	7.6
1777	-0.019506	108.588203	0.000201	8.1
1778	-1.032045	108.553525	0.009718	10.9
1779	-0.000000	108.518877	0.000000	9.0
1780	-0.144552	108.484258	0.002800	7.5
1781	-0.732958	108.449668	0.005924	7.7
1782	-1.037434	108.415108	0.007451	7.6
1783	-0.624718	108.380578	0.005180	11.0
1784	-0.887658	108.346076	0.007046	8.5
1785	-0.949210	108.311604	0.009874	8.7
1786	-0.127518	108.277161	0.003168	7.3
1787	-0.953257	108.242747	0.008297	8.1
1788	-0.572443	108.208363	0.007846	11.8
1789	-0.675539	108.174007	0.008026	7.6
1790	-1.220954	108.139681	0.010206	9.5
1791	-0.544905	108.105383	0.004286	7.9
1792	-1.072777	108.071115	0.008030	8.2
1793	-0.942049	108.036875	0.015207	11.5
1794	-0.608047	108.002665	0.009833	9.4
1795	-0.105421	107.968483	0.004261	7.8
1796	-0.545696	107.934330	0.010794	8.2
1797	-1.094696	107.900206	0.014694	7.7
1798	-0.977818	107.866111	0.014669	11.5
1799	-0.932826	107.832044	0.015806	8.9
1800	-0.591452	107.798007	0.007932	8.0
1801	-0.954338	107.763997	0.012752	7.5
1802	-0.000000	107.730017	0.000000	7.5
1803	-0.838995	107.696065	0.009949	11.4
1804	-0.829215	107.662141	0.009250	7.5
1805	-0.648104	107.628246	0.007086	9.2
1806	-0.688509	107.594379	0.008604	7.6
1807	-1.236696	107.560541	0.026505	8.3
1808	-0.630475	107.526731	0.010079	11.4
1809	-0.394337	107.492949	0.004186	9.4
1810	-0.000000	107.459196	0.000000	7.6
1811	-0.588883	107.425471	0.005856	9.2
1812	-0.139306	107.391774	0.003806	7.7
1813	-0.001214	107.358106	0.000205	12.3
1814	-0.499655	107.324465	0.004873	9.1
1815	-0.016542	107.290853	0.001381	7.5
1816	-1.031691	107.257268	0.015822	8.4
1817	-1.229060	107.223712	0.009587	8.7
1818	-1.073704	107.190184	0.018201	11.0
1819	-0.676710	107.156683	0.008183	7.6
1820	-1.327357	107.123211	0.022936	9.6
1821	-0.000000	107.089766	0.000000	7.6
1822	-0.000000	107.056349	0.000000	11.1
1823	-1.224699	107.022960	0.020674	9.5
1824	-0.315100	106.989599	0.003857	7.6
1825	-0.210009	106.956265	0.003393	8.6
1826	-0.573971	106.922960	0.007465	7.5
1827	-0.509857	106.889681	0.005408	11.9
1828	-0.023307	106.856431	0.001728	8.3
1829	-0.178047	106.823208	0.001231	9.3
1830	-0.886163	106.790012	0.007875	7.6
1831	-1.251661	106.756844	0.011496	7.5
1832	-0.000000	106.723703	0.000000	12.7
1833	-0.000588	106.690590	0.000029	8.0
1834	-0.015371	106.657505	0.001217	7.5
1835	-1.071068	106.624446	0.012614	7.5
1836	-0.015300	106.591415	0.001863	7.5
1837	-0.902881	106.558411	0.015964	10.2
1838	-0.769023	106.525435	0.019342	9.3
1839	-0.872754	106.492485	0.010905	8.1
1840	-0.537242	106.459563	0.006665	8.1
1841	-0.053509	106.426668	0.001256	7.5
1842	-0.801671	106.393800	0.011434	11.4
1843	-1.099997	106.360959	0.020506	8.0
1844	-0.990721	106.328145	0.007886	8.8
1845	-0.000000	106.295358	0.000000	7.5
1846	-0.827118	106.262598	0.011701	7.5
1847	-0.136194	106.229865	0.004310	11.2
1848	-0.512615	106.197158	0.005604	8.8
1849	-0.442168	106.164479	0.004814	7.5
1850	-0.883417	106.131826	0.022585	7.6
1851	-0.561016	106.099201	0.008154	7.6
1852	-0.109668	106.066602	0.002677	12.0
1853	-0.045330	106.034029	0.002075	9.0
1854	-0.886809	106.001483	0.009080	8.2
1855	-0.000000	105.968964	0.000000	8.0
1856	-1.166644	105.936472	0.013871	8.3
1857	-0.171941	105.904006	0.004813	12.3
1858	-1.054256	105.871566	0.008654	7.5
1859	-0.000000	105.839153	0.000000	9.9
1860	-0.944586	105.806767	0.010217	7.6
1861	-0.000809	105.774407	0.000077	8.7
1862	-0.732653	105.742073	0.007261	11.6
1863	-0.947425	105.709766	0.013899	8.1
1864	-1.108849	105.677485	0.014538	7.6
1865	-0.954291	105.645230	0.016787	7.5
1866	-0.007885	105.613001	0.000645	10.5
1867	-0.000000	105.580799	0.000000	9.3
1868	-0.373962	105.548623	0.005362	8.7
1869	-0.629782	105.516473	0.004836	7.7
1870	-0.573752	105.484349	0.007074	8.5
1871	-0.162838	105.452251	0.002364	11.0
1872	-0.908257	105.420179	0.008487	7.4
1873	-0.000004	105.388133	0.000002	7.4
1874	-0.000096	105.356113	0.000023	9.0
1875	-1.080361	105.324119	0.004735	7.5
1876	-0.000000	105.292151	0.000000	11.3
1877	-1.088680	105.260209	0.016104	9.0
1878	-0.000000	105.228293	0.000000	8.3
1879	-0.552910	105.196402	0.007940	7.6
1880	-0.000000	105.164537	0.000000	8.2
1881	-0.696731	105.132698	0.007741	12.1
1882	-0.030465	105.100885	0.000974	8.2
1883	-0.879117	105.069097	0.011599	8.9
1884	-0.000000	105.037335	0.000000	7.5
1885	-0.515314	105.005598	0.003054	8.6
1886	-0.000000	104.973887	0.000000	14.0
1887	-0.595276	104.942202	0.006650	7.8
1888	-0.000148	104.910542	0.000005	8.4
1889	-1.069257	104.878907	0.009133	7.4
1890	-0.902742	104.847298	0.005402	9.3
1891	-1.171212	104.815715	0.019653	9.6
1892	-0.000000	104.784156	0.000000	9.1
1893	-0.969273	104.752623	0.005296	8.1
1894	-0.000000	104.721116	0.000000	7.6
1895	-1.101853	104.689633	0.010453	10.3
1896	-0.003874	104.658176	0.000101	9.4
1897	-0.684920	104.626744	0.010322	7.4
1898	-0.000000	104.595337	0.000000	7.7
1899	-0.704754	104.563955	0.005842	8.2
1900	-0.000000	104.532599	0.000000	12.4
1901	-0.541870	104.501267	0.007452	9.0
1902	-1.239752	104.469960	0.022940	7.9
1903	-0.978286	104.438679	0.013257	8.5
1904	-0.833881	104.407422	0.007272	7.6
1905	-0.675288	104.376191	0.007548	12.2
1906	-0.000000	104.344984	0.000000	7.8
1907	-1.155872	104.313802	0.007702	9.2
1908	-0.886149	104.282645	0.008669	7.4
1909	-0.932322	104.251513	0.004813	7.6
1910	-0.415114	104.220405	0.003211	11.9
1911	-0.567635	104.189323	0.006252	7.6
1912	-0.000000	104.158265	0.000000	7.6
1913	-0.981646	104.127231	0.006956	8.9
1914	-0.000000	104.096222	0.000000	7.6
1915	-1.229719	104.065238	0.025215	11.7
1916	-0.445498	104.034279	0.002655	9.4
1917	-0.967816	104.003344	0.005314	7.6
1918	-0.534338	103.972433	0.008382	8.3
1919	-0.121730	103.941547	0.001232	7.7
1920	-0.697324	103.910686	0.003960	11.3
1921	-1.000134	103.879849	0.010021	8.4
1922	-0.977603	103.849036	0.011793	9.1
1923	-0.000000	103.818248	0.000000	7.9
1924	-0.463252	103.787484	0.003555	7.6
1925	-0.085260	103.756744	0.002191	11.9
1926	-0.000000	103.726029	0.000000	7.5
1927	-0.880292	103.695338	0.008907	8.9
1928	-1.075038	103.664671	0.005305	8.4
1929	-1.175268	103.634028	0.010134	8.3
1930	-0.000000	103.603409	0.000000	11.3
1931	-0.989734	103.572814	0.010475	9.1
1932	-0.692881	103.542244	0.007729	7.6
1933	-0.000000	103.511698	0.000000	8.5
1934	-1.123358	103.481175	0.011571	8.5
1935	-0.000000	103.450677	0.000000	12.6
1936	-0.021526	103.420202	0.000716	9.9
1937	-0.841141	103.389752	0.012649	7.6
1938	-0.000003	103.359325	0.000001	7.7
1939	-0.000000	103.328922	0.000000	9.2
1940	-0.591449	103.298543	0.005841	10.7
1941	-0.663479	103.268188	0.011772	7.5
1942	-0.534518	103.237857	0.009771	9.1
1943	-0.000000	103.207549	0.000000	7.5
1944	-0.000000	103.177265	0.000000	11.3
1945	-0.469179	103.147005	0.005659	9.6
1946	-0.164991	103.116768	0.003800	8.3
1947	-0.850083	103.086556	0.008347	7.9
1948	-0.606011	103.056366	0.007135	8.3
1949	-0.531751	103.026200	0.003455	12.5
1950	-0.000000	102.996058	0.000000	8.2
1951	-0.071733	102.965939	0.001073	9.2
1952	-1.151470	102.935844	0.009985	8.3
1953	-0.000000	102.905772	0.000000	9.2
1954	-0.586497	102.875724	0.012236	11.1
1955	-0.899278	102.845699	0.008578	8.3
1956	-0.430303	102.815697	0.008571	7.6
1957	-0.752064	102.785719	0.008600	7.6
1958	-0.285757	102.755764	0.006814	11.4
1959	-0.873135	102.725832	0.011841	7.7
1960	-0.749669	102.695924	0.007637	9.3
1961	-1.015613	102.666038	0.005971	8.1
1962	-0.905306	102.636176	0.023071	8.8
1963	-1.027025	102.606337	0.005935	13.9
1964	-0.216144	102.576521	0.003975	7.7
1965	-0.470498	102.546728	0.009967	8.5
1966	-0.564955	102.516959	0.007376	7.4
1967	-1.221770	102.487212	0.007633	9.1
1968	-1.081793	102.457488	0.004709	10.1
1969	-1.236612	102.427788	0.004957	8.7
1970	-0.740750	102.398110	0.004580	7.4
1971	-1.249874	102.368455	0.021534	8.5
1972	-0.739887	102.338823	0.011158	10.8
1973	-1.190972	102.309214	0.004705	9.2
1974	-0.183483	102.279628	0.003448	7.5
1975	-0.000000	102.250064	0.000000	8.3
1976	-0.626564	102.220524	0.005493	7.6
1977	-0.507403	102.191006	0.006885	12.7
1978	-0.449151	102.161511	0.002917	9.2
1979	-1.050072	102.132038	0.010247	7.5
1980	-1.248608	102.102588	0.015412	8.3
1981	-0.000000	102.073161	0.000000	7.5
1982	-0.000000	102.043757	0.000000	11.2
1983	-0.772967	102.014375	0.004933	7.6
1984	-1.033033	101.985015	0.017283	8.9
1985	-0.994395	101.955678	0.012768	7.6
1986	-0.000000	101.926364	0.000000	8.3
1987	-1.128570	101.897072	0.014800	13.1
1988	-1.082975	101.867802	0.011567	8.6
1989	-0.367847	101.838555	0.005008	7.6
1990	-0.969508	101.809330	0.004857	7.5
1991	-0.607544	101.780128	0.007484	7.6
1992	-0.000000	101.750948	0.000000	12.1
1993	-0.974350	101.721790	0.007487	9.1
1994	-1.269239	101.692654	0.008240	9.0
1995	-0.792179	101.663541	0.007359	8.5
1996	-0.412800	101.634450	0.004019	9.1
1997	-0.692899	101.605381	0.008757	11.6
1998	-0.006277	101.576335	0.000413	8.7
1999	-0.312005	101.547310	0.003877	8.1
