1:ItNr	2:Metric	3:StepSize	4:||Gradient||	Time[ms]
0	0.000000	627.201626	0.000000	1412.1
1	-0.918320	623.504937	0.007075	14.1
2	-0.786266	619.865785	0.006096	11.9
3	-0.324466	616.282728	0.005274	16.3
4	-0.412931	612.754375	0.007236	13.6
5	0.000000	609.279381	0.000000	13.8
6	-0.000000	605.856447	0.000000	15.4
7	-0.643481	602.484317	0.004802	13.9
8	-0.542276	599.161779	0.006233	12.4
9	-0.000118	595.887656	0.000029	18.2
10	-0.803598	592.660813	0.009198	14.5
11	0.000000	589.480151	0.000000	12.2
12	-0.489313	586.344606	0.006172	13.2
13	0.000000	583.253145	0.000000	14.6
14	-0.649899	580.204771	0.007006	14.4
15	-0.284026	577.198517	0.005697	14.1
16	-0.327285	574.233444	0.003435	14.7
17	-0.432806	571.308645	0.006808	15.5
18	-0.003044	568.423237	0.000188	14.4
19	-0.645226	565.576365	0.008451	17.0
20	-0.000008	562.767201	0.000006	12.1
21	-0.873183	559.994938	0.006709	18.3
22	-0.829617	557.258797	0.006372	12.1
23	-0.819581	554.558018	0.007225	13.4
24	-0.595958	551.891865	0.006160	14.5
25	-0.788568	549.259621	0.008555	15.7
26	-0.536729	546.660592	0.006683	12.9
27	0.000000	544.094102	0.000000	13.5
28	-0.365416	541.559494	0.005604	16.7
29	-0.141009	539.056129	0.001960	13.3
30	-0.263587	536.583387	0.006726	15.0
31	-0.654671	534.140663	0.007642	13.1
32	-0.030796	531.727370	0.000505	11.9
33	-0.054469	529.342935	0.001894	15.7
34	-0.425541	526.986802	0.005090	18.4
35	-0.680026	524.658430	0.006183	13.0
36	-0.003793	522.357290	0.000072	13.6
37	-0.558211	520.082868	0.006574	14.0
38	-0.413954	517.834665	0.005351	13.0
39	-1.066061	515.612193	0.010972	12.8
40	-0.982677	513.414976	0.010103	16.7
41	-0.444938	511.242551	0.007472	15.1
42	-0.378887	509.094468	0.005840	14.5
43	-0.000464	506.970285	0.000038	17.5
44	-0.665996	504.869574	0.006680	13.4
45	-0.689526	502.791916	0.007110	16.5
46	-0.721754	500.736903	0.006020	12.0
47	0.000000	498.704137	0.000000	13.1
48	-0.505199	496.693228	0.006775	14.4
49	-0.573134	494.703798	0.005305	16.5
50	0.000000	492.735476	0.000000	13.7
51	-0.000190	490.787900	0.000105	15.5
52	-0.104281	488.860718	0.002713	20.2
53	-0.405724	486.953585	0.005761	16.3
54	-0.746974	485.066164	0.007653	15.5
55	-0.681970	483.198126	0.006039	14.2
56	0.000000	481.349149	0.000000	13.0
57	0.000000	479.518920	0.000000	17.0
58	0.000000	477.707132	0.000000	11.8
59	-0.300336	475.913485	0.004717	13.7
60	0.000000	474.137684	0.000000	14.7
61	-0.000124	472.379445	0.000017	14.8
62	-0.387127	470.638485	0.005045	14.1
63	0.000000	468.914531	0.000000	13.8
64	-0.516661	467.207315	0.006627	18.3
65	-0.839830	465.516573	0.007211	13.8
66	-0.721578	463.842050	0.007279	14.5
67	-0.697489	462.183494	0.008613	14.6
68	-0.809497	460.540658	0.006767	18.0
69	-0.007888	458.913303	0.000123	13.4
70	-0.537300	457.301192	0.003368	12.4
71	-0.630469	455.704096	0.005153	13.6
72	-0.882547	454.121787	0.009172	13.1
73	-0.151057	452.554045	0.002580	17.8
74	-0.616515	451.000653	0.006647	12.2
75	-0.557761	449.461399	0.006262	12.2
76	-0.126065	447.936075	0.001617	16.3
77	0.000000	446.424477	0.000000	15.3
78	-0.099795	444.926406	0.001765	14.7
79	-0.026716	443.441666	0.001814	15.1
80	0.000000	441.970065	0.000000	14.6
81	0.000000	440.511415	0.000000	15.3
82	-0.166027	439.065533	0.002776	15.9
83	-0.354065	437.632238	0.004919	12.4
84	-0.770828	436.211351	0.005947	13.0
85	0.000000	434.802701	0.000000	15.9
86	-0.180787	433.406117	0.002050	13.8
87	-0.440475	432.021430	0.005629	14.5
88	0.000000	430.648479	0.000000	15.6
89	-0.017226	429.287101	0.001141	16.7
90	-0.483746	427.937140	0.007420	13.0
91	-0.914103	426.598440	0.008628	16.9
92	-0.734875	425.270849	0.005939	14.8
93	0.000000	423.954220	0.000000	15.1
94	0.000000	422.648404	0.000000	13.3
95	-0.588930	421.353259	0.008353	13.4
96	-0.317367	420.068643	0.002108	17.2
97	-0.050497	418.794419	0.000975	12.7
98	-0.340610	417.530451	0.004825	13.5
99	-0.054821	416.276604	0.001728	13.5
100	-0.000000	415.032748	0.000000	18.9
101	-0.545030	413.798754	0.006397	12.0
102	-0.394396	412.574495	0.006680	13.2
103	-0.893255	411.359849	0.007676	15.0
104	-0.475306	410.154691	0.005553	13.9
105	-0.777712	408.958904	0.005093	13.6
106	-0.024552	407.772368	0.001190	15.4
107	-0.791665	406.594968	0.008094	14.4
108	-0.575774	405.426590	0.005762	13.8
109	0.000000	404.267122	0.000000	19.7
110	0.000000	403.116456	0.000000	12.6
111	-0.439211	401.974481	0.006346	12.1
112	-0.275649	400.841093	0.004221	23.6
113	-0.637347	399.716187	0.004158	13.4
114	-0.356841	398.599660	0.004136	13.8
115	-0.995596	397.491411	0.008528	12.5
116	-0.232561	396.391342	0.002958	13.9
117	0.000000	395.299353	0.000000	13.2
118	0.000000	394.215350	0.000000	16.5
119	-0.193021	393.139238	0.003646	12.3
120	-0.756689	392.070924	0.005626	17.8
121	-0.119429	391.010316	0.003141	16.0
122	-0.983027	389.957325	0.008051	12.0
123	0.000000	388.911862	0.000000	14.3
124	0.000000	387.873839	0.000000	17.4
125	-0.000000	386.843173	0.000000	14.2
126	0.000000	385.819777	0.000000	13.6
127	-0.187789	384.803569	0.002929	15.9
128	-0.616555	383.794468	0.006967	11.9
129	-0.714443	382.792393	0.004852	13.1
130	-0.014875	381.797264	0.000768	17.1
131	0.000000	380.809005	0.000000	12.6
132	0.000000	379.827537	0.000000	17.9
133	-0.848956	378.852786	0.006550	13.3
134	-0.917858	377.884678	0.006180	14.2
135	-0.048234	376.923138	0.002614	13.0
136	-0.979531	375.968095	0.009350	21.1
137	-0.545523	375.019479	0.007759	11.7
138	-0.710878	374.077218	0.005196	14.5
139	-0.234810	373.141244	0.003920	18.0
140	-0.666984	372.211489	0.007176	13.3
141	-0.027211	371.287887	0.000992	12.9
142	-0.880675	370.370370	0.006766	14.7
143	-0.827203	369.458876	0.006255	14.1
144	-0.012675	368.553338	0.001706	17.1
145	-0.460669	367.653696	0.007196	15.7
146	-0.486680	366.759885	0.009626	15.0
147	-0.038637	365.871846	0.001087	15.9
148	-0.900220	364.989518	0.006598	16.5
149	-0.441373	364.112841	0.005592	12.8
150	-0.354759	363.241757	0.004875	13.5
151	0.000000	362.376208	0.000000	14.5
152	-0.502999	361.516137	0.005960	12.3
153	-0.234832	360.661488	0.003595	12.9
154	0.000000	359.812206	0.000000	16.9
155	-0.000021	358.968236	0.000001	16.8
156	-0.402673	358.129524	0.005479	15.8
157	-0.632054	357.296018	0.003853	14.9
158	-0.632793	356.467665	0.005491	12.9
159	-0.446774	355.644414	0.004405	17.1
160	-0.607359	354.826213	0.006868	15.2
161	0.000000	354.013012	0.000000	11.9
162	-0.000029	353.204763	0.000004	15.8
163	0.000000	352.401415	0.000000	13.4
164	0.000000	351.602922	0.000000	14.0
165	-0.848844	350.809235	0.007939	14.1
166	-0.816566	350.020308	0.006338	19.0
167	0.000000	349.236095	0.000000	13.4
168	0.000000	348.456550	0.000000	14.8
169	-0.593392	347.681627	0.006917	13.5
170	-0.972116	346.911283	0.010174	12.4
171	0.000000	346.145474	0.000000	13.5
172	-0.883213	345.384157	0.007971	15.8
173	0.000000	344.627288	0.000000	13.9
174	-0.531973	343.874826	0.007161	15.5
175	-0.748046	343.126729	0.003990	17.7
176	-0.516161	342.382957	0.007277	12.1
177	-0.568602	341.643469	0.004462	13.1
178	-0.064585	340.908224	0.003032	21.0
179	0.000000	340.177184	0.000000	12.3
180	-0.949172	339.450309	0.008084	12.9
181	-0.509611	338.727561	0.006533	15.3
182	-0.493366	338.008902	0.007357	14.8
183	-0.572740	337.294295	0.005056	14.3
184	-0.815806	336.583703	0.005139	15.2
185	-0.276039	335.877089	0.003470	15.0
186	-0.695063	335.174416	0.005341	16.1
187	-0.373235	334.475651	0.004725	17.1
188	0.000000	333.780756	0.000000	12.3
189	-0.618125	333.089698	0.006324	13.2
190	0.000000	332.402443	0.000000	21.0
191	-0.991034	331.718955	0.008954	12.6
192	-0.720220	331.039203	0.007010	14.4
193	-0.782292	330.363153	0.005470	12.5
194	-0.000000	329.690771	0.000000	13.9
195	-0.906966	329.022027	0.006957	13.3
196	0.000000	328.356888	0.000000	17.3
197	-0.416200	327.695322	0.004732	12.9
198	-0.819794	327.037299	0.006650	18.5
199	-0.572303	326.382787	0.006463	12.0
200	-0.760415	325.731758	0.012226	12.8
201	-0.058158	325.084179	0.002153	15.6
202	-0.776117	324.440023	0.004315	16.1
203	-0.876471	323.799258	0.009397	14.0
204	-0.115099	323.161858	0.002536	14.1
205	-1.036933	322.527792	0.008017	16.2
206	-1.015648	321.897034	0.012032	12.1
207	-0.738373	321.269554	0.008566	13.0
208	-0.678243	320.645325	0.007989	15.4
209	-0.454433	320.024320	0.005195	13.4
210	-0.485480	319.406512	0.005761	17.1
211	-0.160267	318.791875	0.004116	15.5
212	-0.264952	318.180381	0.004324	12.6
213	-0.014713	317.572005	0.000281	13.8
214	0.000000	316.966721	0.000000	18.8
215	-0.833607	316.364504	0.008090	12.1
216	-0.427124	315.765329	0.006895	13.8
217	-0.680964	315.169170	0.005902	15.4
218	-0.599038	314.576003	0.006527	13.4
219	-0.519534	313.985804	0.007494	13.4
220	-0.847644	313.398548	0.010736	15.8
221	-1.113733	312.814213	0.010491	15.0
222	-0.141704	312.232773	0.001684	17.7
223	-0.000484	311.654207	0.000019	18.4
224	0.000000	311.078491	0.000000	16.1
225	0.000000	310.505602	0.000000	18.8
226	-0.288845	309.935518	0.002864	15.9
227	0.000000	309.368217	0.000000	16.0
228	-0.061568	308.803676	0.001368	17.8
229	-0.000000	308.241874	0.000000	16.1
230	-0.219033	307.682789	0.004425	14.6
231	-1.029362	307.126400	0.007798	18.2
232	-0.756863	306.572687	0.008137	14.4
233	-0.934155	306.021627	0.007864	15.3
234	-0.331309	305.473201	0.005030	18.5
235	-0.842077	304.927388	0.008869	16.5
236	-0.753115	304.384168	0.007372	13.9
237	-0.473228	303.843521	0.003443	17.8
238	-1.024230	303.305427	0.007661	14.5
239	-0.429139	302.769867	0.005503	12.1
240	-0.162107	302.236821	0.003348	13.3
241	-0.177799	301.706270	0.003761	14.6
242	-0.996391	301.178196	0.008396	14.2
243	-0.700234	300.652580	0.005332	13.4
244	0.000000	300.129402	0.000000	16.5
245	-0.588855	299.608645	0.005547	14.5
246	-0.442611	299.090291	0.003962	14.4
247	-0.539178	298.574321	0.006780	18.4
248	-0.405490	298.060718	0.005269	13.4
249	-0.012866	297.549465	0.000149	13.5
250	-0.957970	297.040543	0.010645	14.3
251	-0.777481	296.533936	0.006674	13.7
252	-0.733698	296.029626	0.007502	12.6
253	-0.038216	295.527597	0.000531	17.9
254	-0.710860	295.027832	0.006608	13.0
255	0.000000	294.530315	0.000000	13.1
256	-0.000000	294.035028	0.000000	18.4
257	0.000000	293.541956	0.000000	12.1
258	-0.000001	293.051083	0.000000	12.5
259	-0.205426	292.562393	0.003266	15.7
260	-0.393970	292.075870	0.004094	14.3
261	-0.559286	291.591498	0.005759	12.0
262	-1.019567	291.109263	0.008005	19.2
263	-1.012721	290.629149	0.008536	11.9
264	-0.490093	290.151140	0.003746	15.0
265	-0.001113	289.675222	0.000361	19.1
266	-0.225655	289.201380	0.004089	12.2
267	-0.889612	288.729600	0.007676	13.2
268	-0.598730	288.259866	0.006522	15.2
269	-0.831211	287.792165	0.005060	13.7
270	0.000000	287.326481	0.000000	11.9
271	0.000000	286.862802	0.000000	18.7
272	-0.353859	286.401113	0.005168	12.1
273	-1.102551	285.941400	0.008743	11.6
274	0.000000	285.483649	0.000000	17.3
275	0.000000	285.027847	0.000000	13.8
276	-0.519561	284.573981	0.004389	12.1
277	-0.247163	284.122037	0.003970	13.3
278	0.000000	283.672002	0.000000	17.4
279	-1.045521	283.223863	0.008176	13.6
280	-0.963896	282.777607	0.007414	13.2
281	-0.324737	282.333221	0.003007	14.4
282	-1.025983	281.890692	0.007653	13.8
283	-0.696414	281.450008	0.005619	13.3
284	-0.425289	281.011157	0.003744	16.5
285	-0.696725	280.574125	0.007632	14.9
286	-0.063228	280.138901	0.001531	13.0
287	-0.022692	279.705473	0.001087	18.0
288	-0.726197	279.273829	0.006384	11.9
289	0.000000	278.843956	0.000000	12.5
290	-0.064310	278.415844	0.001944	16.2
291	-0.499043	277.989479	0.006474	14.0
292	-1.043955	277.564851	0.008543	12.0
293	-0.642733	277.141949	0.006737	18.8
294	0.000000	276.720761	0.000000	13.4
295	0.000000	276.301275	0.000000	13.0
296	-0.475150	275.883480	0.006136	15.5
297	-0.628630	275.467366	0.005198	12.7
298	-0.420430	275.052922	0.003529	12.1
299	-0.602535	274.640136	0.006946	17.5
300	-0.352642	274.228998	0.002295	14.7
301	-0.063385	273.819497	0.003500	12.3
302	-0.035205	273.411623	0.000634	13.4
303	-0.659773	273.005365	0.007024	13.7
304	-0.551476	272.600712	0.006845	14.6
305	-0.249339	272.197655	0.003727	13.3
306	-0.664163	271.796184	0.007760	17.2
307	-0.836258	271.396287	0.006794	11.7
308	-0.187817	270.997956	0.003069	12.1
309	-0.963877	270.601180	0.008215	20.6
310	-0.334550	270.205949	0.003458	12.0
311	-0.620828	269.812254	0.009534	12.5
312	-0.124108	269.420085	0.002849	16.4
313	-0.624603	269.029432	0.005597	14.2
314	-0.965730	268.640287	0.008847	11.5
315	-0.778771	268.252638	0.005494	18.5
316	-0.884388	267.866478	0.007737	12.6
317	0.000000	267.481796	0.000000	11.4
318	-0.282127	267.098584	0.004839	17.0
319	-0.761810	266.716833	0.004439	13.7
320	-0.598740	266.336533	0.007539	11.9
321	-1.008961	265.957676	0.007718	14.8
322	-0.488877	265.580253	0.004738	14.9
323	-0.521212	265.204254	0.006517	11.9
324	-0.245572	264.829672	0.005449	13.3
325	0.000000	264.456497	0.000000	15.2
326	0.000000	264.084721	0.000000	14.4
327	-0.288924	263.714335	0.003043	12.8
328	-1.009720	263.345332	0.008377	17.4
329	-0.638641	262.977702	0.006981	13.4
330	-0.500706	262.611438	0.004470	13.1
331	-0.801275	262.246531	0.005544	15.5
332	0.000000	261.882973	0.000000	12.8
333	-0.433892	261.520756	0.003027	12.1
334	-1.098234	261.159871	0.009660	17.1
335	-0.598814	260.800312	0.005474	15.1
336	-0.474772	260.442070	0.005372	12.2
337	-0.708264	260.085137	0.006010	13.7
338	-0.835141	259.729505	0.008799	13.3
339	-0.661439	259.375167	0.005858	14.0
340	-0.648931	259.022116	0.005216	12.7
341	-0.001299	258.670343	0.000268	17.2
342	-0.528112	258.319841	0.003003	12.1
343	-0.593444	257.970602	0.007842	11.8
344	-0.751972	257.622620	0.007117	19.4
345	-0.005720	257.275887	0.000088	12.3
346	-0.972610	256.930396	0.009229	12.6
347	-0.233663	256.586139	0.004444	17.7
348	-0.466724	256.243109	0.008130	14.7
349	-0.617338	255.901300	0.007791	11.7
350	-0.599709	255.560703	0.006780	18.0
351	-0.032833	255.221313	0.001383	12.5
352	0.000000	254.883122	0.000000	11.8
353	-0.077155	254.546124	0.001775	14.2
354	-0.215384	254.210311	0.002728	15.5
355	-0.008723	253.875677	0.000222	13.7
356	-0.427210	253.542215	0.006148	12.5
357	-0.670460	253.209918	0.008180	17.5
358	-0.817882	252.878781	0.004794	13.2
359	-0.717691	252.548795	0.007473	12.3
360	-0.157169	252.219956	0.002773	14.4
361	-0.735949	251.892255	0.007899	14.2
362	-0.278515	251.565688	0.004199	11.7
363	-0.045789	251.240247	0.002088	17.1
364	-0.351903	250.915926	0.004578	14.8
365	-0.679685	250.592720	0.007937	11.9
366	-0.003873	250.270621	0.000706	17.3
367	-0.884007	249.949624	0.008077	13.1
368	-0.416529	249.629723	0.005138	12.2
369	-0.225433	249.310911	0.003926	20.0
370	-0.762149	248.993182	0.006903	14.1
371	-0.355826	248.676531	0.004158	11.9
372	-0.903753	248.360952	0.007388	13.3
373	-0.451435	248.046438	0.005178	17.6
374	-0.887672	247.732984	0.007769	12.5
375	-0.966507	247.420584	0.007599	12.4
376	-0.741184	247.109233	0.007702	17.0
377	0.000000	246.798924	0.000000	14.7
378	-0.554170	246.489652	0.006782	12.3
379	0.000000	246.181412	0.000000	15.7
380	-0.543831	245.874197	0.007214	15.6
381	-0.624385	245.568002	0.004736	14.2
382	0.000000	245.262822	0.000000	18.8
383	-0.473580	244.958652	0.005393	12.3
384	-0.609662	244.655485	0.004577	12.3
385	-0.805579	244.353317	0.006214	16.1
386	-0.275893	244.052142	0.005547	14.8
387	-0.472162	243.751955	0.006248	13.8
388	-0.759164	243.452750	0.009127	15.8
389	0.000000	243.154523	0.000000	15.1
390	-0.804906	242.857268	0.006364	14.3
391	-0.526379	242.560980	0.005423	19.1
392	-0.117849	242.265654	0.003036	12.5
393	-0.863113	241.971285	0.007417	13.6
394	-0.817906	241.677868	0.007708	19.8
395	-0.482102	241.385397	0.003687	12.2
396	-0.337421	241.093869	0.003673	14.5
397	0.000000	240.803278	0.000000	15.1
398	-0.575520	240.513619	0.005593	14.0
399	-0.537344	240.224887	0.006915	13.0
400	-0.024954	239.937077	0.000736	20.1
401	-0.932534	239.650186	0.007865	12.9
402	-0.957613	239.364207	0.007631	15.3
403	-0.007403	239.079136	0.000873	18.5
404	0.000000	238.794969	0.000000	13.5
405	-0.000000	238.511701	0.000000	13.7
406	0.000000	238.229327	0.000000	15.3
407	-0.694708	237.947843	0.006587	13.4
408	-0.000000	237.667244	0.000000	14.2
409	-0.013929	237.387526	0.002309	17.9
410	0.000000	237.108684	0.000000	13.9
411	0.000000	236.830714	0.000000	14.2
412	0.000000	236.553610	0.000000	14.6
413	-0.852403	236.277370	0.005465	14.0
414	-0.013887	236.001989	0.001608	16.6
415	-0.940169	235.727461	0.009456	16.7
416	-0.652785	235.453784	0.006221	13.3
417	0.000000	235.180952	0.000000	18.4
418	-0.832617	234.908962	0.007560	17.6
419	-0.547342	234.637809	0.006992	15.3
420	-0.008591	234.367488	0.000019	17.1
421	-0.960640	234.097997	0.008362	12.2
422	0.000000	233.829331	0.000000	12.8
423	0.000000	233.561485	0.000000	13.7
424	-0.805459	233.294456	0.006456	15.7
425	-0.450304	233.028239	0.005619	13.0
426	-0.938004	232.762831	0.009343	14.1
427	-0.588248	232.498228	0.006607	17.5
428	0.000000	232.234425	0.000000	12.1
429	-0.380180	231.971419	0.006778	12.4
430	-0.036163	231.709205	0.001228	15.8
431	-0.818758	231.447781	0.008042	14.0
432	0.000000	231.187141	0.000000	12.5
433	0.000000	230.927283	0.000000	18.3
434	-0.891237	230.668202	0.007373	12.1
435	-0.843491	230.409895	0.009851	11.9
436	-0.584503	230.152358	0.005694	23.0
437	-0.997577	229.895587	0.008579	13.4
438	-0.469043	229.639578	0.006704	13.4
439	-0.884381	229.384329	0.006547	15.2
440	-0.519095	229.129834	0.007254	13.9
441	-0.639036	228.876091	0.004715	13.0
442	-0.863252	228.623096	0.004751	17.4
443	-0.043536	228.370846	0.001861	13.2
444	-0.356190	228.119336	0.004272	14.3
445	-0.248496	227.868563	0.003488	18.5
446	-0.577867	227.618525	0.005725	12.8
447	-0.000215	227.369216	0.000060	13.1
448	-0.773177	227.120635	0.006002	15.9
449	-0.714557	226.872777	0.005188	14.1
450	-0.598269	226.625638	0.006194	14.1
451	-0.063718	226.379217	0.001545	15.9
452	-0.357871	226.133509	0.005334	14.6
453	0.000000	225.888510	0.000000	12.4
454	-0.306509	225.644218	0.003892	18.9
455	-0.956270	225.400630	0.009372	12.4
456	-0.421604	225.157741	0.005778	12.3
457	-0.653874	224.915549	0.005070	15.4
458	0.000000	224.674051	0.000000	14.1
459	-0.784315	224.433242	0.005451	13.2
460	-0.311705	224.193121	0.006305	18.3
461	-0.000000	223.953684	0.000000	13.9
462	0.000000	223.714927	0.000000	13.0
463	0.000000	223.476848	0.000000	19.0
464	-0.780969	223.239444	0.007824	12.4
465	-0.734393	223.002710	0.006160	12.5
466	-0.460798	222.766645	0.007317	15.8
467	-0.646295	222.531245	0.006520	13.8
468	-0.602538	222.296508	0.004780	12.1
469	-0.648417	222.062429	0.004575	18.1
470	-0.273938	221.829007	0.003905	13.1
471	-0.512532	221.596238	0.005560	12.1
472	-0.802104	221.364119	0.006008	16.0
473	-0.425460	221.132647	0.006459	12.9
474	0.000000	220.901820	0.000000	15.8
475	-0.051157	220.671634	0.001798	15.3
476	-0.666715	220.442086	0.006318	14.2
477	-0.438186	220.213174	0.005354	12.6
478	-0.275040	219.984895	0.004034	18.1
479	-0.644514	219.757246	0.004651	12.2
480	-0.664952	219.530224	0.006964	12.1
481	-0.574984	219.303826	0.007189	15.9
482	-0.593987	219.078050	0.004411	13.6
483	0.000000	218.852893	0.000000	11.9
484	-0.005892	218.628352	0.000121	18.5
485	-0.127637	218.404424	0.001899	14.2
486	-0.687606	218.181106	0.007033	12.3
487	0.000000	217.958397	0.000000	15.3
488	-0.763576	217.736292	0.006535	16.4
489	-0.274024	217.514790	0.003383	13.6
490	-0.035227	217.293888	0.002071	14.6
491	-0.000001	217.073584	0.000001	15.4
492	-0.450566	216.853873	0.004848	14.1
493	-0.205211	216.634755	0.003650	12.9
494	-0.167944	216.416227	0.003039	18.1
495	0.000000	216.198285	0.000000	13.0
496	-0.125309	215.980927	0.002447	12.7
497	-0.907394	215.764151	0.006479	17.1
498	-0.232213	215.547955	0.003669	12.8
499	-0.653412	215.332335	0.006871	12.8
500	-0.640644	215.117289	0.006544	16.8
501	-0.758889	214.902815	0.006481	15.4
502	-0.097613	214.688911	0.001887	12.6
503	-0.931602	214.475573	0.006084	17.9
504	-0.812513	214.262800	0.005467	14.1
505	0.000000	214.050588	0.000000	13.4
506	-0.081977	213.838936	0.001639	18.1
507	-0.186270	213.627842	0.002723	13.5
508	-0.717078	213.417302	0.005753	15.0
509	-0.513287	213.207314	0.006046	13.5
510	-0.761934	212.997877	0.006255	14.5
511	-0.729442	212.788987	0.008856	16.2
512	-0.348712	212.580642	0.005218	14.7
513	-0.051870	212.372841	0.001558	12.2
514	0.000000	212.165581	0.000000	15.4
515	-0.770505	211.958859	0.006876	18.2
516	-0.974444	211.752673	0.007329	12.1
517	-0.358038	211.547021	0.005604	13.8
518	-0.054164	211.341902	0.001802	15.1
519	-0.000937	211.137311	0.000044	14.3
520	0.000000	210.933248	0.000000	16.2
521	-0.876130	210.729710	0.006269	16.5
522	-1.007645	210.526695	0.007260	14.1
523	-0.290504	210.324200	0.004325	12.6
524	-0.171022	210.122224	0.003306	18.3
525	-0.230730	209.920765	0.002550	12.4
526	-0.975705	209.719820	0.006650	12.4
527	-0.000001	209.519387	0.000001	16.1
528	-0.194086	209.319463	0.002160	13.5
529	-0.127078	209.120048	0.002226	13.5
530	-0.180778	208.921139	0.002195	15.5
531	-0.666826	208.722733	0.005064	15.4
532	-0.750145	208.524829	0.006687	12.7
533	0.000000	208.327425	0.000000	17.7
534	-0.748329	208.130518	0.005472	12.0
535	-0.743858	207.934107	0.007593	12.9
536	0.000000	207.738189	0.000000	15.9
537	0.000000	207.542762	0.000000	14.6
538	-0.000667	207.347825	0.000063	14.1
539	0.000000	207.153376	0.000000	17.5
540	-0.635680	206.959412	0.005922	13.5
541	0.000000	206.765932	0.000000	14.3
542	-0.470165	206.572933	0.003056	18.5
543	-0.848825	206.380414	0.005157	12.2
544	-0.020885	206.188373	0.000723	13.4
545	-0.432453	205.996807	0.004643	17.5
546	-0.535271	205.805716	0.007342	13.8
547	-0.536924	205.615096	0.005752	13.4
548	0.000000	205.424946	0.000000	16.3
549	-0.520279	205.235265	0.005911	14.1
550	-0.763892	205.046050	0.007360	13.4
551	-0.806848	204.857299	0.005942	19.5
552	-0.597469	204.669011	0.005467	12.6
553	-0.846785	204.481184	0.006436	12.6
554	-0.466589	204.293816	0.008177	15.8
555	-0.819033	204.106905	0.007240	13.3
556	-0.918357	203.920449	0.006468	14.0
557	-0.444973	203.734447	0.005026	16.1
558	0.000000	203.548896	0.000000	14.4
559	-0.786411	203.363795	0.006443	12.6
560	-0.957184	203.179143	0.008123	17.9
561	-0.705279	202.994937	0.008957	12.1
562	0.000000	202.811176	0.000000	12.4
563	-0.635024	202.627857	0.005058	15.4
564	-0.280496	202.444980	0.003853	14.9
565	-0.994285	202.262543	0.007670	14.2
566	-0.107538	202.080543	0.001845	15.6
567	-0.816610	201.898979	0.006996	15.2
568	-0.390528	201.717849	0.002821	13.3
569	-0.684989	201.537153	0.004360	19.2
570	-0.505510	201.356887	0.005492	13.0
571	-0.006884	201.177050	0.001360	15.9
572	0.000000	200.997642	0.000000	15.1
573	-0.894915	200.818659	0.006115	13.0
574	-0.523398	200.640100	0.006925	13.6
575	-0.429978	200.461965	0.005956	14.8
576	0.000000	200.284250	0.000000	15.0
577	-0.652645	200.106955	0.006435	12.6
578	-0.921858	199.930078	0.006598	17.9
579	-0.000641	199.753617	0.000040	12.0
580	-0.009488	199.577571	0.000355	12.4
581	-0.004740	199.401938	0.000341	15.1
582	-0.732783	199.226717	0.005106	14.3
583	-0.858077	199.051905	0.006757	13.3
584	-0.265472	198.877502	0.004955	17.8
585	0.000000	198.703506	0.000000	13.5
586	-0.422925	198.529916	0.006184	13.5
587	-0.523233	198.356729	0.007157	14.6
588	-0.460012	198.183944	0.006754	14.0
589	-0.228991	198.011560	0.003000	13.1
590	-0.480566	197.839576	0.005836	16.5
591	-0.153191	197.667989	0.003096	14.4
592	0.000000	197.496798	0.000000	14.9
593	-0.669429	197.326002	0.007285	16.9
594	-0.000294	197.155600	0.000099	45.3
595	-0.504283	196.985589	0.006431	20.1
596	-0.201577	196.815969	0.002956	15.2
597	-0.473698	196.646738	0.007132	17.5
598	-0.670685	196.477894	0.004331	15.8
599	0.000000	196.309436	0.000000	14.5
600	-0.001744	196.141363	0.000110	18.6
601	-0.979067	195.973673	0.006497	12.1
602	-0.976082	195.806365	0.007146	15.0
603	0.000000	195.639437	0.000000	16.5
604	-0.350908	195.472888	0.004780	12.7
605	-0.905858	195.306717	0.008288	15.2
606	-0.037955	195.140922	0.000622	16.2
607	0.000000	194.975501	0.000000	14.1
608	0.000000	194.810454	0.000000	13.7
609	-0.766653	194.645779	0.004573	19.9
610	-0.973634	194.481475	0.008148	11.9
611	-0.561413	194.317540	0.007673	14.9
612	-0.607010	194.153973	0.004482	19.4
613	-0.175586	193.990773	0.003264	13.6
614	0.000000	193.827938	0.000000	13.7
615	0.000000	193.665467	0.000000	21.6
616	0.000000	193.503358	0.000000	12.9
617	-0.938369	193.341611	0.007034	18.8
618	-0.083812	193.180224	0.002150	16.2
619	-0.223191	193.019196	0.004440	13.8
620	-0.290499	192.858525	0.003349	16.0
621	-0.305282	192.698210	0.003746	13.0
622	-0.888819	192.538251	0.008467	13.3
623	-0.004913	192.378644	0.000096	13.5
624	-0.595650	192.219391	0.006121	17.2
625	-0.784622	192.060488	0.008337	12.8
626	-0.585735	191.901935	0.007766	15.0
627	-0.383828	191.743730	0.005526	18.0
628	-0.130735	191.585873	0.003725	16.0
629	-0.688170	191.428362	0.006190	15.2
630	-0.719832	191.271196	0.005981	15.8
631	0.000000	191.114374	0.000000	12.2
632	-0.967677	190.957893	0.007694	16.3
633	-0.750730	190.801755	0.007065	12.9
634	-0.358517	190.645956	0.004414	13.4
635	-1.010512	190.490495	0.008065	16.4
636	-0.029800	190.335373	0.000251	14.3
637	-0.650093	190.180587	0.006059	14.0
638	-0.660837	190.026136	0.006129	14.9
639	-0.000000	189.872019	0.000000	16.0
640	0.000000	189.718235	0.000000	11.8
641	-0.710952	189.564782	0.006434	16.8
642	-0.042298	189.411661	0.000827	16.9
643	-0.645384	189.258868	0.007885	13.3
644	-0.390411	189.106404	0.003943	14.7
645	-0.146392	188.954267	0.002787	15.7
646	-0.788072	188.802456	0.006587	13.5
647	-0.781718	188.650969	0.005275	13.1
648	-0.819064	188.499807	0.006891	19.3
649	0.000000	188.348967	0.000000	12.4
650	-0.261208	188.198448	0.003025	12.7
651	-0.279636	188.048250	0.004021	24.9
652	-0.726969	187.898371	0.004200	13.6
653	-0.078370	187.748810	0.002266	14.5
654	-0.535413	187.599566	0.006105	16.8
655	0.000000	187.450638	0.000000	13.0
656	-0.622310	187.302025	0.005294	14.3
657	0.000000	187.153725	0.000000	16.0
658	-0.793879	187.005739	0.006814	13.0
659	-0.747647	186.858064	0.009948	15.5
660	-0.818318	186.710699	0.008029	16.3
661	-0.349693	186.563645	0.004574	15.2
662	0.000000	186.416898	0.000000	15.4
663	0.000000	186.270459	0.000000	15.6
664	-0.648970	186.124326	0.005417	13.7
665	-0.547360	185.978499	0.005839	15.9
666	-0.905266	185.832976	0.005043	11.8
667	-0.551619	185.687756	0.007007	14.8
668	-0.839967	185.542838	0.007418	16.5
669	-0.872140	185.398222	0.005465	13.9
670	-1.002206	185.253906	0.009229	14.9
671	0.000000	185.109889	0.000000	18.1
672	-0.705926	184.966170	0.006154	14.3
673	0.000000	184.822748	0.000000	12.5
674	0.000000	184.679623	0.000000	18.7
675	-0.386159	184.536792	0.005198	16.2
676	-0.540156	184.394256	0.005985	12.5
677	-0.335344	184.252013	0.003383	15.4
678	0.000000	184.110062	0.000000	16.9
679	-0.720298	183.968403	0.004421	12.0
680	-0.971151	183.827034	0.008222	20.6
681	-0.359007	183.685954	0.005884	15.1
682	-0.480821	183.545163	0.003608	12.5
683	-0.023265	183.404658	0.000750	18.0
684	-0.157512	183.264441	0.001916	12.6
685	-0.556661	183.124509	0.007047	13.9
686	-0.487871	182.984861	0.006806	17.1
687	-0.616045	182.845497	0.007860	16.7
688	0.000000	182.706416	0.000000	11.9
689	0.000000	182.567616	0.000000	15.2
690	0.000000	182.429098	0.000000	19.0
691	-0.464012	182.290859	0.003810	14.0
692	-0.368539	182.152899	0.003429	13.8
693	-0.658740	182.015217	0.007750	20.0
694	-0.483854	181.877813	0.005186	12.6
695	0.000000	181.740684	0.000000	14.2
696	-0.447940	181.603832	0.005137	16.8
697	0.000000	181.467253	0.000000	13.5
698	-0.264950	181.330948	0.003558	16.0
699	-0.251493	181.194916	0.003311	15.4
700	-0.703475	181.059155	0.008317	14.0
701	0.000000	180.923666	0.000000	14.3
702	-1.020977	180.788446	0.008446	15.8
703	0.000000	180.653496	0.000000	14.3
704	-0.850440	180.518814	0.008599	16.9
705	-0.223872	180.384399	0.003697	12.2
706	-0.169537	180.250251	0.003038	14.5
707	-0.884808	180.116369	0.009423	15.9
708	-0.843325	179.982752	0.005704	12.9
709	-0.535936	179.849398	0.006739	16.0
710	-0.625281	179.716308	0.006420	17.3
711	-0.755949	179.583480	0.007195	13.9
712	-0.712995	179.450913	0.007750	13.0
713	-0.597418	179.318607	0.006161	16.1
714	-0.734431	179.186561	0.009190	17.6
715	-0.501864	179.054774	0.004243	14.6
716	-0.828657	178.923245	0.005723	16.4
717	-0.150231	178.791973	0.002614	13.0
718	-0.702824	178.660958	0.008548	12.6
719	-0.569130	178.530199	0.006034	16.7
720	-0.908802	178.399694	0.007573	15.1
721	0.000000	178.269444	0.000000	14.4
722	-0.551603	178.139447	0.005815	16.4
723	-0.428178	178.009702	0.006906	14.9
724	-0.036959	177.880209	0.000675	14.1
725	-0.370954	177.750967	0.004805	14.3
726	-0.596499	177.621975	0.006175	19.2
727	-0.635194	177.493232	0.004476	13.5
728	-0.222101	177.364738	0.003764	17.5
729	-0.657713	177.236492	0.007237	15.9
730	-0.888486	177.108492	0.005627	13.8
731	-0.858477	176.980739	0.009459	16.5
732	-0.052954	176.853231	0.001762	17.9
733	-0.705105	176.725968	0.006732	13.1
734	-0.452551	176.598949	0.005169	17.6
735	-0.099399	176.472173	0.003023	17.1
736	-0.533889	176.345639	0.006036	13.5
737	-0.260898	176.219348	0.004705	15.8
738	0.000000	176.093296	0.000000	13.1
739	-0.411368	175.967486	0.005541	14.4
740	-0.227032	175.841914	0.002369	13.7
741	-0.723465	175.716581	0.005994	17.6
742	0.000000	175.591486	0.000000	14.7
743	-0.411625	175.466629	0.006826	15.8
744	-0.872687	175.342008	0.006112	15.8
745	0.000000	175.217622	0.000000	14.0
746	-0.695588	175.093472	0.008809	15.0
747	-0.303369	174.969556	0.003428	13.3
748	-0.952686	174.845873	0.007204	14.3
749	-1.001599	174.722423	0.007625	13.9
750	-0.868834	174.599206	0.006328	14.2
751	-0.013419	174.476220	0.000794	15.3
752	-0.678083	174.353464	0.007388	18.4
753	-0.066782	174.230939	0.000930	14.1
754	-0.456408	174.108643	0.004345	14.5
755	-0.154672	173.986576	0.003281	16.3
756	-0.871497	173.864737	0.005180	15.2
757	-0.070842	173.743124	0.002637	12.6
758	-0.315731	173.621739	0.004202	14.4
759	0.000000	173.500579	0.000000	18.1
760	-0.229061	173.379645	0.003712	12.3
761	0.000000	173.258935	0.000000	17.0
762	-0.893541	173.138449	0.007663	14.0
763	-0.055198	173.018186	0.000969	14.1
764	-0.497198	172.898146	0.007051	15.3
765	-0.452555	172.778327	0.005003	17.7
766	-0.913748	172.658730	0.009163	11.8
767	-0.053647	172.539353	0.000558	15.4
768	-0.593825	172.420196	0.005311	18.8
769	0.000000	172.301258	0.000000	13.5
770	-0.551631	172.182539	0.006381	13.5
771	-0.310180	172.064037	0.003446	19.6
772	-0.409370	171.945753	0.005139	12.5
773	-0.718231	171.827686	0.006102	13.1
774	-0.671930	171.709834	0.007623	17.5
775	0.000000	171.592198	0.000000	17.7
776	-0.772016	171.474776	0.004992	16.9
777	-0.086645	171.357568	0.001975	17.3
778	-0.379352	171.240574	0.005517	12.8
779	0.000000	171.123793	0.000000	14.7
780	-0.697098	171.007223	0.007244	15.3
781	-0.775923	170.890865	0.008018	12.6
782	-0.003268	170.774718	0.000071	14.9
783	0.000000	170.658782	0.000000	16.1
784	-0.444172	170.543055	0.006707	14.3
785	-0.013206	170.427537	0.001976	14.9
786	-0.026956	170.312227	0.000921	11.9
787	-0.788262	170.197125	0.007101	14.3
788	-0.074028	170.082231	0.002615	13.9
789	-0.842079	169.967543	0.007667	16.1
790	-0.866450	169.853061	0.007398	12.1
791	-0.136576	169.738784	0.001779	14.6
792	-1.034706	169.624713	0.009461	18.9
793	0.000000	169.510845	0.000000	13.6
794	-0.260905	169.397181	0.003585	13.9
795	-0.375510	169.283720	0.003644	15.1
796	-0.522591	169.170462	0.004615	13.6
797	0.000000	169.057405	0.000000	14.0
798	-0.771255	168.944549	0.004606	17.9
799	0.000000	168.831895	0.000000	14.1
800	-0.846796	168.719440	0.005664	15.2
801	0.000000	168.607185	0.000000	19.5
802	-0.021531	168.495129	0.000402	13.5
803	-0.347099	168.383271	0.004740	14.8
804	-0.008571	168.271611	0.000515	18.6
805	-0.826252	168.160148	0.005992	12.2
806	-0.710704	168.048882	0.007463	13.2
807	-0.695307	167.937812	0.005806	21.3
808	-0.912592	167.826938	0.005329	12.3
809	-0.645021	167.716258	0.005994	15.0
810	-0.355602	167.605773	0.003860	14.6
811	-0.819966	167.495482	0.008083	24.2
812	-0.693685	167.385384	0.006976	23.3
813	-0.049377	167.275479	0.001607	16.7
814	-0.644048	167.165766	0.005236	25.4
815	-0.924310	167.056245	0.006046	18.7
816	-0.111797	166.946915	0.001124	19.5
817	0.000000	166.837776	0.000000	18.0
818	-0.930564	166.728826	0.008533	20.5
819	0.000000	166.620067	0.000000	17.6
820	-0.938386	166.511496	0.005906	16.6
821	0.000000	166.403113	0.000000	25.4
822	0.000000	166.294919	0.000000	17.8
823	-0.598747	166.186912	0.004111	18.8
824	-0.861079	166.079091	0.005796	15.5
825	-0.434172	165.971458	0.003985	14.6
826	-0.457085	165.864009	0.005575	19.7
827	-0.045745	165.756747	0.000369	15.6
828	-0.887459	165.649669	0.004751	15.2
829	-0.173076	165.542775	0.002667	18.7
830	-0.000000	165.436065	0.000000	14.8
831	-0.414270	165.329538	0.006208	13.6
832	-1.004586	165.223194	0.007578	19.9
833	-0.005839	165.117032	0.000473	15.9
834	-0.551817	165.011052	0.007181	14.6
835	-0.984618	164.905253	0.007961	18.9
836	0.000000	164.799635	0.000000	15.4
837	-0.838513	164.694197	0.006884	13.5
838	-0.832452	164.588939	0.007192	17.4
839	-0.200967	164.483859	0.002475	15.1
840	-0.000934	164.378959	0.000015	15.4
841	-0.813972	164.274237	0.006115	16.3
842	-0.040254	164.169692	0.001971	15.6
843	-0.369073	164.065325	0.005121	13.1
844	-0.625107	163.961135	0.007215	20.0
845	-0.583965	163.857120	0.006510	16.7
846	-0.808300	163.753282	0.006916	13.8
847	-0.162130	163.649619	0.002449	18.0
848	-0.000002	163.546130	0.000002	13.9
849	-0.778433	163.442816	0.004594	12.5
850	-0.296924	163.339676	0.004320	16.9
851	-0.805886	163.236709	0.005324	15.3
852	-0.613280	163.133915	0.006717	14.0
853	0.000000	163.031294	0.000000	15.7
854	0.000000	162.928844	0.000000	17.5
855	0.000000	162.826566	0.000000	14.6
856	0.000000	162.724459	0.000000	17.2
857	0.000000	162.622523	0.000000	17.1
858	-0.896629	162.520757	0.005640	13.6
859	-0.368392	162.419160	0.003753	18.0
860	-0.746139	162.317733	0.009380	17.4
861	-0.948413	162.216474	0.006580	16.0
862	0.000000	162.115383	0.000000	19.5
863	-0.685219	162.014461	0.004326	15.8
864	0.000000	161.913705	0.000000	14.1
865	-0.000000	161.813117	0.000000	17.9
866	0.000000	161.712695	0.000000	15.6
867	-0.463298	161.612439	0.007215	18.8
868	-0.916836	161.512349	0.007352	17.6
869	-0.739196	161.412424	0.006814	13.7
870	0.000000	161.312663	0.000000	16.0
871	-0.000065	161.213067	0.000042	15.4
872	-0.264653	161.113635	0.004387	16.9
873	-0.557224	161.014366	0.006302	20.7
874	-0.679594	160.915260	0.005879	20.5
875	0.000000	160.816316	0.000000	14.5
876	-0.967318	160.717535	0.007332	20.3
877	-0.697427	160.618915	0.006526	14.7
878	-0.776456	160.520456	0.006966	15.4
879	-0.520167	160.422158	0.004851	19.9
880	-0.597924	160.324021	0.007418	16.9
881	-1.021814	160.226043	0.008676	17.9
882	-0.901292	160.128225	0.006231	15.7
883	-0.016787	160.030566	0.000199	17.7
884	-0.015093	159.933066	0.001392	15.4
885	-0.173230	159.835723	0.001685	15.5
886	-0.440962	159.738539	0.005893	20.6
887	-0.585933	159.641512	0.004481	15.6
888	-0.754634	159.544642	0.005776	15.6
889	-0.788376	159.447929	0.004285	18.3
890	-0.761566	159.351372	0.005228	14.2
891	-0.386692	159.254971	0.005041	17.2
892	-0.156083	159.158725	0.002423	21.0
893	-0.261850	159.062634	0.002860	15.5
894	-0.365347	158.966697	0.004619	16.9
895	-0.000002	158.870915	0.000002	18.1
896	-0.398175	158.775286	0.003305	14.6
897	-0.696478	158.679811	0.005231	15.0
898	0.000000	158.584489	0.000000	19.4
899	-0.004021	158.489319	0.000140	16.5
900	-0.968879	158.394302	0.007125	17.5
901	0.000000	158.299436	0.000000	17.6
902	-0.508453	158.204721	0.005999	15.2
903	-0.853559	158.110158	0.007805	16.5
904	-0.938367	158.015745	0.006979	18.4
905	-0.696135	157.921482	0.007621	14.2
906	-0.134571	157.827369	0.002318	18.5
907	-0.403252	157.733406	0.003162	15.1
908	-0.187189	157.639591	0.003119	15.6
909	-0.556665	157.545925	0.005784	17.9
910	-0.326680	157.452408	0.004890	16.3
911	-0.704987	157.359038	0.008916	12.0
912	-0.593091	157.265816	0.006284	18.0
913	-0.879458	157.172741	0.005187	17.5
914	-0.334325	157.079813	0.004260	14.4
915	-0.000001	156.987031	0.000000	18.4
916	-0.481410	156.894395	0.004942	16.9
917	-0.441419	156.801904	0.004996	12.3
918	-0.334476	156.709559	0.004841	19.6
919	-0.026482	156.617359	0.000415	16.2
920	-0.720338	156.525304	0.003068	15.2
921	-0.875333	156.433392	0.005456	19.1
922	-0.200594	156.341624	0.004225	15.5
923	-0.508824	156.250000	0.005650	13.3
924	-0.322023	156.158519	0.002655	21.4
925	-0.462792	156.067180	0.005825	16.5
926	-0.018874	155.975984	0.002164	12.0
927	0.000000	155.884930	0.000000	18.1
928	-0.708899	155.794017	0.004415	16.9
929	-0.918510	155.703246	0.006649	12.7
930	-0.391280	155.612615	0.003546	18.7
931	-0.531046	155.522125	0.005672	15.7
932	-0.871913	155.431775	0.007654	15.0
933	-0.795948	155.341565	0.007593	21.3
934	-0.772873	155.251495	0.005235	15.6
935	-0.516018	155.161563	0.006275	12.2
936	-1.028296	155.071771	0.009565	20.1
937	-0.812880	154.982117	0.007704	16.2
938	-0.654699	154.892601	0.006289	14.4
939	-0.907879	154.803222	0.006134	18.2
940	-0.256201	154.713981	0.004234	16.2
941	0.000000	154.624878	0.000000	12.2
942	-0.858633	154.535910	0.005875	17.5
943	-0.000003	154.447080	0.000007	16.6
944	-0.303081	154.358385	0.002853	14.0
945	-0.471522	154.269826	0.006629	17.8
946	-0.122155	154.181402	0.001996	15.7
947	-0.483855	154.093114	0.004239	11.8
948	-0.630259	154.004960	0.004874	15.5
949	-0.243693	153.916940	0.004331	18.4
950	0.000000	153.829054	0.000000	13.3
951	0.000000	153.741303	0.000000	14.9
952	-0.265559	153.653684	0.004190	12.9
953	-0.903790	153.566198	0.006367	14.6
954	-0.067279	153.478846	0.002655	13.7
955	-0.904927	153.391625	0.005746	16.4
956	0.000000	153.304537	0.000000	14.4
957	-0.687985	153.217580	0.005390	15.9
958	0.000000	153.130755	0.000000	16.0
959	-0.665489	153.044061	0.004442	13.8
960	0.000000	152.957498	0.000000	15.0
961	-0.952333	152.871065	0.006738	12.5
962	-0.464071	152.784762	0.005910	13.0
963	-0.760962	152.698589	0.006062	13.7
964	-0.525952	152.612545	0.005574	15.5
965	-0.595445	152.526631	0.006533	15.0
966	-0.862186	152.440845	0.008733	18.6
967	0.000000	152.355188	0.000000	14.2
968	-0.478403	152.269660	0.004601	14.7
969	-0.332682	152.184259	0.004689	17.1
970	-0.230445	152.098986	0.004244	15.0
971	0.000000	152.013840	0.000000	12.2
972	-0.590923	151.928821	0.006173	19.3
973	-1.006995	151.843928	0.007109	14.6
974	-0.747785	151.759163	0.007441	11.8
975	0.000000	151.674523	0.000000	15.2
976	-0.602740	151.590009	0.005391	15.0
977	-0.915858	151.505620	0.006819	14.8
978	-0.022501	151.421357	0.001410	16.1
979	-0.762272	151.337218	0.005161	17.2
980	0.000000	151.253204	0.000000	13.1
981	-0.315550	151.169314	0.005146	17.0
982	0.000000	151.085549	0.000000	17.0
983	-0.285835	151.001907	0.003730	14.6
984	-0.732038	150.918388	0.006423	17.0
985	-0.779467	150.834992	0.006093	16.2
986	0.000000	150.751719	0.000000	14.1
987	-0.668607	150.668569	0.006266	16.9
988	-0.731420	150.585541	0.007629	18.3
989	-0.558224	150.502634	0.005542	15.0
990	-0.595516	150.419849	0.006196	18.0
991	0.000000	150.337186	0.000000	15.5
992	0.000000	150.254644	0.000000	15.6
993	0.000000	150.172222	0.000000	17.4
994	-0.695732	150.089921	0.006925	15.7
995	-0.305009	150.007740	0.002962	16.6
996	-0.349999	149.925679	0.004719	18.2
997	-0.719674	149.843737	0.006204	17.3
998	-0.147627	149.761915	0.003322	21.2
999	-0.000993	149.680212	0.000053	18.4
1000	-0.680065	149.598627	0.006752	17.5
1001	-0.906049	149.517161	0.007224	14.3
1002	0.000000	149.435814	0.000000	16.2
1003	0.000000	149.354584	0.000000	18.6
1004	-0.346231	149.273472	0.003975	13.0
1005	-0.892384	149.192477	0.005459	18.4
1006	-0.633226	149.111599	0.006981	16.0
1007	-1.040993	149.030838	0.007489	15.0
1008	-0.536337	148.950194	0.007551	19.9
1009	-0.944325	148.869666	0.006425	16.5
1010	0.000000	148.789253	0.000000	12.1
1011	-0.716559	148.708957	0.007206	18.2
1012	-0.205009	148.628776	0.003652	16.1
1013	-0.000000	148.548710	0.000000	15.4
1014	-0.824193	148.468759	0.005139	18.0
1015	-0.796479	148.388923	0.005523	15.6
1016	0.000000	148.309201	0.000000	13.3
1017	-0.580669	148.229594	0.007273	17.4
1018	-0.835040	148.150100	0.005909	16.2
1019	0.000000	148.070719	0.000000	14.9
1020	-0.047823	147.991452	0.000725	18.0
1021	-0.050875	147.912298	0.000523	15.3
1022	-0.341659	147.833257	0.005081	14.5
1023	-0.720209	147.754329	0.005836	17.3
1024	-0.789145	147.675512	0.004719	17.5
1025	-0.006056	147.596808	0.000240	15.9
1026	-0.539166	147.518216	0.006480	18.7
1027	-0.878451	147.439735	0.008186	14.7
1028	-0.694792	147.361365	0.005539	14.7
1029	-1.037495	147.283106	0.008344	17.8
1030	-0.886929	147.204958	0.007601	15.2
1031	-0.000219	147.126920	0.000074	15.3
1032	0.000000	147.048993	0.000000	16.9
1033	-0.001949	146.971175	0.000051	12.1
1034	-0.185391	146.893468	0.003623	15.0
1035	0.000000	146.815869	0.000000	13.7
1036	-0.770464	146.738380	0.005179	16.3
1037	-0.898031	146.661000	0.006829	13.2
1038	-0.363694	146.583729	0.004107	16.5
1039	-0.819818	146.506566	0.006448	15.7
1040	-0.007908	146.429511	0.000110	15.1
1041	-0.490863	146.352565	0.007696	15.7
1042	-0.442091	146.275726	0.004679	15.1
1043	-0.461607	146.198994	0.006900	14.1
1044	-0.863655	146.122370	0.009566	14.3
1045	0.000000	146.045853	0.000000	15.0
1046	-0.953047	145.969442	0.006767	14.0
1047	-0.571764	145.893139	0.006874	19.3
1048	0.000000	145.816941	0.000000	15.3
1049	-0.668009	145.740849	0.003788	14.0
1050	-0.243825	145.664863	0.006107	18.8
1051	-0.316670	145.588983	0.004698	15.1
1052	-0.903597	145.513208	0.007860	13.3
1053	-0.941430	145.437538	0.006154	15.7
1054	0.000000	145.361973	0.000000	16.1
1055	-0.006127	145.286513	0.000121	15.8
1056	0.000000	145.211157	0.000000	16.8
1057	-0.783399	145.135905	0.008287	15.0
1058	-0.666766	145.060757	0.006162	14.3
1059	0.000000	144.985712	0.000000	16.9
1060	-0.465324	144.910771	0.004517	17.7
1061	-0.245827	144.835934	0.004261	15.8
1062	-0.025846	144.761199	0.003891	19.5
1063	-0.401554	144.686567	0.002510	15.0
1064	-0.515936	144.612037	0.005928	12.3
1065	-0.744619	144.537610	0.007371	13.3
1066	0.000000	144.463285	0.000000	15.9
1067	-0.250032	144.389062	0.002645	16.4
1068	-0.639578	144.314940	0.006106	18.0
1069	-0.620517	144.240920	0.008151	15.1
1070	-0.216160	144.167001	0.004267	12.7
1071	-0.000000	144.093182	0.000000	13.6
1072	-0.671757	144.019465	0.007396	16.5
1073	-0.484977	143.945848	0.006629	14.2
1074	0.000000	143.872331	0.000000	15.5
1075	-0.516650	143.798914	0.006746	12.8
1076	-0.042387	143.725597	0.001173	13.1
1077	-0.841168	143.652380	0.006076	14.9
1078	-0.515083	143.579262	0.003373	15.3
1079	-0.534128	143.506243	0.006971	13.8
1080	-0.878665	143.433323	0.006653	13.2
1081	0.000000	143.360502	0.000000	18.2
1082	-0.081637	143.287780	0.003078	12.5
1083	-0.386750	143.215155	0.004796	12.9
1084	-0.820076	143.142629	0.006452	15.9
1085	-0.741852	143.070201	0.005090	13.7
1086	-0.540024	142.997870	0.006183	14.3
1087	0.000000	142.925637	0.000000	13.7
1088	-0.641299	142.853501	0.009530	15.6
1089	-0.709248	142.781462	0.005237	13.8
1090	-0.355262	142.709519	0.003487	16.7
1091	-0.337858	142.637674	0.005717	12.1
1092	0.000000	142.565924	0.000000	13.3
1093	0.000000	142.494271	0.000000	18.0
1094	0.000000	142.422714	0.000000	15.9
1095	-0.216033	142.351252	0.003185	17.7
1096	-0.227541	142.279886	0.005104	14.1
1097	-0.000066	142.208616	0.000021	13.2
1098	-0.880046	142.137440	0.009022	13.8
1099	-1.070603	142.066360	0.008709	15.2
1100	-1.030584	141.995374	0.009883	11.9
1101	-0.577233	141.924483	0.004858	13.2
1102	-0.714740	141.853685	0.006575	15.5
1103	-0.022505	141.782983	0.001054	14.4
1104	-0.972166	141.712373	0.007142	13.7
1105	0.000000	141.641858	0.000000	17.2
1106	-0.388707	141.571436	0.004852	13.2
1107	0.000000	141.501108	0.000000	14.1
1108	-0.007163	141.430872	0.001755	14.3
1109	-0.090615	141.360730	0.002127	12.6
1110	-0.000900	141.290680	0.000065	12.6
1111	-0.397393	141.220722	0.005636	16.7
1112	-0.035974	141.150857	0.000889	14.8
1113	-0.819964	141.081084	0.006602	14.0
1114	-0.618191	141.011403	0.006861	18.1
1115	0.000000	140.941813	0.000000	12.3
1116	-0.000000	140.872315	0.000000	11.9
1117	-1.014980	140.802909	0.006938	15.7
1118	-1.096052	140.733593	0.007044	13.9
1119	-0.129037	140.664369	0.002274	11.8
1120	0.000000	140.595235	0.000000	17.7
1121	0.000000	140.526192	0.000000	12.0
1122	0.000000	140.457239	0.000000	11.9
1123	0.000000	140.388376	0.000000	14.3
1124	-0.738321	140.319603	0.005433	15.2
1125	-0.504487	140.250920	0.007083	13.9
1126	-0.918772	140.182326	0.007020	12.5
1127	0.000000	140.113822	0.000000	18.9
1128	0.000000	140.045407	0.000000	12.4
1129	-0.455193	139.977081	0.005323	15.6
1130	0.000000	139.908844	0.000000	13.7
1131	-0.532622	139.840696	0.002824	13.6
1132	0.000000	139.772635	0.000000	13.6
1133	-0.655178	139.704664	0.007114	15.1
1134	0.000000	139.636780	0.000000	15.0
1135	-0.759952	139.568984	0.007057	13.3
1136	-0.733782	139.501276	0.008280	17.3
1137	-0.557195	139.433655	0.007332	12.1
1138	-0.922864	139.366122	0.008141	12.4
1139	0.000000	139.298676	0.000000	16.5
1140	-0.588472	139.231317	0.006064	14.0
1141	-0.815943	139.164045	0.005745	14.4
1142	-0.728231	139.096859	0.005581	15.6
1143	-0.576954	139.029760	0.007068	15.2
1144	0.000000	138.962747	0.000000	12.8
1145	-0.270648	138.895820	0.001916	17.8
1146	-0.877971	138.828978	0.005592	12.3
1147	-0.073436	138.762223	0.001071	13.9
1148	0.000000	138.695553	0.000000	16.0
1149	-0.000000	138.628969	0.000000	14.2
1150	-0.821293	138.562469	0.007955	13.0
1151	-0.612574	138.496055	0.005182	17.7
1152	-0.771146	138.429725	0.007491	13.3
1153	-0.719972	138.363481	0.007038	12.6
1154	-0.956459	138.297320	0.007568	15.9
1155	-0.968321	138.231244	0.007086	13.0
1156	-0.779039	138.165252	0.006339	12.2
1157	-1.027823	138.099344	0.008018	17.4
1158	-0.595098	138.033520	0.008293	14.5
1159	-0.671315	137.967779	0.006585	13.4
1160	-0.000000	137.902122	0.000000	13.9
1161	-0.420213	137.836548	0.003736	12.6
1162	-1.026633	137.771057	0.006505	14.4
1163	-0.734309	137.705649	0.005590	13.3
1164	-0.467267	137.640324	0.005400	16.9
1165	-0.371743	137.575081	0.004395	12.0
1166	-0.365881	137.509921	0.004930	15.6
1167	0.000000	137.444842	0.000000	17.2
1168	-0.783368	137.379846	0.005071	13.3
1169	-0.549733	137.314932	0.007342	12.5
1170	-0.484234	137.250100	0.005592	15.1
1171	-0.475751	137.185349	0.003919	13.8
1172	-0.826424	137.120680	0.006024	11.6
1173	0.000000	137.056092	0.000000	18.1
1174	-0.496384	136.991585	0.003869	12.7
1175	-0.458232	136.927158	0.004333	11.7
1176	-0.274812	136.862813	0.004050	13.6
1177	-0.502936	136.798548	0.004381	15.4
1178	-0.617727	136.734363	0.006025	13.8
1179	-1.010208	136.670259	0.007062	12.0
1180	-0.092809	136.606235	0.002006	19.6
1181	-0.832071	136.542291	0.007470	14.2
1182	-0.053687	136.478426	0.002615	15.1
1183	-0.000869	136.414641	0.000131	14.6
1184	-0.627789	136.350936	0.003160	13.1
1185	-0.802745	136.287310	0.006515	12.8
1186	-0.312603	136.223763	0.002403	15.9
1187	-0.552292	136.160295	0.006021	14.4
1188	-0.213958	136.096905	0.002362	12.5
1189	-0.578528	136.033594	0.005640	18.9
1190	0.000000	135.970362	0.000000	12.2
1191	-0.788782	135.907208	0.007160	12.7
1192	-0.674418	135.844133	0.005438	16.4
1193	-1.016734	135.781135	0.007180	13.5
1194	-0.548564	135.718215	0.004527	13.5
1195	-0.122895	135.655373	0.003557	15.6
1196	-0.353022	135.592608	0.005189	15.0
1197	-0.051370	135.529921	0.001990	14.1
1198	0.000000	135.467311	0.000000	18.2
1199	-0.000956	135.404778	0.000022	12.4
1200	-0.817906	135.342322	0.005622	12.8
1201	-0.512262	135.279942	0.004107	16.6
1202	-0.010367	135.217640	0.000308	13.6
1203	-0.308582	135.155413	0.002830	13.4
1204	-0.017549	135.093263	0.000899	15.8
1205	-0.114222	135.031190	0.001544	15.0
1206	-0.782322	134.969192	0.006782	12.8
1207	-1.013567	134.907270	0.006553	18.5
1208	-0.697947	134.845424	0.006512	11.8
1209	-0.113147	134.783653	0.001862	12.5
1210	-1.024411	134.721958	0.006757	17.0
1211	-0.081724	134.660338	0.001999	14.3
1212	-0.896079	134.598793	0.006062	13.3
1213	-0.999549	134.537323	0.008127	15.7
1214	-0.753690	134.475927	0.006900	15.0
1215	-0.578782	134.414607	0.007071	12.7
1216	-0.739312	134.353361	0.009558	16.1
1217	-0.810504	134.292189	0.008172	13.3
1218	-0.839136	134.231092	0.005580	12.7
1219	-0.236329	134.170068	0.002307	15.9
1220	-0.875859	134.109119	0.007561	13.8
1221	-0.758710	134.048243	0.005480	14.0
1222	-0.457479	133.987441	0.005871	18.2
1223	-0.913289	133.926713	0.007513	13.6
1224	-0.397441	133.866057	0.004047	13.1
1225	-0.000822	133.805475	0.000115	15.7
1226	-0.254061	133.744966	0.004363	13.8
1227	0.000000	133.684530	0.000000	13.3
1228	-0.856435	133.624167	0.007121	17.2
1229	0.000000	133.563877	0.000000	14.3
1230	-0.589919	133.503658	0.006615	13.4
1231	-0.372682	133.443513	0.004647	17.7
1232	-0.680627	133.383439	0.006240	13.3
1233	-0.641516	133.323437	0.005747	12.3
1234	-0.922440	133.263508	0.007925	14.3
1235	0.000000	133.203650	0.000000	13.6
1236	-0.559893	133.143864	0.005744	11.5
1237	-0.813161	133.084149	0.006648	17.8
1238	0.000000	133.024506	0.000000	12.2
1239	-0.766011	132.964934	0.004406	13.2
1240	-0.856558	132.905433	0.007401	13.8
1241	-0.794253	132.846003	0.005869	14.5
1242	0.000000	132.786643	0.000000	13.7
1243	-0.849187	132.727355	0.006211	12.3
1244	-0.615111	132.668137	0.004709	18.5
1245	-0.183910	132.608989	0.003781	12.2
1246	-0.564827	132.549912	0.005952	12.2
1247	-0.460219	132.490904	0.004247	16.2
1248	-0.555301	132.431967	0.006267	13.9
1249	0.000000	132.373100	0.000000	13.6
1250	-1.026339	132.314302	0.006575	15.8
1251	-0.511768	132.255574	0.005982	14.8
1252	-0.670312	132.196916	0.003825	12.7
1253	-0.649398	132.138326	0.006524	19.2
1254	-0.640259	132.079806	0.006926	12.0
1255	0.000000	132.021355	0.000000	12.1
1256	-0.693279	131.962973	0.004783	16.2
1257	-0.582530	131.904660	0.006183	14.3
1258	-0.345632	131.846415	0.005115	13.5
1259	-0.769515	131.788239	0.007644	15.7
1260	-0.682956	131.730131	0.007974	15.0
1261	-0.000482	131.672092	0.000016	12.8
1262	-0.598457	131.614121	0.007191	19.0
1263	-0.940728	131.556217	0.006883	11.7
1264	-0.355912	131.498382	0.003362	12.5
1265	-0.242815	131.440614	0.004720	16.8
1266	-0.932983	131.382914	0.006663	14.5
1267	-0.773629	131.325282	0.004122	13.6
1268	0.000000	131.267717	0.000000	20.2
1269	-0.741977	131.210219	0.005892	17.6
1270	-0.566086	131.152788	0.007373	18.7
1271	-0.000003	131.095424	0.000002	19.1
1272	-0.028786	131.038127	0.003150	12.2
1273	-0.101837	130.980897	0.001551	25.8
1274	-0.009745	130.923733	0.000878	13.3
1275	-0.709011	130.866636	0.005846	11.8
1276	-0.140032	130.809605	0.002777	14.7
1277	-0.406765	130.752641	0.005446	16.2
1278	0.000000	130.695742	0.000000	15.3
1279	0.000000	130.638910	0.000000	16.4
1280	-0.603641	130.582143	0.006798	16.3
1281	-0.859894	130.525442	0.005431	13.0
1282	-0.459083	130.468807	0.004313	14.3
1283	-0.812583	130.412237	0.005936	17.8
1284	0.000000	130.355733	0.000000	12.2
1285	0.000000	130.299294	0.000000	13.0
1286	-0.391316	130.242920	0.004773	15.7
1287	-1.080216	130.186611	0.007714	15.2
1288	-0.023677	130.130366	0.001244	14.8
1289	0.000000	130.074187	0.000000	16.2
1290	0.000000	130.018072	0.000000	13.1
1291	-0.151768	129.962022	0.002686	13.4
1292	-0.221883	129.906036	0.004237	18.0
1293	0.000000	129.850114	0.000000	12.1
1294	-0.026850	129.794257	0.001187	12.9
1295	-0.797796	129.738463	0.005630	16.1
1296	-0.774483	129.682734	0.007850	14.7
1297	-0.107122	129.627068	0.002687	14.4
1298	-0.416160	129.571466	0.005149	13.6
1299	-0.290982	129.515927	0.002968	15.4
1300	-0.145987	129.460452	0.002745	13.1
1301	-0.053057	129.405040	0.001263	18.5
1302	-0.711943	129.349692	0.007413	12.0
1303	-0.899984	129.294406	0.007708	13.9
1304	-0.930075	129.239183	0.005085	15.6
1305	-0.749229	129.184024	0.006021	14.2
1306	-0.032136	129.128927	0.001015	13.3
1307	-0.698395	129.073892	0.006112	15.5
1308	-0.523728	129.018921	0.006588	14.8
1309	-0.578459	128.964011	0.008076	12.0
1310	-0.636966	128.909164	0.005410	20.5
1311	-0.754531	128.854379	0.006503	12.1
1312	-0.044770	128.799656	0.000883	12.4
1313	0.000000	128.744995	0.000000	16.8
1314	0.000000	128.690396	0.000000	13.9
1315	-0.572178	128.635858	0.004541	13.1
1316	-0.209992	128.581382	0.004084	17.9
1317	-0.668049	128.526968	0.007606	13.6
1318	-0.727788	128.472615	0.005983	12.6
1319	-0.001705	128.418323	0.000037	15.7
1320	-0.854620	128.364092	0.006447	13.7
1321	-0.479951	128.309922	0.005105	12.9
1322	-0.071498	128.255814	0.000887	17.3
1323	-0.748853	128.201766	0.006187	15.3
1324	-0.008313	128.147778	0.000076	14.5
1325	-0.265026	128.093852	0.003370	17.1
1326	-0.629855	128.039985	0.006395	13.6
1327	-0.000000	127.986180	0.000000	14.5
1328	-0.422822	127.932434	0.005605	17.3
1329	-0.534378	127.878749	0.006334	12.6
1330	-0.000200	127.825123	0.000022	14.0
1331	0.000000	127.771558	0.000000	14.7
1332	0.000000	127.718052	0.000000	14.6
1333	0.000000	127.664606	0.000000	14.6
1334	-0.091071	127.611220	0.003129	15.3
1335	-0.431503	127.557893	0.003534	14.9
1336	-0.910374	127.504625	0.006519	13.4
1337	0.000000	127.451417	0.000000	19.1
1338	-0.805249	127.398268	0.007504	13.1
1339	-0.160774	127.345178	0.001230	12.9
1340	0.000000	127.292147	0.000000	16.8
1341	-0.336942	127.239175	0.002908	13.5
1342	-0.635360	127.186261	0.006512	14.4
1343	-0.929057	127.133407	0.005832	17.8
1344	0.000000	127.080610	0.000000	14.2
1345	-0.474188	127.027872	0.005056	13.6
1346	-0.768729	126.975193	0.005905	17.2
1347	-0.597866	126.922572	0.006968	11.9
1348	-0.171669	126.870008	0.002437	14.3
1349	-0.857029	126.817503	0.005883	15.9
1350	-1.051557	126.765056	0.007771	12.7
1351	-0.741647	126.712667	0.005947	13.6
1352	-0.530366	126.660335	0.005890	17.2
1353	-0.423419	126.608061	0.006097	15.2
1354	-0.227779	126.555844	0.004223	13.3
1355	-0.004300	126.503685	0.000000	16.8
1356	-0.120645	126.451583	0.002118	12.5
1357	-0.525074	126.399538	0.005782	14.3
1358	0.000000	126.347550	0.000000	14.3
1359	-0.607965	126.295619	0.006392	15.9
1360	-0.620804	126.243745	0.007545	14.7
1361	0.000000	126.191928	0.000000	14.4
1362	0.000000	126.140168	0.000000	15.1
1363	-0.740989	126.088464	0.007662	12.6
1364	-0.701346	126.036817	0.007316	17.2
1365	0.000000	125.985226	0.000000	12.2
1366	-0.090847	125.933691	0.002693	13.0
1367	-0.001111	125.882212	0.000035	19.4
1368	-0.005842	125.830790	0.000081	12.5
1369	-0.718886	125.779423	0.005398	14.0
1370	0.000000	125.728113	0.000000	15.5
1371	-0.000629	125.676858	0.000046	13.7
1372	-0.958743	125.625659	0.007631	12.1
1373	-0.037306	125.574515	0.001322	19.7
1374	-0.742668	125.523427	0.005768	12.2
1375	-0.532907	125.472394	0.004725	11.8
1376	-0.862080	125.421417	0.006944	18.1
1377	-0.540535	125.370495	0.005749	13.1
1378	-0.891353	125.319628	0.005723	13.4
1379	0.000000	125.268815	0.000000	17.6
1380	-0.134108	125.218058	0.002939	14.1
1381	-0.820387	125.167356	0.006196	12.5
1382	-0.102665	125.116708	0.002560	19.1
1383	-0.591619	125.066115	0.006619	12.1
1384	-0.389362	125.015576	0.002933	12.1
1385	-0.791015	124.965092	0.004995	16.4
1386	-0.796145	124.914662	0.004656	14.0
1387	-0.261408	124.864287	0.003499	12.0
1388	-0.456805	124.813965	0.005366	16.9
1389	-0.013646	124.763698	0.001609	15.1
1390	-0.246278	124.713485	0.004288	12.7
1391	-0.772881	124.663325	0.008766	19.2
1392	0.000000	124.613219	0.000000	12.1
1393	-0.554254	124.563167	0.006026	12.9
1394	-0.670349	124.513168	0.004230	15.2
1395	-0.596752	124.463223	0.006972	14.1
1396	-0.174669	124.413332	0.002504	13.6
1397	0.000000	124.363493	0.000000	17.3
1398	-0.472840	124.313708	0.005242	13.2
1399	-0.982810	124.263976	0.008170	12.9
1400	-0.785813	124.214297	0.004968	14.7
1401	-0.000000	124.164671	0.000000	13.0
1402	-0.838414	124.115097	0.005388	13.1
1403	-0.367913	124.065577	0.004463	16.5
1404	0.000000	124.016109	0.000000	14.7
1405	-0.497910	123.966693	0.005594	14.5
1406	-0.818171	123.917330	0.006299	16.9
1407	-0.584458	123.868020	0.006478	13.3
1408	0.000000	123.818762	0.000000	13.7
1409	-0.769395	123.769556	0.006104	13.5
1410	-0.534461	123.720402	0.004980	13.9
1411	-0.791835	123.671300	0.006650	11.8
1412	-0.382962	123.622250	0.004772	18.6
1413	0.000000	123.573252	0.000000	15.1
1414	0.000000	123.524305	0.000000	14.9
1415	-0.064665	123.475411	0.002562	18.1
1416	-0.386636	123.426568	0.005444	13.4
1417	-0.457220	123.377776	0.006579	13.6
1418	-0.686157	123.329036	0.006100	22.1
1419	-0.473900	123.280347	0.006372	16.6
1420	-0.001248	123.231709	0.000221	25.3
1421	-0.809262	123.183122	0.005913	22.8
1422	0.000000	123.134587	0.000000	23.4
1423	0.000000	123.086102	0.000000	16.0
1424	-0.162386	123.037669	0.002088	11.8
1425	-0.822516	122.989286	0.008150	16.2
1426	-0.829340	122.940954	0.007692	18.1
1427	-0.917553	122.892672	0.008888	13.8
1428	-0.827070	122.844441	0.006760	16.1
1429	-0.387758	122.796261	0.005338	18.3
1430	-0.711265	122.748130	0.005068	14.1
1431	-0.783811	122.700050	0.004613	22.5
1432	-0.809880	122.652021	0.007399	19.5
1433	0.000000	122.604041	0.000000	18.5
1434	-0.808614	122.556111	0.005431	15.9
1435	-0.781172	122.508232	0.005385	14.2
1436	-0.851497	122.460402	0.005160	11.7
1437	-0.215695	122.412622	0.001737	19.9
1438	0.000000	122.364891	0.000000	14.5
1439	-0.294705	122.317210	0.004235	14.3
1440	0.000000	122.269579	0.000000	17.9
1441	0.000000	122.221997	0.000000	14.9
1442	-0.001358	122.174465	0.000044	14.1
1443	-0.357077	122.126981	0.005340	12.4
1444	-0.576024	122.079547	0.006748	13.2
1445	-0.436340	122.032162	0.005967	13.3
1446	-0.052280	121.984826	0.002627	16.6
1447	-0.431832	121.937539	0.005346	11.7
1448	0.000000	121.890301	0.000000	15.2
1449	-0.000535	121.843112	0.000224	18.0
1450	-0.090993	121.795971	0.002738	12.3
1451	-0.325885	121.748879	0.003950	12.8
1452	-0.557857	121.701835	0.005799	14.6
1453	-0.792231	121.654840	0.006496	14.1
1454	-0.041555	121.607893	0.000362	11.8
1455	-0.069159	121.560994	0.000865	18.7
1456	0.000000	121.514144	0.000000	12.2
1457	-0.000026	121.467342	0.000012	12.7
1458	-0.885684	121.420588	0.006489	17.0
1459	-0.404797	121.373882	0.006162	13.8
1460	-0.965451	121.327223	0.007873	14.3
1461	-0.519376	121.280613	0.004544	16.3
1462	0.000000	121.234050	0.000000	14.2
1463	-0.651878	121.187535	0.004395	12.3
1464	0.000000	121.141067	0.000000	19.8
1465	-0.585049	121.094647	0.007443	12.2
1466	-0.630772	121.048274	0.005394	12.4
1467	-0.448527	121.001949	0.007130	16.4
1468	-0.463487	120.955671	0.004457	13.4
1469	-0.802264	120.909440	0.005504	13.8
1470	0.000000	120.863256	0.000000	14.8
1471	0.000000	120.817119	0.000000	15.0
1472	-0.895837	120.771029	0.007489	12.8
1473	-0.828115	120.724986	0.007167	17.6
1474	-0.723127	120.678990	0.006307	12.1
1475	0.000000	120.633040	0.000000	12.9
1476	-0.419694	120.587137	0.004594	15.8
1477	-0.012666	120.541281	0.000173	14.2
1478	-0.820005	120.495471	0.006785	13.6
1479	-1.024693	120.449707	0.007847	17.5
1480	-0.720008	120.403990	0.006517	13.5
1481	-0.490428	120.358319	0.004511	13.1
1482	-0.356824	120.312694	0.004741	15.8
1483	-0.553536	120.267115	0.005526	13.1
1484	0.000000	120.221582	0.000000	12.2
1485	-0.807707	120.176096	0.007010	17.5
1486	-0.608339	120.130655	0.004569	14.1
1487	-0.834913	120.085260	0.005746	14.2
1488	-0.676806	120.039910	0.004867	17.9
1489	-1.067045	119.994606	0.006594	13.4
1490	-0.713758	119.949348	0.006227	12.7
1491	-0.124221	119.904135	0.001867	14.6
1492	-0.869908	119.858968	0.008008	13.9
1493	-0.435700	119.813846	0.005818	12.8
1494	-0.786409	119.768769	0.007221	16.8
1495	-0.556863	119.723738	0.003232	11.8
1496	-0.855657	119.678752	0.006411	12.6
1497	-0.244561	119.633810	0.004610	20.1
1498	-0.006095	119.588914	0.000150	14.9
1499	-0.770178	119.544062	0.006908	19.0
1500	-0.499699	119.499256	0.006656	16.7
1501	-0.902405	119.454494	0.006140	14.3
1502	-0.009836	119.409777	0.000107	19.4
1503	-0.907950	119.365104	0.006417	12.3
1504	-0.844530	119.320476	0.007064	11.9
1505	-1.048697	119.275893	0.007392	14.5
1506	-0.344066	119.231353	0.005609	15.2
1507	-1.065645	119.186859	0.008631	13.7
1508	-0.686795	119.142408	0.005778	14.3
1509	-0.528204	119.098002	0.002932	18.0
1510	0.000000	119.053639	0.000000	12.2
1511	-0.077249	119.009321	0.001016	13.5
1512	-0.836373	118.965047	0.006192	16.2
1513	-0.041079	118.920816	0.002551	13.6
1514	-0.728321	118.876630	0.005861	14.2
1515	-1.016531	118.832487	0.006809	15.7
1516	-0.789589	118.788388	0.005630	14.8
1517	-0.116928	118.744332	0.001988	12.6
1518	-0.128704	118.700320	0.003618	19.0
1519	0.000000	118.656352	0.000000	12.4
1520	-0.322329	118.612427	0.004554	12.2
1521	0.000000	118.568545	0.000000	16.4
1522	-0.006845	118.524706	0.000171	14.1
1523	-0.000167	118.480911	0.000014	14.8
1524	-0.874242	118.437159	0.007128	16.1
1525	-0.000001	118.393450	0.000000	13.9
1526	-0.025167	118.349784	0.001553	12.6
1527	-1.028943	118.306160	0.009006	19.0
1528	-0.251564	118.262580	0.004170	12.7
1529	-0.788600	118.219042	0.005187	19.9
1530	0.000000	118.175548	0.000000	14.6
1531	-0.714282	118.132095	0.006022	12.6
1532	-0.012443	118.088686	0.000280	15.7
1533	-0.003226	118.045319	0.000134	13.0
1534	-1.036794	118.001994	0.007860	26.2
1535	-0.000385	117.958712	0.000021	25.3
1536	-0.505472	117.915472	0.003775	25.0
1537	-0.925817	117.872274	0.006977	16.3
1538	-0.372366	117.829118	0.005783	14.5
1539	-0.000001	117.786005	0.000001	18.2
1540	-0.983409	117.742933	0.007758	15.1
1541	-0.149316	117.699904	0.001425	12.4
1542	-0.952473	117.656916	0.006982	16.2
1543	-0.563372	117.613971	0.004814	17.5
1544	-0.374552	117.571067	0.004579	13.5
1545	0.000000	117.528205	0.000000	14.4
1546	-0.820096	117.485384	0.006790	13.8
1547	-0.711673	117.442605	0.006187	13.2
1548	-0.421998	117.399867	0.003205	13.3
1549	-0.820338	117.357171	0.005815	14.9
1550	0.000000	117.314517	0.000000	15.5
1551	-0.010098	117.271903	0.000133	14.4
1552	-0.858881	117.229331	0.007585	18.2
1553	-0.008373	117.186800	0.000226	13.4
1554	-0.927040	117.144311	0.008015	12.8
1555	-0.337557	117.101862	0.004054	15.5
1556	-0.690690	117.059454	0.004747	14.1
1557	0.000000	117.017087	0.000000	13.4
1558	-0.755620	116.974762	0.006090	17.2
1559	-0.657406	116.932476	0.008024	11.8
1560	-0.865088	116.890232	0.007317	14.1
1561	0.000000	116.848028	0.000000	17.0
1562	-0.800372	116.805865	0.005944	12.0
1563	-0.009360	116.763743	0.000237	16.2
1564	-0.457572	116.721661	0.006237	14.6
1565	-0.000748	116.679619	0.000083	13.9
1566	-0.648164	116.637618	0.006852	12.5
1567	-0.871823	116.595657	0.005601	18.1
1568	-0.292179	116.553736	0.003728	12.0
1569	-0.967124	116.511855	0.005909	12.4
1570	-0.752692	116.470015	0.007090	21.5
1571	-0.676268	116.428214	0.006736	13.3
1572	-0.000000	116.386454	0.000000	13.9
1573	-0.996783	116.344733	0.007445	16.1
1574	0.000000	116.303052	0.000000	13.3
1575	-0.677357	116.261412	0.005217	14.1
1576	-0.630539	116.219810	0.005102	17.6
1577	-0.403141	116.178249	0.004286	14.2
1578	-1.065121	116.136727	0.007383	13.9
1579	-0.010375	116.095245	0.000180	18.2
1580	-0.579150	116.053802	0.005456	15.2
1581	-0.520966	116.012398	0.004742	13.7
1582	-0.877543	115.971034	0.008449	18.2
1583	0.000000	115.929710	0.000000	11.9
1584	0.000000	115.888424	0.000000	13.7
1585	-0.000000	115.847178	0.000000	14.2
1586	-0.481921	115.805970	0.005052	14.1
1587	-0.154683	115.764802	0.002981	13.9
1588	-0.509136	115.723673	0.005352	16.4
1589	-0.026050	115.682583	0.001770	14.4
1590	-0.249648	115.641532	0.003261	18.4
1591	-0.003680	115.600519	0.000207	15.6
1592	-0.000000	115.559546	0.000000	12.4
1593	-0.795515	115.518610	0.007003	14.0
1594	0.000000	115.477714	0.000000	14.1
1595	-0.252213	115.436856	0.003646	14.0
1596	-0.183882	115.396037	0.003828	15.3
1597	-0.872911	115.355256	0.005756	16.8
1598	-0.682906	115.314514	0.007159	12.6
1599	-0.414770	115.273810	0.004925	13.7
1600	-0.399223	115.233144	0.003974	18.0
1601	-0.426274	115.192517	0.005547	11.9
1602	-0.890078	115.151927	0.005772	13.3
1603	-0.632771	115.111376	0.005762	15.5
1604	0.000000	115.070863	0.000000	14.1
1605	-0.714756	115.030388	0.006314	13.3
1606	-0.636275	114.989951	0.006551	18.0
1607	-0.844724	114.949551	0.004618	12.9
1608	-0.195700	114.909190	0.002023	12.6
1609	-1.057264	114.868866	0.009019	17.1
1610	-0.619389	114.828580	0.006465	12.5
1611	-0.788845	114.788332	0.005442	12.7
1612	-0.535331	114.748121	0.004218	16.6
1613	-0.819626	114.707948	0.007361	14.0
1614	-0.717264	114.667812	0.005783	13.9
1615	-0.772272	114.627714	0.008339	17.9
1616	-0.464403	114.587653	0.004515	12.3
1617	-0.878126	114.547629	0.009089	12.4
1618	-0.175952	114.507643	0.002900	15.4
1619	-0.356209	114.467693	0.004315	13.7
1620	-0.880866	114.427781	0.006544	11.7
1621	-0.579017	114.387907	0.006393	18.4
1622	-1.083895	114.348069	0.007303	15.0
1623	-0.969825	114.308268	0.009861	15.4
1624	0.000000	114.268504	0.000000	17.6
1625	-0.985494	114.228777	0.008521	13.5
1626	-0.972871	114.189086	0.006670	13.0
1627	-0.688720	114.149433	0.005275	14.5
1628	-0.005204	114.109816	0.000306	13.4
1629	-0.943829	114.070235	0.007753	13.2
1630	-0.707250	114.030692	0.004887	17.6
1631	-0.789891	113.991185	0.006864	11.7
1632	-0.925043	113.951714	0.006873	14.1
1633	-0.541673	113.912280	0.005041	18.6
1634	0.000000	113.872882	0.000000	15.2
1635	-0.418241	113.833521	0.004750	18.2
1636	-0.510844	113.794195	0.006399	12.5
1637	-0.774835	113.754906	0.005428	12.9
1638	-0.000076	113.715653	0.000006	13.5
1639	-0.969034	113.676437	0.007415	16.0
1640	-0.984983	113.637256	0.006337	11.7
1641	-0.838641	113.598111	0.007188	14.0
1642	-0.788397	113.559002	0.007896	17.7
1643	-0.395296	113.519929	0.006548	12.2
1644	-0.706781	113.480892	0.007474	12.7
1645	-0.000632	113.441891	0.000031	14.6
1646	0.000000	113.402925	0.000000	14.1
1647	-0.885640	113.363995	0.007289	12.0
1648	-0.864238	113.325101	0.006235	18.2
1649	-0.031207	113.286242	0.001432	12.2
1650	-0.410160	113.247419	0.005462	14.4
1651	0.000000	113.208631	0.000000	14.6
1652	-0.632124	113.169879	0.004661	14.2
1653	-0.830212	113.131162	0.004624	13.8
1654	-0.681041	113.092480	0.004220	16.1
1655	-0.664357	113.053833	0.006507	13.9
1656	-0.000000	113.015222	0.000000	12.8
1657	0.000000	112.976646	0.000000	19.1
1658	-0.635866	112.938105	0.005514	12.1
1659	-0.026323	112.899599	0.001145	12.3
1660	-0.859565	112.861128	0.005082	15.5
1661	-0.900061	112.822692	0.006005	14.4
1662	0.000000	112.784291	0.000000	13.5
1663	-0.652725	112.745924	0.007190	16.7
1664	-0.255216	112.707593	0.004343	13.5
1665	-0.506172	112.669296	0.007372	13.0
1666	-0.874650	112.631034	0.005326	14.6
1667	-0.128976	112.592806	0.001744	13.1
1668	-0.684243	112.554613	0.007347	12.2
1669	-0.757988	112.516455	0.005448	18.9
1670	-0.719940	112.478331	0.003174	13.8
1671	-0.543101	112.440241	0.007085	14.4
1672	-0.347176	112.402186	0.004687	17.6
1673	-0.864106	112.364165	0.007974	13.6
1674	-0.469799	112.326179	0.005934	12.8
1675	-0.266118	112.288227	0.002807	15.0
1676	-0.316381	112.250309	0.004494	13.7
1677	-0.878422	112.212425	0.008507	12.5
1678	-0.516114	112.174575	0.003754	17.9
1679	-0.887892	112.136759	0.005722	12.1
1680	-0.000000	112.098977	0.000000	13.9
1681	-0.845207	112.061229	0.005395	18.8
1682	-0.785188	112.023515	0.004814	12.4
1683	-0.435703	111.985834	0.005434	12.6
1684	-1.039001	111.948188	0.007252	15.4
1685	-1.074098	111.910575	0.009427	14.4
1686	-0.133261	111.872996	0.001662	12.0
1687	0.000000	111.835450	0.000000	19.3
1688	-0.480005	111.797939	0.005237	12.0
1689	-0.473780	111.760460	0.005570	11.9
1690	-0.692960	111.723015	0.005860	21.3
1691	-0.056533	111.685604	0.003214	13.8
1692	0.000000	111.648226	0.000000	13.2
1693	-0.765806	111.610881	0.004987	13.9
1694	-0.613360	111.573570	0.006000	13.8
1695	-0.654458	111.536292	0.007800	11.7
1696	-0.110367	111.499047	0.001317	19.3
1697	0.000000	111.461835	0.000000	12.1
1698	-0.728028	111.424656	0.003469	11.8
1699	-0.580038	111.387510	0.006398	17.3
1700	-0.959000	111.350398	0.007988	13.2
1701	-0.568242	111.313318	0.005747	13.2
1702	0.000000	111.276271	0.000000	13.0
1703	0.000000	111.239257	0.000000	17.2
1704	-0.620899	111.202276	0.004584	12.1
1705	-1.091868	111.165328	0.007892	12.8
1706	-0.155548	111.128412	0.002498	16.3
1707	-0.057058	111.091529	0.000950	13.8
1708	0.000000	111.054679	0.000000	13.6
1709	-0.597818	111.017861	0.006563	16.8
1710	-0.670071	110.981076	0.006325	14.5
1711	-0.000007	110.944323	0.000001	12.8
1712	-0.048538	110.907603	0.001039	19.3
1713	-0.863096	110.870915	0.007232	12.6
1714	-1.048567	110.834259	0.007496	14.5
1715	0.000000	110.797636	0.000000	15.5
1716	-0.793546	110.761045	0.005423	21.1
1717	-0.514433	110.724486	0.005226	15.9
1718	-0.597654	110.687959	0.005858	12.4
1719	-0.947504	110.651465	0.006045	13.9
1720	0.000000	110.615002	0.000000	13.8
1721	-0.837164	110.578572	0.006689	16.0
1722	-0.740857	110.542173	0.005926	12.0
1723	0.000000	110.505807	0.000000	14.0
1724	-0.073480	110.469472	0.001118	18.2
1725	-0.593812	110.433169	0.004714	13.3
1726	-0.667306	110.396898	0.005968	13.7
1727	-0.860196	110.360659	0.010399	16.9
1728	-0.009311	110.324451	0.000306	14.5
1729	-0.729937	110.288276	0.005177	14.5
1730	-0.878333	110.252131	0.004926	16.9
1731	-0.561955	110.216019	0.005357	14.2
1732	-0.862269	110.179937	0.007176	14.4
1733	-0.659574	110.143888	0.005536	16.6
1734	-0.892036	110.107869	0.008253	12.7
1735	-0.401599	110.071882	0.004828	14.1
1736	-0.387621	110.035927	0.004817	17.0
1737	-0.856386	110.000003	0.007648	11.7
1738	-0.816523	109.964110	0.007162	12.9
1739	-0.696463	109.928248	0.006320	16.2
1740	-0.761159	109.892417	0.006474	14.1
1741	-0.017445	109.856618	0.000209	13.4
1742	-0.870188	109.820850	0.007171	18.9
1743	-0.874768	109.785112	0.006843	15.1
1744	0.000000	109.749406	0.000000	15.9
1745	0.000000	109.713730	0.000000	15.1
1746	0.000000	109.678086	0.000000	14.7
1747	-0.408111	109.642472	0.004940	18.7
1748	-0.560318	109.606890	0.005463	14.3
1749	-0.302881	109.571337	0.004432	15.6
1750	-0.956557	109.535816	0.006781	16.8
1751	-1.068826	109.500326	0.008576	12.2
1752	-0.431262	109.464866	0.005520	15.8
1753	0.000000	109.429436	0.000000	16.9
1754	0.000000	109.394038	0.000000	15.4
1755	-1.043153	109.358669	0.006605	12.7
1756	-0.823070	109.323331	0.006025	15.3
1757	-0.087118	109.288024	0.001444	16.0
1758	-0.112078	109.252747	0.004050	15.7
1759	-0.632606	109.217501	0.004318	18.0
1760	-0.884543	109.182284	0.008072	15.2
1761	0.000000	109.147098	0.000000	15.2
1762	-0.826708	109.111942	0.005446	19.7
1763	-0.789553	109.076817	0.008158	18.5
1764	0.000000	109.041721	0.000000	17.9
1765	-0.923569	109.006656	0.007192	17.2
1766	-0.860363	108.971620	0.006682	15.1
1767	-0.094265	108.936615	0.001171	14.7
1768	-0.402018	108.901640	0.004163	17.5
1769	-0.825564	108.866694	0.006237	13.0
1770	-0.502633	108.831779	0.003034	14.7
1771	-0.817174	108.796893	0.007976	17.6
1772	-0.060724	108.762037	0.000953	15.2
1773	-0.007811	108.727211	0.000114	17.0
1774	-0.992527	108.692415	0.008029	15.3
1775	-0.001577	108.657648	0.001196	14.2
1776	-0.516000	108.622911	0.005930	15.9
1777	-0.896439	108.588203	0.006478	14.9
1778	-0.207452	108.553525	0.003436	15.9
1779	0.000000	108.518877	0.000000	20.6
1780	-0.005883	108.484258	0.000175	15.4
1781	0.000000	108.449668	0.000000	14.2
1782	-0.681165	108.415108	0.006566	15.3
1783	-0.189299	108.380578	0.002807	14.9
1784	-0.786203	108.346076	0.007574	14.2
1785	0.000000	108.311604	0.000000	18.3
1786	-0.470761	108.277161	0.005962	15.5
1787	-0.648121	108.242747	0.005270	14.7
1788	-0.198486	108.208363	0.002715	16.3
1789	-0.749180	108.174007	0.004949	14.8
1790	-0.705252	108.139681	0.005015	14.3
1791	-0.393402	108.105383	0.005907	16.1
1792	-0.040935	108.071115	0.001969	17.1
1793	-0.911073	108.036875	0.006528	15.1
1794	-0.542375	108.002665	0.006193	18.6
1795	-0.000000	107.968483	0.000000	15.1
1796	-0.021115	107.934330	0.000328	14.4
1797	-0.002415	107.900206	0.000079	15.2
1798	-0.585864	107.866111	0.006078	17.3
1799	-0.351562	107.832044	0.004036	15.8
1800	-1.061169	107.798007	0.008453	20.9
1801	0.000000	107.763997	0.000000	20.5
1802	0.000000	107.730017	0.000000	22.1
1803	-1.000621	107.696065	0.008500	23.2
1804	-0.758432	107.662141	0.003639	22.4
1805	-0.631783	107.628246	0.007317	20.3
1806	-0.492745	107.594379	0.006574	18.0
1807	-0.941191	107.560541	0.006615	17.4
1808	-0.868545	107.526731	0.006540	13.3
1809	0.000000	107.492949	0.000000	15.3
1810	0.000000	107.459196	0.000000	18.0
1811	-0.000000	107.425471	0.000000	14.5
1812	0.000000	107.391774	0.000000	17.1
1813	-0.783202	107.358106	0.005845	17.3
1814	-0.506261	107.324465	0.005454	13.9
1815	-0.253994	107.290853	0.003753	16.6
1816	-0.531128	107.257268	0.006148	17.9
1817	-0.814999	107.223712	0.006224	15.9
1818	-0.902515	107.190184	0.007650	18.6
1819	0.000000	107.156683	0.000000	15.1
1820	-0.479316	107.123211	0.005841	13.9
1821	-0.000069	107.089766	0.000003	15.9
1822	-0.455703	107.056349	0.003793	16.7
1823	-0.060443	107.022960	0.000852	15.2
1824	-0.411464	106.989599	0.004017	20.8
1825	0.000000	106.956265	0.000000	15.2
1826	-0.713174	106.922960	0.006728	14.2
1827	-0.619157	106.889681	0.005886	14.7
1828	-0.731367	106.856431	0.005584	13.9
1829	-0.000836	106.823208	0.000112	15.4
1830	-0.539193	106.790012	0.006340	19.6
1831	-0.393948	106.756844	0.005094	16.1
1832	-0.375433	106.723703	0.004399	14.4
1833	-0.622892	106.690590	0.007751	14.5
1834	-0.000000	106.657505	0.000000	14.3
1835	-0.636192	106.624446	0.004909	13.3
1836	-0.542596	106.591415	0.004099	14.9
1837	-0.454141	106.558411	0.005591	15.4
1838	-0.216318	106.525435	0.004606	13.4
1839	-0.026085	106.492485	0.001619	13.7
1840	-0.821153	106.459563	0.008425	11.8
1841	-0.660219	106.426668	0.005871	14.0
1842	-0.596268	106.393800	0.007040	13.1
1843	-1.019683	106.360959	0.008158	17.8
1844	-0.865584	106.328145	0.006260	12.8
1845	-0.804285	106.295358	0.006756	12.8
1846	-0.040920	106.262598	0.001532	15.7
1847	-0.865002	106.229865	0.007106	13.0
1848	-0.018469	106.197158	0.000550	12.9
1849	0.000000	106.164479	0.000000	17.0
1850	-0.029303	106.131826	0.001952	14.1
1851	-0.571468	106.099201	0.006692	15.4
1852	-0.619809	106.066602	0.006702	22.4
1853	-0.543866	106.034029	0.006620	15.1
1854	-0.462756	106.001483	0.005604	15.0
1855	-0.599919	105.968964	0.005422	16.6
1856	-0.723335	105.936472	0.005768	12.7
1857	-0.826069	105.904006	0.005185	13.3
1858	-0.934674	105.871566	0.007444	16.5
1859	-0.000155	105.839153	0.000062	11.9
1860	0.000000	105.806767	0.000000	12.9
1861	-0.105974	105.774407	0.001098	16.7
1862	-0.430957	105.742073	0.004931	13.8
1863	0.000000	105.709766	0.000000	13.9
1864	-0.057061	105.677485	0.002582	17.4
1865	-0.405310	105.645230	0.007214	13.4
1866	-0.150168	105.613001	0.003490	12.6
1867	-0.578811	105.580799	0.004311	15.5
1868	0.000000	105.548623	0.000000	13.3
1869	-0.606946	105.516473	0.004759	11.8
1870	-0.670753	105.484349	0.006753	16.5
1871	-0.775249	105.452251	0.004794	15.0
1872	-0.805793	105.420179	0.005542	15.3
1873	-0.931894	105.388133	0.006350	18.1
1874	-0.844372	105.356113	0.008073	13.4
1875	-0.007354	105.324119	0.000272	13.5
1876	-0.000156	105.292151	0.000009	13.7
1877	0.000000	105.260209	0.000000	13.8
1878	-0.195945	105.228293	0.003494	12.3
1879	-0.761245	105.196402	0.006057	17.6
1880	-0.996214	105.164537	0.007947	11.7
1881	-0.841733	105.132698	0.005565	11.9
1882	-0.724297	105.100885	0.005225	20.7
1883	-0.752099	105.069097	0.005488	12.4
1884	-0.640258	105.037335	0.004665	14.2
1885	-0.794085	105.005598	0.006789	15.0
1886	-0.047680	104.973887	0.001440	14.2
1887	-0.761220	104.942202	0.007041	11.6
1888	-0.335044	104.910542	0.003845	18.5
1889	-0.588919	104.878907	0.006452	14.9
1890	0.000000	104.847298	0.000000	15.0
1891	-0.295754	104.815715	0.003628	19.0
1892	-0.615755	104.784156	0.004894	13.4
1893	-0.624337	104.752623	0.005013	13.3
1894	-0.343321	104.721116	0.003990	14.1
1895	-0.000021	104.689633	0.000030	13.6
1896	-0.957512	104.658176	0.008202	12.5
1897	-0.368030	104.626744	0.004981	17.0
1898	-0.000100	104.595337	0.000005	14.5
1899	-0.789664	104.563955	0.007190	14.2
1900	-0.832892	104.532599	0.008629	18.2
1901	-0.392646	104.501267	0.006158	13.5
1902	-0.920241	104.469960	0.007780	13.2
1903	-1.031503	104.438679	0.006964	14.3
1904	-1.107409	104.407422	0.008800	13.8
1905	-0.528542	104.376191	0.006063	12.2
1906	-0.105501	104.344984	0.001741	19.2
1907	-0.487802	104.313802	0.003918	11.7
1908	-0.629510	104.282645	0.005799	14.2
1909	-0.672996	104.251513	0.007157	18.3
1910	0.000000	104.220405	0.000000	12.3
1911	0.000000	104.189323	0.000000	12.1
1912	-0.302747	104.158265	0.003890	15.6
1913	-0.000000	104.127231	0.000000	13.9
1914	0.000000	104.096222	0.000000	11.8
1915	0.000000	104.065238	0.000000	19.4
1916	-0.431229	104.034279	0.005228	12.1
1917	-0.349514	104.003344	0.003629	12.3
1918	0.000000	103.972433	0.000000	21.1
1919	-0.003041	103.941547	0.000115	12.2
1920	-0.037559	103.910686	0.001388	12.8
1921	0.000000	103.879849	0.000000	15.6
1922	-0.507124	103.849036	0.006368	14.0
1923	-0.718417	103.818248	0.007792	11.7
1924	-0.182499	103.787484	0.002324	23.6
1925	-0.664928	103.756744	0.005863	11.8
1926	-0.000000	103.726029	0.000000	15.3
1927	-0.062715	103.695338	0.002004	16.9
1928	-0.674463	103.664671	0.004246	13.4
1929	-0.853749	103.634028	0.007319	13.6
1930	-1.110733	103.603409	0.009761	12.2
1931	-1.059197	103.572814	0.007896	14.3
1932	-0.008913	103.542244	0.000129	13.3
1933	-0.022895	103.511698	0.000210	16.0
1934	-0.000000	103.481175	0.000000	12.1
1935	-0.268557	103.450677	0.003360	13.0
1936	-0.739397	103.420202	0.005183	15.8
1937	0.000000	103.389752	0.000000	13.3
1938	-0.348429	103.359325	0.004641	13.7
1939	0.000000	103.328922	0.000000	16.2
1940	-0.007430	103.298543	0.000144	14.7
1941	-1.016407	103.268188	0.006171	13.2
1942	-0.904144	103.237857	0.005036	18.4
1943	-0.042461	103.207549	0.002376	12.3
1944	-0.945038	103.177265	0.005301	12.8
1945	-0.460556	103.147005	0.003220	15.2
1946	-0.047943	103.116768	0.000929	13.8
1947	-0.004129	103.086556	0.000002	14.0
1948	-0.185016	103.056366	0.002618	16.4
1949	0.000000	103.026200	0.000000	13.8
1950	-0.553996	102.996058	0.004816	12.6
1951	-0.627034	102.965939	0.006140	18.6
1952	-0.504248	102.935844	0.006141	13.1
1953	0.000000	102.905772	0.000000	12.4
1954	-0.561010	102.875724	0.006511	16.1
1955	-0.640616	102.845699	0.006916	13.7
1956	-0.528303	102.815697	0.004263	13.2
1957	-0.391616	102.785719	0.004807	17.0
1958	-0.785369	102.755764	0.007354	14.9
1959	0.000000	102.725832	0.000000	12.6
1960	-1.004579	102.695924	0.008165	18.8
1961	-0.002895	102.666038	0.000053	12.0
1962	-1.064162	102.636176	0.007948	12.1
1963	-0.619639	102.606337	0.006005	16.4
1964	-0.974150	102.576521	0.007296	13.9
1965	-0.047003	102.546728	0.000402	13.5
1966	-0.286831	102.516959	0.006004	18.2
1967	-0.755996	102.487212	0.006733	12.6
1968	0.000000	102.457488	0.000000	12.6
1969	-0.878019	102.427788	0.005861	17.4
1970	-0.718884	102.398110	0.005608	12.2
1971	0.000000	102.368455	0.000000	12.0
1972	-0.870420	102.338823	0.005137	16.7
1973	-0.673753	102.309214	0.006604	14.0
1974	-0.724245	102.279628	0.006175	13.6
1975	-0.001951	102.250064	0.000031	17.5
1976	-0.579807	102.220524	0.006754	13.4
1977	-0.766560	102.191006	0.004962	13.1
1978	-0.954226	102.161511	0.005602	14.9
1979	0.000000	102.132038	0.000000	13.8
1980	-0.000052	102.102588	0.000003	12.2
1981	-0.423569	102.073161	0.006309	18.2
1982	0.000000	102.043757	0.000000	14.0
1983	-1.084784	102.014375	0.007193	14.0
1984	0.000000	101.985015	0.000000	17.2
1985	-0.004296	101.955678	0.000121	13.4
1986	-0.852006	101.926364	0.006088	12.6
1987	0.000000	101.897072	0.000000	15.5
1988	-0.007493	101.867802	0.000727	13.7
1989	-0.163724	101.838555	0.001273	11.9
1990	-0.024022	101.809330	0.000534	18.3
1991	-0.000131	101.780128	0.000008	14.8
1992	-1.084302	101.750948	0.008622	14.3
1993	0.000000	101.721790	0.000000	18.2
1994	-0.008224	101.692654	0.000700	13.9
1995	-0.775936	101.663541	0.005055	13.6
1996	-0.680000	101.634450	0.006210	15.0
1997	0.000000	101.605381	0.000000	13.0
1998	-0.740480	101.576335	0.005113	13.5
1999	0.000000	101.547310	0.000000	16.3
