1:ItNr	2:Metric	3:StepSize	4:||Gradient||	Time[ms]
0	-0.734835	627.201626	0.015385	1370.7
1	-1.072313	623.504937	0.014841	7.5
2	-1.101013	619.865785	0.027389	8.2
3	-0.809519	616.282728	0.027647	7.6
4	-0.000000	612.754375	0.000000	11.1
5	-0.346936	609.279381	0.006715	8.5
6	-0.688184	605.856447	0.018484	8.3
7	-0.000000	602.484317	0.000000	7.7
8	-0.000000	599.161779	0.000000	7.5
9	-0.702241	595.887656	0.023000	12.1
10	-0.000000	592.660813	0.000000	7.5
11	-0.509679	589.480151	0.012316	9.7
12	-0.777720	586.344606	0.017255	8.4
13	-0.238368	583.253145	0.002597	9.2
14	-0.000000	580.204771	0.000000	12.0
15	-0.717580	577.198517	0.018443	8.4
16	-0.929809	574.233444	0.042228	7.7
17	-0.872346	571.308645	0.025058	7.5
18	-0.972306	568.423237	0.022940	9.7
19	-0.296224	565.576365	0.008033	8.6
20	-0.000000	562.767201	0.000000	8.8
21	-0.935450	559.994938	0.012385	7.7
22	-0.481414	557.258797	0.009470	7.5
23	-0.040920	554.558018	0.000947	10.5
24	-1.112300	551.891865	0.025714	8.8
25	-0.999634	549.259621	0.017334	7.5
26	-0.655054	546.660592	0.025909	7.6
27	-0.583800	544.094102	0.012363	7.6
28	-0.532690	541.559494	0.007846	11.8
29	-0.399417	539.056129	0.011773	8.1
30	-0.000000	536.583387	0.000000	9.5
31	-0.635073	534.140663	0.016155	7.8
32	-0.000000	531.727370	0.000000	8.4
33	-0.114774	529.342935	0.002223	11.9
34	-1.034888	526.986802	0.017233	7.6
35	-0.256357	524.658430	0.005450	9.2
36	-0.209296	522.357290	0.002847	7.7
37	-0.000000	520.082868	0.000000	8.8
38	-0.009234	517.834665	0.000915	10.2
39	-0.826614	515.612193	0.022759	9.4
40	-0.744508	513.414976	0.009471	7.7
41	-0.317759	511.242551	0.004919	7.6
42	-1.012397	509.094468	0.029016	10.6
43	-0.759497	506.970285	0.027223	8.3
44	-0.000000	504.869574	0.000000	9.0
45	-0.500236	502.791916	0.012043	8.4
46	-0.329673	500.736903	0.002465	8.4
47	-1.090794	498.704137	0.029110	12.8
48	-0.140989	496.693228	0.006350	9.9
49	0.000000	494.703798	0.000000	7.7
50	-0.000000	492.735476	0.000000	8.4
51	0.000000	490.787900	0.000000	10.1
52	-0.503546	488.860718	0.018314	8.7
53	-0.327972	486.953585	0.010331	9.1
54	-0.867959	485.066164	0.021914	7.7
55	-0.213489	483.198126	0.002760	7.7
56	-0.935152	481.349149	0.017835	11.0
57	-0.223029	479.518920	0.006915	9.4
58	-0.545712	477.707132	0.020334	7.7
59	-0.522875	475.913485	0.004238	7.7
60	-1.003227	474.137684	0.019356	8.5
61	-0.548489	472.379445	0.010560	13.1
62	-0.000000	470.638485	0.000000	9.3
63	-0.267305	468.914531	0.004047	7.7
64	-0.539517	467.207315	0.008314	8.7
65	-1.022608	465.516573	0.034365	7.6
66	-0.000000	463.842050	0.000000	11.6
67	-0.953794	462.183494	0.009033	7.6
68	-0.582904	460.540658	0.018847	9.5
69	-0.574342	458.913303	0.009950	7.6
70	-0.462057	457.301192	0.007640	7.7
71	-0.275700	455.704096	0.006685	12.4
72	-0.000000	454.121787	0.000000	8.5
73	-0.924238	452.554045	0.032302	7.9
74	-0.647357	451.000653	0.018588	7.6
75	-0.818457	449.461399	0.011343	8.5
76	-0.000030	447.936075	0.000003	10.8
77	-0.751105	446.424477	0.018328	9.0
78	-0.024443	444.926406	0.000256	8.2
79	-0.634790	443.441666	0.006890	8.5
80	-0.800727	441.970065	0.012823	8.0
81	-0.588877	440.511415	0.015286	12.5
82	-0.731325	439.065533	0.026357	9.1
83	-0.635123	437.632238	0.009962	8.6
84	-0.452056	436.211351	0.012572	7.6
85	-0.000000	434.802701	0.000000	9.2
86	-0.695194	433.406117	0.009577	11.4
87	-0.073990	432.021430	0.004547	7.6
88	-0.000082	430.648479	0.000070	7.8
89	-0.000000	429.287101	0.000000	7.6
90	-0.818502	427.937140	0.034623	11.4
91	-0.162254	426.598440	0.000619	7.7
92	-0.599751	425.270849	0.029809	9.5
93	-0.097797	423.954220	0.001487	7.7
94	-0.552684	422.648404	0.009534	8.4
95	-0.065736	421.353259	0.003432	12.5
96	-0.062195	420.068643	0.002397	7.6
97	-0.029011	418.794419	0.001036	8.8
98	-0.000000	417.530451	0.000000	7.6
99	-0.345313	416.276604	0.005179	9.3
100	-0.925310	415.032748	0.014291	10.2
101	-0.903928	413.798754	0.014857	9.3
102	-0.000000	412.574495	0.000000	7.7
103	-0.590414	411.359849	0.015530	7.6
104	-1.015681	410.154691	0.042140	11.1
105	-0.563418	408.958904	0.006231	8.9
106	-0.533610	407.772368	0.008058	10.1
107	-0.631051	406.594968	0.008884	7.6
108	-0.895926	405.426590	0.012405	8.4
109	-0.000008	404.267122	0.000000	10.9
110	-0.508825	403.116456	0.008735	9.1
111	-1.014176	401.974481	0.026810	7.5
112	-0.000000	400.841093	0.000000	8.2
113	-0.970665	399.716187	0.022373	9.3
114	-0.072919	398.599660	0.002684	10.1
115	-0.000000	397.491411	0.000000	8.7
116	-0.000000	396.391342	0.000000	8.3
117	-0.233187	395.299353	0.002949	7.6
118	-0.701287	394.215350	0.012663	10.3
119	-0.125954	393.139238	0.003817	9.3
120	-0.782232	392.070924	0.011899	7.7
121	-0.747287	391.010316	0.008933	7.5
122	-0.000749	389.957325	0.000054	7.5
123	-0.891031	388.911862	0.039826	11.3
124	-0.508829	387.873839	0.007508	7.7
125	-0.786617	386.843173	0.008632	9.1
126	-0.000000	385.819777	0.000000	7.5
127	-0.867828	384.803569	0.019567	7.8
128	-0.705188	383.794468	0.018059	11.1
129	-0.720347	382.792393	0.009025	9.1
130	-0.962543	381.797264	0.042874	9.6
131	-0.234121	380.809005	0.003801	7.9
132	-0.866637	379.827537	0.012769	7.7
133	-0.006125	378.852786	0.000486	12.9
134	-0.842221	377.884678	0.026654	9.0
135	-0.608520	376.923138	0.007430	7.6
136	-0.704528	375.968095	0.007523	8.5
137	-0.516517	375.019479	0.007211	9.0
138	-0.564778	374.077218	0.019340	10.9
139	-0.683461	373.141244	0.020300	9.5
140	-0.114764	372.211489	0.002779	7.8
141	-0.900468	371.287887	0.010916	8.3
142	-0.540662	370.370370	0.015767	10.9
143	-0.388783	369.458876	0.004561	9.3
144	0.000000	368.553338	0.000000	7.6
145	-0.970850	367.653696	0.018407	8.5
146	-0.851428	366.759885	0.023818	7.6
147	-0.557887	365.871846	0.018022	11.9
148	-0.001075	364.989518	0.000076	8.4
149	-0.561702	364.112841	0.026390	8.3
150	-0.000000	363.241757	0.000000	7.6
151	-0.422255	362.376208	0.013640	8.7
152	-0.024862	361.516137	0.000762	11.7
153	-0.548202	360.661488	0.007756	7.5
154	-0.654106	359.812206	0.009411	9.3
155	-0.107563	358.968236	0.001536	7.6
156	-0.540440	358.129524	0.008494	11.1
157	-0.466687	357.296018	0.011261	8.2
158	-0.000000	356.467665	0.000000	9.4
159	-0.688752	355.644414	0.011395	7.6
160	-0.932871	354.826213	0.015891	8.5
161	-0.968157	354.013012	0.030380	11.7
162	-0.000000	353.204763	0.000000	7.8
163	-0.678344	352.401415	0.007853	8.9
164	-0.000000	351.602922	0.000000	7.6
165	-0.000000	350.809235	0.000000	7.6
166	-0.286320	350.020308	0.008910	10.7
167	-0.907088	349.236095	0.015888	9.1
168	-0.763026	348.456550	0.010249	7.6
169	-0.000000	347.681627	0.000000	7.7
170	-0.781815	346.911283	0.028144	9.4
171	-0.670112	346.145474	0.015117	13.5
172	-0.309461	345.384157	0.003397	9.4
173	-1.041874	344.627288	0.035910	7.6
174	-0.945102	343.874826	0.013941	8.4
175	-0.001699	343.126729	0.000555	9.1
176	-0.917847	342.382957	0.010753	9.5
177	-0.000000	341.643469	0.000000	7.6
178	-0.173778	340.908224	0.004708	8.9
179	-0.587867	340.177184	0.012596	7.7
180	-0.632069	339.450309	0.023473	9.7
181	-0.000000	338.727561	0.000000	9.1
182	-0.082869	338.008902	0.003005	9.2
183	-0.788118	337.294295	0.007281	7.7
184	-0.503665	336.583703	0.008125	7.8
185	-0.882853	335.877089	0.018355	11.6
186	-0.352290	335.174416	0.006217	7.8
187	-0.998420	334.475651	0.030909	9.4
188	-0.762934	333.780756	0.011692	8.8
189	-0.000192	333.089698	0.000031	8.9
190	-0.000000	332.402443	0.000000	11.8
191	-0.784759	331.718955	0.023068	9.4
192	-0.579159	331.039203	0.009988	8.5
193	-0.764676	330.363153	0.009032	7.6
194	-0.348886	329.690771	0.002394	9.2
195	-0.000000	329.022027	0.000000	9.8
196	-1.091470	328.356888	0.041139	9.1
197	-0.000000	327.695322	0.000000	7.6
198	-0.407768	327.037299	0.017164	7.6
199	-0.000000	326.382787	0.000000	10.6
200	-0.331274	325.731758	0.006334	9.6
201	-0.000000	325.084179	0.000000	7.8
202	-1.007157	324.440023	0.041218	7.7
203	-0.834494	323.799258	0.023372	8.1
204	-0.929832	323.161858	0.018264	12.1
205	-0.000638	322.527792	0.000068	9.3
206	-0.510253	321.897034	0.009113	7.9
207	-0.016839	321.269554	0.001753	8.3
208	-0.418017	320.645325	0.006753	7.6
209	-0.062172	320.024320	0.000856	11.8
210	-0.276830	319.406512	0.007252	7.6
211	-0.792993	318.791875	0.012218	8.8
212	-1.022120	318.180381	0.022022	7.6
213	-0.000000	317.572005	0.000000	7.7
214	-0.662951	316.966721	0.021707	10.7
215	-0.000000	316.364504	0.000000	9.2
216	-0.000000	315.765329	0.000000	7.7
217	-0.000000	315.169170	0.000000	8.7
218	-0.976573	314.576003	0.026312	7.7
219	-0.969797	313.985804	0.034170	12.3
220	-0.816909	313.398548	0.019784	9.2
221	0.000000	312.814213	0.000000	7.6
222	-0.594223	312.232773	0.005339	8.5
223	-0.959395	311.654207	0.011849	7.6
224	-0.430324	311.078491	0.017641	11.6
225	-0.000000	310.505602	0.000000	7.7
226	-0.000000	309.935518	0.000000	9.5
227	-0.818461	309.368217	0.011775	7.6
228	-0.843160	308.803676	0.024987	7.8
229	0.000000	308.241874	0.000000	13.1
230	-0.483938	307.682789	0.005999	8.4
231	-0.133408	307.126400	0.004578	7.6
232	-0.000000	306.572687	0.000000	7.6
233	0.000000	306.021627	0.000000	8.6
234	-0.397485	305.473201	0.013928	11.0
235	-0.360029	304.927388	0.006101	9.4
236	-0.508338	304.384168	0.007778	7.6
237	-0.000000	303.843521	0.000000	7.9
238	-0.660031	303.305427	0.016103	7.6
239	-0.913383	302.769867	0.009480	11.4
240	-0.887032	302.236821	0.018431	7.8
241	-0.000000	301.706270	0.000000	9.2
242	-0.954748	301.178196	0.012240	8.1
243	-0.000000	300.652580	0.000000	7.7
244	-0.585657	300.129402	0.017577	12.2
245	-0.822815	299.608645	0.018147	7.6
246	-0.139510	299.090291	0.001952	9.3
247	-0.613714	298.574321	0.014289	7.5
248	-0.886915	298.060718	0.009180	8.6
249	-0.873442	297.549465	0.032119	11.4
250	-0.617015	297.040543	0.006433	9.9
251	-0.554770	296.533936	0.008055	7.6
252	-0.000000	296.029626	0.000000	8.6
253	-0.691717	295.527597	0.003820	8.0
254	-0.456714	295.027832	0.007764	12.3
255	-0.052234	294.530315	0.002524	9.2
256	-0.341277	294.035028	0.003372	7.7
257	-0.819506	293.541956	0.010119	7.6
258	-0.000000	293.051083	0.000000	9.2
259	-0.502168	292.562393	0.006518	10.7
260	-0.000000	292.075870	0.000000	7.5
261	-1.012608	291.591498	0.019743	9.5
262	-0.000000	291.109263	0.000000	7.6
263	-1.143760	290.629149	0.033073	11.1
264	-0.000030	290.151140	0.000013	9.3
265	-0.622525	289.675222	0.011249	8.2
266	-0.125410	289.201380	0.003811	8.4
267	0.000000	288.729600	0.000000	7.7
268	-0.000000	288.259866	0.000000	12.5
269	-0.804994	287.792165	0.009218	7.6
270	-0.000000	287.326481	0.000000	9.2
271	-0.813187	286.862802	0.017371	8.5
272	-0.003095	286.401113	0.000124	9.3
273	-0.144125	285.941400	0.004175	11.1
274	-0.000000	285.483649	0.000000	8.0
275	-0.634629	285.027847	0.010427	7.5
276	-0.628602	284.573981	0.009922	8.4
277	-0.597318	284.122037	0.009007	11.0
278	-0.875066	283.672002	0.007409	8.9
279	-0.277096	283.223863	0.003598	9.6
280	-0.895956	282.777607	0.007944	7.6
281	-0.000000	282.333221	0.000000	8.8
282	-0.696956	281.890692	0.006889	12.8
283	-0.463330	281.450008	0.005870	7.6
284	-0.958128	281.011157	0.008902	9.5
285	-0.901866	280.574125	0.027641	7.5
286	-0.744171	280.138901	0.007290	8.5
287	-0.249920	279.705473	0.009456	10.6
288	-0.460603	279.273829	0.010423	9.2
289	-0.000000	278.843956	0.000000	7.5
290	-0.787401	278.415844	0.008542	7.5
291	-0.175242	277.989479	0.003682	8.7
292	-0.204772	277.564851	0.005683	10.1
293	-0.250552	277.141949	0.005927	7.5
294	-1.029018	276.720761	0.019690	9.7
295	-0.804374	276.301275	0.012944	7.7
296	-1.142525	275.883480	0.030569	10.9
297	-0.022771	275.467366	0.001079	9.4
298	-0.000000	275.052922	0.000000	8.7
299	-0.234449	274.640136	0.003434	8.7
300	-0.754343	274.228998	0.016688	7.7
301	-0.485727	273.819497	0.009045	11.9
302	-0.000000	273.411623	0.000000	7.7
303	-0.576276	273.005365	0.006260	9.2
304	-0.522178	272.600712	0.008097	7.7
305	-0.000000	272.197655	0.000000	8.9
306	-0.008875	271.796184	0.000401	12.0
307	-0.275250	271.396287	0.005572	7.8
308	-0.517829	270.997956	0.003731	7.7
309	-0.695831	270.601180	0.034254	7.6
310	-0.000018	270.205949	0.000013	10.7
311	-0.620799	269.812254	0.007004	8.3
312	-0.673484	269.420085	0.009450	9.2
313	-0.931510	269.029432	0.020343	7.5
314	-0.455029	268.640287	0.006170	8.6
315	-0.888617	268.252638	0.012214	11.4
316	-0.000000	267.866478	0.000000	7.7
317	-0.154747	267.481796	0.003522	7.6
318	-0.000078	267.098584	0.000030	8.1
319	-0.000000	266.716833	0.000000	7.7
320	-0.562920	266.336533	0.006115	10.0
321	-0.628638	265.957676	0.008046	9.8
322	-0.000000	265.580253	0.000000	8.1
323	-0.676208	265.204254	0.016413	7.6
324	-0.250266	264.829672	0.004526	7.5
325	-0.993091	264.456497	0.015391	12.0
326	-0.350679	264.084721	0.004851	7.5
327	-0.202990	263.714335	0.002281	9.0
328	-0.589421	263.345332	0.010036	7.5
329	-0.507294	262.977702	0.006365	8.2
330	-0.422352	262.611438	0.006705	11.1
331	-0.590887	262.246531	0.005960	9.2
332	-0.314145	261.882973	0.004783	7.6
333	-1.096007	261.520756	0.006795	9.2
334	-0.741637	261.159871	0.005889	8.1
335	-0.718307	260.800312	0.023735	12.2
336	-0.000000	260.442070	0.000000	10.0
337	-0.385668	260.085137	0.006930	7.6
338	-1.020020	259.729505	0.042133	7.6
339	-0.000000	259.375167	0.000000	9.5
340	-0.302617	259.022116	0.005477	11.6
341	-0.772432	258.670343	0.007892	10.8
342	-0.031317	258.319841	0.000519	7.5
343	-0.755777	257.970602	0.026890	8.3
344	-1.001131	257.622620	0.027470	11.6
345	-0.033812	257.275887	0.000510	9.8
346	-1.089383	256.930396	0.024651	7.6
347	-0.381038	256.586139	0.003800	7.7
348	-0.950585	256.243109	0.025782	7.6
349	-0.279481	255.901300	0.007122	11.8
350	-0.644415	255.560703	0.014383	9.0
351	-0.597218	255.221313	0.007691	8.2
352	-0.512053	254.883122	0.005705	7.9
353	-0.679028	254.546124	0.007602	7.6
354	-0.672938	254.210311	0.016236	12.3
355	-0.441074	253.875677	0.005604	7.6
356	-0.098118	253.542215	0.002046	9.0
357	-0.931620	253.209918	0.016329	7.6
358	-0.002343	252.878781	0.000107	8.5
359	-0.702096	252.548795	0.011704	11.8
360	-0.352068	252.219956	0.006392	7.7
361	-0.587942	251.892255	0.011924	7.6
362	-0.653434	251.565688	0.005344	9.5
363	-0.000000	251.240247	0.000000	7.6
364	-0.062986	250.915926	0.002033	11.1
365	-0.000006	250.592720	0.000003	9.8
366	-0.878135	250.270621	0.012282	7.6
367	-0.551080	249.949624	0.011541	8.4
368	-0.424645	249.629723	0.008850	7.7
369	-0.000024	249.310911	0.000011	13.2
370	0.000000	248.993182	0.000000	9.5
371	-1.140219	248.676531	0.036443	8.5
372	-0.630911	248.360952	0.007585	8.4
373	0.000000	248.046438	0.000000	10.3
374	-0.000010	247.732984	0.000005	9.6
375	-1.006273	247.420584	0.018267	7.6
376	-0.673575	247.109233	0.005449	8.4
377	-0.022651	246.798924	0.002245	8.3
378	0.000000	246.489652	0.000000	12.7
379	0.000000	246.181412	0.000000	9.0
380	-0.000000	245.874197	0.000000	8.3
381	-0.192988	245.568002	0.003430	7.8
382	-0.001477	245.262822	0.000090	9.0
383	-0.573050	244.958652	0.006865	11.2
384	-0.219590	244.655485	0.003180	7.6
385	-0.256919	244.353317	0.004376	7.7
386	-0.012270	244.052142	0.000235	7.5
387	-0.205341	243.751955	0.004137	11.0
388	-0.486361	243.452750	0.007380	8.9
389	-0.416912	243.154523	0.003446	9.0
390	-1.021309	242.857268	0.021100	7.7
391	-1.126838	242.560980	0.023014	8.3
392	-0.480700	242.265654	0.003982	11.7
393	-0.000000	241.971285	0.000000	7.6
394	-0.657922	241.677868	0.007985	9.0
395	-0.714979	241.385397	0.012587	7.5
396	-0.429504	241.093869	0.005526	7.6
397	-0.940032	240.803278	0.014714	11.0
398	-0.000737	240.513619	0.000033	9.0
399	-0.380828	240.224887	0.004533	7.6
400	-0.000000	239.937077	0.000000	9.3
401	-0.476191	239.650186	0.006354	7.8
402	0.000000	239.364207	0.000000	13.3
403	-0.921815	239.079136	0.006890	9.1
404	-0.758393	238.794969	0.011172	7.5
405	-0.000004	238.511701	0.000002	8.4
406	-1.055780	238.229327	0.013801	8.9
407	-1.000869	237.947843	0.015161	10.4
408	-1.115808	237.667244	0.013628	8.6
409	-0.011500	237.387526	0.000121	9.6
410	-0.000000	237.108684	0.000000	7.5
411	-0.744648	236.830714	0.006818	10.8
412	-0.147667	236.553610	0.004166	9.4
413	-0.000000	236.277370	0.000000	7.7
414	-0.000000	236.001989	0.000000	8.2
415	-0.000000	235.727461	0.000000	7.6
416	-0.528119	235.453784	0.016905	12.4
417	-0.623029	235.180952	0.009233	7.8
418	-0.326049	234.908962	0.006985	10.0
419	-0.512960	234.637809	0.007025	8.5
420	-0.211141	234.367488	0.003855	8.7
421	-0.000000	234.097997	0.000000	11.8
422	-0.706415	233.829331	0.004740	7.6
423	-0.977048	233.561485	0.025921	9.0
424	-0.092206	233.294456	0.000947	7.7
425	-0.235793	233.028239	0.004722	8.5
426	-0.617652	232.762831	0.008123	10.8
427	-0.911669	232.498228	0.005130	8.9
428	-0.151649	232.234425	0.004327	7.4
429	-0.548585	231.971419	0.007746	7.7
430	-0.600110	231.709205	0.010517	8.6
431	-0.654431	231.447781	0.006762	11.3
432	-1.127649	231.187141	0.019094	10.0
433	-0.801828	230.927283	0.017111	8.0
434	-0.000000	230.668202	0.000000	8.4
435	-0.000000	230.409895	0.000000	10.9
436	-0.000000	230.152358	0.000000	9.6
437	-0.000000	229.895587	0.000000	8.0
438	-0.051041	229.639578	0.002720	9.1
439	-0.622174	229.384329	0.006712	7.8
440	-0.760368	229.129834	0.009622	12.3
441	-0.835447	228.876091	0.011782	9.7
442	-1.148062	228.623096	0.016370	7.7
443	-1.108316	228.370846	0.027940	7.8
444	-0.335933	228.119336	0.004147	9.1
445	-0.000000	227.868563	0.000000	10.2
446	-0.023333	227.618525	0.001514	7.7
447	-0.925534	227.369216	0.012153	9.4
448	-0.850016	227.120635	0.009593	7.6
449	-1.141694	226.872777	0.019393	11.4
450	-0.207636	226.625638	0.002585	10.5
451	-0.237762	226.379217	0.005093	7.6
452	-0.459731	226.133509	0.006382	8.4
453	-0.671841	225.888510	0.017857	7.8
454	-1.141882	225.644218	0.036813	12.5
455	0.000000	225.400630	0.000000	8.2
456	-0.861262	225.157741	0.014665	9.2
457	-0.571923	224.915549	0.006820	7.7
458	-0.000000	224.674051	0.000000	9.3
459	-0.000000	224.433242	0.000000	11.5
460	-0.027855	224.193121	0.001078	7.6
461	-0.000000	223.953684	0.000000	7.8
462	-0.612235	223.714927	0.008477	7.8
463	-0.012030	223.476848	0.000684	11.0
464	-0.122250	223.239444	0.003987	8.0
465	-0.659922	223.002710	0.010895	9.4
466	-0.179331	222.766645	0.001881	8.2
467	-0.361540	222.531245	0.006716	8.6
468	-0.654383	222.296508	0.007026	12.7
469	-0.936204	222.062429	0.034025	7.7
470	-0.000000	221.829007	0.000000	8.1
471	-0.281758	221.596238	0.003144	9.0
472	-0.937809	221.364119	0.005365	8.9
473	-0.167301	221.132647	0.003517	10.3
474	-0.260971	220.901820	0.005651	9.0
475	-1.013464	220.671634	0.014708	7.6
476	-1.024145	220.442086	0.016684	7.7
477	-0.217611	220.213174	0.006181	9.5
478	-0.158104	219.984895	0.000791	10.4
479	-0.753578	219.757246	0.004916	7.7
480	-0.277149	219.530224	0.004642	9.2
481	-0.335083	219.303826	0.003556	7.8
482	-0.381693	219.078050	0.004287	11.9
483	-0.000000	218.852893	0.000000	9.0
484	-1.054340	218.628352	0.009001	7.6
485	-1.058090	218.404424	0.032239	8.6
486	-0.064876	218.181106	0.002359	7.6
487	-0.662794	217.958397	0.007290	11.4
488	-0.000000	217.736292	0.000000	7.7
489	-0.000009	217.514790	0.000007	9.3
490	-0.000000	217.293888	0.000000	7.6
491	-0.000000	217.073584	0.000000	7.7
492	-0.016630	216.853873	0.000461	12.2
493	-0.424818	216.634755	0.006141	7.7
494	-0.904267	216.416227	0.007766	9.0
495	-0.601336	216.198285	0.004483	8.3
496	-0.000000	215.980927	0.000000	8.4
497	-0.064024	215.764151	0.002648	11.6
498	-0.447709	215.547955	0.007078	9.4
499	-0.750268	215.332335	0.006861	7.6
500	-0.000000	215.117289	0.000000	8.8
501	-0.000000	214.902815	0.000000	7.6
502	-0.995076	214.688911	0.008771	11.5
503	-0.926414	214.475573	0.017296	8.9
504	-0.520382	214.262800	0.006655	8.4
505	-0.667784	214.050588	0.005145	7.6
506	-0.305892	213.838936	0.005664	8.7
507	-0.397894	213.627842	0.003588	11.2
508	-0.063975	213.417302	0.001607	7.6
509	-0.000000	213.207314	0.000000	9.5
510	-0.045047	212.997877	0.002062	7.9
511	-0.982680	212.788987	0.011344	10.3
512	-0.038921	212.580642	0.000807	8.0
513	0.000000	212.372841	0.000000	8.9
514	-0.532109	212.165581	0.005366	7.7
515	-0.326295	211.958859	0.004019	8.3
516	-0.000003	211.752673	0.000002	10.7
517	-1.138777	211.547021	0.023326	8.0
518	-0.547608	211.341902	0.007998	10.2
519	-1.153561	211.137311	0.010190	7.5
520	-0.963115	210.933248	0.014704	7.6
521	-0.768829	210.729710	0.005117	12.0
522	-0.426274	210.526695	0.004117	9.6
523	-1.003065	210.324200	0.006317	8.0
524	-0.000001	210.122224	0.000001	8.5
525	-0.000000	209.920765	0.000000	7.8
526	-0.000000	209.719820	0.000000	12.9
527	-0.446620	209.519387	0.003607	9.8
528	-0.400868	209.319463	0.008055	7.5
529	-1.038530	209.120048	0.018222	8.5
530	-0.654362	208.921139	0.017940	10.1
531	-0.749153	208.722733	0.009136	8.4
532	-1.004862	208.524829	0.010657	7.6
533	-1.075386	208.327425	0.029111	9.3
534	-0.000000	208.130518	0.000000	7.8
535	-1.095398	207.934107	0.034043	11.0
536	-0.896399	207.738189	0.008280	9.4
537	-0.986688	207.542762	0.012761	8.0
538	-0.857344	207.347825	0.010950	7.6
539	-0.441360	207.153376	0.006765	7.6
540	-0.001193	206.959412	0.000139	12.0
541	-0.475611	206.765932	0.004260	7.6
542	-0.619005	206.572933	0.011236	9.0
543	-1.000796	206.380414	0.009605	7.6
544	-0.513578	206.188373	0.005072	8.6
545	-0.009614	205.996807	0.000492	12.3
546	-0.007644	205.805716	0.000497	8.5
547	-0.765352	205.615096	0.014832	8.8
548	-1.121653	205.424946	0.010627	7.6
549	-0.036221	205.235265	0.001623	7.5
550	-0.972782	205.046050	0.010338	11.4
551	-0.507185	204.857299	0.006429	8.8
552	-0.871102	204.669011	0.011169	7.5
553	-0.378305	204.481184	0.004991	7.7
554	-0.000000	204.293816	0.000000	7.5
555	-0.867532	204.106905	0.007362	11.5
556	-0.572888	203.920449	0.007233	7.7
557	-0.771240	203.734447	0.009630	9.2
558	-1.192912	203.548896	0.018763	7.6
559	-0.809992	203.363795	0.025917	8.4
560	-0.354989	203.179143	0.003947	12.1
561	-0.119070	202.994937	0.005620	7.6
562	-1.015518	202.811176	0.021141	10.8
563	-0.000000	202.627857	0.000000	7.5
564	-0.417714	202.444980	0.006098	7.7
565	-0.530049	202.262543	0.006449	12.3
566	-0.000000	202.080543	0.000000	9.9
567	-0.953402	201.898979	0.016469	7.6
568	-0.623559	201.717849	0.003394	7.8
569	-0.848838	201.537153	0.010854	10.5
570	-0.495033	201.356887	0.006312	10.0
571	-0.630083	201.177050	0.008053	8.9
572	-0.213739	200.997642	0.003212	7.6
573	-0.125640	200.818659	0.002633	8.3
574	-0.623004	200.640100	0.006358	10.4
575	-0.000000	200.461965	0.000000	9.7
576	-0.632425	200.284250	0.005234	7.6
577	-0.776945	200.106955	0.008683	8.6
578	-0.593039	199.930078	0.005642	7.6
579	-0.590348	199.753617	0.004586	12.1
580	-0.662343	199.577571	0.005372	9.3
581	-0.700595	199.401938	0.008139	7.8
582	-0.606199	199.226717	0.007428	7.6
583	-0.487317	199.051905	0.021042	7.5
584	-0.873346	198.877502	0.012889	12.1
585	-0.388133	198.703506	0.006608	7.6
586	-0.519645	198.529916	0.003926	9.4
587	-0.018681	198.356729	0.000765	8.5
588	-1.171403	198.183944	0.007867	8.7
589	-0.000000	198.011560	0.000000	12.8
590	-0.000000	197.839576	0.000000	7.7
591	-0.610760	197.667989	0.005703	9.3
592	-1.118437	197.496798	0.028186	7.6
593	-0.000002	197.326002	0.000001	8.5
594	-1.022468	197.155600	0.017572	10.8
595	-0.376889	196.985589	0.004287	9.1
596	-1.164967	196.815969	0.037191	7.6
597	-0.000000	196.646738	0.000000	9.1
598	-0.000000	196.477894	0.000000	11.2
599	-0.532539	196.309436	0.006399	7.9
600	-0.000000	196.141363	0.000000	9.0
601	-0.000000	195.973673	0.000000	8.5
602	-0.000023	195.806365	0.000014	8.7
603	-0.000000	195.639437	0.000000	11.4
604	-0.745396	195.472888	0.018395	9.6
605	-0.002719	195.306717	0.000104	7.8
606	-0.155534	195.140922	0.002550	8.7
607	-0.989490	194.975501	0.011516	9.4
608	-0.000000	194.810454	0.000000	9.6
609	-0.975657	194.645779	0.008366	9.5
610	-0.000818	194.481475	0.000155	7.6
611	-0.000619	194.317540	0.000357	7.6
612	-1.111710	194.153973	0.015873	10.7
613	-0.613898	193.990773	0.004246	9.0
614	-0.670308	193.827938	0.013645	7.6
615	-0.002195	193.665467	0.000279	7.6
616	-0.631109	193.503358	0.006048	7.6
617	-1.062261	193.341611	0.010793	12.0
618	-0.000000	193.180224	0.000000	7.6
619	-0.000081	193.019196	0.000016	9.2
620	-0.410695	192.858525	0.006554	7.7
621	-1.095994	192.698210	0.008098	7.8
622	-0.000000	192.538251	0.000000	11.1
623	-1.009347	192.378644	0.011146	7.6
624	-0.113076	192.219391	0.003487	9.1
625	-0.852464	192.060488	0.011386	8.5
626	-0.690073	191.901935	0.021858	7.6
627	-0.634218	191.743730	0.003798	12.0
628	-0.493497	191.585873	0.017994	9.3
629	-0.850230	191.428362	0.018739	7.5
630	-0.129588	191.271196	0.002934	8.1
631	-1.142374	191.114374	0.023794	8.4
632	-0.000573	190.957893	0.000020	13.0
633	-0.744986	190.801755	0.006530	9.4
634	-1.128146	190.645956	0.008136	8.4
635	-0.919548	190.490495	0.005803	8.4
636	-0.888763	190.335373	0.005792	10.3
637	0.000000	190.180587	0.000000	7.9
638	-1.075618	190.026136	0.011702	7.6
639	-0.716418	189.872019	0.009611	9.0
640	-0.614055	189.718235	0.005935	7.6
641	-0.917709	189.564782	0.017360	10.6
642	-0.648503	189.411661	0.005626	7.7
643	-1.103048	189.258868	0.025395	9.4
644	-0.798939	189.106404	0.005458	7.7
645	-1.139792	188.954267	0.026049	7.7
646	-0.084329	188.802456	0.002812	12.4
647	-0.481001	188.650969	0.016928	7.6
648	-1.091547	188.499807	0.008036	9.4
649	-0.755185	188.348967	0.007046	7.6
650	-0.456364	188.198448	0.004981	8.7
651	-0.072660	188.048250	0.003358	11.2
652	-1.108360	187.898371	0.018377	9.4
653	-0.000000	187.748810	0.000000	7.3
654	-1.109101	187.599566	0.019074	8.5
655	-0.608299	187.450638	0.005216	7.6
656	-0.749807	187.302025	0.021060	11.4
657	-0.871976	187.153725	0.016616	8.7
658	-0.359715	187.005739	0.003796	8.3
659	-0.019070	186.858064	0.001124	7.7
660	-0.398501	186.710699	0.007074	7.6
661	-0.001403	186.563645	0.000193	12.1
662	0.000000	186.416898	0.000000	7.6
663	-0.367401	186.270459	0.005408	9.4
664	-0.695604	186.124326	0.007910	7.6
665	-0.035087	185.978499	0.001485	8.4
666	-0.949789	185.832976	0.005600	13.2
667	-0.594768	185.687756	0.010112	8.3
668	-0.944530	185.542838	0.034159	8.4
669	-0.000004	185.398222	0.000004	7.5
670	-0.970764	185.253906	0.013809	7.6
671	-0.466613	185.109889	0.003854	11.4
672	-0.340961	184.966170	0.010765	8.7
673	-0.706848	184.822748	0.022167	7.6
674	-0.000000	184.679623	0.000000	7.5
675	-0.000002	184.536792	0.000000	7.5
676	-1.029427	184.394256	0.009760	10.7
677	-0.810865	184.252013	0.015810	7.6
678	-0.895363	184.110062	0.011971	9.0
679	0.000000	183.968403	0.000000	8.1
680	-0.000000	183.827034	0.000000	8.4
681	-0.813309	183.685954	0.004924	11.9
682	-0.000000	183.545163	0.000000	9.3
683	-0.748548	183.404658	0.012125	8.6
684	-0.296990	183.264441	0.003605	7.5
685	-0.000000	183.124509	0.000000	9.4
686	-0.642995	182.984861	0.006068	10.1
687	-0.817156	182.845497	0.007494	9.1
688	-0.573445	182.706416	0.008683	7.7
689	-0.335875	182.567616	0.006779	8.4
690	0.000000	182.429098	0.000000	9.8
691	-0.000065	182.290859	0.000007	10.2
692	-0.580188	182.152899	0.005167	7.6
693	-0.846897	182.015217	0.015902	7.6
694	-0.712401	181.877813	0.007075	8.4
695	-0.830909	181.740684	0.009105	12.3
696	-1.006125	181.603832	0.010149	9.1
697	-0.266810	181.467253	0.004186	8.3
698	-0.676226	181.330948	0.006196	8.6
699	-0.436706	181.194916	0.005537	7.6
700	-0.000000	181.059155	0.000000	13.3
701	-0.000000	180.923666	0.000000	9.1
702	-0.325497	180.788446	0.008740	8.3
703	-0.043663	180.653496	0.001924	7.5
704	-1.101636	180.518814	0.016678	9.4
705	-0.873184	180.384399	0.008986	10.9
706	-0.901094	180.250251	0.009441	7.5
707	-0.130580	180.116369	0.002531	7.5
708	-0.000000	179.982752	0.000000	7.5
709	-0.946381	179.849398	0.019953	10.7
710	-0.000000	179.716308	0.000000	9.0
711	-0.000000	179.583480	0.000000	9.2
712	-0.000000	179.450913	0.000000	7.3
713	-1.071595	179.318607	0.026641	8.6
714	-0.249941	179.186561	0.003621	11.2
715	-0.000000	179.054774	0.000000	7.5
716	-1.002808	178.923245	0.025939	7.7
717	-0.479660	178.791973	0.006363	9.0
718	-0.000000	178.660958	0.000000	7.7
719	-0.537783	178.530199	0.005369	10.9
720	-0.658416	178.399694	0.008765	9.6
721	-0.953042	178.269444	0.022221	7.6
722	-0.933581	178.139447	0.006596	7.7
723	-0.000000	178.009702	0.000000	7.8
724	-1.076437	177.880209	0.011019	12.5
725	-0.440525	177.750967	0.007342	7.6
726	-0.624098	177.621975	0.007242	9.3
727	0.000000	177.493232	0.000000	8.5
728	-0.727924	177.364738	0.012870	8.3
729	-0.725412	177.236492	0.006035	12.9
730	-0.935315	177.108492	0.009785	7.5
731	-0.377556	176.980739	0.004826	9.1
732	-0.481691	176.853231	0.008930	7.5
733	-0.952611	176.725968	0.010028	8.6
734	-0.448016	176.598949	0.005262	10.7
735	-0.390724	176.472173	0.007968	9.3
736	-0.561519	176.345639	0.002808	7.6
737	-1.123823	176.219348	0.006195	7.6
738	-0.596747	176.093296	0.002693	9.7
739	-0.397274	175.967486	0.004845	10.7
740	-0.403085	175.841914	0.013158	9.7
741	-0.851701	175.716581	0.009605	7.7
742	-0.400945	175.591486	0.005129	8.4
743	-0.604573	175.466629	0.014758	10.6
744	-0.000000	175.342008	0.000000	9.2
745	-0.000000	175.217622	0.000000	7.7
746	-0.001789	175.093472	0.000134	8.6
747	-0.784325	174.969556	0.009733	7.5
748	-1.196525	174.845873	0.040369	11.5
749	-0.642549	174.722423	0.005651	7.7
750	-0.308037	174.599206	0.005087	8.8
751	-0.000000	174.476220	0.000000	7.6
752	-1.140379	174.353464	0.048258	7.8
753	-0.270990	174.230939	0.006527	11.9
754	-0.611125	174.108643	0.009101	7.5
755	-0.191533	173.986576	0.002401	9.3
756	-0.977905	173.864737	0.008838	7.6
757	-0.762502	173.743124	0.019453	8.5
758	-0.711432	173.621739	0.006576	10.8
759	-0.000011	173.500579	0.000001	9.3
760	-0.523485	173.379645	0.006312	7.5
761	-0.675341	173.258935	0.006571	8.6
762	-1.105844	173.138449	0.016160	7.5
763	-0.000000	173.018186	0.000000	13.6
764	-0.900809	172.898146	0.024339	9.4
765	-0.775150	172.778327	0.020553	7.6
766	-0.002464	172.658730	0.000527	7.9
767	-0.777201	172.539353	0.005199	7.6
768	-1.083333	172.420196	0.016145	11.9
769	-0.319921	172.301258	0.004043	7.5
770	-0.038051	172.182539	0.001652	9.1
771	-0.313731	172.064037	0.003570	7.7
772	-0.966224	171.945753	0.012252	8.8
773	-0.078561	171.827686	0.000796	12.0
774	-1.162607	171.709834	0.044170	7.6
775	-0.135580	171.592198	0.002590	9.3
776	-0.957649	171.474776	0.005064	8.2
777	-0.872529	171.357568	0.008638	7.7
778	-0.984132	171.240574	0.006122	11.5
779	-0.000000	171.123793	0.000000	8.8
780	-0.029173	171.007223	0.002919	7.6
781	-0.650859	170.890865	0.008614	7.6
782	-0.487278	170.774718	0.007705	7.7
783	-0.336267	170.658782	0.005544	11.7
784	-0.000000	170.543055	0.000000	7.6
785	-0.978529	170.427537	0.008535	9.2
786	-0.000000	170.312227	0.000000	7.6
787	-0.000000	170.197125	0.000000	7.8
788	-0.951698	170.082231	0.017971	11.6
789	-0.000000	169.967543	0.000000	7.6
790	-1.126679	169.853061	0.023973	8.9
791	-0.057349	169.738784	0.001103	8.2
792	-0.239109	169.624713	0.004301	7.6
793	-0.000000	169.510845	0.000000	11.7
794	-0.735372	169.397181	0.006396	9.5
795	-0.981811	169.283720	0.005884	7.5
796	-0.443082	169.170462	0.006098	7.7
797	-0.583003	169.057405	0.005995	7.6
798	-0.992666	168.944549	0.008581	11.9
799	-0.000000	168.831895	0.000000	7.8
800	-0.484553	168.719440	0.005065	9.1
801	-0.960378	168.607185	0.016291	7.7
802	-0.579434	168.495129	0.005462	9.5
803	-0.996474	168.383271	0.011140	12.3
804	-0.805776	168.271611	0.014579	7.6
805	-0.845303	168.160148	0.006492	8.9
806	-0.000000	168.048882	0.000000	7.6
807	-0.000083	167.937812	0.000011	8.5
808	-1.035451	167.826938	0.004657	10.9
809	-0.743475	167.716258	0.007687	9.0
810	-0.000000	167.605773	0.000000	7.7
811	-1.137157	167.495482	0.018730	7.7
812	-0.994510	167.385384	0.011321	9.6
813	0.000000	167.275479	0.000000	10.7
814	-0.254352	167.165766	0.006970	9.2
815	-0.816602	167.056245	0.008368	7.6
816	-0.430745	166.946915	0.005872	8.4
817	-0.000000	166.837776	0.000000	10.2
818	-0.000000	166.728826	0.000000	9.9
819	-0.492000	166.620067	0.006198	7.5
820	-0.152426	166.511496	0.002917	8.4
821	-0.000000	166.403113	0.000000	7.7
822	-0.343527	166.294919	0.003954	12.0
823	-0.795701	166.186912	0.006700	9.4
824	-1.018756	166.079091	0.043814	8.4
825	-0.331886	165.971458	0.009939	7.6
826	-0.382394	165.864009	0.006010	7.5
827	-0.684526	165.756747	0.016184	12.1
828	-0.502942	165.649669	0.004678	8.4
829	-0.703615	165.542775	0.005759	9.1
830	-0.841596	165.436065	0.006844	8.4
831	-0.681594	165.329538	0.006670	8.5
832	-0.595759	165.223194	0.010237	14.5
833	-0.143943	165.117032	0.005106	7.6
834	-1.178410	165.011052	0.017140	8.7
835	-0.707724	164.905253	0.004025	7.6
836	-0.940257	164.799635	0.010384	9.2
837	-0.098112	164.694197	0.002863	9.8
838	-0.723541	164.588939	0.007504	9.0
839	-0.141601	164.483859	0.002572	7.7
840	-0.000000	164.378959	0.000000	7.7
841	-0.000000	164.274237	0.000000	10.2
842	-0.438233	164.169692	0.014432	8.1
843	-0.622743	164.065325	0.008121	7.7
844	-1.076663	163.961135	0.012107	9.2
845	-0.000008	163.857120	0.000000	8.7
846	-0.708051	163.753282	0.006412	11.7
847	-0.479720	163.649619	0.006366	9.2
848	-0.043895	163.546130	0.002487	8.7
849	-0.154100	163.442816	0.002704	8.6
850	-0.000000	163.339676	0.000000	8.5
851	-1.199105	163.236709	0.016013	12.9
852	-0.000000	163.133915	0.000000	8.8
853	-0.000000	163.031294	0.000000	7.7
854	-0.000000	162.928844	0.000000	7.7
855	-0.015657	162.826566	0.000634	9.6
856	-1.109577	162.724459	0.024926	11.0
857	-0.344969	162.622523	0.007686	7.6
858	-0.629929	162.520757	0.004186	8.0
859	-0.000001	162.419160	0.000001	7.6
860	-1.020351	162.317733	0.010394	11.8
861	-0.001462	162.216474	0.000080	9.1
862	-0.562872	162.115383	0.006772	8.3
863	-0.570238	162.014461	0.006428	8.4
864	-0.000030	161.913705	0.000010	7.5
865	-0.820934	161.813117	0.036320	12.5
866	-0.000000	161.712695	0.000000	7.6
867	-0.918770	161.612439	0.003285	8.9
868	-1.130412	161.512349	0.010611	7.6
869	-0.000000	161.412424	0.000000	9.7
870	-0.164886	161.312663	0.003074	11.4
871	-0.000000	161.213067	0.000000	8.4
872	-0.000000	161.113635	0.000000	7.6
873	-0.011223	161.014366	0.000739	7.6
874	-0.000000	160.915260	0.000000	11.2
875	-0.354303	160.816316	0.002831	8.2
876	-0.910355	160.717535	0.008271	9.1
877	-0.696428	160.618915	0.008889	7.9
878	-0.002103	160.520456	0.000224	8.4
879	-1.157892	160.422158	0.015758	11.4
880	-0.000000	160.324021	0.000000	9.3
881	-0.001802	160.226043	0.000088	7.8
882	-0.000000	160.128225	0.000000	8.4
883	-0.411827	160.030566	0.006416	7.7
884	-0.000000	159.933066	0.000000	12.0
885	-0.000004	159.835723	0.000002	9.2
886	-0.917926	159.738539	0.008583	7.6
887	-0.119749	159.641512	0.002979	7.7
888	-0.811072	159.544642	0.008917	7.5
889	-0.587967	159.447929	0.007434	11.7
890	-1.117722	159.351372	0.015065	7.5
891	-0.290847	159.254971	0.004685	9.3
892	0.000000	159.158725	0.000000	7.7
893	-0.420651	159.062634	0.006480	8.5
894	-1.056011	158.966697	0.005343	12.9
895	-0.508551	158.870915	0.007779	7.9
896	-0.829819	158.775286	0.006034	7.8
897	-0.894999	158.679811	0.005821	7.5
898	-0.721418	158.584489	0.018962	7.8
899	-0.329103	158.489319	0.004567	11.0
900	-0.000000	158.394302	0.000000	9.3
901	-0.663109	158.299436	0.010199	7.7
902	-0.723451	158.204721	0.005745	7.6
903	-0.000000	158.110158	0.000000	7.5
904	-0.000000	158.015745	0.000000	12.5
905	-0.842920	157.921482	0.007426	8.0
906	-0.000000	157.827369	0.000000	9.5
907	-0.000000	157.733406	0.000000	7.9
908	-0.193623	157.639591	0.002349	8.3
909	-0.829584	157.545925	0.008739	12.6
910	-0.162768	157.452408	0.003691	7.8
911	-1.108887	157.359038	0.021721	8.9
912	-0.513461	157.265816	0.005072	7.7
913	-1.254040	157.172741	0.029751	9.1
914	-0.923194	157.079813	0.038565	9.9
915	-0.591439	156.987031	0.004463	9.3
916	-0.000001	156.894395	0.000001	7.6
917	-1.101864	156.801904	0.010119	7.7
918	-1.089545	156.709559	0.051061	11.3
919	-0.304516	156.617359	0.002688	7.9
920	-0.712849	156.525304	0.007872	9.2
921	-0.795300	156.433392	0.005734	8.3
922	-1.134278	156.341624	0.029716	8.3
923	-0.944055	156.250000	0.010005	11.6
924	-1.228856	156.158519	0.012747	9.2
925	-0.769953	156.067180	0.005382	7.6
926	-1.032015	155.975984	0.006853	9.3
927	-0.896915	155.884930	0.007263	7.8
928	-0.507490	155.794017	0.002680	12.5
929	-0.953794	155.703246	0.011786	9.3
930	-0.637664	155.612615	0.003494	8.3
931	-0.425459	155.522125	0.003095	7.5
932	-0.000000	155.431775	0.000000	9.3
933	-0.940703	155.341565	0.044919	11.0
934	-0.861394	155.251495	0.010353	7.7
935	-0.560347	155.161563	0.007672	9.3
936	-0.000000	155.071771	0.000000	7.7
937	-0.031141	154.982117	0.000456	12.0
938	-0.000018	154.892601	0.000008	9.3
939	-0.617862	154.803222	0.007220	7.6
940	-0.000000	154.713981	0.000000	8.7
941	-0.294459	154.624878	0.010302	7.6
942	-0.818276	154.535910	0.009979	11.7
943	-0.575624	154.447080	0.006813	7.7
944	-1.224824	154.358385	0.022411	9.8
945	-0.006473	154.269826	0.000328	7.8
946	-0.000000	154.181402	0.000000	7.7
947	-0.673688	154.093114	0.007144	12.6
948	-0.938738	154.004960	0.009230	7.6
949	-0.984748	153.916940	0.022086	9.5
950	-0.010095	153.829054	0.000073	7.9
951	-0.901708	153.741303	0.013759	7.8
952	-0.908528	153.653684	0.007252	11.3
953	-0.825094	153.566198	0.012935	9.4
954	-0.052629	153.478846	0.000891	7.8
955	-0.035865	153.391625	0.000812	8.9
956	-0.904427	153.304537	0.007265	7.7
957	-1.004680	153.217580	0.009474	11.5
958	-0.809059	153.130755	0.014585	10.3
959	-0.215330	153.044061	0.005528	7.7
960	-0.001941	152.957498	0.000208	8.1
961	-0.624991	152.871065	0.007710	10.3
962	-1.105769	152.784762	0.014620	10.7
963	-0.790608	152.698589	0.008536	7.6
964	-1.228804	152.612545	0.033998	7.7
965	-0.054727	152.526631	0.001161	7.7
966	-0.735017	152.440845	0.029171	14.0
967	-0.523378	152.355188	0.020966	10.1
968	-0.438657	152.269660	0.010212	7.6
969	-1.005559	152.184259	0.019810	8.5
970	-0.429015	152.098986	0.003500	7.6
971	-0.886915	152.013840	0.008633	12.7
972	-0.000000	151.928821	0.000000	8.5
973	-0.774604	151.843928	0.006142	8.2
974	-0.967794	151.759163	0.015294	7.6
975	-0.571313	151.674523	0.005488	8.6
976	-0.846192	151.590009	0.009538	11.7
977	-1.112756	151.505620	0.010212	7.6
978	-0.525125	151.421357	0.008616	8.8
979	-0.000000	151.337218	0.000000	7.6
980	-0.633522	151.253204	0.009288	10.4
981	-0.766359	151.169314	0.005934	9.0
982	-0.382194	151.085549	0.006818	10.2
983	-1.120522	151.001907	0.014749	9.2
984	-0.878061	150.918388	0.006892	7.6
985	-0.426019	150.834992	0.007653	12.6
986	-0.000892	150.751719	0.000156	7.8
987	-0.538467	150.668569	0.004456	10.2
988	-0.994810	150.585541	0.032374	7.7
989	-0.816146	150.502634	0.020377	9.0
990	-0.645052	150.419849	0.007551	11.1
991	-0.738354	150.337186	0.003519	8.3
992	-0.084461	150.254644	0.003354	7.9
993	-0.510122	150.172222	0.003977	7.6
994	-1.077055	150.089921	0.012869	11.1
995	-0.008065	150.007740	0.000395	8.0
996	-1.078274	149.925679	0.014766	10.0
997	-0.000000	149.843737	0.000000	7.6
998	-1.011473	149.761915	0.024672	8.6
999	-0.740851	149.680212	0.005518	12.7
1000	-1.082180	149.598627	0.012634	7.6
1001	-0.002231	149.517161	0.000302	9.4
1002	-0.499633	149.435814	0.006533	7.9
1003	-0.791157	149.354584	0.005955	10.1
1004	-0.833037	149.273472	0.010102	9.8
1005	-0.774459	149.192477	0.006625	9.7
1006	-1.117986	149.111599	0.009801	8.5
1007	-0.000000	149.030838	0.000000	7.6
1008	-0.711921	148.950194	0.006487	11.8
1009	-0.000000	148.869666	0.000000	7.7
1010	-0.712860	148.789253	0.007552	9.3
1011	-0.868825	148.708957	0.016238	8.0
1012	-0.572761	148.628776	0.007627	8.2
1013	-0.306495	148.548710	0.007637	12.6
1014	-0.000000	148.468759	0.000000	9.8
1015	-0.000000	148.388923	0.000000	7.7
1016	-1.021139	148.309201	0.006558	8.3
1017	-0.741434	148.229594	0.007435	9.9
1018	-0.699190	148.150100	0.006402	8.7
1019	-0.419101	148.070719	0.007750	9.4
1020	-0.602238	147.991452	0.005846	7.8
1021	-1.169244	147.912298	0.022326	7.7
1022	-0.000000	147.833257	0.000000	11.4
1023	-0.829226	147.754329	0.009740	9.3
1024	-1.019508	147.675512	0.009950	7.6
1025	-0.788084	147.596808	0.009143	7.6
1026	-0.118396	147.518216	0.003034	7.6
1027	-0.540392	147.439735	0.006162	12.1
1028	-0.000000	147.361365	0.000000	7.6
1029	-0.783424	147.283106	0.009403	9.2
1030	-0.659409	147.204958	0.006824	7.8
1031	-0.396735	147.126920	0.006722	8.3
1032	-0.241517	147.048993	0.002491	11.7
1033	-0.950365	146.971175	0.006639	13.0
1034	-0.599224	146.893468	0.008786	13.4
1035	-0.795462	146.815869	0.008696	14.6
1036	-1.190399	146.738380	0.022562	13.6
1037	-0.930354	146.661000	0.012219	14.4
1038	-0.889806	146.583729	0.008867	14.1
1039	-0.815665	146.506566	0.007217	13.3
1040	-0.000000	146.429511	0.000000	9.9
1041	-0.227655	146.352565	0.007673	11.1
1042	-0.426852	146.275726	0.004054	7.5
1043	-0.000000	146.198994	0.000000	8.8
1044	-0.000000	146.122370	0.000000	7.6
1045	-0.852059	146.045853	0.006837	7.7
1046	-0.024145	145.969442	0.000307	11.4
1047	-0.000095	145.893139	0.000003	8.8
1048	-0.001112	145.816941	0.000146	7.5
1049	-0.531085	145.740849	0.006186	7.7
1050	-0.358271	145.664863	0.006657	7.6
1051	-0.817273	145.588983	0.008218	12.7
1052	-0.840846	145.513208	0.019060	9.3
1053	-0.759579	145.437538	0.013471	7.6
1054	-0.526836	145.361973	0.006592	7.9
1055	-0.000000	145.286513	0.000000	7.6
1056	-0.000000	145.211157	0.000000	10.2
1057	-0.000000	145.135905	0.000000	7.9
1058	-0.785306	145.060757	0.012124	9.0
1059	-0.000000	144.985712	0.000000	7.6
1060	-0.697642	144.910771	0.005590	7.8
1061	-0.586374	144.835934	0.014139	11.8
1062	-0.384884	144.761199	0.006392	8.9
1063	-0.000000	144.686567	0.000000	8.9
1064	-0.000000	144.612037	0.000000	7.7
1065	-0.000000	144.537610	0.000000	9.0
1066	-0.525003	144.463285	0.005368	12.6
1067	-0.754719	144.389062	0.008763	9.9
1068	-0.692566	144.314940	0.003054	7.8
1069	-0.311618	144.240920	0.002164	8.7
1070	-0.885100	144.167001	0.016884	10.3
1071	-0.821694	144.093182	0.008796	8.2
1072	-0.601031	144.019465	0.005074	9.7
1073	-0.745821	143.945848	0.019051	7.7
1074	-0.974496	143.872331	0.010206	7.6
1075	-0.673721	143.798914	0.008067	11.8
1076	-0.279473	143.725597	0.005503	9.4
1077	-1.091865	143.652380	0.030129	7.8
1078	-1.215455	143.579262	0.018365	7.7
1079	-1.027678	143.506243	0.014697	7.6
1080	-1.120715	143.433323	0.014299	12.9
1081	-0.744324	143.360502	0.007294	9.5
1082	-0.887615	143.287780	0.009311	8.0
1083	-0.509268	143.215155	0.003584	8.5
1084	-0.298222	143.142629	0.001460	7.6
1085	-0.748161	143.070201	0.014783	12.3
1086	-0.000000	142.997870	0.000000	7.7
1087	-0.606476	142.925637	0.005590	9.1
1088	-0.972973	142.853501	0.010095	7.7
1089	-0.552618	142.781462	0.004257	9.0
1090	-0.191513	142.709519	0.002927	11.8
1091	-0.569063	142.637674	0.006468	7.6
1092	-0.784023	142.565924	0.010472	7.6
1093	-0.835402	142.494271	0.010066	8.2
1094	-0.646551	142.422714	0.008584	11.0
1095	-0.415372	142.351252	0.002098	7.9
1096	-0.789745	142.279886	0.006786	9.4
1097	-0.655536	142.208616	0.014192	8.4
1098	-0.000000	142.137440	0.000000	8.5
1099	-0.066285	142.066360	0.002411	12.8
1100	-0.889786	141.995374	0.006080	7.7
1101	0.000000	141.924483	0.000000	8.9
1102	-0.968790	141.853685	0.008078	7.6
1103	-0.932334	141.782983	0.008380	9.0
1104	-0.197346	141.712373	0.002320	10.4
1105	-0.257027	141.641858	0.002492	10.1
1106	-1.087207	141.571436	0.013005	7.6
1107	-0.441185	141.501108	0.005318	8.5
1108	-1.005128	141.430872	0.013472	11.0
1109	-0.337178	141.360730	0.002055	7.6
1110	-0.000000	141.290680	0.000000	9.4
1111	-0.591051	141.220722	0.006934	7.8
1112	-0.817474	141.150857	0.005872	8.3
1113	-0.413584	141.081084	0.006350	11.9
1114	-0.263487	141.011403	0.003588	9.4
1115	-0.000000	140.941813	0.000000	7.8
1116	-0.135355	140.872315	0.004184	8.4
1117	-0.000000	140.802909	0.000000	7.6
1118	-0.021904	140.733593	0.001074	13.0
1119	-0.000000	140.664369	0.000000	10.7
1120	-0.000000	140.595235	0.000000	14.1
1121	0.000000	140.526192	0.000000	9.0
1122	-1.176143	140.457239	0.022608	12.6
1123	-0.548000	140.388376	0.009782	7.9
1124	-0.000000	140.319603	0.000000	9.3
1125	-0.701804	140.250920	0.005469	8.7
1126	-1.096298	140.182326	0.019487	11.5
1127	-0.147617	140.113822	0.002603	9.4
1128	-0.097438	140.045407	0.002285	7.6
1129	-0.204827	139.977081	0.003058	8.6
1130	-0.000000	139.908844	0.000000	7.9
1131	-0.027980	139.840696	0.001103	14.1
1132	-0.113463	139.772635	0.001659	9.5
1133	-0.060812	139.704664	0.002275	7.6
1134	-1.121958	139.636780	0.012757	7.7
1135	-0.195998	139.568984	0.006756	9.6
1136	-0.000000	139.501276	0.000000	10.4
1137	-0.000000	139.433655	0.000000	7.9
1138	-0.049216	139.366122	0.002114	9.5
1139	-0.000000	139.298676	0.000000	7.6
1140	-0.572174	139.231317	0.005109	12.7
1141	-0.248727	139.164045	0.002232	9.1
1142	-0.331112	139.096859	0.007786	7.6
1143	-0.458060	139.029760	0.005043	8.8
1144	-1.058281	138.962747	0.015849	7.5
1145	-0.737533	138.895820	0.008566	11.6
1146	-0.000000	138.828978	0.000000	7.6
1147	-1.092689	138.762223	0.011977	8.8
1148	-1.105970	138.695553	0.010466	7.6
1149	-0.797133	138.628969	0.007692	7.6
1150	-0.000464	138.562469	0.000034	11.7
1151	-0.000000	138.496055	0.000000	7.6
1152	-0.005895	138.429725	0.000383	9.1
1153	-1.126457	138.363481	0.017907	8.8
1154	-0.066462	138.297320	0.001992	9.3
1155	-0.333450	138.231244	0.003804	12.1
1156	-0.816637	138.165252	0.018868	7.7
1157	-0.000065	138.099344	0.000019	8.6
1158	-0.372104	138.033520	0.002530	7.6
1159	-0.428374	137.967779	0.004980	10.6
1160	-0.000000	137.902122	0.000000	7.6
1161	-0.694285	137.836548	0.005896	9.4
1162	-0.212308	137.771057	0.003897	7.5
1163	-0.620271	137.705649	0.005933	7.6
1164	-0.922633	137.640324	0.028570	11.1
1165	-1.004000	137.575081	0.008775	9.4
1166	-0.917266	137.509921	0.012579	8.5
1167	-0.451599	137.444842	0.003744	7.6
1168	-0.703577	137.379846	0.008988	8.8
1169	-0.043394	137.314932	0.002601	12.8
1170	-0.000000	137.250100	0.000000	10.0
1171	-1.275574	137.185349	0.009057	7.7
1172	-0.989023	137.120680	0.005356	8.7
1173	-0.000000	137.056092	0.000000	10.1
1174	-0.881310	136.991585	0.005844	8.5
1175	-0.880663	136.927158	0.010992	7.7
1176	-0.992792	136.862813	0.010334	8.9
1177	-0.598583	136.798548	0.009382	7.6
1178	-0.861239	136.734363	0.004504	10.9
1179	-0.710530	136.670259	0.009325	9.4
1180	-0.537963	136.606235	0.008683	7.6
1181	-0.000000	136.542291	0.000000	7.7
1182	-1.105817	136.478426	0.011283	7.6
1183	-0.215796	136.414641	0.006942	11.7
1184	-0.518303	136.350936	0.008541	7.6
1185	-0.087737	136.287310	0.002964	9.0
1186	-0.004362	136.223763	0.000046	7.6
1187	-0.365015	136.160295	0.006662	7.8
1188	-0.791354	136.096905	0.008149	10.9
1189	-0.039930	136.033594	0.001576	7.6
1190	-0.301608	135.970362	0.004780	7.7
1191	-0.496983	135.907208	0.002865	9.5
1192	-0.342481	135.844133	0.006254	7.7
1193	-0.833146	135.781135	0.004281	12.8
1194	0.000000	135.718215	0.000000	9.1
1195	-0.318867	135.655373	0.001572	8.3
1196	-0.695086	135.592608	0.008064	7.7
1197	-0.000000	135.529921	0.000000	7.7
1198	-0.020821	135.467311	0.001305	12.4
1199	-0.938524	135.404778	0.006512	7.7
1200	-0.725201	135.342322	0.005537	9.3
1201	-0.728913	135.279942	0.008230	9.7
1202	-0.017124	135.217640	0.000862	7.6
1203	-0.142670	135.155413	0.004003	12.1
1204	-0.729350	135.093263	0.010640	8.4
1205	-0.302810	135.031190	0.003343	8.9
1206	-0.420717	134.969192	0.005277	7.5
1207	-0.656470	134.907270	0.013838	8.9
1208	-0.233915	134.845424	0.001555	10.6
1209	-0.761678	134.783653	0.006354	9.0
1210	-0.000000	134.721958	0.000000	7.8
1211	0.000000	134.660338	0.000000	7.9
1212	-0.606116	134.598793	0.005481	12.2
1213	-0.600962	134.537323	0.014108	8.4
1214	-0.900347	134.475927	0.010414	10.3
1215	-0.262105	134.414607	0.006094	8.1
1216	-0.000000	134.353361	0.000000	9.0
1217	-0.985043	134.292189	0.010950	13.2
1218	-0.778921	134.231092	0.008926	7.6
1219	-0.621841	134.170068	0.005716	8.2
1220	-0.000000	134.109119	0.000000	7.6
1221	-0.661429	134.048243	0.008012	10.5
1222	-0.000000	133.987441	0.000000	7.8
1223	-0.602833	133.926713	0.006005	9.0
1224	-0.800616	133.866057	0.007171	7.6
1225	-0.710871	133.805475	0.010756	8.4
1226	-1.227652	133.744966	0.013489	12.4
1227	-0.015525	133.684530	0.000207	8.4
1228	-0.836755	133.624167	0.004760	7.6
1229	-0.493996	133.563877	0.005236	7.6
1230	-0.000000	133.503658	0.000000	7.5
1231	-0.856417	133.443513	0.005579	12.1
1232	-0.556363	133.383439	0.002701	10.0
1233	-0.622585	133.323437	0.006811	8.4
1234	-0.402629	133.263508	0.006291	7.8
1235	-1.107281	133.203650	0.008567	7.8
1236	-0.748749	133.143864	0.006214	12.5
1237	-0.908680	133.084149	0.013918	8.6
1238	-0.598287	133.024506	0.010839	9.6
1239	-0.846806	132.964934	0.005641	7.6
1240	-0.691485	132.905433	0.013475	9.2
1241	-1.165415	132.846003	0.010018	10.8
1242	-0.194990	132.786643	0.003500	7.7
1243	-0.955839	132.727355	0.018035	7.8
1244	-0.000000	132.668137	0.000000	7.6
1245	-0.779004	132.608989	0.005979	11.5
1246	-0.000000	132.549912	0.000000	8.0
1247	-0.963849	132.490904	0.012375	8.9
1248	-0.000000	132.431967	0.000000	7.8
1249	-0.430041	132.373100	0.004753	7.7
1250	-0.000000	132.314302	0.000000	11.0
1251	-0.852675	132.255574	0.005576	7.6
1252	-0.014941	132.196916	0.000493	9.1
1253	-0.964675	132.138326	0.012568	8.6
1254	-0.376656	132.079806	0.004623	7.7
1255	0.000000	132.021355	0.000000	12.0
1256	-0.000000	131.962973	0.000000	9.7
1257	-0.061206	131.904660	0.002094	7.7
1258	-0.797429	131.846415	0.006158	7.7
1259	-0.261423	131.788239	0.002396	7.7
1260	-0.635698	131.730131	0.007165	12.7
1261	-0.738480	131.672092	0.004039	9.1
1262	-0.109213	131.614121	0.003238	7.9
1263	-0.240260	131.556217	0.006025	10.7
1264	-0.659319	131.498382	0.005520	8.3
1265	-0.254296	131.440614	0.003822	11.4
1266	-1.106222	131.382914	0.018767	7.7
1267	-0.694962	131.325282	0.009211	9.1
1268	0.000000	131.267717	0.000000	7.7
1269	-0.250479	131.210219	0.003817	9.1
1270	-0.465447	131.152788	0.005596	11.9
1271	-0.423807	131.095424	0.005477	7.6
1272	-0.419681	131.038127	0.004185	8.3
1273	-0.048481	130.980897	0.002107	7.5
1274	-0.829646	130.923733	0.010957	10.8
1275	-0.689577	130.866636	0.007318	8.5
1276	-0.367355	130.809605	0.003601	8.9
1277	-0.762506	130.752641	0.012123	8.9
1278	-0.177060	130.695742	0.002437	7.8
1279	-0.445342	130.638910	0.004810	13.0
1280	-1.085546	130.582143	0.007177	7.9
1281	-0.000000	130.525442	0.000000	9.1
1282	-0.479985	130.468807	0.008783	7.7
1283	-0.000000	130.412237	0.000000	9.1
1284	-0.983479	130.355733	0.010888	10.4
1285	-0.041506	130.299294	0.002867	9.3
1286	-0.000000	130.242920	0.000000	7.8
1287	-0.000000	130.186611	0.000000	7.7
1288	-0.890013	130.130366	0.011796	11.0
1289	-1.077843	130.074187	0.012686	8.3
1290	-1.085888	130.018072	0.008472	9.7
1291	-0.901814	129.962022	0.011358	8.3
1292	-0.000000	129.906036	0.000000	8.7
1293	-0.598306	129.850114	0.004087	13.5
1294	-0.000000	129.794257	0.000000	8.5
1295	-1.125554	129.738463	0.017060	7.8
1296	-0.000000	129.682734	0.000000	7.6
1297	-1.164413	129.627068	0.027738	9.1
1298	-0.313228	129.571466	0.001987	10.3
1299	-0.275611	129.515927	0.006692	9.2
1300	-0.000049	129.460452	0.000001	7.6
1301	-0.000000	129.405040	0.000000	8.4
1302	-0.868187	129.349692	0.010750	10.2
1303	-0.773670	129.294406	0.005591	9.0
1304	-0.157494	129.239183	0.005043	7.7
1305	-0.876301	129.184024	0.009914	9.3
1306	-0.613220	129.128927	0.007307	7.7
1307	-0.852530	129.073892	0.017472	11.8
1308	-0.000000	129.018921	0.000000	8.9
1309	-0.000000	128.964011	0.000000	7.6
1310	-0.001654	128.909164	0.000242	7.8
1311	-0.008496	128.854379	0.001366	7.5
1312	-0.316642	128.799656	0.004497	11.0
1313	-0.108826	128.744995	0.003247	7.6
1314	-0.887799	128.690396	0.013979	9.3
1315	-0.962318	128.635858	0.007519	7.6
1316	-0.907192	128.581382	0.006019	8.2
1317	-0.911375	128.526968	0.009528	12.6
1318	-0.000000	128.472615	0.000000	8.3
1319	-0.945481	128.418323	0.016762	7.6
1320	-0.942710	128.364092	0.005967	7.5
1321	-0.790311	128.309922	0.010708	8.6
1322	-0.669737	128.255814	0.007684	12.2
1323	-1.073250	128.201766	0.012721	9.3
1324	-0.904025	128.147778	0.015347	8.4
1325	-0.004866	128.093852	0.000366	7.7
1326	-0.583740	128.039985	0.006474	7.6
1327	-0.701408	127.986180	0.006959	12.5
1328	-1.077976	127.932434	0.007885	9.8
1329	-0.105170	127.878749	0.003398	8.1
1330	-0.000009	127.825123	0.000000	7.6
1331	-0.000000	127.771558	0.000000	8.8
1332	-0.000000	127.718052	0.000000	12.3
1333	-1.033791	127.664606	0.007064	7.5
1334	-0.145256	127.611220	0.002159	9.3
1335	-0.665496	127.557893	0.007547	8.5
1336	-0.001060	127.504625	0.000054	9.2
1337	-0.712638	127.451417	0.007482	11.6
1338	-0.000000	127.398268	0.000000	7.5
1339	-0.758320	127.345178	0.013002	7.5
1340	-0.020898	127.292147	0.000962	7.5
1341	-0.473705	127.239175	0.005612	10.2
1342	-0.199626	127.186261	0.008781	7.8
1343	-0.979153	127.133407	0.005959	9.4
1344	-0.832907	127.080610	0.005772	7.5
1345	-0.900157	127.027872	0.007148	7.7
1346	-1.193842	126.975193	0.031908	10.8
1347	-0.555297	126.922572	0.005446	9.4
1348	-0.536146	126.870008	0.005554	7.6
1349	-0.022584	126.817503	0.000538	7.5
1350	-0.741721	126.765056	0.006894	8.5
1351	-0.480516	126.712667	0.007640	12.8
1352	-0.570999	126.660335	0.007758	9.0
1353	-0.000000	126.608061	0.000000	7.6
1354	-0.018322	126.555844	0.000287	7.5
1355	-0.791328	126.503685	0.020645	7.6
1356	-0.000000	126.451583	0.000000	10.8
1357	-0.714857	126.399538	0.005604	7.6
1358	-0.574217	126.347550	0.013889	9.1
1359	-0.225971	126.295619	0.004391	7.6
1360	-0.476672	126.243745	0.005409	7.7
1361	-0.031349	126.191928	0.001503	11.0
1362	-0.409537	126.140168	0.005348	10.0
1363	-0.623191	126.088464	0.005823	8.0
1364	-0.000000	126.036817	0.000000	8.4
1365	-0.000000	125.985226	0.000000	8.0
1366	-0.719837	125.933691	0.005874	13.8
1367	-0.119758	125.882212	0.002052	9.4
1368	-0.730443	125.830790	0.005609	8.0
1369	-0.763574	125.779423	0.007405	7.7
1370	-0.081719	125.728113	0.002615	9.2
1371	-0.313997	125.676858	0.011661	9.7
1372	-0.501867	125.625659	0.006385	7.8
1373	-0.926241	125.574515	0.007440	9.2
1374	-0.342648	125.523427	0.003714	7.8
1375	-0.558554	125.472394	0.004907	11.5
1376	-0.001839	125.421417	0.000481	9.3
1377	-0.005824	125.370495	0.000269	7.6
1378	-1.019473	125.319628	0.007752	7.7
1379	-1.171753	125.268815	0.028881	7.6
1380	-1.119667	125.218058	0.005188	11.6
1381	-0.502233	125.167356	0.005255	7.6
1382	-0.602364	125.116708	0.004373	9.4
1383	-0.462970	125.066115	0.004745	7.7
1384	-0.143971	125.015576	0.004975	8.5
1385	-0.000000	124.965092	0.000000	11.5
1386	-0.915445	124.914662	0.007667	7.6
1387	-0.157779	124.864287	0.002246	9.8
1388	-0.436039	124.813965	0.007030	8.3
1389	-1.087158	124.763698	0.012926	8.1
1390	-0.739770	124.713485	0.010674	13.0
1391	-0.865590	124.663325	0.007662	9.0
1392	-0.525028	124.613219	0.005622	7.6
1393	-0.000000	124.563167	0.000000	7.8
1394	-0.000000	124.513168	0.000000	10.7
1395	-1.053470	124.463223	0.010010	11.1
1396	-0.000000	124.413332	0.000000	9.1
1397	-0.756604	124.363493	0.007348	7.9
1398	-0.799066	124.313708	0.006714	7.6
1399	-0.775367	124.263976	0.004672	10.6
1400	-0.696283	124.214297	0.007243	7.7
1401	-0.332454	124.164671	0.003252	7.6
1402	-0.000000	124.115097	0.000000	8.9
1403	-0.516313	124.065577	0.006396	7.6
1404	-0.775089	124.016109	0.005160	10.9
1405	-0.824140	123.966693	0.009567	7.7
1406	-0.946600	123.917330	0.004997	9.0
1407	-0.038714	123.868020	0.001606	7.7
1408	-0.000000	123.818762	0.000000	7.5
1409	-0.670063	123.769556	0.005125	11.8
1410	-0.801797	123.720402	0.006217	8.3
1411	-0.682425	123.671300	0.008062	8.8
1412	-0.638617	123.622250	0.005840	7.6
1413	-0.017674	123.573252	0.002165	7.6
1414	-0.813943	123.524305	0.005341	11.3
1415	-1.215620	123.475411	0.012307	9.1
1416	-0.926232	123.426568	0.011895	7.6
1417	-0.000000	123.377776	0.000000	7.6
1418	-0.078229	123.329036	0.002700	7.6
1419	-0.102573	123.280347	0.001832	11.8
1420	-0.112745	123.231709	0.004991	7.6
1421	-0.487324	123.183122	0.003315	8.8
1422	-0.000000	123.134587	0.000000	7.8
1423	-0.698022	123.086102	0.005879	7.7
1424	-1.008657	123.037669	0.011970	11.9
1425	-1.011744	122.989286	0.012247	8.3
1426	-0.000000	122.940954	0.000000	9.9
1427	-0.773905	122.892672	0.003142	7.6
1428	-0.424036	122.844441	0.006069	7.7
1429	-0.727992	122.796261	0.005000	12.5
1430	-0.000000	122.748130	0.000000	8.8
1431	-0.341197	122.700050	0.002883	7.7
1432	-1.029210	122.652021	0.010085	7.7
1433	-0.570493	122.604041	0.005234	8.8
1434	-0.656807	122.556111	0.005680	10.5
1435	-0.000000	122.508232	0.000000	9.4
1436	-0.404107	122.460402	0.007314	7.6
1437	-0.348711	122.412622	0.005783	9.1
1438	-0.857667	122.364891	0.010495	10.3
1439	-1.089292	122.317210	0.016498	9.5
1440	-0.001159	122.269579	0.000163	8.4
1441	-0.555642	122.221997	0.004542	7.6
1442	-0.000000	122.174465	0.000000	7.7
1443	-0.000000	122.126981	0.000000	12.8
1444	-0.758809	122.079547	0.007956	9.4
1445	-0.093894	122.032162	0.002913	7.6
1446	-0.605733	121.984826	0.004227	7.9
1447	-0.714477	121.937539	0.006092	7.5
1448	-0.799750	121.890301	0.010456	11.4
1449	-0.009618	121.843112	0.000454	7.6
1450	-0.992288	121.795971	0.027214	9.0
1451	-0.665836	121.748879	0.004047	7.5
1452	-0.621733	121.701835	0.009254	7.7
1453	-0.713557	121.654840	0.006526	11.0
1454	-0.010852	121.607893	0.000345	9.3
1455	-0.783060	121.560994	0.006059	8.6
1456	-0.808526	121.514144	0.011116	7.5
1457	-0.907599	121.467342	0.008458	7.5
1458	-0.000000	121.420588	0.000000	12.6
1459	-0.566949	121.373882	0.004197	8.8
1460	-0.623221	121.327223	0.003938	7.6
1461	-0.924600	121.280613	0.012627	7.6
1462	-0.000073	121.234050	0.000023	7.5
1463	-0.000000	121.187535	0.000000	10.7
1464	-1.082721	121.141067	0.012668	7.7
1465	-0.675905	121.094647	0.007036	9.0
1466	-1.109288	121.048274	0.020687	7.6
1467	-0.476864	121.001949	0.005185	7.7
1468	-0.315778	120.955671	0.003096	11.4
1469	-0.982379	120.909440	0.011348	8.9
1470	-0.000000	120.863256	0.000000	7.6
1471	-0.000138	120.817119	0.000008	8.3
1472	-0.000000	120.771029	0.000000	7.5
1473	-0.080082	120.724986	0.002862	11.3
1474	-0.000000	120.678990	0.000000	9.1
1475	-1.143378	120.633040	0.008380	9.1
1476	-0.811004	120.587137	0.010417	7.7
1477	-0.442179	120.541281	0.004343	7.6
1478	-0.205636	120.495471	0.003663	12.1
1479	-0.000780	120.449707	0.000054	7.6
1480	-0.736887	120.403990	0.007700	9.0
1481	-0.302691	120.358319	0.002594	7.5
1482	-0.611578	120.312694	0.010866	8.5
1483	-0.000000	120.267115	0.000000	11.2
1484	-0.098324	120.221582	0.001155	8.9
1485	-1.041991	120.176096	0.024770	7.6
1486	-0.554961	120.130655	0.006177	7.6
1487	-0.103627	120.085260	0.003846	9.9
1488	-0.192089	120.039910	0.004855	10.2
1489	-0.965577	119.994606	0.012722	10.1
1490	-0.080819	119.949348	0.002054	7.5
1491	-0.502187	119.904135	0.006667	7.8
1492	-0.318445	119.858968	0.003994	10.1
1493	-1.080785	119.813846	0.009026	9.9
1494	-0.641573	119.768769	0.003642	7.7
1495	-0.405735	119.723738	0.003605	7.6
1496	-0.906451	119.678752	0.006611	7.6
1497	-0.992758	119.633810	0.005996	11.3
1498	-0.969054	119.588914	0.010570	10.4
1499	-0.453690	119.544062	0.005053	8.4
1500	-1.025401	119.499256	0.010824	9.4
1501	-1.175211	119.454494	0.008619	10.0
1502	-0.000002	119.409777	0.000001	10.4
1503	-0.922648	119.365104	0.006775	7.7
1504	-0.854107	119.320476	0.015295	9.1
1505	-0.899304	119.275893	0.004054	7.9
1506	-0.761582	119.231353	0.010356	12.3
1507	-1.118716	119.186859	0.018434	10.0
1508	-0.939698	119.142408	0.011994	7.6
1509	-0.000000	119.098002	0.000000	7.6
1510	-0.988685	119.053639	0.010611	7.7
1511	-0.578760	119.009321	0.007499	11.8
1512	-0.457973	118.965047	0.005182	10.3
1513	-0.022726	118.920816	0.000361	8.1
1514	-0.000000	118.876630	0.000000	7.6
1515	-0.879073	118.832487	0.011196	9.4
1516	-0.736277	118.788388	0.005380	11.3
1517	-1.089220	118.744332	0.016885	7.6
1518	-0.000000	118.700320	0.000000	8.6
1519	-0.000000	118.656352	0.000000	7.6
1520	-1.148215	118.612427	0.005585	11.1
1521	-0.469891	118.568545	0.006476	7.6
1522	-1.041420	118.524706	0.005760	9.5
1523	-0.785136	118.480911	0.005526	7.7
1524	-0.004377	118.437159	0.000038	7.7
1525	-1.087175	118.393450	0.007591	12.2
1526	-0.744553	118.349784	0.005562	7.5
1527	-1.097620	118.306160	0.009569	9.1
1528	-0.315160	118.262580	0.007119	8.0
1529	-0.565393	118.219042	0.009965	7.7
1530	-0.771547	118.175548	0.007110	11.2
1531	-0.605617	118.132095	0.007733	9.2
1532	-0.182771	118.088686	0.004031	7.6
1533	-0.309977	118.045319	0.004120	9.3
1534	-0.218920	118.001994	0.004327	7.6
1535	-0.000000	117.958712	0.000000	12.5
1536	-0.967071	117.915472	0.006161	9.3
1537	-0.351618	117.872274	0.005625	7.5
1538	-0.853762	117.829118	0.005014	7.5
1539	-0.000000	117.786005	0.000000	8.7
1540	-0.042977	117.742933	0.002687	10.3
1541	-1.101604	117.699904	0.008320	7.6
1542	-0.000000	117.656916	0.000000	9.1
1543	-0.985302	117.613971	0.013473	7.7
1544	-0.000000	117.571067	0.000000	9.3
1545	-0.848118	117.528205	0.008990	9.5
1546	-0.821682	117.485384	0.009191	9.8
1547	-0.024094	117.442605	0.002112	9.1
1548	-1.100529	117.399867	0.008608	7.6
1549	-0.000000	117.357171	0.000000	11.8
1550	-0.127384	117.314517	0.003198	7.5
1551	-0.360888	117.271903	0.005546	9.0
1552	-0.000000	117.229331	0.000000	7.6
1553	-0.599325	117.186800	0.009259	7.6
1554	-0.497674	117.144311	0.006229	11.0
1555	-0.956709	117.101862	0.008749	9.0
1556	-0.955321	117.059454	0.006056	8.4
1557	-0.872984	117.017087	0.009037	7.9
1558	-0.375486	116.974762	0.004523	7.5
1559	-0.531762	116.932476	0.006664	12.9
1560	-0.377726	116.890232	0.002683	9.7
1561	-0.227614	116.848028	0.003049	7.6
1562	-0.883249	116.805865	0.005218	8.6
1563	-0.000000	116.763743	0.000000	7.6
1564	-1.120943	116.721661	0.011026	14.0
1565	-0.254436	116.679619	0.001885	9.3
1566	-0.548271	116.637618	0.006034	8.4
1567	-0.886220	116.595657	0.007795	7.7
1568	-1.033689	116.553736	0.007484	10.2
1569	-0.000000	116.511855	0.000000	9.3
1570	-0.859513	116.470015	0.013455	8.4
1571	-0.708683	116.428214	0.004823	7.6
1572	-1.076136	116.386454	0.010514	7.5
1573	-1.042218	116.344733	0.011119	11.2
1574	-1.047932	116.303052	0.013072	7.7
1575	-0.100856	116.261412	0.004022	9.5
1576	-0.829846	116.219810	0.004493	7.5
1577	-0.915767	116.178249	0.007323	8.7
1578	-0.074637	116.136727	0.001874	12.6
1579	-0.631079	116.095245	0.011035	7.6
1580	-0.383539	116.053802	0.004715	9.3
1581	-0.856976	116.012398	0.010674	7.7
1582	-1.203158	115.971034	0.010712	8.6
1583	-0.989149	115.929710	0.007615	10.5
1584	-1.110283	115.888424	0.007479	9.4
1585	-0.811255	115.847178	0.005882	7.8
1586	-0.000000	115.805970	0.000000	7.6
1587	-0.000000	115.764802	0.000000	9.4
1588	-1.077068	115.723673	0.010994	9.5
1589	-0.019896	115.682583	0.002063	7.6
1590	-1.127671	115.641532	0.011471	8.8
1591	-0.000000	115.600519	0.000000	7.6
1592	-0.675976	115.559546	0.009982	11.1
1593	-1.118541	115.518610	0.017765	9.6
1594	-1.129050	115.477714	0.008141	7.4
1595	-1.203679	115.436856	0.016548	8.3
1596	-1.089064	115.396037	0.011274	7.6
1597	-1.022556	115.355256	0.006980	11.8
1598	-1.145137	115.314514	0.013578	7.6
1599	-0.044988	115.273810	0.002017	9.3
1600	-0.935536	115.233144	0.010074	7.6
1601	-0.762765	115.192517	0.007910	7.7
1602	-0.048768	115.151927	0.002459	12.1
1603	-0.595310	115.111376	0.012457	8.3
1604	-0.000652	115.070863	0.000116	8.3
1605	-0.954019	115.030388	0.008534	7.5
1606	-0.406028	114.989951	0.006521	8.6
1607	-0.782120	114.949551	0.013195	11.8
1608	-0.977912	114.909190	0.007568	9.5
1609	-0.000000	114.868866	0.000000	7.7
1610	-0.752514	114.828580	0.009257	8.2
1611	-1.109861	114.788332	0.006852	8.3
1612	-1.097013	114.748121	0.012537	13.4
1613	-1.028212	114.707948	0.020515	9.2
1614	-0.595347	114.667812	0.007241	7.6
1615	-0.449654	114.627714	0.007205	7.8
1616	-0.835622	114.587653	0.012103	8.8
1617	-0.612128	114.547629	0.006042	11.6
1618	-0.807639	114.507643	0.007533	8.6
1619	-1.044736	114.467693	0.013123	9.1
1620	-0.000000	114.427781	0.000000	7.7
1621	-0.141820	114.387907	0.004128	11.5
1622	-0.878220	114.348069	0.008593	9.5
1623	-0.723234	114.308268	0.004954	7.5
1624	-0.934039	114.268504	0.014708	8.3
1625	-0.505306	114.228777	0.006063	7.6
1626	-0.088290	114.189086	0.000799	11.0
1627	-0.793391	114.149433	0.007930	7.6
1628	-0.515569	114.109816	0.005481	9.4
1629	-0.466259	114.070235	0.006075	7.6
1630	-0.148814	114.030692	0.004907	7.5
1631	-0.554731	113.991185	0.005616	11.4
1632	-0.001649	113.951714	0.000158	8.7
1633	-0.000000	113.912280	0.000000	7.6
1634	-1.038099	113.872882	0.006795	7.6
1635	-0.701242	113.833521	0.006931	7.6
1636	-0.321374	113.794195	0.003608	10.6
1637	-0.525283	113.754906	0.005684	7.6
1638	-0.000000	113.715653	0.000000	8.8
1639	-1.008296	113.676437	0.004085	7.8
1640	-0.000000	113.637256	0.000000	8.5
1641	-0.079079	113.598111	0.002349	12.1
1642	-0.000000	113.559002	0.000000	7.7
1643	-0.000000	113.519929	0.000000	8.7
1644	-1.055306	113.480892	0.004772	7.6
1645	-0.675897	113.441891	0.005079	7.6
1646	-0.638496	113.402925	0.006612	10.8
1647	-0.360051	113.363995	0.004646	9.2
1648	-0.950705	113.325101	0.008791	7.6
1649	-0.696493	113.286242	0.006698	7.8
1650	-0.080233	113.247419	0.002751	7.5
1651	-0.210497	113.208631	0.006585	12.3
1652	-0.781647	113.169879	0.005437	9.7
1653	-0.934630	113.131162	0.008723	8.4
1654	-0.874403	113.092480	0.005548	8.2
1655	-0.652714	113.053833	0.009510	7.6
1656	-0.045753	113.015222	0.001103	12.5
1657	-0.000000	112.976646	0.000000	7.7
1658	-0.078451	112.938105	0.001563	8.9
1659	-1.087631	112.899599	0.015927	7.7
1660	-0.362495	112.861128	0.004558	8.6
1661	-0.561109	112.822692	0.004542	12.2
1662	-0.000000	112.784291	0.000000	8.3
1663	-0.232475	112.745924	0.003397	7.8
1664	-0.000000	112.707593	0.000000	7.7
1665	-0.963100	112.669296	0.014588	10.9
1666	-0.385955	112.631034	0.004806	8.2
1667	-0.941674	112.592806	0.008376	9.2
1668	-0.922736	112.554613	0.010022	8.5
1669	-0.000000	112.516455	0.000000	8.6
1670	-1.121322	112.478331	0.006014	14.2
1671	-0.696623	112.440241	0.005690	7.7
1672	-0.847497	112.402186	0.008612	8.5
1673	-0.000000	112.364165	0.000000	7.6
1674	-0.921678	112.326179	0.004105	9.5
1675	-0.952305	112.288227	0.008091	9.6
1676	-0.000000	112.250309	0.000000	9.3
1677	-0.661889	112.212425	0.005460	7.6
1678	-1.062036	112.174575	0.007008	7.6
1679	-0.914931	112.136759	0.005125	10.2
1680	-1.067359	112.098977	0.013957	9.4
1681	-0.015374	112.061229	0.000366	8.1
1682	-1.028787	112.023515	0.005837	7.7
1683	-0.063656	111.985834	0.002223	7.8
1684	-1.134982	111.948188	0.011426	12.6
1685	-1.277067	111.910575	0.008699	9.3
1686	-0.972955	111.872996	0.003825	7.6
1687	-0.587475	111.835450	0.010362	8.5
1688	-0.211088	111.797939	0.006166	8.0
1689	-0.013303	111.760460	0.001359	11.7
1690	-0.641223	111.723015	0.007960	7.8
1691	-0.476436	111.685604	0.006124	9.3
1692	-0.000000	111.648226	0.000000	7.7
1693	-0.758277	111.610881	0.002667	7.6
1694	-1.067445	111.573570	0.008278	12.6
1695	-1.053690	111.536292	0.008299	8.0
1696	-0.588786	111.499047	0.005209	7.8
1697	-1.115715	111.461835	0.011703	7.6
1698	-0.626429	111.424656	0.003881	8.5
1699	-0.635126	111.387510	0.010272	11.0
1700	-0.000000	111.350398	0.000000	9.3
1701	0.000000	111.313318	0.000000	7.6
1702	-0.355712	111.276271	0.006071	8.7
1703	-0.527025	111.239257	0.009992	8.5
1704	-0.937951	111.202276	0.004568	12.3
1705	-0.968045	111.165328	0.002958	8.8
1706	-0.952104	111.128412	0.007111	8.4
1707	-0.000007	111.091529	0.000003	7.6
1708	-0.775613	111.054679	0.009369	8.9
1709	-0.691200	111.017861	0.006878	11.8
1710	-0.573029	110.981076	0.004920	8.0
1711	-0.000000	110.944323	0.000000	8.0
1712	-0.749281	110.907603	0.014575	7.6
1713	0.000000	110.870915	0.000000	11.2
1714	-0.925813	110.834259	0.009050	7.9
1715	-0.927011	110.797636	0.009762	8.9
1716	-0.498691	110.761045	0.008984	7.6
1717	-1.017723	110.724486	0.010153	8.6
1718	-0.647875	110.687959	0.010063	12.0
1719	-0.050942	110.651465	0.001268	7.5
1720	-0.000000	110.615002	0.000000	9.4
1721	-0.494642	110.578572	0.008492	7.8
1722	-0.640257	110.542173	0.011611	7.5
1723	-0.704127	110.505807	0.010367	11.2
1724	-0.000000	110.469472	0.000000	9.3
1725	-0.329222	110.433169	0.004735	7.6
1726	-0.742972	110.396898	0.007951	7.6
1727	-0.019544	110.360659	0.000521	8.4
1728	-0.741881	110.324451	0.008401	12.6
1729	-1.030510	110.288276	0.021389	10.1
1730	-0.810035	110.252131	0.009427	7.6
1731	-0.329759	110.216019	0.004558	8.8
1732	-0.703752	110.179937	0.005034	7.7
1733	-1.152973	110.143888	0.012116	12.5
1734	-0.031321	110.107869	0.000453	7.6
1735	-1.136048	110.071882	0.008914	9.3
1736	-0.063630	110.035927	0.001734	8.4
1737	-0.853925	110.000003	0.007941	9.1
1738	-0.904873	109.964110	0.010651	11.3
1739	-0.466328	109.928248	0.009815	7.7
1740	-0.000000	109.892417	0.000000	7.5
1741	-0.000000	109.856618	0.000000	7.6
1742	-1.028096	109.820850	0.007099	11.1
1743	-0.490459	109.785112	0.006058	8.0
1744	-0.022151	109.749406	0.000268	9.5
1745	-0.481674	109.713730	0.003750	7.6
1746	-0.005108	109.678086	0.000077	8.6
1747	-0.673497	109.642472	0.007246	11.6
1748	-0.139498	109.606890	0.001549	7.7
1749	-1.101474	109.571337	0.008191	7.7
1750	-0.598672	109.535816	0.006383	8.9
1751	-0.000000	109.500326	0.000000	8.1
1752	-0.579127	109.464866	0.010846	11.2
1753	-0.020433	109.429436	0.001405	9.2
1754	-0.887842	109.394038	0.008725	7.6
1755	-0.896088	109.358669	0.010160	7.8
1756	-0.201668	109.323331	0.004061	7.6
1757	-0.912908	109.288024	0.007332	12.2
1758	-0.000000	109.252747	0.000000	7.6
1759	-0.255446	109.217501	0.003106	9.5
1760	-0.806746	109.182284	0.014320	7.8
1761	-0.000000	109.147098	0.000000	8.6
1762	-0.306101	109.111942	0.004331	12.2
1763	-0.649166	109.076817	0.005589	7.7
1764	-0.801840	109.041721	0.004616	9.8
1765	-0.000000	109.006656	0.000000	7.5
1766	-0.993430	108.971620	0.009345	7.8
1767	-0.524886	108.936615	0.002713	11.3
1768	-0.735497	108.901640	0.008457	9.0
1769	-0.646203	108.866694	0.012846	7.7
1770	-0.947591	108.831779	0.006719	7.6
1771	-0.355863	108.796893	0.005327	7.7
1772	-0.629899	108.762037	0.013948	12.7
1773	-0.250012	108.727211	0.004622	8.0
1774	-0.238170	108.692415	0.002787	8.6
1775	-0.959686	108.657648	0.006176	8.7
1776	-0.000000	108.622911	0.000000	7.7
1777	-0.689091	108.588203	0.005975	11.7
1778	-0.707283	108.553525	0.006127	7.6
1779	-1.200818	108.518877	0.023686	9.3
1780	-0.000000	108.484258	0.000000	7.6
1781	-0.940926	108.449668	0.006243	7.6
1782	-0.574308	108.415108	0.004035	11.2
1783	-0.660709	108.380578	0.007285	9.4
1784	-0.131350	108.346076	0.001076	7.7
1785	-0.920610	108.311604	0.006961	7.7
1786	-0.489954	108.277161	0.003086	7.7
1787	-0.957716	108.242747	0.017223	12.5
1788	-0.000539	108.208363	0.000082	9.6
1789	-0.220053	108.174007	0.003894	7.6
1790	-0.488872	108.139681	0.006675	8.5
1791	-0.204363	108.105383	0.002745	7.6
1792	-0.977497	108.071115	0.008048	11.6
1793	-0.894179	108.036875	0.028289	7.6
1794	-0.889998	108.002665	0.005416	9.5
1795	-1.102723	107.968483	0.012180	7.6
1796	-0.960675	107.934330	0.004664	7.6
1797	-0.672252	107.900206	0.026209	11.1
1798	-1.079309	107.866111	0.008456	9.2
1799	-0.593873	107.832044	0.007362	7.7
1800	-0.565216	107.798007	0.006802	8.5
1801	-0.690774	107.763997	0.005890	8.9
1802	-0.976458	107.730017	0.009792	11.3
1803	-0.338722	107.696065	0.005561	9.1
1804	-0.949873	107.662141	0.008702	7.6
1805	-0.000000	107.628246	0.000000	8.3
1806	-0.571323	107.594379	0.011494	8.9
1807	-1.001594	107.560541	0.005910	10.4
1808	-0.000000	107.526731	0.000000	7.7
1809	-0.000000	107.492949	0.000000	9.6
1810	-0.979722	107.459196	0.009886	7.7
1811	-0.000000	107.425471	0.000000	10.1
1812	-0.705546	107.391774	0.004812	9.7
1813	-0.942881	107.358106	0.015128	7.6
1814	-0.932819	107.324465	0.006626	7.6
1815	-0.802646	107.290853	0.014788	8.8
1816	-1.042566	107.257268	0.016939	12.7
1817	-0.000000	107.223712	0.000000	8.5
1818	-0.715197	107.190184	0.009045	9.2
1819	-0.694784	107.156683	0.009042	7.8
1820	-0.000000	107.123211	0.000000	9.5
1821	-0.194930	107.089766	0.002970	11.5
1822	-0.000000	107.056349	0.000000	7.5
1823	-0.870259	107.022960	0.017079	8.4
1824	-0.226439	106.989599	0.006582	7.5
1825	-0.044468	106.956265	0.000824	11.1
1826	-0.968684	106.922960	0.006284	7.5
1827	-0.000000	106.889681	0.000000	9.1
1828	-0.000000	106.856431	0.000000	8.6
1829	-0.716453	106.823208	0.006444	7.5
1830	-0.446335	106.790012	0.005777	12.9
1831	-0.060787	106.756844	0.001486	7.9
1832	-1.142517	106.723703	0.013957	8.1
1833	-0.000000	106.690590	0.000000	7.5
1834	-1.100497	106.657505	0.008427	8.6
1835	-0.189985	106.624446	0.002895	11.2
1836	-0.860417	106.591415	0.008315	9.4
1837	-0.000000	106.558411	0.000000	7.6
1838	-0.896918	106.525435	0.008967	8.8
1839	-0.632305	106.492485	0.006152	8.8
1840	-0.205184	106.459563	0.005062	11.8
1841	-0.107756	106.426668	0.003562	9.0
1842	-1.012888	106.393800	0.005132	7.6
1843	-0.492439	106.360959	0.005635	7.5
1844	-0.858077	106.328145	0.007161	8.6
1845	-0.598230	106.295358	0.005419	11.8
1846	-0.907167	106.262598	0.006245	7.6
1847	-0.629572	106.229865	0.004435	7.7
1848	-0.638357	106.197158	0.010369	8.3
1849	-0.000000	106.164479	0.000000	10.7
1850	-0.000000	106.131826	0.000000	8.5
1851	-0.854595	106.099201	0.004018	8.8
1852	-0.453666	106.066602	0.003953	7.6
1853	-0.557041	106.034029	0.005615	8.2
1854	-0.393809	106.001483	0.006038	11.1
1855	-0.991774	105.968964	0.007692	7.5
1856	-0.388993	105.936472	0.003757	9.0
1857	-1.158860	105.904006	0.017821	8.3
1858	-0.921215	105.871566	0.005769	7.5
1859	-0.413136	105.839153	0.004457	11.3
1860	-0.171482	105.806767	0.004550	8.9
1861	-0.000000	105.774407	0.000000	7.5
1862	-0.835059	105.742073	0.007989	7.9
1863	-0.482117	105.709766	0.005376	8.4
1864	-0.472054	105.677485	0.007513	12.4
1865	-0.696011	105.645230	0.003914	7.8
1866	-0.000000	105.613001	0.000000	9.0
1867	0.000000	105.580799	0.000000	9.3
1868	-1.055237	105.548623	0.010023	7.8
1869	-0.010374	105.516473	0.000819	13.3
1870	-0.000000	105.484349	0.000000	7.8
1871	0.000000	105.452251	0.000000	9.0
1872	-0.000000	105.420179	0.000000	7.7
1873	-0.989679	105.388133	0.008307	8.7
1874	-0.123745	105.356113	0.001209	10.9
1875	-0.994054	105.324119	0.017392	8.6
1876	-0.000000	105.292151	0.000000	7.8
1877	-1.111927	105.260209	0.019678	7.6
1878	0.000000	105.228293	0.000000	10.9
1879	-0.494807	105.196402	0.004648	8.9
1880	-0.000505	105.164537	0.000038	9.3
1881	-0.792045	105.132698	0.007640	7.5
1882	-0.780210	105.100885	0.006401	8.5
1883	-0.833905	105.069097	0.008435	14.3
1884	-0.000000	105.037335	0.000000	7.5
1885	-0.765606	105.005598	0.022646	8.4
1886	-0.000000	104.973887	0.000000	7.4
1887	-0.703924	104.942202	0.009097	8.7
1888	-0.554006	104.910542	0.003594	10.3
1889	-0.189496	104.878907	0.003466	9.3
1890	-0.736637	104.847298	0.005594	7.5
1891	-0.919021	104.815715	0.012563	7.5
1892	-0.003756	104.784156	0.000165	9.2
1893	-0.001309	104.752623	0.000085	10.3
1894	-0.463467	104.721116	0.006233	7.6
1895	-0.768350	104.689633	0.005553	9.2
1896	-0.336532	104.658176	0.003711	7.8
1897	-0.000000	104.626744	0.000000	11.3
1898	-0.000000	104.595337	0.000000	9.3
1899	-1.109181	104.563955	0.014468	7.7
1900	-0.125574	104.532599	0.001588	8.4
1901	-0.852033	104.501267	0.006070	7.5
1902	-0.032431	104.469960	0.000776	11.8
1903	-0.442963	104.438679	0.003495	8.4
1904	-1.141114	104.407422	0.017723	9.2
1905	-0.138660	104.376191	0.004286	7.6
1906	-0.000000	104.344984	0.000000	7.5
1907	-0.808822	104.313802	0.012889	11.7
1908	-0.691539	104.282645	0.005983	9.0
1909	-0.001666	104.251513	0.000221	7.7
1910	-0.844997	104.220405	0.008317	7.6
1911	-1.001713	104.189323	0.007712	8.1
1912	-0.496835	104.158265	0.003410	12.8
1913	-0.000000	104.127231	0.000000	9.3
1914	-0.000000	104.096222	0.000000	7.5
1915	-0.000000	104.065238	0.000000	8.2
1916	-0.054105	104.034279	0.000914	7.5
1917	-1.072870	104.003344	0.004168	11.5
1918	-1.122432	103.972433	0.009409	8.4
1919	-0.418850	103.941547	0.003894	8.9
1920	-0.130171	103.910686	0.002379	7.6
1921	-1.033268	103.879849	0.009022	8.5
1922	-0.000000	103.849036	0.000000	13.3
1923	-0.733756	103.818248	0.009577	7.7
1924	-0.597330	103.787484	0.007949	8.8
1925	-1.090457	103.756744	0.011361	7.7
1926	-0.321244	103.726029	0.005514	9.2
1927	-0.757077	103.695338	0.005892	10.5
1928	-0.000000	103.664671	0.000000	10.0
1929	-0.458219	103.634028	0.005135	9.9
1930	-0.736184	103.603409	0.008803	7.7
1931	-0.770944	103.572814	0.006437	12.0
1932	-0.000000	103.542244	0.000000	7.7
1933	-0.000000	103.511698	0.000000	9.5
1934	-1.094929	103.481175	0.007668	7.7
1935	-1.073593	103.450677	0.005984	7.8
1936	-0.578114	103.420202	0.005872	12.2
1937	-0.615643	103.389752	0.015818	8.4
1938	-0.793703	103.359325	0.014348	10.5
1939	-0.332424	103.328922	0.003954	7.5
1940	-0.036032	103.298543	0.000633	9.7
1941	-0.670139	103.268188	0.006200	12.5
1942	-0.000000	103.237857	0.000000	8.3
1943	-1.080157	103.207549	0.008269	8.7
1944	-0.799130	103.177265	0.005302	8.5
1945	-0.000000	103.147005	0.000000	10.6
1946	-0.000000	103.116768	0.000000	7.7
1947	-0.859506	103.086556	0.007047	9.1
1948	-1.102318	103.056366	0.006227	7.6
1949	-0.953139	103.026200	0.006516	8.4
1950	-0.084337	102.996058	0.002103	11.6
1951	-0.000000	102.965939	0.000000	8.9
1952	-0.000000	102.935844	0.000000	7.7
1953	-0.483242	102.905772	0.006590	7.7
1954	-0.155895	102.875724	0.002218	7.7
1955	-0.693433	102.845699	0.009349	12.1
1956	-0.372530	102.815697	0.004396	9.0
1957	-0.999516	102.785719	0.005011	7.6
1958	-0.562252	102.755764	0.009472	8.5
1959	-0.617531	102.725832	0.003276	7.5
1960	-0.901584	102.695924	0.004893	11.4
1961	-0.403068	102.666038	0.006929	7.6
1962	-0.023089	102.636176	0.000441	8.7
1963	-0.678840	102.606337	0.005562	7.6
1964	-1.010780	102.576521	0.015069	7.7
1965	-1.038433	102.546728	0.010343	10.4
1966	-0.967207	102.516959	0.006053	9.2
1967	-0.829417	102.487212	0.007860	7.7
1968	-0.326965	102.457488	0.002691	7.6
1969	-0.812010	102.427788	0.014838	7.6
1970	-0.000000	102.398110	0.000000	11.6
1971	-0.000000	102.368455	0.000000	9.5
1972	-0.863482	102.338823	0.008012	8.8
1973	-0.035580	102.309214	0.000602	8.4
1974	-0.664973	102.279628	0.010207	7.7
1975	-0.000000	102.250064	0.000000	12.2
1976	-0.051130	102.220524	0.000672	7.7
1977	-0.000000	102.191006	0.000000	9.2
1978	-0.214619	102.161511	0.003787	7.6
1979	-1.102310	102.132038	0.009789	9.3
1980	-1.068390	102.102588	0.005829	11.5
1981	-0.917816	102.073161	0.005804	7.9
1982	-0.907795	102.043757	0.006577	7.6
1983	-0.000000	102.014375	0.000000	7.5
1984	-0.966326	101.985015	0.005408	10.4
1985	-0.048268	101.955678	0.001271	7.8
1986	-0.457802	101.926364	0.005441	9.4
1987	-1.104362	101.897072	0.006209	7.6
1988	-0.956607	101.867802	0.008757	8.4
1989	-0.000107	101.838555	0.000010	11.9
1990	0.000000	101.809330	0.000000	9.3
1991	-0.000000	101.780128	0.000000	8.1
1992	-0.000000	101.750948	0.000000	8.4
1993	-0.000001	101.721790	0.000000	8.0
1994	-0.517903	101.692654	0.002641	12.3
1995	-0.471661	101.663541	0.006792	9.2
1996	-0.887876	101.634450	0.007402	8.3
1997	-0.000484	101.605381	0.000141	7.6
1998	-0.574028	101.576335	0.006336	9.3
1999	-0.062420	101.547310	0.001241	10.5
