1:ItNr	2:Metric	3:StepSize	4:||Gradient||	Time[ms]
0	-0.912403	627.201626	0.008635	1072.4
1	-0.949715	623.504937	0.008632	8.7
2	-0.000000	619.865785	0.000000	7.6
3	-0.000000	616.282728	0.000000	9.0
4	-0.021995	612.754375	0.001345	11.9
5	-0.591752	609.279381	0.005964	8.4
6	-0.772211	605.856447	0.005687	9.6
7	-0.086757	602.484317	0.002655	10.4
8	-0.748684	599.161779	0.009935	14.8
9	-0.585374	595.887656	0.007100	8.9
10	-0.458764	592.660813	0.011798	8.1
11	-0.105681	589.480151	0.003088	8.8
12	-0.655647	586.344606	0.010873	11.5
13	-0.000000	583.253145	0.000000	10.5
14	-0.000000	580.204771	0.000000	8.7
15	-0.802105	577.198517	0.006690	8.1
16	-1.047044	574.233444	0.011727	10.1
17	-0.479643	571.308645	0.006131	16.6
18	-0.427805	568.423237	0.006087	8.2
19	-0.004338	565.576365	0.000287	8.2
20	-0.000003	562.767201	0.000002	8.6
21	-0.000000	559.994938	0.000000	11.9
22	-0.609150	557.258797	0.008108	8.2
23	-0.788044	554.558018	0.008734	8.4
24	-0.741720	551.891865	0.009523	8.3
25	-0.569542	549.259621	0.007530	12.4
26	-0.917112	546.660592	0.010307	7.8
27	-0.566000	544.094102	0.005780	9.8
28	-0.728850	541.559494	0.007826	9.4
29	-0.443027	539.056129	0.006991	8.8
30	-1.027867	536.583387	0.014175	11.9
31	-0.345909	534.140663	0.005886	8.4
32	-0.925987	531.727370	0.007370	8.3
33	-0.674455	529.342935	0.008109	8.1
34	-0.748662	526.986802	0.007491	11.1
35	-0.813633	524.658430	0.015787	9.2
36	-0.000000	522.357290	0.000000	8.2
37	-0.790171	520.082868	0.009482	8.1
38	-1.014255	517.834665	0.010803	8.1
39	-0.930828	515.612193	0.007752	12.2
40	-0.197775	513.414976	0.007211	8.4
41	-0.773657	511.242551	0.008621	8.1
42	-0.436629	509.094468	0.006608	8.4
43	-0.000000	506.970285	0.000000	8.1
44	-0.857545	504.869574	0.006573	12.1
45	-0.928264	502.791916	0.007682	8.2
46	-0.212891	500.736903	0.003997	8.3
47	-0.000000	498.704137	0.000000	8.3
48	-0.935022	496.693228	0.012885	8.4
49	-0.995527	494.703798	0.007832	12.4
50	-0.097748	492.735476	0.001498	8.1
51	-0.986373	490.787900	0.008564	8.2
52	-0.949190	488.860718	0.006912	8.1
53	-0.160123	486.953585	0.003576	8.5
54	-0.520835	485.066164	0.007655	12.1
55	-0.000000	483.198126	0.000000	8.4
56	-0.950927	481.349149	0.009558	8.3
57	-0.556120	479.518920	0.006369	8.5
58	-0.277275	477.707132	0.007465	8.3
59	-0.701955	475.913485	0.010618	12.6
60	-0.467655	474.137684	0.005938	8.4
61	-0.000000	472.379445	0.000000	8.0
62	-0.910990	470.638485	0.011552	8.1
63	-0.759168	468.914531	0.006119	9.5
64	-0.003133	467.207315	0.000141	10.9
65	-0.461200	465.516573	0.006280	8.2
66	-0.091387	463.842050	0.003056	8.4
67	-0.618917	462.183494	0.014695	8.4
68	-0.497519	460.540658	0.006405	11.6
69	-0.260995	458.913303	0.003901	8.4
70	-0.764037	457.301192	0.008219	8.7
71	-0.000000	455.704096	0.000000	8.7
72	-0.213851	454.121787	0.004707	7.9
73	-0.872496	452.554045	0.006786	12.7
74	-0.320325	451.000653	0.004848	8.9
75	-0.000000	449.461399	0.000000	8.2
76	-0.645548	447.936075	0.008028	8.2
77	-0.000000	446.424477	0.000000	11.3
78	-0.000000	444.926406	0.000000	9.3
79	-0.000000	443.441666	0.000000	8.1
80	-0.514586	441.970065	0.005855	8.2
81	-0.713526	440.511415	0.010151	8.2
82	-0.653974	439.065533	0.006364	13.1
83	-0.526522	437.632238	0.006890	8.5
84	-0.857114	436.211351	0.009065	8.1
85	-0.712398	434.802701	0.007067	8.3
86	-0.000000	433.406117	0.000000	11.5
87	-0.141493	432.021430	0.003329	8.3
88	-0.000000	430.648479	0.000000	8.3
89	-0.199192	429.287101	0.003563	8.4
90	-0.767108	427.937140	0.010368	8.5
91	-0.436845	426.598440	0.006894	13.1
92	-0.904281	425.270849	0.004566	9.0
93	-0.953945	423.954220	0.022745	8.4
94	-0.240117	422.648404	0.004869	9.4
95	-0.013165	421.353259	0.000212	10.0
96	-0.982602	420.068643	0.005879	13.0
97	-0.657593	418.794419	0.007579	9.5
98	-0.301080	417.530451	0.004718	8.1
99	-0.520216	416.276604	0.004371	12.4
100	-0.375841	415.032748	0.007157	13.4
101	-0.688963	413.798754	0.010704	8.1
102	-0.220318	412.574495	0.002310	8.5
103	-0.898470	411.359849	0.005634	8.1
104	-0.000000	410.154691	0.000000	11.7
105	-0.852616	408.958904	0.008213	9.3
106	-0.741024	407.772368	0.007657	8.1
107	-0.363181	406.594968	0.004140	8.0
108	-0.860497	405.426590	0.005513	8.1
109	-0.412418	404.267122	0.007595	14.0
110	-0.395130	403.116456	0.007109	8.3
111	-0.863498	401.974481	0.010073	13.7
112	-1.038788	400.841093	0.014684	11.4
113	-0.960564	399.716187	0.006114	9.9
114	-0.031712	398.599660	0.000992	8.4
115	-0.562519	397.491411	0.005653	8.4
116	-0.025811	396.391342	0.001225	8.3
117	-0.544338	395.299353	0.004275	11.8
118	-0.443845	394.215350	0.005709	8.1
119	-0.661005	393.139238	0.008148	10.8
120	-0.639642	392.070924	0.010707	12.2
121	-0.220882	391.010316	0.004682	15.2
122	-0.061311	389.957325	0.000659	8.1
123	-0.015390	388.911862	0.000734	8.3
124	-0.685304	387.873839	0.007916	8.1
125	-0.412464	386.843173	0.004570	8.3
126	-0.000018	385.819777	0.000017	12.2
127	-0.152929	384.803569	0.002191	8.3
128	-0.251550	383.794468	0.003781	8.2
129	-0.148821	382.792393	0.003576	8.8
130	-0.000000	381.797264	0.000000	11.4
131	-0.000000	380.809005	0.000000	12.3
132	-0.000000	379.827537	0.000000	8.5
133	-0.887541	378.852786	0.019803	8.2
134	-0.944266	377.884678	0.010209	12.5
135	-1.016457	376.923138	0.031451	14.6
136	-0.901614	375.968095	0.016581	8.4
137	-0.258932	375.019479	0.005887	8.3
138	-0.969063	374.077218	0.009372	7.4
139	-0.673926	373.141244	0.008101	9.5
140	-0.541656	372.211489	0.005889	10.9
141	-0.716398	371.287887	0.007622	8.2
142	-0.017209	370.370370	0.001072	11.1
143	-0.008706	369.458876	0.000525	10.7
144	-0.064427	368.553338	0.001862	13.1
145	-0.000000	367.653696	0.000000	10.4
146	-0.000000	366.759885	0.000000	8.3
147	-0.118963	365.871846	0.003493	8.7
148	-0.951150	364.989518	0.009176	11.3
149	-0.905551	364.112841	0.008502	9.3
150	-0.013736	363.241757	0.000508	8.5
151	-0.498319	362.376208	0.006325	8.1
152	-0.698766	361.516137	0.006236	10.5
153	-0.890837	360.661488	0.010899	14.2
154	-0.262935	359.812206	0.003026	8.3
155	-0.599557	358.968236	0.005038	8.4
156	-0.889862	358.129524	0.007041	8.1
157	-0.257774	357.296018	0.004449	11.1
158	-0.000000	356.467665	0.000000	8.3
159	-0.792343	355.644414	0.005977	8.3
160	-0.307140	354.826213	0.002644	8.2
161	-0.000495	354.013012	0.000014	8.4
162	-0.000000	353.204763	0.000000	13.4
163	-0.004719	352.401415	0.000333	8.2
164	-0.278253	351.602922	0.004111	8.3
165	-0.860195	350.809235	0.008079	8.2
166	-0.817326	350.020308	0.008542	10.0
167	-0.552080	349.236095	0.005720	14.0
168	-0.584020	348.456550	0.006633	8.0
169	-0.618458	347.681627	0.006872	9.6
170	-0.944212	346.911283	0.019150	9.3
171	-0.924221	346.145474	0.008891	10.0
172	-0.000000	345.384157	0.000000	8.6
173	-0.529583	344.627288	0.005475	8.4
174	-0.543165	343.874826	0.007095	8.2
175	-0.379335	343.126729	0.003909	10.5
176	-0.000000	342.382957	0.000000	9.4
177	-0.897030	341.643469	0.009393	8.4
178	-0.542179	340.908224	0.010731	9.6
179	-1.003882	340.177184	0.008575	9.3
180	-0.491080	339.450309	0.005397	14.2
181	-0.000000	338.727561	0.000000	9.2
182	-0.309824	338.008902	0.004879	8.2
183	-0.965460	337.294295	0.007442	8.3
184	-0.557982	336.583703	0.007895	10.8
185	-0.943758	335.877089	0.010351	8.9
186	-0.000000	335.174416	0.000000	12.0
187	-0.897672	334.475651	0.005695	8.2
188	-0.826800	333.780756	0.009782	12.7
189	-0.903472	333.089698	0.008719	8.1
190	-0.255014	332.402443	0.003052	8.4
191	-0.000000	331.718955	0.000000	8.3
192	-0.648486	331.039203	0.009833	8.1
193	-0.000000	330.363153	0.000000	15.0
194	-0.746813	329.690771	0.017435	8.3
195	-0.533691	329.022027	0.009770	9.9
196	-0.075447	328.356888	0.001855	9.3
197	-0.457423	327.695322	0.005530	10.6
198	-0.000000	327.037299	0.000000	11.1
199	-0.739750	326.382787	0.011649	8.2
200	-0.557145	325.731758	0.006484	8.7
201	-0.000000	325.084179	0.000000	8.3
202	-0.680579	324.440023	0.006240	17.2
203	-0.377323	323.799258	0.007328	11.8
204	-0.688347	323.161858	0.008340	8.4
205	-0.563865	322.527792	0.007302	8.3
206	-1.070395	321.897034	0.014124	10.0
207	-0.603102	321.269554	0.006645	10.8
208	-0.788075	320.645325	0.006107	8.4
209	-0.052089	320.024320	0.000974	8.9
210	-0.956170	319.406512	0.022146	8.4
211	-0.000071	318.791875	0.000052	12.9
212	-0.003302	318.180381	0.001164	8.3
213	-0.230694	317.572005	0.006998	11.2
214	-0.701651	316.966721	0.005759	8.4
215	-0.000000	316.364504	0.000000	10.0
216	-0.207062	315.765329	0.003154	11.2
217	-0.538925	315.169170	0.006295	11.9
218	-0.000000	314.576003	0.000000	9.7
219	-0.391196	313.985804	0.009148	9.3
220	-0.884604	313.398548	0.008768	11.3
221	-1.010567	312.814213	0.008201	8.6
222	-0.205456	312.232773	0.004990	8.3
223	-0.013586	311.654207	0.000430	9.2
224	-0.000000	311.078491	0.000000	11.4
225	-0.581815	310.505602	0.007290	8.1
226	-0.812006	309.935518	0.008006	8.0
227	-0.006444	309.368217	0.000379	8.6
228	-0.669490	308.803676	0.006438	9.0
229	-0.105074	308.241874	0.001865	13.4
230	-0.000000	307.682789	0.000000	9.6
231	-0.568634	307.126400	0.005941	8.1
232	-0.723373	306.572687	0.007563	11.8
233	-0.916003	306.021627	0.020623	11.7
234	-0.000000	305.473201	0.000000	9.9
235	-0.000000	304.927388	0.000000	8.7
236	-0.822137	304.384168	0.006402	8.2
237	-0.861829	303.843521	0.007171	8.2
238	-0.634423	303.305427	0.006990	11.9
239	-0.592749	302.769867	0.006116	8.4
240	-0.588599	302.236821	0.007519	8.5
241	-1.033926	301.706270	0.010942	8.2
242	-0.742125	301.178196	0.006002	8.2
243	-0.890464	300.652580	0.006090	12.9
244	-0.937407	300.129402	0.009206	10.2
245	-0.032423	299.608645	0.000374	8.1
246	-0.927955	299.090291	0.010192	13.0
247	-0.047648	298.574321	0.000925	13.5
248	-0.704572	298.060718	0.007615	8.5
249	-0.460331	297.549465	0.005149	8.2
250	-0.466708	297.040543	0.008155	8.4
251	-0.467404	296.533936	0.006467	8.2
252	-0.484711	296.029626	0.007753	12.5
253	-0.099174	295.527597	0.001826	8.2
254	-0.140489	295.027832	0.003845	8.1
255	-0.409311	294.530315	0.007142	8.2
256	-0.000000	294.035028	0.000000	8.3
257	-0.240836	293.541956	0.005248	17.6
258	-0.765606	293.051083	0.010203	10.6
259	-0.000000	292.562393	0.000000	8.1
260	-0.971911	292.075870	0.008579	8.6
261	-0.768455	291.591498	0.011817	9.7
262	-0.971420	291.109263	0.010198	11.2
263	-0.625010	290.629149	0.008068	9.4
264	-0.000000	290.151140	0.000000	8.3
265	-0.249597	289.675222	0.003996	8.1
266	-0.472226	289.201380	0.008626	11.6
267	-0.000000	288.729600	0.000000	9.8
268	-0.511574	288.259866	0.006477	8.1
269	-0.314306	287.792165	0.003460	10.4
270	-0.816763	287.326481	0.007064	9.3
271	-0.000000	286.862802	0.000000	11.1
272	-0.880100	286.401113	0.007081	8.5
273	-0.696710	285.941400	0.008524	8.2
274	-0.003511	285.483649	0.000481	8.3
275	-0.805978	285.027847	0.007817	11.6
276	-0.434631	284.573981	0.006156	8.6
277	-0.673135	284.122037	0.004386	8.9
278	-0.021739	283.672002	0.001166	13.0
279	-0.693209	283.223863	0.008916	12.9
280	-1.028960	282.777607	0.010897	8.3
281	-0.000003	282.333221	0.000000	8.3
282	-0.379595	281.890692	0.005756	8.3
283	-0.000000	281.450008	0.000000	8.3
284	-1.174997	281.011157	0.008571	12.7
285	-0.534499	280.574125	0.010535	8.6
286	-0.771624	280.138901	0.006431	8.6
287	-0.816700	279.705473	0.007247	8.8
288	-0.000000	279.273829	0.000000	8.8
289	-0.139535	278.843956	0.002951	14.2
290	-0.300863	278.415844	0.004654	8.2
291	-0.707039	277.989479	0.019981	8.4
292	-0.171034	277.564851	0.002541	8.1
293	-0.913163	277.141949	0.007211	11.1
294	-0.856553	276.720761	0.007980	8.3
295	-0.384970	276.301275	0.011400	8.1
296	-0.830453	275.883480	0.007044	8.1
297	-0.000000	275.467366	0.000000	8.1
298	-0.000002	275.052922	0.000000	14.8
299	-0.803415	274.640136	0.006617	8.1
300	-0.000000	274.228998	0.000000	10.5
301	-0.000000	273.819497	0.000000	8.3
302	-0.012764	273.411623	0.000181	8.9
303	-1.065211	273.005365	0.011848	12.1
304	-1.036848	272.600712	0.031355	8.1
305	-0.439186	272.197655	0.006728	8.4
306	-0.964852	271.796184	0.008519	8.2
307	-0.977855	271.396287	0.010670	11.4
308	-0.000000	270.997956	0.000000	9.5
309	-0.014587	270.601180	0.000539	8.2
310	-0.891640	270.205949	0.007507	9.2
311	-0.937037	269.812254	0.006747	9.7
312	-0.628931	269.420085	0.006368	12.2
313	-0.776323	269.029432	0.013779	8.2
314	-0.015191	268.640287	0.000235	8.2
315	-0.000000	268.252638	0.000000	8.5
316	-0.040010	267.866478	0.001408	10.3
317	-0.454265	267.481796	0.004980	9.6
318	-0.558008	267.098584	0.006741	9.4
319	-0.857911	266.716833	0.006002	8.2
320	-0.073720	266.336533	0.001237	8.2
321	-0.756270	265.957676	0.009514	13.0
322	-0.000000	265.580253	0.000000	8.4
323	-0.000000	265.204254	0.000000	8.2
324	-0.662308	264.829672	0.008166	8.1
325	-0.000000	264.456497	0.000000	9.9
326	-0.000000	264.084721	0.000000	10.2
327	-0.700919	263.714335	0.010783	8.5
328	-0.000000	263.345332	0.000000	7.6
329	-0.884045	262.977702	0.005304	8.1
330	-0.952710	262.611438	0.012831	11.7
331	-0.000000	262.246531	0.000000	8.3
332	-0.122288	261.882973	0.002707	8.1
333	-0.317437	261.520756	0.006790	8.1
334	-0.054696	261.159871	0.002262	8.8
335	-0.000000	260.800312	0.000000	12.2
336	-0.686533	260.442070	0.007594	8.2
337	-0.752442	260.085137	0.006680	8.3
338	-0.531976	259.729505	0.006231	8.2
339	-0.982264	259.375167	0.008230	8.9
340	-0.430284	259.022116	0.005015	12.3
341	-0.496613	258.670343	0.007223	8.1
342	-0.000000	258.319841	0.000000	8.2
343	-0.522540	257.970602	0.008301	8.1
344	-0.001884	257.622620	0.000164	8.1
345	-0.000000	257.275887	0.000000	11.7
346	-0.363540	256.930396	0.002631	8.3
347	-0.620443	256.586139	0.007608	8.0
348	-0.000000	256.243109	0.000000	8.2
349	-0.000155	255.901300	0.000005	8.1
350	-0.770568	255.560703	0.005402	11.8
351	-0.000000	255.221313	0.000000	8.1
352	-0.020774	254.883122	0.003198	10.6
353	-0.863801	254.546124	0.006439	8.2
354	-0.855822	254.210311	0.008038	8.8
355	-0.866397	253.875677	0.006686	12.4
356	-0.609333	253.542215	0.009720	13.4
357	-0.397744	253.209918	0.003649	8.2
358	-0.005915	252.878781	0.000213	9.1
359	-0.000000	252.548795	0.000000	12.5
360	-0.765236	252.219956	0.007184	8.2
361	-0.415456	251.892255	0.004970	8.2
362	-0.867440	251.565688	0.005505	8.5
363	-0.557473	251.240247	0.005396	11.0
364	-0.001794	250.915926	0.000025	8.5
365	-0.521730	250.592720	0.016465	8.4
366	-0.923057	250.270621	0.006997	7.9
367	-0.203247	249.949624	0.002229	10.1
368	-0.655843	249.629723	0.007465	12.5
369	-0.000031	249.310911	0.000005	8.1
370	-0.049312	248.993182	0.000517	8.2
371	-0.751205	248.676531	0.009361	8.2
372	-0.591625	248.360952	0.007504	9.8
373	-0.696630	248.046438	0.007131	10.4
374	-0.554572	247.732984	0.005273	8.4
375	-0.000000	247.420584	0.000000	8.1
376	-0.799772	247.109233	0.006012	8.4
377	-0.000000	246.798924	0.000000	12.6
378	-0.026910	246.489652	0.000624	9.8
379	-0.042114	246.181412	0.000562	9.9
380	-0.218775	245.874197	0.002694	9.0
381	-0.827748	245.568002	0.006937	10.0
382	-0.000000	245.262822	0.000000	10.6
383	-0.607586	244.958652	0.010216	7.4
384	-0.773923	244.655485	0.006407	8.1
385	-0.443175	244.353317	0.004235	8.0
386	-0.226261	244.052142	0.004581	10.3
387	-0.978703	243.751955	0.010675	8.4
388	-0.000000	243.452750	0.000000	8.4
389	-0.751006	243.154523	0.011184	10.2
390	-0.751426	242.857268	0.011068	10.3
391	-0.910996	242.560980	0.008339	11.2
392	-0.721326	242.265654	0.006950	8.7
393	-1.167728	241.971285	0.012523	8.4
394	-0.000000	241.677868	0.000000	8.5
395	-0.665560	241.385397	0.006372	11.1
396	-0.018989	241.093869	0.001606	8.1
397	-0.562903	240.803278	0.009759	8.3
398	-0.000000	240.513619	0.000000	8.1
399	-0.911817	240.224887	0.005732	8.3
400	-0.000000	239.937077	0.000000	12.2
401	-0.817159	239.650186	0.007898	9.7
402	-1.046289	239.364207	0.006224	10.7
403	-0.451510	239.079136	0.005830	8.1
404	-1.019875	238.794969	0.007325	10.7
405	-0.112396	238.511701	0.001029	10.4
406	-1.032238	238.229327	0.007602	8.1
407	-0.396632	237.947843	0.005356	8.5
408	-0.756837	237.667244	0.007066	8.1
409	-0.798975	237.387526	0.007604	12.0
410	-0.000000	237.108684	0.000000	8.1
411	-0.476551	236.830714	0.003744	8.5
412	-0.000000	236.553610	0.000000	8.8
413	-0.079949	236.277370	0.001986	10.2
414	-0.000000	236.001989	0.000000	12.2
415	-0.224754	235.727461	0.002669	8.2
416	-0.523573	235.453784	0.007074	8.2
417	-0.000044	235.180952	0.000050	8.7
418	-0.096999	234.908962	0.004020	11.3
419	-0.653894	234.637809	0.007878	8.2
420	-0.394559	234.367488	0.003422	8.3
421	-0.606749	234.097997	0.006234	9.1
422	-0.000709	233.829331	0.000403	8.4
423	-0.853380	233.561485	0.006160	12.8
424	-0.057185	233.294456	0.001557	8.2
425	-0.860896	233.028239	0.007584	8.3
426	-0.791126	232.762831	0.004884	8.1
427	-0.143021	232.498228	0.002124	9.7
428	-0.838923	232.234425	0.007817	10.0
429	-0.992810	231.971419	0.024793	8.1
430	-0.054658	231.709205	0.001468	8.1
431	-0.372812	231.447781	0.004837	8.2
432	-0.954339	231.187141	0.005323	11.5
433	-0.248362	230.927283	0.002938	8.2
434	-0.767466	230.668202	0.005058	8.7
435	-0.533161	230.409895	0.007379	8.2
436	-0.007711	230.152358	0.000584	8.3
437	-0.000000	229.895587	0.000000	12.6
438	-0.492795	229.639578	0.007643	8.1
439	-0.481669	229.384329	0.004924	8.1
440	-0.000000	229.129834	0.000000	9.3
441	-0.669529	228.876091	0.010505	8.3
442	-0.943564	228.623096	0.008543	12.6
443	-1.023850	228.370846	0.007867	8.3
444	-0.000000	228.119336	0.000000	8.3
445	-0.595232	227.868563	0.005883	8.2
446	-0.900123	227.618525	0.010129	10.6
447	-0.000000	227.369216	0.000000	9.3
448	-0.000000	227.120635	0.000000	8.5
449	-0.991571	226.872777	0.007034	8.2
450	-0.716139	226.625638	0.005964	7.7
451	-0.000000	226.379217	0.000000	11.6
452	-0.000372	226.133509	0.000243	8.3
453	-0.000000	225.888510	0.000000	8.0
454	-0.643321	225.644218	0.007323	9.0
455	-0.120219	225.400630	0.002473	8.2
456	-0.966464	225.157741	0.006626	12.4
457	-0.789922	224.915549	0.007287	8.3
458	-0.237008	224.674051	0.006759	8.1
459	-0.857869	224.433242	0.006280	8.1
460	-0.005010	224.193121	0.000466	8.2
461	-0.436938	223.953684	0.007117	12.9
462	-0.894842	223.714927	0.006126	8.1
463	-0.729750	223.476848	0.008651	8.4
464	-0.974919	223.239444	0.006943	8.2
465	-0.000000	223.002710	0.000000	8.3
466	-0.348970	222.766645	0.005086	12.0
467	-0.698914	222.531245	0.014742	8.6
468	-0.438018	222.296508	0.005068	8.3
469	-0.935371	222.062429	0.004523	8.2
470	-0.771449	221.829007	0.007043	8.2
471	-0.778772	221.596238	0.009968	12.1
472	-0.000000	221.364119	0.000000	8.3
473	-0.280858	221.132647	0.002868	8.2
474	-0.923679	220.901820	0.005446	8.4
475	-1.087984	220.671634	0.009064	8.1
476	-0.000006	220.442086	0.000002	12.2
477	-0.058905	220.213174	0.002852	8.4
478	-0.527697	219.984895	0.005639	8.3
479	-0.716121	219.757246	0.007358	8.2
480	-0.578086	219.530224	0.004975	8.1
481	-0.509213	219.303826	0.006290	11.9
482	-0.000000	219.078050	0.000000	8.1
483	-0.826360	218.852893	0.006626	8.4
484	-0.602023	218.628352	0.006878	8.1
485	-1.048574	218.404424	0.009652	8.1
486	-0.000000	218.181106	0.000000	12.0
487	-0.784776	217.958397	0.005548	8.1
488	-0.547357	217.736292	0.006068	8.3
489	-0.624452	217.514790	0.007179	8.5
490	-0.476011	217.293888	0.004199	9.5
491	-0.945486	217.073584	0.005092	12.5
492	-0.780953	216.853873	0.005856	8.3
493	-0.822365	216.634755	0.006983	8.0
494	-0.871764	216.416227	0.008480	11.3
495	-0.907302	216.198285	0.005100	13.8
496	-0.000000	215.980927	0.000000	8.3
497	-0.661937	215.764151	0.007788	9.0
498	-0.129394	215.547955	0.002761	8.9
499	-0.417585	215.332335	0.005592	8.5
500	-0.000000	215.117289	0.000000	13.8
501	-0.005648	214.902815	0.000073	8.9
502	-0.000000	214.688911	0.000000	8.5
503	-0.392582	214.475573	0.004834	9.0
504	-0.563265	214.262800	0.006429	11.7
505	-0.180755	214.050588	0.004247	9.7
506	-0.939261	213.838936	0.007448	8.2
507	-0.574496	213.627842	0.004221	8.4
508	-0.829385	213.417302	0.009607	8.5
509	-0.000000	213.207314	0.000000	12.3
510	-0.890244	212.997877	0.006651	8.4
511	-0.885240	212.788987	0.006312	8.0
512	-0.511804	212.580642	0.006982	8.1
513	-0.000000	212.372841	0.000000	9.8
514	-0.987843	212.165581	0.013954	10.8
515	-0.542891	211.958859	0.004539	8.1
516	-0.419642	211.752673	0.005207	8.2
517	-0.000000	211.547021	0.000000	8.0
518	-0.598735	211.341902	0.004173	11.3
519	-0.000000	211.137311	0.000000	8.3
520	-0.000000	210.933248	0.000000	8.3
521	-0.000000	210.729710	0.000000	8.7
522	-0.031735	210.526695	0.000741	8.7
523	-0.743569	210.324200	0.006773	13.2
524	-0.240108	210.122224	0.003200	8.2
525	-0.130921	209.920765	0.002998	7.9
526	-0.758344	209.719820	0.008187	8.2
527	-0.045935	209.519387	0.000552	9.7
528	-0.016392	209.319463	0.000782	10.5
529	-0.417993	209.120048	0.006478	8.1
530	-0.923597	208.921139	0.006581	8.1
531	-0.408900	208.722733	0.009663	8.3
532	-0.267260	208.524829	0.002849	11.5
533	-0.160551	208.327425	0.002697	8.1
534	-0.878034	208.130518	0.010404	8.3
535	-0.315757	207.934107	0.003283	8.1
536	-0.574540	207.738189	0.005148	8.3
537	-0.000000	207.542762	0.000000	12.3
538	-0.000000	207.347825	0.000000	8.4
539	-0.649195	207.153376	0.004830	8.2
540	-0.418704	206.959412	0.006353	8.3
541	-0.138669	206.765932	0.002778	8.2
542	-0.000000	206.572933	0.000000	12.3
543	-0.053143	206.380414	0.001621	8.4
544	-0.689971	206.188373	0.005566	8.1
545	-0.742455	205.996807	0.008017	8.2
546	-0.000000	205.805716	0.000000	8.2
547	-0.692475	205.615096	0.008982	12.5
548	-0.681483	205.424946	0.006100	8.4
549	-1.005323	205.235265	0.008606	8.1
550	-0.956354	205.046050	0.014925	8.2
551	-0.293236	204.857299	0.003314	8.2
552	-0.000000	204.669011	0.000000	12.3
553	-0.913090	204.481184	0.006816	8.2
554	-0.009128	204.293816	0.000232	9.0
555	-0.000001	204.106905	0.000000	8.7
556	-0.000000	203.920449	0.000000	9.9
557	-0.403093	203.734447	0.004413	12.6
558	-0.863464	203.548896	0.007665	8.3
559	-0.897666	203.363795	0.006071	8.2
560	-0.743447	203.179143	0.007664	8.3
561	-0.000000	202.994937	0.000000	10.3
562	-0.807732	202.811176	0.006469	10.0
563	-0.883836	202.627857	0.005156	8.5
564	-0.388583	202.444980	0.005388	13.1
565	-0.913832	202.262543	0.006421	9.8
566	-1.018522	202.080543	0.010237	11.4
567	-0.759131	201.898979	0.006032	8.2
568	-0.000067	201.717849	0.000009	8.8
569	-0.174695	201.537153	0.004908	8.3
570	-0.891840	201.356887	0.008029	11.9
571	-0.093216	201.177050	0.001228	8.4
572	-0.733091	200.997642	0.008316	9.1
573	-0.865377	200.818659	0.006993	11.3
574	-0.714241	200.640100	0.005426	11.9
575	-0.000000	200.461965	0.000000	10.6
576	-0.768928	200.284250	0.007336	9.8
577	-0.897535	200.106955	0.009299	8.2
578	-0.804566	199.930078	0.006823	8.2
579	-0.835325	199.753617	0.008224	12.3
580	-0.000000	199.577571	0.000000	8.3
581	-0.767040	199.401938	0.004905	9.1
582	-0.638497	199.226717	0.007489	8.8
583	-0.511580	199.051905	0.006795	9.8
584	-0.602206	198.877502	0.006611	14.1
585	-0.699603	198.703506	0.007604	7.9
586	-0.000000	198.529916	0.000000	8.1
587	-0.000000	198.356729	0.000000	8.3
588	-1.057125	198.183944	0.009115	11.3
589	-1.029438	198.011560	0.005714	8.4
590	-0.632458	197.839576	0.004032	8.1
591	-0.000000	197.667989	0.000000	8.2
592	-0.228460	197.496798	0.004208	8.1
593	-0.500746	197.326002	0.007277	14.1
594	-0.825077	197.155600	0.007499	9.7
595	-0.521947	196.985589	0.005569	10.3
596	-0.436542	196.815969	0.005213	8.3
597	-0.431204	196.646738	0.005015	9.2
598	-0.935162	196.477894	0.008520	11.3
599	-0.000126	196.309436	0.000018	8.3
600	-0.365392	196.141363	0.010233	8.4
601	-0.870548	195.973673	0.010215	8.2
602	-0.807037	195.806365	0.005611	11.5
603	-0.001483	195.639437	0.000070	8.4
604	-0.895964	195.472888	0.006937	9.9
605	-0.107221	195.306717	0.001897	10.2
606	-0.000000	195.140922	0.000000	9.8
607	-0.471948	194.975501	0.005192	11.0
608	-0.708604	194.810454	0.008574	8.3
609	-0.465287	194.645779	0.007494	8.5
610	-0.915333	194.481475	0.007355	8.7
611	-0.317734	194.317540	0.003548	12.0
612	-0.519636	194.153973	0.007077	9.0
613	-0.350135	193.990773	0.004882	10.9
614	-0.715035	193.827938	0.006298	8.8
615	-0.013302	193.665467	0.000384	10.7
616	-0.000000	193.503358	0.000000	11.5
617	-0.765513	193.341611	0.005183	8.3
618	-0.676151	193.180224	0.006231	8.1
619	-0.000000	193.019196	0.000000	8.4
620	-0.564493	192.858525	0.006207	11.5
621	-0.662720	192.698210	0.008438	8.1
622	-0.721435	192.538251	0.005795	8.3
623	-0.105206	192.378644	0.002296	7.6
624	-0.801812	192.219391	0.005784	8.1
625	-0.312422	192.060488	0.006012	11.8
626	-0.000000	191.901935	0.000000	8.6
627	-0.921830	191.743730	0.011851	8.1
628	-0.004545	191.585873	0.000500	8.4
629	-0.551365	191.428362	0.007899	8.2
630	-0.000000	191.271196	0.000000	12.3
631	-0.960867	191.114374	0.008231	8.2
632	-0.690020	190.957893	0.007597	8.3
633	-0.226687	190.801755	0.003865	8.8
634	-0.463434	190.645956	0.004801	12.5
635	-0.065452	190.490495	0.001495	11.8
636	-0.428487	190.335373	0.006161	7.8
637	-0.888057	190.180587	0.007485	8.1
638	-0.264327	190.026136	0.005466	8.1
639	-0.227951	189.872019	0.003201	11.9
640	-0.897928	189.718235	0.007031	8.2
641	-0.000000	189.564782	0.000000	8.3
642	-0.745542	189.411661	0.003595	8.2
643	-0.712729	189.258868	0.008674	8.3
644	-0.000086	189.106404	0.000045	13.3
645	-1.022449	188.954267	0.011036	9.5
646	-0.147649	188.802456	0.004588	9.0
647	-0.476794	188.650969	0.004569	8.5
648	-0.092058	188.499807	0.002551	8.5
649	-0.006038	188.348967	0.000150	12.3
650	-0.783271	188.198448	0.006119	8.2
651	-0.576158	188.048250	0.005579	9.2
652	-0.858414	187.898371	0.009207	8.1
653	-0.980902	187.748810	0.006381	9.4
654	-0.354559	187.599566	0.006957	10.4
655	-0.627395	187.450638	0.009232	8.1
656	-0.014158	187.302025	0.001613	8.3
657	-0.411741	187.153725	0.004685	8.0
658	-0.802137	187.005739	0.006660	12.0
659	-0.569580	186.858064	0.006255	8.4
660	-0.000000	186.710699	0.000000	8.5
661	-0.378391	186.563645	0.004748	8.3
662	-0.000000	186.416898	0.000000	8.2
663	-0.729901	186.270459	0.007909	12.4
664	-0.507959	186.124326	0.006491	8.1
665	-0.886174	185.978499	0.009441	8.2
666	-0.000000	185.832976	0.000000	8.1
667	-0.760696	185.687756	0.004908	8.1
668	-0.704847	185.542838	0.006201	11.7
669	-0.000000	185.398222	0.000000	8.6
670	-0.872279	185.253906	0.007516	8.1
671	-0.908908	185.109889	0.004987	7.4
672	-0.449380	184.966170	0.005275	8.0
673	-0.019978	184.822748	0.001562	11.0
674	-0.000000	184.679623	0.000000	9.1
675	-0.492933	184.536792	0.006424	8.2
676	-0.005635	184.394256	0.000675	9.2
677	-0.879907	184.252013	0.004760	9.0
678	-0.741351	184.110062	0.007319	13.3
679	-0.000000	183.968403	0.000000	9.2
680	-0.000000	183.827034	0.000000	8.7
681	-0.000000	183.685954	0.000000	9.1
682	-0.970816	183.545163	0.010694	12.5
683	-0.840955	183.404658	0.006798	8.9
684	-0.924168	183.264441	0.006947	9.1
685	-0.000000	183.124509	0.000000	9.0
686	-0.198068	182.984861	0.007357	10.1
687	-1.112962	182.845497	0.006149	11.9
688	-0.000000	182.706416	0.000000	9.2
689	-0.995391	182.567616	0.005578	9.5
690	-0.942923	182.429098	0.006773	8.6
691	-0.000331	182.290859	0.000070	12.9
692	-0.166099	182.152899	0.002289	9.3
693	-0.103607	182.015217	0.002121	9.1
694	-0.993765	181.877813	0.010609	9.2
695	-0.751489	181.740684	0.006030	10.9
696	-0.595129	181.603832	0.003966	11.0
697	-0.969999	181.467253	0.011553	8.8
698	-0.869226	181.330948	0.007387	8.6
699	-0.787433	181.194916	0.003538	8.9
700	-0.011006	181.059155	0.000557	13.8
701	-0.000000	180.923666	0.000000	9.1
702	-0.501989	180.788446	0.004331	9.0
703	-0.016091	180.653496	0.000360	9.6
704	-0.268141	180.518814	0.004678	12.8
705	-0.818793	180.384399	0.007756	8.6
706	-0.000000	180.250251	0.000000	9.2
707	-0.058445	180.116369	0.001083	8.8
708	-0.000000	179.982752	0.000000	9.6
709	-0.940640	179.849398	0.008409	14.1
710	-0.815377	179.716308	0.006133	8.9
711	-0.694360	179.583480	0.003216	9.1
712	-0.000000	179.450913	0.000000	9.3
713	-0.410733	179.318607	0.005395	12.7
714	-1.044272	179.186561	0.010017	8.9
715	-0.873687	179.054774	0.007471	8.7
716	-0.340703	178.923245	0.003527	9.2
717	-0.025002	178.791973	0.000786	10.2
718	-0.660479	178.660958	0.006067	11.8
719	-0.000000	178.530199	0.000000	9.2
720	-1.019422	178.399694	0.006645	8.6
721	-0.000000	178.269444	0.000000	8.9
722	-0.995997	178.139447	0.005282	12.8
723	-0.148705	178.009702	0.003701	8.7
724	-0.640471	177.880209	0.004555	10.3
725	-0.426176	177.750967	0.003252	9.2
726	-0.846145	177.621975	0.007715	12.3
727	-0.617663	177.493232	0.006210	10.1
728	-0.761629	177.364738	0.006696	8.9
729	-0.311413	177.236492	0.005512	9.2
730	-0.883887	177.108492	0.008723	10.1
731	-0.943337	176.980739	0.005498	11.9
732	-0.418773	176.853231	0.003524	9.2
733	-0.665916	176.725968	0.003738	9.1
734	-0.000004	176.598949	0.000004	9.2
735	-0.697847	176.472173	0.007412	14.3
736	-0.000000	176.345639	0.000000	8.7
737	-0.884437	176.219348	0.007603	9.1
738	-0.894186	176.093296	0.007462	8.9
739	-0.000000	175.967486	0.000000	13.2
740	-0.289522	175.841914	0.004290	9.1
741	-0.862330	175.716581	0.005750	9.1
742	-0.284292	175.591486	0.003925	9.2
743	-0.904867	175.466629	0.009324	9.8
744	-0.688349	175.342008	0.007124	11.2
745	-0.806446	175.217622	0.005594	9.0
746	-0.594875	175.093472	0.004206	8.8
747	-0.221409	174.969556	0.002011	8.7
748	-0.670096	174.845873	0.003951	12.7
749	-0.000000	174.722423	0.000000	8.7
750	-0.000000	174.599206	0.000000	9.0
751	-0.040420	174.476220	0.002389	8.4
752	-0.981516	174.353464	0.007767	8.6
753	-0.335192	174.230939	0.006152	12.8
754	-0.095804	174.108643	0.001407	8.4
755	-0.042912	173.986576	0.001822	8.2
756	-1.031620	173.864737	0.005557	8.3
757	-0.000000	173.743124	0.000000	10.8
758	-0.173012	173.621739	0.001881	8.5
759	-0.767398	173.500579	0.003780	8.6
760	-0.935801	173.379645	0.006933	8.1
761	-0.410708	173.258935	0.005241	8.3
762	-0.038437	173.138449	0.002268	11.2
763	-0.764207	173.018186	0.008951	8.3
764	-0.000000	172.898146	0.000000	8.2
765	-0.010086	172.778327	0.000378	8.1
766	-0.015034	172.658730	0.000986	8.7
767	-1.051192	172.539353	0.010988	12.2
768	-0.000000	172.420196	0.000000	8.3
769	-0.867094	172.301258	0.008016	8.1
770	-0.052848	172.182539	0.002203	8.2
771	-0.826105	172.064037	0.007185	9.7
772	-0.775603	171.945753	0.007272	10.1
773	-0.021609	171.827686	0.000787	11.6
774	-0.768908	171.709834	0.005699	8.8
775	-0.000000	171.592198	0.000000	8.7
776	-0.355906	171.474776	0.003647	12.5
777	-0.645199	171.357568	0.004384	8.5
778	-0.133456	171.240574	0.002965	7.7
779	-0.618499	171.123793	0.006950	7.8
780	-0.354717	171.007223	0.004930	9.4
781	-0.000000	170.890865	0.000000	11.1
782	-0.640664	170.774718	0.005499	8.1
783	-0.940108	170.658782	0.008674	8.1
784	-0.000000	170.543055	0.000000	9.6
785	-0.545808	170.427537	0.007031	11.3
786	-0.831824	170.312227	0.007545	9.4
787	-0.000000	170.197125	0.000000	8.3
788	-0.000000	170.082231	0.000000	8.3
789	-0.009278	169.967543	0.000364	8.3
790	-0.059699	169.853061	0.002929	13.2
791	-0.649169	169.738784	0.006774	8.4
792	-0.550094	169.624713	0.008331	8.2
793	-0.041500	169.510845	0.001825	8.3
794	-0.001168	169.397181	0.000127	11.0
795	-0.148422	169.283720	0.004635	8.3
796	-0.496809	169.170462	0.007285	8.0
797	-1.013910	169.057405	0.007431	8.3
798	-0.633707	168.944549	0.008888	8.4
799	-0.991410	168.831895	0.007133	12.2
800	-0.903614	168.719440	0.005725	8.4
801	-0.792897	168.607185	0.006119	8.2
802	-0.434240	168.495129	0.004068	8.3
803	-0.894296	168.383271	0.008378	8.0
804	-0.531325	168.271611	0.004445	12.6
805	-0.000000	168.160148	0.000000	8.2
806	-0.000005	168.048882	0.000000	8.4
807	-0.955346	167.937812	0.007486	8.2
808	-0.327223	167.826938	0.004575	9.4
809	-0.007742	167.716258	0.000764	10.8
810	-0.869147	167.605773	0.007125	8.5
811	-0.000000	167.495482	0.000000	8.2
812	-0.777158	167.385384	0.007291	8.7
813	-0.384654	167.275479	0.006811	12.1
814	-0.345113	167.165766	0.006189	8.2
815	-0.811807	167.056245	0.007374	8.4
816	-0.887407	166.946915	0.006667	8.1
817	-0.835105	166.837776	0.004862	8.4
818	-0.907245	166.728826	0.006920	11.9
819	-0.141451	166.620067	0.003133	7.4
820	-0.000000	166.511496	0.000000	8.4
821	-0.000000	166.403113	0.000000	8.1
822	-0.814566	166.294919	0.004516	8.1
823	-0.594736	166.186912	0.006029	11.6
824	-0.846716	166.079091	0.004933	8.2
825	-0.749197	165.971458	0.006654	7.5
826	-0.503864	165.864009	0.004406	8.1
827	-0.586096	165.756747	0.006961	8.6
828	-0.651042	165.649669	0.005605	12.8
829	-0.502841	165.542775	0.003041	8.3
830	-0.000000	165.436065	0.000000	8.8
831	-0.667754	165.329538	0.004354	8.3
832	-0.701761	165.223194	0.002447	8.3
833	-0.000000	165.117032	0.000000	13.1
834	-0.779209	165.011052	0.005628	8.2
835	-0.000000	164.905253	0.000000	13.4
836	-0.985707	164.799635	0.007345	10.7
837	-0.533000	164.694197	0.006697	11.6
838	-0.878204	164.588939	0.009043	8.2
839	-0.875158	164.483859	0.004930	8.1
840	-0.000000	164.378959	0.000000	8.4
841	-0.000000	164.274237	0.000000	12.3
842	-0.813687	164.169692	0.005493	8.3
843	-0.000000	164.065325	0.000000	8.6
844	-0.797600	163.961135	0.004641	8.0
845	-0.662944	163.857120	0.006235	8.3
846	-0.000000	163.753282	0.000000	13.5
847	-0.124474	163.649619	0.002778	8.7
848	-1.009116	163.546130	0.006700	13.2
849	-0.000000	163.442816	0.000000	8.3
850	-0.787310	163.339676	0.004391	12.9
851	-0.486868	163.236709	0.005285	8.8
852	-0.930655	163.133915	0.006673	8.2
853	-0.108620	163.031294	0.001723	7.5
854	-0.921979	162.928844	0.011002	8.3
855	-0.679138	162.826566	0.004408	12.4
856	-0.603978	162.724459	0.005670	8.3
857	-0.653638	162.622523	0.007359	12.3
858	-0.000000	162.520757	0.000000	10.7
859	-1.031656	162.419160	0.007584	12.4
860	-0.000000	162.317733	0.000000	8.5
861	-0.000000	162.216474	0.000000	8.7
862	-0.394906	162.115383	0.003703	8.3
863	-0.937553	162.014461	0.011719	8.6
864	-0.000000	161.913705	0.000000	13.1
865	-0.407972	161.813117	0.005145	9.8
866	-0.463952	161.712695	0.003713	10.5
867	-0.000000	161.612439	0.000000	12.2
868	-0.040968	161.512349	0.001913	12.6
869	-0.591672	161.412424	0.005788	8.6
870	-0.000000	161.312663	0.000000	9.1
871	-0.816271	161.213067	0.008577	8.4
872	-0.767275	161.113635	0.006622	13.1
873	-0.538908	161.014366	0.004139	10.9
874	-0.394107	160.915260	0.003639	9.2
875	-0.869353	160.816316	0.006736	8.3
876	-0.138123	160.717535	0.002893	9.2
877	-0.378023	160.618915	0.003435	15.2
878	-0.016574	160.520456	0.000172	8.4
879	-0.148064	160.422158	0.003774	8.9
880	-0.059236	160.324021	0.001484	9.0
881	-0.279676	160.226043	0.003223	12.5
882	-0.144171	160.128225	0.002956	9.8
883	-0.000001	160.030566	0.000001	8.9
884	-0.000000	159.933066	0.000000	9.8
885	-0.159725	159.835723	0.002214	12.3
886	-0.882811	159.738539	0.008784	8.9
887	-0.778592	159.641512	0.008125	8.5
888	-0.080314	159.544642	0.002612	8.3
889	-0.685778	159.447929	0.004642	10.4
890	-0.000000	159.351372	0.000000	12.1
891	-0.619691	159.254971	0.006884	8.1
892	-0.549167	159.158725	0.006068	8.2
893	-0.899110	159.062634	0.008059	7.5
894	-0.000000	158.966697	0.000000	10.4
895	-0.063833	158.870915	0.001096	9.2
896	-0.996718	158.775286	0.008985	8.5
897	-0.000000	158.679811	0.000000	8.2
898	-0.998095	158.584489	0.006328	8.3
899	-0.508875	158.489319	0.003355	11.6
900	-0.121097	158.394302	0.003678	8.3
901	-0.498931	158.299436	0.005513	8.3
902	-0.836039	158.204721	0.007263	8.3
903	-0.531064	158.110158	0.003243	8.2
904	-1.000493	158.015745	0.009369	12.3
905	-0.864351	157.921482	0.004759	8.2
906	-0.829497	157.827369	0.011322	8.5
907	-0.882172	157.733406	0.005138	8.3
908	-0.812619	157.639591	0.007223	8.1
909	-0.814136	157.545925	0.006556	12.7
910	-0.000000	157.452408	0.000000	8.5
911	-1.109370	157.359038	0.009418	8.3
912	-0.658614	157.265816	0.006907	8.4
913	-0.000000	157.172741	0.000000	8.2
914	-0.361780	157.079813	0.003451	12.0
915	-0.000000	156.987031	0.000000	8.2
916	-0.776996	156.894395	0.008167	8.3
917	-0.000000	156.801904	0.000000	8.6
918	-0.429312	156.709559	0.005777	7.5
919	-0.418621	156.617359	0.003184	12.1
920	-1.065874	156.525304	0.011247	8.0
921	-0.965516	156.433392	0.004694	8.1
922	-0.715479	156.341624	0.005497	8.4
923	-0.552638	156.250000	0.003180	8.2
924	-0.554111	156.158519	0.005339	12.1
925	-1.043229	156.067180	0.007929	9.0
926	-1.117027	155.975984	0.012613	8.0
927	-0.739222	155.884930	0.004247	8.3
928	-0.389799	155.794017	0.004323	8.0
929	-0.849614	155.703246	0.014882	12.4
930	-0.000000	155.612615	0.000000	8.4
931	-0.671562	155.522125	0.008493	8.1
932	-0.000000	155.431775	0.000000	8.4
933	-0.459928	155.341565	0.007797	8.1
934	-0.974763	155.251495	0.005259	12.6
935	-0.137791	155.161563	0.002357	8.0
936	-0.412424	155.071771	0.002931	8.4
937	-0.051903	154.982117	0.002892	8.2
938	-0.000000	154.892601	0.000000	8.3
939	-0.705633	154.803222	0.004899	15.3
940	-0.994082	154.713981	0.009462	8.2
941	-0.760449	154.624878	0.004638	10.1
942	-0.000000	154.535910	0.000000	8.2
943	-0.000515	154.447080	0.000313	8.6
944	-0.987762	154.358385	0.006485	12.9
945	-0.000032	154.269826	0.000007	8.2
946	-0.685787	154.181402	0.005753	8.2
947	-0.000000	154.093114	0.000000	9.5
948	-0.068655	154.004960	0.003700	10.5
949	-0.000000	153.916940	0.000000	9.6
950	-0.320304	153.829054	0.005739	9.1
951	-0.075819	153.741303	0.002065	8.2
952	-0.544407	153.653684	0.003137	8.3
953	-0.895013	153.566198	0.010238	11.5
954	-0.507360	153.478846	0.005960	8.2
955	-0.561063	153.391625	0.006361	8.2
956	-0.637762	153.304537	0.005552	8.1
957	-0.867640	153.217580	0.006321	9.7
958	-0.747718	153.130755	0.006412	10.3
959	-0.000000	153.044061	0.000000	8.4
960	-0.588384	152.957498	0.005199	8.5
961	-0.006492	152.871065	0.000206	8.2
962	-0.000000	152.784762	0.000000	11.9
963	-0.811632	152.698589	0.007089	9.5
964	-0.777148	152.612545	0.006049	8.2
965	-0.535240	152.526631	0.007836	8.1
966	-0.892877	152.440845	0.007006	8.5
967	-0.786784	152.355188	0.005256	12.7
968	-0.998954	152.269660	0.005147	8.2
969	-0.859954	152.184259	0.008239	8.2
970	-0.000000	152.098986	0.000000	8.3
971	-1.015530	152.013840	0.006733	9.5
972	-0.035295	151.928821	0.001394	10.4
973	-0.522367	151.843928	0.005228	8.3
974	-1.016895	151.759163	0.006721	8.1
975	-0.000000	151.674523	0.000000	8.2
976	-0.599608	151.590009	0.006005	11.5
977	-0.596686	151.505620	0.005273	8.1
978	-0.468175	151.421357	0.005649	8.1
979	-0.146656	151.337218	0.004132	8.1
980	-0.699883	151.253204	0.006380	8.0
981	-0.330811	151.169314	0.004126	11.9
982	-0.893037	151.085549	0.008138	8.3
983	-0.935026	151.001907	0.005360	8.1
984	-0.640858	150.918388	0.007475	8.2
985	-1.221925	150.834992	0.014266	8.0
986	-0.467862	150.751719	0.006435	12.0
987	-0.953005	150.668569	0.008263	8.1
988	-0.563109	150.585541	0.005611	8.3
989	-0.000000	150.502634	0.000000	9.4
990	-0.000000	150.419849	0.000000	8.7
991	-0.437607	150.337186	0.005503	12.8
992	-0.755521	150.254644	0.004363	8.0
993	-0.324992	150.172222	0.003018	9.1
994	-0.501409	150.089921	0.003427	8.1
995	-0.015071	150.007740	0.000243	10.0
996	-0.054192	149.925679	0.000632	9.4
997	-0.981875	149.843737	0.006989	8.2
998	-0.335565	149.761915	0.003640	8.1
999	-0.659023	149.680212	0.010689	8.4
1000	-0.723164	149.598627	0.007179	12.4
1001	-0.448097	149.517161	0.005773	8.3
1002	-0.000000	149.435814	0.000000	8.5
1003	-0.000000	149.354584	0.000000	8.3
1004	-0.000000	149.273472	0.000000	8.2
1005	-0.776451	149.192477	0.006502	12.3
1006	-0.000000	149.111599	0.000000	8.2
1007	-0.002424	149.030838	0.000174	8.1
1008	-0.000000	148.950194	0.000000	8.2
1009	-0.152364	148.869666	0.002489	8.0
1010	-0.119030	148.789253	0.001356	12.0
1011	-0.914431	148.708957	0.007632	8.2
1012	-0.296938	148.628776	0.012292	8.3
1013	-0.000162	148.548710	0.000126	8.2
1014	-0.283574	148.468759	0.003518	8.0
1015	-0.000000	148.388923	0.000000	12.4
1016	-0.733238	148.309201	0.006905	8.1
1017	-0.629598	148.229594	0.004770	8.3
1018	-0.000091	148.150100	0.000003	8.1
1019	-0.000000	148.070719	0.000000	8.2
1020	-0.787922	147.991452	0.006656	11.2
1021	-0.000000	147.912298	0.000000	7.5
1022	-1.051567	147.833257	0.007392	8.2
1023	-0.097836	147.754329	0.003414	8.1
1024	-0.000000	147.675512	0.000000	8.2
1025	-0.932003	147.596808	0.010228	11.7
1026	-0.000000	147.518216	0.000000	8.4
1027	-0.000167	147.439735	0.000041	8.1
1028	-0.750613	147.361365	0.007912	8.1
1029	-0.000000	147.283106	0.000000	8.1
1030	-0.000000	147.204958	0.000000	15.0
1031	-0.806658	147.126920	0.008103	10.2
1032	-0.517285	147.048993	0.003648	8.3
1033	-0.792864	146.971175	0.004693	8.3
1034	-0.162659	146.893468	0.003473	8.6
1035	-0.716348	146.815869	0.004550	12.8
1036	-0.795889	146.738380	0.006060	8.2
1037	-0.000000	146.661000	0.000000	8.2
1038	-0.933992	146.583729	0.005593	8.4
1039	-0.189404	146.506566	0.005225	9.8
1040	-0.024219	146.429511	0.001178	10.8
1041	-0.864859	146.352565	0.008563	8.9
1042	-1.047855	146.275726	0.007613	9.7
1043	-1.048827	146.198994	0.007483	8.7
1044	-0.984979	146.122370	0.005254	11.3
1045	-0.691712	146.045853	0.004835	8.5
1046	-0.543114	145.969442	0.005307	8.3
1047	-0.811123	145.893139	0.007734	7.3
1048	-0.952924	145.816941	0.008310	9.8
1049	-0.924060	145.740849	0.006898	11.1
1050	-0.490189	145.664863	0.004564	9.8
1051	-0.000000	145.588983	0.000000	8.5
1052	-0.790187	145.513208	0.004996	8.3
1053	-0.542660	145.437538	0.005193	12.2
1054	-0.006007	145.361973	0.000222	8.6
1055	-0.779919	145.286513	0.004878	8.1
1056	-0.406431	145.211157	0.005194	8.3
1057	-0.397587	145.135905	0.005713	8.1
1058	-0.438157	145.060757	0.009241	12.4
1059	-0.554082	144.985712	0.004387	8.5
1060	-0.000000	144.910771	0.000000	8.3
1061	-0.306092	144.835934	0.003755	8.2
1062	-0.729637	144.761199	0.006369	8.1
1063	-0.864450	144.686567	0.007924	12.1
1064	-0.974289	144.612037	0.008647	8.3
1065	-0.000000	144.537610	0.000000	8.7
1066	-0.494288	144.463285	0.005233	8.2
1067	-0.032408	144.389062	0.001712	8.5
1068	-0.789704	144.314940	0.007650	13.2
1069	-0.638026	144.240920	0.004221	8.1
1070	-0.140112	144.167001	0.002837	9.3
1071	-0.010992	144.093182	0.000157	11.9
1072	-0.806658	144.019465	0.005268	13.6
1073	-1.023321	143.945848	0.008737	9.7
1074	-0.265235	143.872331	0.003302	8.2
1075	-0.838469	143.798914	0.005983	8.2
1076	-0.970247	143.725597	0.005284	8.3
1077	-0.754126	143.652380	0.005430	13.8
1078	-0.980526	143.579262	0.008260	11.5
1079	-0.711493	143.506243	0.006198	8.4
1080	-0.746676	143.433323	0.006833	9.4
1081	-0.331674	143.360502	0.006149	14.2
1082	-0.816170	143.287780	0.006118	9.6
1083	-0.822881	143.215155	0.007209	9.6
1084	-0.505014	143.142629	0.005362	8.2
1085	-0.851348	143.070201	0.007892	12.3
1086	-0.838032	142.997870	0.008335	9.2
1087	-0.000000	142.925637	0.000000	8.1
1088	-0.836292	142.853501	0.007351	8.2
1089	-0.378590	142.781462	0.004619	8.2
1090	-0.971173	142.709519	0.007072	12.6
1091	-0.818238	142.637674	0.009979	8.3
1092	-0.445468	142.565924	0.005043	8.1
1093	-0.019576	142.494271	0.000691	8.4
1094	-0.135797	142.422714	0.004809	8.8
1095	-0.886015	142.351252	0.006087	13.1
1096	-0.000000	142.279886	0.000000	8.0
1097	-1.025815	142.208616	0.006806	8.1
1098	-0.000000	142.137440	0.000000	8.2
1099	-0.901316	142.066360	0.007086	9.6
1100	-0.092311	141.995374	0.003740	10.6
1101	-0.155159	141.924483	0.003277	8.2
1102	-0.748840	141.853685	0.004343	8.2
1103	-0.671805	141.782983	0.007031	8.1
1104	-0.778393	141.712373	0.004987	10.8
1105	-0.878245	141.641858	0.005612	8.2
1106	-0.000000	141.571436	0.000000	8.6
1107	-0.229959	141.501108	0.002887	8.2
1108	-0.528977	141.430872	0.006529	8.3
1109	-0.537779	141.360730	0.006727	12.1
1110	-0.000000	141.290680	0.000000	8.2
1111	-0.934866	141.220722	0.004766	8.3
1112	-0.572966	141.150857	0.005940	8.1
1113	-0.000000	141.081084	0.000000	8.1
1114	-0.947697	141.011403	0.007479	12.1
1115	-0.427715	140.941813	0.005126	8.2
1116	-0.600611	140.872315	0.004175	7.9
1117	-0.607135	140.802909	0.005200	8.0
1118	-0.334773	140.733593	0.004118	8.1
1119	-0.000000	140.664369	0.000000	12.1
1120	-0.614742	140.595235	0.006041	8.1
1121	-0.000000	140.526192	0.000000	8.5
1122	-0.388394	140.457239	0.005756	8.2
1123	-0.000000	140.388376	0.000000	8.2
1124	-0.504510	140.319603	0.006617	12.2
1125	-0.006245	140.250920	0.000239	7.4
1126	-0.755686	140.182326	0.005806	8.3
1127	-0.000000	140.113822	0.000000	8.1
1128	-0.386635	140.045407	0.004007	8.1
1129	-0.740737	139.977081	0.005464	12.1
1130	-0.000000	139.908844	0.000000	8.6
1131	-0.000000	139.840696	0.000000	8.3
1132	-0.464643	139.772635	0.005417	9.4
1133	-0.077843	139.704664	0.001925	9.3
1134	-0.351634	139.636780	0.004444	12.1
1135	-0.930175	139.568984	0.007569	9.0
1136	-0.000000	139.501276	0.000000	10.3
1137	-0.711510	139.433655	0.006505	12.0
1138	-0.961375	139.366122	0.009262	12.6
1139	-1.127329	139.298676	0.008390	9.1
1140	-0.691217	139.231317	0.006317	8.5
1141	-0.863872	139.164045	0.005879	8.1
1142	-0.591633	139.096859	0.006764	11.1
1143	-1.109168	139.029760	0.012048	8.3
1144	-0.000000	138.962747	0.000000	8.1
1145	-0.728652	138.895820	0.004775	8.4
1146	-0.000000	138.828978	0.000000	8.1
1147	-0.000000	138.762223	0.000000	12.4
1148	-0.286590	138.695553	0.002576	8.0
1149	-0.013097	138.628969	0.000196	8.3
1150	-0.984281	138.562469	0.007728	8.1
1151	-0.000000	138.496055	0.000000	8.2
1152	-0.853846	138.429725	0.007343	12.1
1153	-0.511345	138.363481	0.004437	8.5
1154	-0.000000	138.297320	0.000000	7.5
1155	-0.000000	138.231244	0.000000	8.2
1156	-0.095011	138.165252	0.002171	8.2
1157	-0.785943	138.099344	0.004824	12.4
1158	-0.006842	138.033520	0.000476	8.4
1159	-0.405143	137.967779	0.002471	8.1
1160	-0.000710	137.902122	0.000109	9.6
1161	-0.001218	137.836548	0.000097	8.6
1162	-0.000000	137.771057	0.000000	12.9
1163	-0.396374	137.705649	0.005691	8.4
1164	-0.924301	137.640324	0.005823	8.1
1165	-1.005202	137.575081	0.006698	8.3
1166	-0.986790	137.509921	0.007899	9.8
1167	-0.039305	137.444842	0.002441	10.0
1168	-0.883488	137.379846	0.005824	8.1
1169	-0.319566	137.314932	0.003051	8.1
1170	-0.735934	137.250100	0.008042	8.1
1171	-0.000000	137.185349	0.000000	11.8
1172	-0.552093	137.120680	0.008066	8.3
1173	-0.935537	137.056092	0.007183	8.2
1174	-0.603808	136.991585	0.005612	8.1
1175	-0.002635	136.927158	0.000087	10.1
1176	-0.000000	136.862813	0.000000	13.7
1177	-0.000951	136.798548	0.000222	7.9
1178	-1.111365	136.734363	0.013039	8.2
1179	-0.000000	136.670259	0.000000	8.6
1180	-1.159616	136.606235	0.016373	10.9
1181	-0.703887	136.542291	0.006460	8.5
1182	-0.506014	136.478426	0.005838	8.1
1183	-0.743261	136.414641	0.004845	8.3
1184	-0.587886	136.350936	0.006274	8.2
1185	-0.506380	136.287310	0.002953	12.2
1186	-0.952376	136.223763	0.009178	8.8
1187	-0.000361	136.160295	0.000053	8.1
1188	-0.388219	136.096905	0.004994	8.1
1189	-1.071288	136.033594	0.007393	8.0
1190	-0.890005	135.970362	0.005434	12.5
1191	-0.789677	135.907208	0.005774	8.2
1192	-0.000048	135.844133	0.000018	8.8
1193	-0.198733	135.781135	0.003519	8.1
1194	-0.019911	135.718215	0.000998	8.4
1195	-0.006827	135.655373	0.000256	13.3
1196	-0.987352	135.592608	0.006232	9.8
1197	-0.008552	135.529921	0.000319	10.4
1198	-0.902849	135.467311	0.009327	7.1
1199	-0.967654	135.404778	0.005568	11.9
1200	-0.608366	135.342322	0.006949	8.3
1201	-0.000000	135.279942	0.000000	8.8
1202	-0.005642	135.217640	0.000138	7.8
1203	-0.754991	135.155413	0.009087	8.2
1204	-0.000003	135.093263	0.000000	12.2
1205	-0.290718	135.031190	0.005362	8.1
1206	-0.285847	134.969192	0.003930	8.4
1207	-0.042052	134.907270	0.002099	8.1
1208	-0.734484	134.845424	0.006272	8.3
1209	-0.020851	134.783653	0.001187	12.3
1210	-0.000000	134.721958	0.000000	8.2
1211	-0.000000	134.660338	0.000000	8.3
1212	-0.213014	134.598793	0.002616	8.3
1213	-0.019375	134.537323	0.001086	8.1
1214	-0.932459	134.475927	0.005715	12.4
1215	-0.647420	134.414607	0.005808	8.4
1216	-0.991221	134.353361	0.005736	8.2
1217	-0.853659	134.292189	0.005742	8.1
1218	-1.086044	134.231092	0.011672	7.9
1219	-0.000000	134.170068	0.000000	12.2
1220	-0.001330	134.109119	0.000552	8.4
1221	-0.706361	134.048243	0.005267	8.3
1222	-0.512042	133.987441	0.006018	8.4
1223	-0.000000	133.926713	0.000000	8.2
1224	-0.977496	133.866057	0.007433	12.4
1225	-0.743648	133.805475	0.005600	8.1
1226	-0.000000	133.744966	0.000000	7.6
1227	-0.938214	133.684530	0.005810	8.1
1228	-0.000000	133.624167	0.000000	8.1
1229	-0.994160	133.563877	0.007409	11.2
1230	-0.528959	133.503658	0.004263	8.2
1231	-0.509585	133.443513	0.006696	8.1
1232	-0.000000	133.383439	0.000000	8.4
1233	-0.940513	133.323437	0.005081	8.1
1234	-0.728114	133.263508	0.007085	12.0
1235	-0.005966	133.203650	0.000178	8.4
1236	-1.005748	133.143864	0.008005	8.2
1237	-0.871809	133.084149	0.006689	8.9
1238	-0.000000	133.024506	0.000000	8.4
1239	-0.920148	132.964934	0.005914	12.9
1240	-0.489398	132.905433	0.006210	8.6
1241	-1.185089	132.846003	0.007826	11.8
1242	-0.000000	132.786643	0.000000	10.4
1243	-0.245461	132.727355	0.004730	12.0
1244	-0.794555	132.668137	0.005058	8.2
1245	-0.000000	132.608989	0.000000	8.5
1246	-0.584078	132.549912	0.005301	8.4
1247	-0.903137	132.490904	0.004097	10.2
1248	-0.600809	132.431967	0.006380	9.6
1249	-0.000000	132.373100	0.000000	8.5
1250	-0.905585	132.314302	0.005992	8.2
1251	-0.702683	132.255574	0.006859	8.8
1252	-0.848992	132.196916	0.006498	12.1
1253	-0.000000	132.138326	0.000000	8.3
1254	-0.000000	132.079806	0.000000	9.0
1255	-0.004924	132.021355	0.000437	8.9
1256	-0.992526	131.962973	0.012107	8.5
1257	-0.788710	131.904660	0.006614	13.1
1258	-0.000000	131.846415	0.000000	8.5
1259	-0.188215	131.788239	0.002532	8.9
1260	-0.662667	131.730131	0.008909	8.1
1261	-0.592249	131.672092	0.006309	11.3
1262	-0.000000	131.614121	0.000000	8.3
1263	-0.703340	131.556217	0.006478	8.6
1264	-0.782308	131.498382	0.010042	8.4
1265	-0.480174	131.440614	0.005513	8.0
1266	-0.087866	131.382914	0.002268	11.1
1267	-0.000000	131.325282	0.000000	8.5
1268	-0.000000	131.267717	0.000000	8.3
1269	-0.865341	131.210219	0.007686	8.1
1270	-0.619990	131.152788	0.008235	8.1
1271	-0.000000	131.095424	0.000000	12.4
1272	-0.000000	131.038127	0.000000	8.4
1273	-0.763610	130.980897	0.006013	8.2
1274	-0.953544	130.923733	0.006887	8.3
1275	-0.001057	130.866636	0.000234	8.1
1276	-0.859378	130.809605	0.006160	12.0
1277	-0.080675	130.752641	0.002273	8.1
1278	-0.922946	130.695742	0.004646	8.5
1279	-0.479475	130.638910	0.003534	8.0
1280	-1.029006	130.582143	0.005656	8.0
1281	-0.825368	130.525442	0.003797	12.2
1282	-0.000000	130.468807	0.000000	9.3
1283	-1.036110	130.412237	0.006588	8.0
1284	-0.066279	130.355733	0.002926	9.3
1285	-0.000000	130.299294	0.000000	8.8
1286	-0.661178	130.242920	0.004557	12.3
1287	-0.308405	130.186611	0.003105	8.1
1288	-0.813448	130.130366	0.006484	8.1
1289	-0.022737	130.074187	0.000869	7.9
1290	-1.025901	130.018072	0.005860	9.4
1291	-0.000000	129.962022	0.000000	10.9
1292	-0.561993	129.906036	0.003561	8.2
1293	-0.287568	129.850114	0.003356	8.3
1294	-0.155512	129.794257	0.003594	8.2
1295	-0.925969	129.738463	0.007472	11.2
1296	-0.878362	129.682734	0.006675	8.3
1297	-0.914123	129.627068	0.005079	8.2
1298	-0.985158	129.571466	0.007515	8.2
1299	-0.729967	129.515927	0.005877	8.1
1300	-0.281731	129.460452	0.003081	12.3
1301	-0.000000	129.405040	0.000000	8.5
1302	-0.811168	129.349692	0.005041	8.1
1303	-0.529013	129.294406	0.006736	7.6
1304	-0.000000	129.239183	0.000000	8.2
1305	-0.086046	129.184024	0.003031	11.5
1306	-0.000001	129.128927	0.000000	8.2
1307	-0.536493	129.073892	0.005989	8.1
1308	-0.889304	129.018921	0.007123	8.2
1309	-0.000000	128.964011	0.000000	8.1
1310	-0.876429	128.909164	0.005587	12.2
1311	-0.001402	128.854379	0.000032	8.5
1312	-0.000000	128.799656	0.000000	8.4
1313	-0.570743	128.744995	0.006711	8.4
1314	-0.000000	128.690396	0.000000	8.3
1315	-0.000000	128.635858	0.000000	13.2
1316	-0.776214	128.581382	0.004360	8.2
1317	-1.007456	128.526968	0.006175	9.2
1318	-0.326073	128.472615	0.003931	10.5
1319	-0.474351	128.418323	0.005537	11.8
1320	-0.877902	128.364092	0.010882	8.1
1321	-0.624736	128.309922	0.005004	8.4
1322	-0.941543	128.255814	0.006153	8.1
1323	-0.189697	128.201766	0.002959	8.2
1324	-0.060185	128.147778	0.002454	12.1
1325	-0.026852	128.093852	0.000670	8.4
1326	-0.832327	128.039985	0.009015	9.4
1327	-0.125443	127.986180	0.001468	15.9
1328	-0.945097	127.932434	0.005475	14.1
1329	-0.000000	127.878749	0.000000	14.2
1330	-0.000000	127.825123	0.000000	15.8
1331	-0.000000	127.771558	0.000000	13.7
1332	-0.375903	127.718052	0.005027	13.3
1333	-0.000121	127.664606	0.000104	11.3
1334	-0.553608	127.611220	0.004430	8.5
1335	-0.470163	127.557893	0.002246	8.2
1336	-0.000000	127.504625	0.000000	8.3
1337	-0.039904	127.451417	0.000379	8.3
1338	-0.558485	127.398268	0.005251	12.6
1339	-0.000000	127.345178	0.000000	8.3
1340	-0.218975	127.292147	0.003361	8.1
1341	-1.170138	127.239175	0.009048	8.2
1342	-0.487622	127.186261	0.005428	8.1
1343	-0.022260	127.133407	0.000337	11.8
1344	-0.614240	127.080610	0.007484	8.0
1345	-0.450932	127.027872	0.003871	8.1
1346	-0.930700	126.975193	0.009726	8.0
1347	-0.000000	126.922572	0.000000	8.0
1348	-0.494969	126.870008	0.006250	12.2
1349	-0.779779	126.817503	0.007595	8.0
1350	-0.236126	126.765056	0.002631	8.2
1351	-0.000000	126.712667	0.000000	8.2
1352	-0.000000	126.660335	0.000000	8.5
1353	-0.095397	126.608061	0.002036	12.3
1354	-0.054111	126.555844	0.001510	8.3
1355	-0.618219	126.503685	0.006717	8.1
1356	-0.602185	126.451583	0.005794	8.1
1357	-0.000000	126.399538	0.000000	9.4
1358	-0.000000	126.347550	0.000000	10.5
1359	-1.071143	126.295619	0.006629	8.8
1360	-0.047901	126.243745	0.001265	9.3
1361	-0.651842	126.191928	0.005751	8.1
1362	-0.850196	126.140168	0.006914	12.3
1363	-0.529678	126.088464	0.005523	8.1
1364	-0.568834	126.036817	0.005674	8.2
1365	-0.120543	125.985226	0.001342	8.5
1366	-0.697108	125.933691	0.005803	8.9
1367	-0.000000	125.882212	0.000000	13.0
1368	-0.109962	125.830790	0.004701	8.3
1369	-0.160699	125.779423	0.004201	8.1
1370	-0.596348	125.728113	0.005358	8.4
1371	-0.793679	125.676858	0.006473	13.7
1372	-0.666879	125.625659	0.005095	9.0
1373	-0.473625	125.574515	0.007005	8.4
1374	-0.833720	125.523427	0.005453	8.1
1375	-0.895834	125.472394	0.006150	7.4
1376	-0.179628	125.421417	0.003209	10.8
1377	-0.535975	125.370495	0.006059	8.4
1378	-0.000000	125.319628	0.000000	8.3
1379	-0.664905	125.268815	0.007867	8.3
1380	-0.000000	125.218058	0.000000	8.2
1381	-0.872139	125.167356	0.005042	12.3
1382	-0.942488	125.116708	0.008543	8.4
1383	-0.000000	125.066115	0.000000	8.2
1384	-0.884053	125.015576	0.005656	8.2
1385	-0.000000	124.965092	0.000000	8.1
1386	-0.022502	124.914662	0.001019	12.4
1387	-0.633651	124.864287	0.005029	8.4
1388	-0.971399	124.813965	0.007910	8.1
1389	-0.680182	124.763698	0.005290	7.5
1390	-0.343371	124.713485	0.003968	8.0
1391	-1.001491	124.663325	0.007290	12.2
1392	-0.915199	124.613219	0.004460	8.2
1393	-0.000000	124.563167	0.000000	8.5
1394	-0.534658	124.513168	0.003905	8.3
1395	-0.000000	124.463223	0.000000	8.5
1396	-0.000227	124.413332	0.000014	12.5
1397	-0.000000	124.363493	0.000000	8.5
1398	-0.015342	124.313708	0.000214	8.3
1399	-1.017960	124.263976	0.007657	8.2
1400	-0.000000	124.214297	0.000000	8.2
1401	-0.739540	124.164671	0.006152	12.4
1402	-0.731126	124.115097	0.008022	8.3
1403	-0.560175	124.065577	0.005694	8.1
1404	-0.000000	124.016109	0.000000	8.8
1405	-0.000000	123.966693	0.000000	8.2
1406	-0.850357	123.917330	0.008209	12.5
1407	-0.367522	123.868020	0.003685	13.0
1408	-0.412586	123.818762	0.005553	8.3
1409	-0.000000	123.769556	0.000000	8.2
1410	-0.000000	123.720402	0.000000	10.4
1411	-0.543647	123.671300	0.006016	9.3
1412	-0.509423	123.622250	0.002763	10.1
1413	-0.437894	123.573252	0.002773	10.6
1414	-0.261801	123.524305	0.004160	9.6
1415	-0.697095	123.475411	0.003579	10.9
1416	-0.814127	123.426568	0.005508	8.2
1417	-0.728684	123.377776	0.005255	8.6
1418	-0.000000	123.329036	0.000000	8.3
1419	-0.000000	123.280347	0.000000	10.3
1420	-0.208874	123.231709	0.004777	8.4
1421	-1.036169	123.183122	0.010757	8.4
1422	-0.775329	123.134587	0.007021	8.2
1423	-0.917482	123.086102	0.006776	9.8
1424	-0.425484	123.037669	0.004985	12.9
1425	-0.811551	122.989286	0.004544	8.2
1426	-0.032125	122.940954	0.001457	9.1
1427	-0.686327	122.892672	0.004082	9.1
1428	-0.492175	122.844441	0.008296	12.4
1429	-0.843710	122.796261	0.004324	8.4
1430	-0.947152	122.748130	0.005949	8.1
1431	-0.862398	122.700050	0.008863	8.1
1432	-0.000000	122.652021	0.000000	9.4
1433	-1.050239	122.604041	0.005611	14.2
1434	-0.902971	122.556111	0.009276	8.6
1435	-0.319195	122.508232	0.006256	8.3
1436	-0.000000	122.460402	0.000000	8.1
1437	-0.020219	122.412622	0.000677	11.8
1438	-0.297854	122.364891	0.002516	8.3
1439	-0.533074	122.317210	0.005269	8.5
1440	-0.377991	122.269579	0.004617	8.3
1441	-0.014714	122.221997	0.000333	8.1
1442	-0.655655	122.174465	0.005742	13.1
1443	-0.548415	122.126981	0.007152	9.5
1444	-0.101461	122.079547	0.002804	7.6
1445	-0.000000	122.032162	0.000000	8.2
1446	-0.838424	121.984826	0.007391	10.3
1447	-0.634058	121.937539	0.006400	9.5
1448	-0.881862	121.890301	0.006462	8.4
1449	-0.000000	121.843112	0.000000	8.3
1450	-0.783428	121.795971	0.004885	8.3
1451	-0.000246	121.748879	0.000007	12.6
1452	-0.819725	121.701835	0.005864	8.3
1453	-0.000000	121.654840	0.000000	8.3
1454	-0.483999	121.607893	0.006104	8.3
1455	-0.082673	121.560994	0.001339	8.2
1456	-0.050960	121.514144	0.001615	12.1
1457	-0.681365	121.467342	0.004922	8.1
1458	-0.991453	121.420588	0.006362	8.4
1459	-1.035735	121.373882	0.009313	8.2
1460	-1.019200	121.327223	0.010870	9.1
1461	-1.213922	121.280613	0.009706	13.2
1462	-0.561047	121.234050	0.006204	8.1
1463	-0.929407	121.187535	0.006291	7.6
1464	-0.155006	121.141067	0.002345	8.3
1465	-0.482586	121.094647	0.006183	8.2
1466	-0.000000	121.048274	0.000000	12.0
1467	-0.868864	121.001949	0.005056	8.3
1468	-0.034399	120.955671	0.001434	8.3
1469	-0.897209	120.909440	0.012658	8.4
1470	-0.375055	120.863256	0.004421	10.9
1471	-0.921845	120.817119	0.007704	8.3
1472	-0.609878	120.771029	0.006107	8.3
1473	-0.807619	120.724986	0.006243	8.2
1474	-0.308800	120.678990	0.003764	7.9
1475	-0.746682	120.633040	0.008814	12.6
1476	-0.000000	120.587137	0.000000	8.5
1477	-1.174139	120.541281	0.008400	8.1
1478	-0.895355	120.495471	0.007560	8.2
1479	-0.565718	120.449707	0.006559	8.1
1480	-0.002641	120.403990	0.000574	12.4
1481	-0.572035	120.358319	0.005111	8.5
1482	-0.899965	120.312694	0.007507	8.2
1483	-0.847769	120.267115	0.007912	8.4
1484	-0.049819	120.221582	0.000412	8.2
1485	-0.771678	120.176096	0.007050	12.4
1486	-0.028304	120.130655	0.000673	8.3
1487	-0.000319	120.085260	0.000159	8.9
1488	-0.127914	120.039910	0.002728	8.1
1489	-1.089767	119.994606	0.005776	8.1
1490	-0.000000	119.949348	0.000000	12.5
1491	-0.165352	119.904135	0.004018	8.7
1492	-0.144271	119.858968	0.002055	11.2
1493	-0.875200	119.813846	0.007123	8.5
1494	-0.988807	119.768769	0.006650	10.3
1495	-0.112942	119.723738	0.002966	10.5
1496	-0.973778	119.678752	0.006266	8.1
1497	-0.032744	119.633810	0.001231	8.6
1498	-0.036447	119.588914	0.001294	8.2
1499	-0.711378	119.544062	0.005501	11.6
1500	-0.074403	119.499256	0.001851	8.6
1501	-0.983640	119.454494	0.007510	8.5
1502	-0.115775	119.409777	0.002513	7.9
1503	-1.043131	119.365104	0.008005	8.9
1504	-0.062800	119.320476	0.001817	12.9
1505	-0.854698	119.275893	0.003878	8.0
1506	-0.289892	119.231353	0.005264	8.1
1507	-1.085442	119.186859	0.009530	8.5
1508	-0.000000	119.142408	0.000000	10.8
1509	-0.153904	119.098002	0.005071	9.5
1510	-0.000000	119.053639	0.000000	8.8
1511	-0.592251	119.009321	0.005246	8.6
1512	-0.010347	118.965047	0.000127	8.7
1513	-0.000113	118.920816	0.000017	11.6
1514	-0.648979	118.876630	0.004660	8.4
1515	-0.000000	118.832487	0.000000	12.4
1516	-0.000000	118.788388	0.000000	8.5
1517	-0.789858	118.744332	0.008018	14.5
1518	-0.002502	118.700320	0.000743	9.4
1519	-1.059752	118.656352	0.007711	8.7
1520	-0.926523	118.612427	0.005842	10.6
1521	-0.441635	118.568545	0.005117	12.2
1522	-0.169357	118.524706	0.005222	7.6
1523	-0.582875	118.480911	0.005800	12.0
1524	-0.280654	118.437159	0.003916	8.4
1525	-0.528248	118.393450	0.004357	12.4
1526	-0.000000	118.349784	0.000000	10.3
1527	-0.691270	118.306160	0.007457	8.5
1528	-0.648656	118.262580	0.005727	8.9
1529	-0.036032	118.219042	0.001162	13.8
1530	-0.000000	118.175548	0.000000	8.3
1531	-0.000000	118.132095	0.000000	8.3
1532	-0.537336	118.088686	0.005601	8.4
1533	-0.000000	118.045319	0.000000	8.3
1534	-0.839250	118.001994	0.007012	13.9
1535	-1.000443	117.958712	0.008752	8.2
1536	-0.815069	117.915472	0.008120	8.5
1537	-1.055060	117.872274	0.006942	10.7
1538	-0.000000	117.829118	0.000000	9.8
1539	-0.198700	117.786005	0.002055	11.2
1540	-0.983210	117.742933	0.007680	12.1
1541	-0.620863	117.699904	0.004928	8.9
1542	-0.822103	117.656916	0.006362	9.5
1543	-0.398548	117.613971	0.005529	14.9
1544	-0.346971	117.571067	0.003889	8.3
1545	-0.898755	117.528205	0.007146	8.7
1546	-0.000000	117.485384	0.000000	15.1
1547	-0.025406	117.442605	0.001541	11.8
1548	-0.753106	117.399867	0.005707	12.4
1549	-0.545485	117.357171	0.006735	8.3
1550	-0.315920	117.314517	0.003618	9.8
1551	-0.000000	117.271903	0.000000	10.5
1552	-0.000000	117.229331	0.000000	8.2
1553	-0.000000	117.186800	0.000000	10.7
1554	-1.070450	117.144311	0.011159	11.2
1555	-0.943070	117.101862	0.004873	12.9
1556	-0.547069	117.059454	0.005840	11.3
1557	-0.568412	117.017087	0.005827	8.2
1558	-1.026180	116.974762	0.006722	8.7
1559	-0.000000	116.932476	0.000000	15.4
1560	-0.000000	116.890232	0.000000	8.5
1561	-1.064306	116.848028	0.007126	10.6
1562	-0.000000	116.805865	0.000000	9.4
1563	-0.731023	116.763743	0.006580	12.8
1564	-0.455360	116.721661	0.004601	12.0
1565	-0.690893	116.679619	0.006818	7.9
1566	-0.167912	116.637618	0.001951	8.1
1567	-1.010971	116.595657	0.009572	14.2
1568	-0.740311	116.553736	0.005183	9.3
1569	-0.959027	116.511855	0.007546	8.2
1570	-0.441997	116.470015	0.005600	8.1
1571	-0.000000	116.428214	0.000000	8.8
1572	-0.499451	116.386454	0.005257	16.3
1573	-0.000765	116.344733	0.000285	8.3
1574	-0.877603	116.303052	0.005755	8.1
1575	-0.000000	116.261412	0.000000	11.6
1576	-0.836955	116.219810	0.007208	12.7
1577	-0.273912	116.178249	0.004061	8.2
1578	-0.000000	116.136727	0.000000	8.3
1579	-0.000000	116.095245	0.000000	8.4
1580	-0.987047	116.053802	0.006296	10.7
1581	-0.347028	116.012398	0.002133	12.2
1582	-0.000000	115.971034	0.000000	8.0
1583	-0.490599	115.929710	0.003557	8.1
1584	-0.954288	115.888424	0.007568	7.9
1585	-0.132129	115.847178	0.001890	11.9
1586	-0.775390	115.805970	0.006298	8.1
1587	-0.101003	115.764802	0.003322	7.8
1588	-0.630826	115.723673	0.006393	8.0
1589	-0.954373	115.682583	0.004274	8.3
1590	-0.000000	115.641532	0.000000	12.0
1591	-1.038136	115.600519	0.006771	8.6
1592	-0.028936	115.559546	0.000964	8.3
1593	-0.721542	115.518610	0.007239	9.4
1594	-0.907198	115.477714	0.004421	11.5
1595	-0.488736	115.436856	0.006109	10.5
1596	-1.001221	115.396037	0.005136	8.2
1597	-0.029885	115.355256	0.001219	9.4
1598	-0.000000	115.314514	0.000000	8.2
1599	-0.240801	115.273810	0.003617	14.7
1600	-0.000000	115.233144	0.000000	8.2
1601	-0.808058	115.192517	0.005154	9.0
1602	-0.000910	115.151927	0.000461	10.6
1603	-0.000000	115.111376	0.000000	10.5
1604	-0.200739	115.070863	0.004560	10.1
1605	-0.000000	115.030388	0.000000	8.2
1606	-0.519718	114.989951	0.008009	8.2
1607	-0.785503	114.949551	0.005515	8.1
1608	-0.886208	114.909190	0.007803	11.0
1609	-0.629214	114.868866	0.006177	8.5
1610	-1.005574	114.828580	0.008838	8.0
1611	-0.596175	114.788332	0.005713	9.4
1612	-0.867433	114.748121	0.006337	11.1
1613	-0.000000	114.707948	0.000000	11.2
1614	-0.854000	114.667812	0.008956	8.4
1615	-1.146173	114.627714	0.007268	8.2
1616	-0.517080	114.587653	0.005356	8.3
1617	-0.367372	114.547629	0.005486	13.9
1618	-0.853569	114.507643	0.004965	8.3
1619	-0.758486	114.467693	0.004553	8.1
1620	-0.999235	114.427781	0.004790	8.2
1621	-0.355284	114.387907	0.003751	8.2
1622	-0.925869	114.348069	0.005877	11.5
1623	-1.094261	114.308268	0.006805	8.8
1624	-0.650392	114.268504	0.006146	8.1
1625	-0.787722	114.228777	0.007479	8.2
1626	-0.671510	114.189086	0.006601	8.1
1627	-0.857940	114.149433	0.006635	12.2
1628	-0.844083	114.109816	0.005966	8.1
1629	-0.104366	114.070235	0.002344	8.3
1630	-0.397134	114.030692	0.004853	11.8
1631	-0.554813	113.991185	0.005259	9.9
1632	-0.915598	113.951714	0.007143	10.0
1633	-0.235192	113.912280	0.004548	8.3
1634	-0.802556	113.872882	0.004971	8.4
1635	-0.000020	113.833521	0.000012	9.2
1636	-0.828246	113.794195	0.008086	12.8
1637	-1.031191	113.754906	0.006213	8.4
1638	-0.600955	113.715653	0.005642	8.0
1639	-0.000000	113.676437	0.000000	8.2
1640	-0.007822	113.637256	0.000030	8.1
1641	-0.859191	113.598111	0.005743	11.9
1642	-0.832469	113.559002	0.005539	8.0
1643	-0.786274	113.519929	0.007682	8.3
1644	-0.000000	113.480892	0.000000	8.3
1645	-0.939258	113.441891	0.006916	8.3
1646	-0.788706	113.402925	0.004338	12.1
1647	-0.002705	113.363995	0.000143	9.0
1648	-0.003175	113.325101	0.000279	11.1
1649	-0.147324	113.286242	0.003866	9.0
1650	-0.000000	113.247419	0.000000	13.2
1651	-0.001251	113.208631	0.000046	11.3
1652	-0.362317	113.169879	0.004647	8.1
1653	-0.000000	113.131162	0.000000	12.2
1654	-0.003997	113.092480	0.000093	11.9
1655	-0.630806	113.053833	0.005677	9.3
1656	-0.647827	113.015222	0.005837	8.8
1657	-0.014422	112.976646	0.000202	11.3
1658	-0.708400	112.938105	0.003507	13.6
1659	-0.005502	112.899599	0.001106	10.0
1660	-0.508760	112.861128	0.004063	11.4
1661	-1.036964	112.822692	0.008050	8.3
1662	-0.877551	112.784291	0.005702	10.3
1663	-0.004650	112.745924	0.000192	9.2
1664	-1.015222	112.707593	0.006320	9.4
1665	-0.438441	112.669296	0.003251	10.3
1666	-0.748838	112.631034	0.007547	9.1
1667	-1.013367	112.592806	0.006561	11.4
1668	-0.000000	112.554613	0.000000	8.2
1669	-0.000114	112.516455	0.000021	8.2
1670	-0.283926	112.478331	0.002199	10.9
1671	-1.026544	112.440241	0.006858	13.2
1672	-0.487101	112.402186	0.003820	8.3
1673	-0.089371	112.364165	0.001999	8.4
1674	-0.647920	112.326179	0.006756	8.4
1675	-0.667821	112.288227	0.005975	13.2
1676	-0.531019	112.250309	0.005039	11.7
1677	-0.522455	112.212425	0.009829	8.1
1678	-0.442491	112.174575	0.007130	8.0
1679	-0.167939	112.136759	0.002585	8.2
1680	-0.000000	112.098977	0.000000	10.5
1681	-0.861449	112.061229	0.005468	9.4
1682	-0.000000	112.023515	0.000000	11.3
1683	-1.037094	111.985834	0.006812	8.7
1684	-0.939045	111.948188	0.006946	9.4
1685	-0.024758	111.910575	0.000894	13.0
1686	-0.680622	111.872996	0.004159	8.0
1687	-0.848744	111.835450	0.004310	10.8
1688	-0.347405	111.797939	0.002743	10.2
1689	-0.902428	111.760460	0.006871	12.3
1690	-0.734754	111.723015	0.007248	8.4
1691	-0.182672	111.685604	0.003842	9.0
1692	-0.881682	111.648226	0.005287	8.7
1693	-0.314461	111.610881	0.003525	11.1
1694	-0.593874	111.573570	0.005361	8.2
1695	-0.989158	111.536292	0.007807	8.4
1696	-0.815525	111.499047	0.005803	8.2
1697	-0.000000	111.461835	0.000000	8.0
1698	-0.000000	111.424656	0.000000	12.2
1699	-0.011903	111.387510	0.000245	8.8
1700	-0.580873	111.350398	0.008669	12.1
1701	-0.200858	111.313318	0.001901	8.4
1702	-0.017362	111.276271	0.000333	10.0
1703	-0.808100	111.239257	0.006995	9.9
1704	-0.788774	111.202276	0.005941	8.4
1705	-0.693366	111.165328	0.006603	10.9
1706	-0.828908	111.128412	0.005768	14.8
1707	-0.971881	111.091529	0.005970	10.7
1708	-0.000000	111.054679	0.000000	8.2
1709	-0.944352	111.017861	0.004973	8.2
1710	-0.771545	110.981076	0.007643	8.3
1711	-0.994982	110.944323	0.005329	13.1
1712	-0.909122	110.907603	0.006249	8.4
1713	-0.459997	110.870915	0.005090	11.6
1714	-0.000000	110.834259	0.000000	8.2
1715	-0.398000	110.797636	0.004945	11.9
1716	-0.843632	110.761045	0.006422	10.1
1717	-0.000000	110.724486	0.000000	9.6
1718	-0.971802	110.687959	0.007486	10.5
1719	-0.684848	110.651465	0.005465	13.3
1720	-0.000000	110.615002	0.000000	11.5
1721	-0.539093	110.578572	0.004269	10.4
1722	-0.729443	110.542173	0.004445	8.3
1723	-0.449142	110.505807	0.005464	11.7
1724	-1.048483	110.469472	0.007245	8.0
1725	-0.000000	110.433169	0.000000	8.5
1726	-0.801586	110.396898	0.006504	8.3
1727	-1.014666	110.360659	0.006631	8.2
1728	-0.393096	110.324451	0.003580	12.3
1729	-0.912461	110.288276	0.008517	7.2
1730	-1.014795	110.252131	0.005253	10.6
1731	-0.030186	110.216019	0.001713	10.3
1732	-0.985928	110.179937	0.008455	11.2
1733	-0.847174	110.143888	0.006145	10.6
1734	-0.000000	110.107869	0.000000	8.3
1735	-0.000000	110.071882	0.000000	9.7
1736	-0.474875	110.035927	0.005452	11.6
1737	-0.919734	110.000003	0.005842	11.0
1738	-0.000000	109.964110	0.000000	8.3
1739	-0.540396	109.928248	0.005615	8.2
1740	-0.000000	109.892417	0.000000	8.4
1741	-0.000000	109.856618	0.000000	10.9
1742	-0.595315	109.820850	0.008239	8.2
1743	-0.185776	109.785112	0.002042	8.2
1744	-0.020735	109.749406	0.002230	8.3
1745	-0.062224	109.713730	0.003683	8.1
1746	-0.001386	109.678086	0.000442	12.2
1747	-0.265586	109.642472	0.005613	8.3
1748	-0.055652	109.606890	0.000722	10.7
1749	-0.124592	109.571337	0.002591	9.6
1750	-0.312303	109.535816	0.006554	9.4
1751	-0.512509	109.500326	0.005316	14.7
1752	-0.488694	109.464866	0.006077	10.0
1753	-0.944516	109.429436	0.005716	9.2
1754	-0.721838	109.394038	0.006904	13.8
1755	-0.000000	109.358669	0.000000	8.3
1756	-0.000000	109.323331	0.000000	9.2
1757	-0.000000	109.288024	0.000000	7.9
1758	-0.213016	109.252747	0.002914	10.1
1759	-0.779803	109.217501	0.005524	12.6
1760	-0.063311	109.182284	0.000909	10.1
1761	-0.030715	109.147098	0.001214	9.2
1762	-0.339418	109.111942	0.003886	9.6
1763	-0.003056	109.076817	0.000185	12.6
1764	-0.686592	109.041721	0.006913	8.7
1765	-0.182064	109.006656	0.002228	9.9
1766	-0.725136	108.971620	0.005741	10.1
1767	-0.567197	108.936615	0.005743	12.0
1768	-0.377018	108.901640	0.004636	10.1
1769	-0.210024	108.866694	0.003787	8.7
1770	-0.023867	108.831779	0.003038	10.0
1771	-0.801462	108.796893	0.003535	14.6
1772	-0.276411	108.762037	0.003104	8.3
1773	-0.523626	108.727211	0.005725	9.0
1774	-0.391717	108.692415	0.003890	9.1
1775	-0.690656	108.657648	0.006414	8.4
1776	-0.854355	108.622911	0.005235	13.2
1777	-0.000000	108.588203	0.000000	8.3
1778	-0.757840	108.553525	0.005905	8.1
1779	-0.883833	108.518877	0.004884	8.2
1780	-0.121263	108.484258	0.002430	9.9
1781	-0.040494	108.449668	0.001018	10.3
1782	-0.900224	108.415108	0.005041	8.4
1783	-0.015041	108.380578	0.000279	10.9
1784	-0.000000	108.346076	0.000000	9.3
1785	-0.000000	108.311604	0.000000	12.1
1786	-0.086404	108.277161	0.002867	8.2
1787	-0.000000	108.242747	0.000000	7.6
1788	-0.874721	108.208363	0.005415	11.8
1789	-1.055791	108.174007	0.007004	14.8
1790	-0.021727	108.139681	0.000579	9.7
1791	-0.000000	108.105383	0.000000	8.7
1792	-1.020980	108.071115	0.006124	8.2
1793	-0.769876	108.036875	0.006794	8.7
1794	-0.123485	108.002665	0.002957	12.6
1795	-0.865176	107.968483	0.007677	8.2
1796	-1.021742	107.934330	0.007560	8.2
1797	-0.633362	107.900206	0.003401	8.4
1798	-0.000000	107.866111	0.000000	10.1
1799	-0.784771	107.832044	0.008086	10.9
1800	-0.761812	107.798007	0.006658	10.6
1801	-0.870948	107.763997	0.007603	10.2
1802	-1.004963	107.730017	0.006581	11.7
1803	-0.000000	107.696065	0.000000	8.9
1804	-1.038386	107.662141	0.007782	8.4
1805	-0.754058	107.628246	0.006073	8.2
1806	-0.885021	107.594379	0.004702	11.6
1807	-0.752721	107.560541	0.006974	12.3
1808	-1.192357	107.526731	0.008424	8.3
1809	-0.000000	107.492949	0.000000	8.2
1810	-0.001997	107.459196	0.000443	8.8
1811	-1.009731	107.425471	0.010058	13.8
1812	-0.659585	107.391774	0.005093	8.3
1813	-0.476089	107.358106	0.003860	8.3
1814	-1.011945	107.324465	0.008230	8.1
1815	-0.679081	107.290853	0.006448	8.1
1816	-0.221941	107.257268	0.002667	14.0
1817	-0.485822	107.223712	0.006193	8.6
1818	-0.696152	107.190184	0.006513	8.7
1819	-0.751973	107.156683	0.005832	8.1
1820	-0.109554	107.123211	0.000849	8.3
1821	-0.000000	107.089766	0.000000	12.4
1822	-0.838277	107.056349	0.005658	8.1
1823	-0.000000	107.022960	0.000000	8.3
1824	-0.000000	106.989599	0.000000	8.5
1825	-0.366671	106.956265	0.004051	8.1
1826	-0.860361	106.922960	0.003905	12.0
1827	-0.497182	106.889681	0.006256	8.3
1828	-1.029927	106.856431	0.005850	8.3
1829	-0.636010	106.823208	0.003802	11.4
1830	-0.921646	106.790012	0.006974	9.2
1831	-0.805115	106.756844	0.006644	11.2
1832	-0.415960	106.723703	0.004272	8.1
1833	-0.836063	106.690590	0.006801	8.2
1834	-0.174989	106.657505	0.004908	8.4
1835	-0.219013	106.624446	0.002890	14.6
1836	-0.706625	106.591415	0.006714	8.4
1837	-0.604583	106.558411	0.004276	9.0
1838	-0.703171	106.525435	0.005114	8.5
1839	-0.451793	106.492485	0.005352	8.9
1840	-0.568432	106.459563	0.005298	12.5
1841	-0.939488	106.426668	0.007189	8.2
1842	-0.972529	106.393800	0.007001	8.1
1843	-0.490063	106.360959	0.003084	8.0
1844	-0.933044	106.328145	0.006540	10.1
1845	-0.728756	106.295358	0.006812	9.4
1846	-1.116141	106.262598	0.009001	8.2
1847	-0.564833	106.229865	0.005966	11.3
1848	-0.000000	106.197158	0.000000	11.0
1849	-1.045959	106.164479	0.008546	10.6
1850	-0.035278	106.131826	0.001217	8.8
1851	-0.000000	106.099201	0.000000	8.2
1852	-0.000011	106.066602	0.000007	8.3
1853	-0.000000	106.034029	0.000000	13.8
1854	-1.077581	106.001483	0.011302	8.1
1855	-0.529765	105.968964	0.007681	8.2
1856	-0.765482	105.936472	0.006032	8.1
1857	-0.000000	105.904006	0.000000	8.1
1858	-0.000000	105.871566	0.000000	12.3
1859	-0.563039	105.839153	0.006732	8.0
1860	-0.000000	105.806767	0.000000	8.3
1861	-0.451976	105.774407	0.004432	8.0
1862	-0.061946	105.742073	0.001479	8.2
1863	-0.000000	105.709766	0.000000	12.6
1864	-0.345035	105.677485	0.003705	8.3
1865	-1.036729	105.645230	0.006194	9.2
1866	-0.886979	105.613001	0.006089	9.7
1867	-0.871382	105.580799	0.004715	8.9
1868	-0.772864	105.548623	0.005112	11.8
1869	-0.897339	105.516473	0.004562	8.2
1870	-0.562968	105.484349	0.006544	8.2
1871	-0.625757	105.452251	0.005856	8.5
1872	-0.953106	105.420179	0.008387	14.1
1873	-1.065829	105.388133	0.007548	8.3
1874	-0.000000	105.356113	0.000000	8.4
1875	-0.047068	105.324119	0.001210	8.1
1876	-1.109811	105.292151	0.008812	8.5
1877	-0.683443	105.260209	0.008222	12.5
1878	-0.455865	105.228293	0.006682	8.2
1879	-0.000000	105.196402	0.000000	8.4
1880	-0.843889	105.164537	0.006863	8.3
1881	-0.180405	105.132698	0.002415	8.1
1882	-0.746872	105.100885	0.004453	12.2
1883	-0.961868	105.069097	0.006991	8.2
1884	-0.017542	105.037335	0.000606	10.6
1885	-0.790621	105.005598	0.006284	9.1
1886	-0.830705	104.973887	0.007020	9.5
1887	-0.208367	104.942202	0.002774	11.0
1888	-0.005208	104.910542	0.000721	7.4
1889	-0.272551	104.878907	0.005821	7.6
1890	-0.354554	104.847298	0.004940	11.3
1891	-0.004718	104.815715	0.001651	12.8
1892	-0.964904	104.784156	0.006743	8.1
1893	-0.602375	104.752623	0.007063	8.0
1894	-0.665160	104.721116	0.006304	8.2
1895	-0.000000	104.689633	0.000000	8.3
1896	-1.082272	104.658176	0.010428	12.1
1897	-0.816959	104.626744	0.005849	8.3
1898	-0.175635	104.595337	0.002561	8.1
1899	-0.952427	104.563955	0.006656	8.1
1900	-0.398938	104.532599	0.005719	8.3
1901	-0.000000	104.501267	0.000000	12.3
1902	-0.635690	104.469960	0.009833	8.9
1903	-0.604901	104.438679	0.004433	13.0
1904	-0.771038	104.407422	0.006112	9.5
1905	-0.822705	104.376191	0.005479	11.6
1906	-0.165356	104.344984	0.003813	8.2
1907	-1.086827	104.313802	0.006113	8.3
1908	-0.557342	104.282645	0.004286	8.1
1909	-0.953987	104.251513	0.007086	9.0
1910	-0.000000	104.220405	0.000000	14.0
1911	-0.000067	104.189323	0.000049	12.3
1912	-0.694214	104.158265	0.006712	10.3
1913	-0.000000	104.127231	0.000000	9.3
1914	-0.049058	104.096222	0.001539	11.5
1915	-0.776009	104.065238	0.005801	8.3
1916	-0.202313	104.034279	0.003648	8.1
1917	-0.018147	104.003344	0.001019	8.4
1918	-0.000000	103.972433	0.000000	12.0
1919	-0.994797	103.941547	0.006372	8.3
1920	-0.848191	103.910686	0.006045	8.3
1921	-0.332096	103.879849	0.002863	10.0
1922	-0.151954	103.849036	0.004117	8.7
1923	-0.582396	103.818248	0.005352	13.8
1924	-0.534455	103.787484	0.003423	8.7
1925	-0.000000	103.756744	0.000000	8.3
1926	-0.072777	103.726029	0.003016	8.3
1927	-0.944232	103.695338	0.005318	11.1
1928	-0.000000	103.664671	0.000000	8.2
1929	-0.254118	103.634028	0.003378	8.7
1930	-0.000000	103.603409	0.000000	8.4
1931	-0.958746	103.572814	0.005842	8.3
1932	-0.691943	103.542244	0.007048	12.2
1933	-0.648380	103.511698	0.005599	8.4
1934	-0.860553	103.481175	0.010646	8.1
1935	-1.070735	103.450677	0.007509	8.3
1936	-0.446689	103.420202	0.002643	8.2
1937	-0.000000	103.389752	0.000000	12.4
1938	-0.000000	103.359325	0.000000	8.3
1939	-0.792725	103.328922	0.006572	8.5
1940	-0.000000	103.298543	0.000000	8.5
1941	-0.923929	103.268188	0.006692	8.3
1942	-0.871571	103.237857	0.007333	13.2
1943	-0.722613	103.207549	0.006463	8.3
1944	-0.000000	103.177265	0.000000	8.2
1945	-0.670048	103.147005	0.003059	8.3
1946	-0.000000	103.116768	0.000000	10.0
1947	-0.000000	103.086556	0.000000	10.1
1948	-0.111880	103.056366	0.004508	8.1
1949	-0.496675	103.026200	0.004629	8.4
1950	-0.647511	102.996058	0.003861	8.1
1951	-0.769751	102.965939	0.006652	10.9
1952	-0.900486	102.935844	0.006528	8.3
1953	-1.021818	102.905772	0.006830	8.1
1954	-0.725488	102.875724	0.004059	8.3
1955	-1.152187	102.845699	0.007975	8.2
1956	-0.000697	102.815697	0.000020	12.6
1957	-0.767008	102.785719	0.004254	8.1
1958	-0.000000	102.755764	0.000000	8.4
1959	-0.337961	102.725832	0.005175	8.1
1960	-0.972813	102.695924	0.008020	8.3
1961	-0.000000	102.666038	0.000000	12.2
1962	-0.848244	102.636176	0.005667	8.6
1963	-0.884353	102.606337	0.007767	8.1
1964	-0.795607	102.576521	0.005493	8.6
1965	-0.000000	102.546728	0.000000	9.1
1966	-0.877078	102.516959	0.007886	12.5
1967	-0.077335	102.487212	0.001691	10.5
1968	-0.000000	102.457488	0.000000	10.1
1969	-0.000000	102.427788	0.000000	11.4
1970	-0.000000	102.398110	0.000000	15.6
1971	-0.703831	102.368455	0.007336	9.2
1972	-0.903076	102.338823	0.006422	8.8
1973	-0.571149	102.309214	0.006455	10.1
1974	-0.841601	102.279628	0.006539	12.5
1975	-0.204249	102.250064	0.002461	9.2
1976	-0.646593	102.220524	0.008859	9.1
1977	-0.228658	102.191006	0.001897	9.0
1978	-0.578359	102.161511	0.006572	13.0
1979	-0.111012	102.132038	0.002284	10.3
1980	-0.953197	102.102588	0.009665	9.3
1981	-0.981195	102.073161	0.004482	9.1
1982	-1.111211	102.043757	0.006189	12.1
1983	-0.771876	102.014375	0.004277	10.4
1984	-0.000000	101.985015	0.000000	9.2
1985	-0.000000	101.955678	0.000000	9.3
1986	-0.052025	101.926364	0.001680	10.2
1987	-0.000000	101.897072	0.000000	12.5
1988	-0.628301	101.867802	0.003701	9.5
1989	-0.191629	101.838555	0.001967	9.5
1990	-0.287669	101.809330	0.006497	9.2
1991	-0.736546	101.780128	0.005757	14.3
1992	-0.788500	101.750948	0.007706	9.9
1993	-1.118169	101.721790	0.006682	8.8
1994	-0.921536	101.692654	0.006110	9.1
1995	-0.135466	101.663541	0.002772	13.4
1996	-0.049008	101.634450	0.002752	9.0
1997	-0.349922	101.605381	0.004555	9.7
1998	-0.111931	101.576335	0.001033	9.9
1999	-0.299597	101.547310	0.002014	10.2
