1:ItNr	2:Metric	3:StepSize	4:||Gradient||	Time[ms]
0	-0.052120	627.201626	0.001403	1119.4
1	-1.343411	623.504937	0.008889	7.5
2	-0.000008	619.865785	0.000002	8.0
3	-0.966381	616.282728	0.007482	7.6
4	-1.448626	612.754375	0.027896	11.1
5	-1.400227	609.279381	0.013407	7.5
6	-0.572959	605.856447	0.016474	11.1
7	-0.010301	602.484317	0.001208	10.2
8	-1.300831	599.161779	0.012256	8.9
9	-0.106730	595.887656	0.001495	9.6
10	-1.112331	592.660813	0.035120	8.0
11	-1.181271	589.480151	0.011446	10.8
12	-1.573096	586.344606	0.006036	9.9
13	-1.118686	583.253145	0.012024	10.9
14	-0.557080	580.204771	0.004802	10.2
15	-0.720033	577.198517	0.009370	9.7
16	-1.169299	574.233444	0.011335	7.6
17	-0.091669	571.308645	0.002565	15.0
18	-0.493236	568.423237	0.014624	9.9
19	-0.826211	565.576365	0.007178	7.5
20	-1.082700	562.767201	0.008894	7.5
21	-0.890861	559.994938	0.011534	11.7
22	-0.824490	557.258797	0.013285	10.1
23	-0.000000	554.558018	0.000000	9.3
24	-0.000020	551.891865	0.000004	8.4
25	-0.948893	549.259621	0.019655	9.0
26	-0.370407	546.660592	0.009103	10.5
27	-0.679648	544.094102	0.005183	8.6
28	-0.000000	541.559494	0.000000	9.3
29	-0.063728	539.056129	0.001911	8.1
30	-1.443688	536.583387	0.012819	11.9
31	-1.458447	534.140663	0.006224	11.1
32	-1.066401	531.727370	0.005256	8.3
33	-0.483728	529.342935	0.005216	7.4
34	-0.000001	526.986802	0.000000	11.7
35	-0.666106	524.658430	0.007380	7.6
36	-0.019417	522.357290	0.001183	10.6
37	-1.162787	520.082868	0.014034	10.4
38	-0.680868	517.834665	0.008177	8.9
39	-0.985444	515.612193	0.019847	9.9
40	-1.237371	513.414976	0.015808	7.6
41	-1.202273	511.242551	0.023273	10.3
42	-0.779175	509.094468	0.007394	10.4
43	-1.276292	506.970285	0.014995	11.8
44	-1.266414	504.869574	0.020315	10.3
45	-0.000000	502.791916	0.000000	10.3
46	-0.097644	500.736903	0.001676	7.6
47	-0.681596	498.704137	0.008886	11.5
48	-0.000028	496.693228	0.000007	8.0
49	-1.402716	494.703798	0.017216	9.3
50	-0.768447	492.735476	0.005037	10.2
51	-0.000000	490.787900	0.000000	8.9
52	-0.939582	488.860718	0.013945	10.3
53	-1.000131	486.953585	0.004384	10.9
54	-1.055519	485.066164	0.016392	9.1
55	-0.013704	483.198126	0.001546	7.5
56	-1.500297	481.349149	0.012248	12.3
57	-1.212396	479.518920	0.010543	7.5
58	-0.139423	477.707132	0.004181	11.5
59	-0.752469	475.913485	0.009759	8.8
60	-0.063590	474.137684	0.000854	10.9
61	-1.071370	472.379445	0.015116	10.6
62	-0.151954	470.638485	0.004172	9.2
63	-1.557363	468.914531	0.015717	7.5
64	-1.050443	467.207315	0.009388	10.0
65	-0.000000	465.516573	0.000000	9.8
66	-1.556808	463.842050	0.006827	10.7
67	-0.907721	462.183494	0.013866	11.0
68	-0.643290	460.540658	0.010532	7.7
69	-1.461188	458.913303	0.012759	12.2
70	-0.425317	457.301192	0.003937	7.5
71	-1.097336	455.704096	0.013291	10.5
72	-0.920660	454.121787	0.009059	10.1
73	-1.031930	452.554045	0.011904	11.7
74	-0.321076	451.000653	0.002800	10.1
75	-1.117760	449.461399	0.012011	10.0
76	-1.310650	447.936075	0.020119	7.1
77	-0.407604	446.424477	0.014984	9.6
78	-0.332859	444.926406	0.007355	11.6
79	-0.435556	443.441666	0.009652	10.4
80	-0.000000	441.970065	0.000000	10.1
81	-0.000000	440.511415	0.000000	8.6
82	-1.648836	439.065533	0.009981	11.5
83	-0.769696	437.632238	0.007102	7.6
84	-1.132904	436.211351	0.018365	10.1
85	-0.000000	434.802701	0.000000	9.8
86	-0.849460	433.406117	0.008724	12.0
87	-0.911475	432.021430	0.010770	12.8
88	-1.015195	430.648479	0.007426	9.5
89	-0.000016	429.287101	0.000004	7.5
90	-0.476024	427.937140	0.008696	11.5
91	-0.100097	426.598440	0.003548	7.9
92	-1.262712	425.270849	0.004365	13.1
93	-0.034880	423.954220	0.001490	12.2
94	-0.579093	422.648404	0.010701	15.0
95	-1.234549	421.353259	0.005151	12.3
96	-0.540097	420.068643	0.006262	9.8
97	-0.422936	418.794419	0.004700	9.2
98	-1.323810	417.530451	0.013370	10.3
99	-0.444841	416.276604	0.003101	10.6
100	-0.964497	415.032748	0.005449	9.9
101	-1.202330	413.798754	0.006930	8.1
102	-1.077892	412.574495	0.025490	13.0
103	-1.172712	411.359849	0.006207	8.3
104	-0.005174	410.154691	0.000167	10.7
105	-1.022593	408.958904	0.013418	10.1
106	-0.872908	407.772368	0.019942	12.4
107	-1.287739	406.594968	0.026884	10.3
108	-1.425474	405.426590	0.016077	9.5
109	-1.424660	404.267122	0.026699	7.5
110	-1.369899	403.116456	0.013566	10.8
111	-1.072065	401.974481	0.013792	7.5
112	-0.226774	400.841093	0.003852	10.1
113	-0.252959	399.716187	0.003895	10.7
114	-1.168858	398.599660	0.015316	8.4
115	-0.648164	397.491411	0.010090	9.8
116	0.000000	396.391342	0.000000	10.5
117	-1.171892	395.299353	0.012269	8.1
118	-0.644135	394.215350	0.008067	7.8
119	-0.141830	393.139238	0.003425	10.0
120	-0.213810	392.070924	0.003664	8.4
121	-0.331712	391.010316	0.004058	9.7
122	-1.221946	389.957325	0.010799	9.8
123	-0.833530	388.911862	0.013694	9.3
124	-0.002005	387.873839	0.000300	10.4
125	-1.587030	386.843173	0.005079	7.6
126	-1.418532	385.819777	0.033499	10.0
127	-0.000000	384.803569	0.000000	9.2
128	-0.517845	383.794468	0.006363	11.3
129	-0.000018	382.792393	0.000004	8.0
130	-0.446163	381.797264	0.008660	9.8
131	-0.324504	380.809005	0.003902	9.1
132	-0.000000	379.827537	0.000000	8.1
133	-0.968145	378.852786	0.004825	12.2
134	-0.315196	377.884678	0.005554	7.6
135	-0.554787	376.923138	0.006759	12.1
136	-1.038617	375.968095	0.011789	9.2
137	-0.335334	375.019479	0.005461	11.0
138	-0.794608	374.077218	0.008105	9.9
139	-1.090617	373.141244	0.011383	10.3
140	-0.396914	372.211489	0.005235	7.6
141	-1.233067	371.287887	0.017019	11.7
142	-0.855352	370.370370	0.005714	7.6
143	-1.060887	369.458876	0.026682	10.3
144	-1.397047	368.553338	0.014177	9.9
145	-0.001403	367.653696	0.000211	8.4
146	-1.279106	366.759885	0.010455	13.7
147	-0.000603	365.871846	0.000111	10.0
148	-0.016871	364.989518	0.001286	7.6
149	-0.964105	364.112841	0.015031	7.2
150	-1.165727	363.241757	0.008614	11.7
151	-0.664019	362.376208	0.008403	8.7
152	-1.194033	361.516137	0.012859	9.5
153	-0.000000	360.661488	0.000000	8.0
154	-0.893062	359.812206	0.010224	8.0
155	-0.011101	358.968236	0.000671	12.0
156	-0.993826	358.129524	0.015452	7.5
157	-0.541390	357.296018	0.006235	10.3
158	-0.000000	356.467665	0.000000	9.4
159	-1.584251	355.644414	0.021737	11.0
160	-1.266126	354.826213	0.006806	10.2
161	-1.551547	354.013012	0.015188	9.8
162	-0.428150	353.204763	0.008481	7.7
163	-0.098328	352.401415	0.005112	8.2
164	-0.757862	351.602922	0.012338	12.5
165	-0.128103	350.809235	0.003502	10.4
166	-1.299787	350.020308	0.016998	9.7
167	-0.724864	349.236095	0.013922	8.3
168	-0.000000	348.456550	0.000000	11.2
169	-0.157118	347.681627	0.005348	7.4
170	-1.319933	346.911283	0.010616	7.8
171	-0.000000	346.145474	0.000000	10.4
172	-1.176503	345.384157	0.014415	8.1
173	-0.576513	344.627288	0.010569	12.3
174	-1.033167	343.874826	0.012665	11.0
175	-1.381842	343.126729	0.025489	8.6
176	-0.000001	342.382957	0.000000	7.5
177	-0.290817	341.643469	0.015018	10.5
178	-1.002879	340.908224	0.012078	7.6
179	-0.446099	340.177184	0.006106	10.7
180	-1.202014	339.450309	0.006613	9.6
181	-1.623870	338.727561	0.013531	9.4
182	-0.699944	338.008902	0.008834	12.4
183	-0.003597	337.294295	0.000427	9.8
184	-0.778461	336.583703	0.013140	8.5
185	-0.282876	335.877089	0.004127	7.6
186	-0.267435	335.174416	0.003427	13.0
187	-1.371309	334.475651	0.022939	10.1
188	-0.000000	333.780756	0.000000	9.8
189	-1.243546	333.089698	0.008979	7.9
190	-1.247368	332.402443	0.011390	12.0
191	-0.814849	331.718955	0.001567	7.6
192	-0.000003	331.039203	0.000001	10.0
193	-0.637027	330.363153	0.008701	10.9
194	-1.294943	329.690771	0.009123	10.5
195	-0.693828	329.022027	0.010762	11.7
196	-0.058600	328.356888	0.002131	9.4
197	-0.006998	327.695322	0.000696	8.2
198	-0.051171	327.037299	0.002269	7.2
199	-1.154101	326.382787	0.008754	11.5
200	-0.922009	325.731758	0.003208	7.4
201	-0.480007	325.084179	0.003816	11.7
202	-0.659965	324.440023	0.006861	8.6
203	-0.129727	323.799258	0.001937	8.6
204	-0.936312	323.161858	0.007563	11.8
205	-1.168909	322.527792	0.007779	7.5
206	-0.003646	321.897034	0.000468	10.7
207	-0.000000	321.269554	0.000000	9.8
208	-0.000936	320.645325	0.000140	11.5
209	-0.978519	320.024320	0.010220	10.2
210	-0.220619	319.406512	0.003306	10.0
211	-1.432155	318.791875	0.011528	8.1
212	-1.245913	318.180381	0.006615	8.9
213	-0.679852	317.572005	0.005945	10.1
214	-0.205621	316.966721	0.003520	10.0
215	-1.370861	316.364504	0.015808	9.7
216	-0.379917	315.765329	0.003064	7.5
217	-0.000000	315.169170	0.000000	12.3
218	-0.000000	314.576003	0.000000	7.4
219	-1.451449	313.985804	0.013840	8.1
220	-1.220711	313.398548	0.010033	10.2
221	-1.393195	312.814213	0.013884	9.3
222	-0.009573	312.232773	0.000681	11.4
223	-0.000072	311.654207	0.000014	12.0
224	-1.392991	311.078491	0.017339	8.9
225	-0.014464	310.505602	0.001329	6.7
226	-0.000005	309.935518	0.000001	10.9
227	-1.577421	309.368217	0.012597	7.5
228	-1.013445	308.803676	0.005136	10.6
229	-1.467402	308.241874	0.009946	9.5
230	-0.506219	307.682789	0.010341	8.3
231	-1.372729	307.126400	0.010491	12.4
232	-0.301898	306.572687	0.004822	7.5
233	-1.120862	306.021627	0.008605	10.5
234	-0.656578	305.473201	0.007588	10.6
235	-0.539932	304.927388	0.003860	11.5
236	-0.556384	304.384168	0.014070	10.6
237	-0.000000	303.843521	0.000000	10.6
238	-0.000000	303.305427	0.000000	7.5
239	-0.123177	302.769867	0.005927	9.4
240	-0.953782	302.236821	0.016774	9.5
241	-0.016146	301.706270	0.000820	9.8
242	-1.374744	301.178196	0.017390	9.6
243	-0.511062	300.652580	0.004872	7.7
244	-1.185292	300.129402	0.010653	14.7
245	-0.503034	299.608645	0.006793	9.6
246	-0.723904	299.090291	0.008627	7.6
247	-1.482026	298.574321	0.012174	7.6
248	-1.374858	298.060718	0.012967	11.4
249	-0.802615	297.549465	0.006990	8.7
250	-0.090567	297.040543	0.003142	11.0
251	-0.274157	296.533936	0.003461	9.1
252	-0.840789	296.029626	0.007964	8.9
253	-0.459602	295.527597	0.012102	10.2
254	-0.866081	295.027832	0.011816	7.2
255	-0.000051	294.530315	0.000010	11.0
256	-1.422847	294.035028	0.004970	10.1
257	-0.189653	293.541956	0.003975	12.1
258	-0.054525	293.051083	0.001494	10.7
259	-0.869923	292.562393	0.006075	9.5
260	-0.000000	292.075870	0.000000	7.5
261	-1.128350	291.591498	0.005282	11.4
262	-1.210191	291.109263	0.025763	7.8
263	-0.761002	290.629149	0.016113	10.9
264	-1.147545	290.151140	0.007363	10.8
265	-1.241550	289.675222	0.005340	9.0
266	-1.174776	289.201380	0.023635	12.9
267	-0.028429	288.729600	0.001558	10.9
268	-0.829097	288.259866	0.012596	7.1
269	-0.658891	287.792165	0.006676	8.9
270	-0.631610	287.326481	0.007287	10.5
271	-0.935989	286.862802	0.015184	10.1
272	-0.348485	286.401113	0.004198	9.7
273	-0.385067	285.941400	0.013260	7.7
274	-1.054204	285.483649	0.002316	11.8
275	-0.754255	285.027847	0.008120	7.5
276	-0.125841	284.573981	0.002601	8.2
277	-1.384883	284.122037	0.008160	10.5
278	-1.212592	283.672002	0.008549	8.5
279	-0.425949	283.223863	0.003214	11.9
280	-1.512905	282.777607	0.006277	11.4
281	-0.037049	282.333221	0.001458	9.1
282	-0.004972	281.890692	0.000256	7.4
283	-1.415741	281.450008	0.009871	11.1
284	-1.439104	281.011157	0.004058	7.6
285	-1.513889	280.574125	0.006419	10.6
286	-0.352957	280.138901	0.008706	9.8
287	-0.000136	279.705473	0.000025	9.4
288	-0.751532	279.273829	0.017695	10.4
289	-1.035672	278.843956	0.009765	7.6
290	-0.000000	278.415844	0.000000	10.9
291	-0.407941	277.989479	0.005298	11.3
292	-0.613178	277.564851	0.006322	10.9
293	-0.873926	277.141949	0.012122	11.4
294	-1.425173	276.720761	0.012651	10.6
295	-0.086130	276.301275	0.004701	8.2
296	-0.894874	275.883480	0.007013	12.1
297	-0.810190	275.467366	0.005235	7.5
298	-0.835823	275.052922	0.012486	10.2
299	-0.707617	274.640136	0.003860	9.9
300	-0.519306	274.228998	0.012110	11.4
301	-1.369329	273.819497	0.024474	10.4
302	-1.196491	273.411623	0.009302	10.1
303	-1.354130	273.005365	0.017355	7.6
304	-0.045255	272.600712	0.001730	10.0
305	-1.030442	272.197655	0.014498	10.2
306	-1.356098	271.796184	0.012942	10.5
307	-1.523471	271.396287	0.013532	10.2
308	-0.064025	270.997956	0.001122	8.3
309	-1.169753	270.601180	0.007827	12.0
310	-0.000000	270.205949	0.000000	7.6
311	-0.077658	269.812254	0.003226	10.2
312	-0.385188	269.420085	0.011242	10.8
313	-0.212862	269.029432	0.002689	11.6
314	-0.667217	268.640287	0.003953	10.1
315	-1.046608	268.252638	0.018867	10.2
316	-1.051613	267.866478	0.024271	7.6
317	-1.138845	267.481796	0.011086	8.3
318	-1.408730	267.098584	0.014483	11.7
319	-1.028775	266.716833	0.007597	10.1
320	-0.005048	266.336533	0.000341	9.8
321	-0.799216	265.957676	0.009599	8.7
322	-0.000000	265.580253	0.000000	11.5
323	-0.384350	265.204254	0.007452	7.5
324	-0.000000	264.829672	0.000000	10.2
325	-0.451687	264.456497	0.007484	10.1
326	-0.000001	264.084721	0.000000	8.8
327	-1.371822	263.714335	0.009760	10.4
328	-0.464256	263.345332	0.003573	11.0
329	-0.629175	262.977702	0.017427	8.9
330	-0.001551	262.611438	0.000272	7.5
331	-0.694186	262.246531	0.005191	11.8
332	-0.951350	261.882973	0.007809	8.3
333	-0.825713	261.520756	0.002595	10.8
334	-0.000196	261.159871	0.000039	9.8
335	-0.394704	260.800312	0.010111	9.0
336	-0.716620	260.442070	0.006939	9.8
337	-0.754304	260.085137	0.011839	7.5
338	-1.219537	259.729505	0.007663	10.8
339	-0.997123	259.375167	0.010351	11.0
340	-1.189415	259.022116	0.014542	11.3
341	-0.800399	258.670343	0.017463	10.6
342	-0.000000	258.319841	0.000000	9.5
343	-1.375484	257.970602	0.012725	7.6
344	-0.000018	257.622620	0.000004	11.8
345	-1.043769	257.275887	0.012704	8.2
346	-1.234685	256.930396	0.005603	11.6
347	-1.432897	256.586139	0.016017	9.7
348	-0.000000	256.243109	0.000000	10.5
349	-1.593379	255.901300	0.009165	10.5
350	-0.875846	255.560703	0.014178	9.4
351	-1.373552	255.221313	0.004375	9.1
352	-0.549608	254.883122	0.007090	9.2
353	-1.118338	254.546124	0.018472	10.3
354	-1.158529	254.210311	0.009265	9.5
355	-0.007491	253.875677	0.000836	11.1
356	-0.208802	253.542215	0.002929	7.5
357	-1.308472	253.209918	0.008049	13.9
358	-0.680506	252.878781	0.016757	9.7
359	-0.000000	252.548795	0.000000	8.6
360	-0.872131	252.219956	0.007707	7.4
361	-0.764035	251.892255	0.006056	12.4
362	-0.005050	251.565688	0.000333	8.0
363	-1.406941	251.240247	0.015239	10.5
364	-0.381585	250.915926	0.006928	9.0
365	-0.745855	250.592720	0.010367	8.3
366	-0.166975	250.270621	0.002623	10.2
367	-1.071040	249.949624	0.006537	7.5
368	-0.628193	249.629723	0.012647	9.5
369	-1.299866	249.310911	0.016055	9.9
370	-0.000797	248.993182	0.000133	10.3
371	-0.483138	248.676531	0.010110	10.4
372	-0.000000	248.360952	0.000000	9.1
373	-1.032651	248.046438	0.009109	7.7
374	-1.526218	247.732984	0.008767	7.8
375	-1.391862	247.420584	0.010422	12.9
376	-0.689974	247.109233	0.009367	8.0
377	-0.000000	246.798924	0.000000	11.1
378	-0.985830	246.489652	0.009248	8.4
379	-0.000035	246.181412	0.000008	10.2
380	-0.580829	245.874197	0.008804	11.7
381	-1.352710	245.568002	0.009006	10.0
382	-1.660477	245.262822	0.009253	7.5
383	-0.144099	244.958652	0.003234	10.3
384	-1.481596	244.655485	0.015443	8.1
385	-0.501638	244.353317	0.011218	10.6
386	-0.000006	244.052142	0.000001	10.1
387	-0.303821	243.751955	0.003963	9.2
388	-0.012596	243.452750	0.000918	13.7
389	-0.000000	243.154523	0.000000	9.7
390	-0.771818	242.857268	0.013892	7.6
391	-1.502558	242.560980	0.014414	7.6
392	-0.905059	242.265654	0.010398	13.4
393	-0.008432	241.971285	0.000313	11.3
394	-1.239653	241.677868	0.009263	10.9
395	-1.328499	241.385397	0.005657	7.9
396	-1.089154	241.093869	0.009768	11.8
397	-0.000000	240.803278	0.000000	7.5
398	-1.275737	240.513619	0.002832	10.7
399	-0.011718	240.224887	0.001075	9.5
400	-0.139510	239.937077	0.003301	11.0
401	-0.010667	239.650186	0.000555	10.6
402	-0.000000	239.364207	0.000000	9.8
403	-0.332584	239.079136	0.008422	7.4
404	-1.641930	238.794969	0.012806	9.1
405	-1.403533	238.511701	0.022835	11.5
406	-0.432593	238.229327	0.016019	10.1
407	-0.000000	237.947843	0.000000	10.8
408	-0.181087	237.667244	0.004484	8.5
409	-1.121241	237.387526	0.010548	11.9
410	-1.131982	237.108684	0.005009	7.6
411	-0.000000	236.830714	0.000000	10.0
412	-1.491587	236.553610	0.008145	10.2
413	-0.352769	236.277370	0.020585	11.5
414	-1.221890	236.001989	0.013690	9.3
415	-1.489572	235.727461	0.008556	10.0
416	-1.051761	235.453784	0.013396	7.8
417	-0.693309	235.180952	0.006101	7.7
418	-0.528236	234.908962	0.007860	12.9
419	-0.611803	234.637809	0.013480	8.0
420	-1.070419	234.367488	0.009114	10.9
421	-1.068392	234.097997	0.006485	9.0
422	-1.269018	233.829331	0.011923	11.0
423	-1.260942	233.561485	0.005392	7.7
424	-0.520374	233.294456	0.008347	7.2
425	-1.283307	233.028239	0.009353	10.7
426	-0.903571	232.762831	0.017730	10.1
427	-0.000000	232.498228	0.000000	11.7
428	-0.526169	232.234425	0.005233	10.6
429	-1.357732	231.971419	0.005005	9.5
430	-1.152480	231.709205	0.009772	7.5
431	-0.226237	231.447781	0.009172	11.5
432	-1.104265	231.187141	0.009602	7.6
433	-0.084333	230.927283	0.001914	10.2
434	-0.850991	230.668202	0.006675	10.2
435	-0.000000	230.409895	0.000000	8.8
436	-0.034298	230.152358	0.001939	12.9
437	-0.750834	229.895587	0.005752	9.5
438	-1.461047	229.639578	0.011852	9.0
439	-0.938939	229.384329	0.007152	7.4
440	-0.100790	229.129834	0.001528	11.7
441	-1.286059	228.876091	0.009659	8.0
442	-0.000000	228.623096	0.000000	10.8
443	-0.805109	228.370846	0.010731	8.2
444	-0.000142	228.119336	0.000022	7.8
445	-0.000000	227.868563	0.000000	12.3
446	-0.330641	227.618525	0.002826	7.4
447	-1.220657	227.369216	0.011438	10.7
448	-1.152807	227.120635	0.004888	10.2
449	-0.050120	226.872777	0.002019	10.9
450	-0.230135	226.625638	0.004324	11.1
451	-1.026387	226.379217	0.013507	10.0
452	-0.750722	226.133509	0.003904	7.5
453	-0.000000	225.888510	0.000000	9.2
454	-0.035472	225.644218	0.001660	9.9
455	-0.159929	225.400630	0.004196	10.3
456	-1.554398	225.157741	0.011783	10.0
457	-0.554681	224.915549	0.003885	7.5
458	-0.136604	224.674051	0.002406	14.5
459	-0.978918	224.433242	0.004909	10.2
460	-0.677329	224.193121	0.007716	7.6
461	0.000000	223.953684	0.000000	7.4
462	-1.144409	223.714927	0.025319	11.5
463	-0.719975	223.476848	0.017643	8.1
464	-0.531337	223.239444	0.006681	11.4
465	-0.342966	223.002710	0.006120	8.5
466	-1.308407	222.766645	0.008933	8.8
467	-1.135430	222.531245	0.017699	10.3
468	-1.379959	222.296508	0.017802	7.4
469	-1.295226	222.062429	0.007635	11.2
470	-0.863354	221.829007	0.013153	9.2
471	-1.505483	221.596238	0.014113	11.3
472	-0.599663	221.364119	0.006588	10.2
473	-0.484449	221.132647	0.004213	9.4
474	-1.316381	220.901820	0.012648	7.6
475	-0.000000	220.671634	0.000000	8.0
476	-1.353721	220.442086	0.008018	13.2
477	-0.791710	220.213174	0.011212	9.7
478	-0.809164	219.984895	0.007806	10.1
479	-1.281823	219.757246	0.014008	7.5
480	-1.443380	219.530224	0.007415	10.5
481	-0.932275	219.303826	0.007988	7.7
482	-1.472132	219.078050	0.007467	8.5
483	-0.005332	218.852893	0.000550	9.9
484	-1.570696	218.628352	0.016467	8.0
485	-1.339076	218.404424	0.006183	12.5
486	-1.515014	218.181106	0.030002	11.4
487	-1.118164	217.958397	0.005545	9.0
488	-0.027928	217.736292	0.001463	7.4
489	-1.120142	217.514790	0.024801	11.6
490	-0.513692	217.293888	0.007356	7.4
491	-1.508387	217.073584	0.009587	11.6
492	-0.016579	216.853873	0.000797	10.3
493	-0.000000	216.634755	0.000000	9.0
494	-1.490872	216.416227	0.014883	10.3
495	-0.250708	216.198285	0.003800	7.6
496	-0.000000	215.980927	0.000000	11.5
497	-0.749794	215.764151	0.008137	9.3
498	-0.017692	215.547955	0.000927	12.2
499	-0.202522	215.332335	0.006416	10.2
500	-0.798002	215.117289	0.007444	9.6
501	-1.278872	214.902815	0.020090	7.5
502	-1.004923	214.688911	0.009802	11.2
503	-1.173420	214.475573	0.007046	7.7
504	-0.124330	214.262800	0.005535	9.8
505	-1.444119	214.050588	0.008571	9.2
506	-0.591438	213.838936	0.009753	9.6
507	-0.049580	213.627842	0.003483	13.0
508	-0.092843	213.417302	0.002367	9.4
509	-0.821513	213.207314	0.001212	8.2
510	-1.348187	212.997877	0.008515	7.6
511	-0.713946	212.788987	0.014324	10.8
512	-0.103433	212.580642	0.001410	7.5
513	-0.433789	212.372841	0.014635	10.4
514	-0.196291	212.165581	0.002703	8.6
515	-0.000000	211.958859	0.000000	8.3
516	-0.712470	211.752673	0.005484	12.9
517	-1.291764	211.547021	0.011748	7.6
518	-0.765676	211.341902	0.007563	10.6
519	-0.857967	211.137311	0.008355	11.3
520	-1.338437	210.933248	0.018339	12.5
521	-0.134533	210.729710	0.003648	10.6
522	-0.000361	210.526695	0.000067	9.6
523	-1.491297	210.324200	0.010232	7.5
524	-1.543276	210.122224	0.024198	10.8
525	-1.661820	209.920765	0.005099	7.5
526	-0.414557	209.719820	0.011806	9.6
527	-1.385097	209.519387	0.007150	9.9
528	-0.000000	209.319463	0.000000	7.9
529	-1.526366	209.120048	0.006147	13.7
530	-0.460632	208.921139	0.012230	10.3
531	-0.330166	208.722733	0.005605	7.9
532	-1.196973	208.524829	0.005602	7.6
533	-1.312307	208.327425	0.008560	10.9
534	-1.333118	208.130518	0.019657	8.4
535	-0.113508	207.934107	0.003316	11.7
536	-0.000000	207.738189	0.000000	9.4
537	-0.000000	207.542762	0.000000	7.5
538	-0.795744	207.347825	0.006833	11.1
539	-0.132099	207.153376	0.004151	7.6
540	-0.187685	206.959412	0.005328	11.1
541	-0.813445	206.765932	0.010279	9.3
542	-0.048586	206.572933	0.002656	10.8
543	-0.743699	206.380414	0.002664	10.3
544	0.000000	206.188373	0.000000	10.0
545	-1.323539	205.996807	0.011984	7.6
546	-1.243595	205.805716	0.004355	8.4
547	-0.000000	205.615096	0.000000	11.6
548	-0.649350	205.424946	0.011382	10.0
549	-1.004645	205.235265	0.010898	9.9
550	-0.582090	205.046050	0.008375	9.2
551	-0.942987	204.857299	0.006167	11.6
552	-1.227159	204.669011	0.020614	7.5
553	-1.256874	204.481184	0.015918	7.8
554	-1.491016	204.293816	0.004983	10.3
555	-0.392875	204.106905	0.006390	8.6
556	-0.857679	203.920449	0.009325	12.2
557	-1.054898	203.734447	0.010744	11.3
558	-0.000000	203.548896	0.000000	8.7
559	-0.000000	203.363795	0.000000	7.7
560	-0.535916	203.179143	0.005014	10.6
561	-1.600512	202.994937	0.008559	8.5
562	-1.074218	202.811176	0.015157	10.5
563	-1.231129	202.627857	0.007740	10.2
564	-1.422123	202.444980	0.012538	8.5
565	-0.479095	202.262543	0.004765	10.8
566	-1.092113	202.080543	0.015999	7.6
567	-1.493995	201.898979	0.009983	10.7
568	-0.096146	201.717849	0.004726	10.4
569	-0.688656	201.537153	0.005994	11.7
570	-1.162061	201.356887	0.011701	10.6
571	-0.930914	201.177050	0.011724	10.1
572	-0.069555	200.997642	0.002205	7.5
573	-0.010400	200.818659	0.000564	8.6
574	-1.019997	200.640100	0.008121	11.6
575	-0.000000	200.461965	0.000000	10.3
576	-0.000158	200.284250	0.000026	12.5
577	-0.453667	200.106955	0.009807	8.2
578	-0.960146	199.930078	0.004864	10.9
579	-1.087656	199.753617	0.014808	7.5
580	-0.034235	199.577571	0.001707	9.8
581	-0.000000	199.401938	0.000000	10.1
582	-1.224454	199.226717	0.014021	10.5
583	-1.217119	199.051905	0.012457	9.5
584	-0.158674	198.877502	0.004091	10.1
585	-0.000001	198.703506	0.000000	8.1
586	-1.078310	198.529916	0.007748	8.4
587	-1.541442	198.356729	0.016016	11.9
588	-0.140347	198.183944	0.003901	7.6
589	-0.995575	198.011560	0.006986	12.8
590	-1.368233	197.839576	0.010525	9.5
591	-1.451587	197.667989	0.007305	12.5
592	-0.000000	197.496798	0.000000	11.0
593	-0.009737	197.326002	0.000708	8.6
594	-0.000000	197.155600	0.000000	8.0
595	-0.766790	196.985589	0.007507	14.2
596	-0.000000	196.815969	0.000000	9.8
597	-0.422428	196.646738	0.005930	14.3
598	-1.128677	196.477894	0.014083	8.6
599	-0.237874	196.309436	0.003064	12.8
600	-0.344099	196.141363	0.006655	7.6
601	-0.137122	195.973673	0.001297	10.2
602	-0.701162	195.806365	0.006470	9.7
603	-0.723348	195.639437	0.003198	8.3
604	-1.333212	195.472888	0.009456	11.1
605	-1.051685	195.306717	0.010107	7.5
606	-1.471494	195.140922	0.016315	9.7
607	-0.000000	194.975501	0.000000	10.1
608	-1.212535	194.810454	0.009458	11.5
609	-0.588212	194.645779	0.003941	9.7
610	-1.225379	194.481475	0.016674	10.6
611	-0.409024	194.317540	0.002957	7.6
612	-0.000000	194.153973	0.000000	8.3
613	-0.666951	193.990773	0.006195	11.7
614	-0.516350	193.827938	0.005720	7.6
615	-0.542137	193.665467	0.006680	10.4
616	-0.796791	193.503358	0.005286	9.4
617	-0.000000	193.341611	0.000000	10.6
618	-1.266374	193.180224	0.010625	11.6
619	-0.142147	193.019196	0.003610	9.5
620	-0.995472	192.858525	0.010508	7.5
621	-0.713064	192.698210	0.010431	9.5
622	-0.703881	192.538251	0.016402	9.3
623	-1.532703	192.378644	0.011382	9.9
624	-0.000000	192.219391	0.000000	9.5
625	-1.287563	192.060488	0.021683	7.6
626	-1.515064	191.901935	0.013501	13.3
627	-0.000079	191.743730	0.000013	7.5
628	-1.596638	191.585873	0.010581	9.8
629	-0.372391	191.428362	0.008296	9.8
630	-1.406125	191.271196	0.011716	10.6
631	-1.103827	191.114374	0.006652	7.9
632	-1.007423	190.957893	0.003952	9.7
633	-1.000911	190.801755	0.010973	9.4
634	-1.505638	190.645956	0.006247	7.9
635	-0.609951	190.490495	0.007444	11.9
636	-0.422406	190.335373	0.017165	7.5
637	-0.892494	190.180587	0.014935	10.2
638	-0.372915	190.026136	0.004606	9.0
639	-0.790747	189.872019	0.004175	10.0
640	-0.000037	189.718235	0.000006	10.2
641	-1.014519	189.564782	0.009260	9.8
642	-0.000000	189.411661	0.000000	7.8
643	-1.050880	189.258868	0.006766	7.5
644	-0.000505	189.106404	0.000087	13.1
645	-1.529432	188.954267	0.010574	9.5
646	-0.049882	188.802456	0.001828	9.2
647	-1.139224	188.650969	0.007801	8.6
648	-0.095341	188.499807	0.002410	10.3
649	-0.160494	188.348967	0.004839	7.6
650	-1.512285	188.198448	0.025952	7.5
651	-1.450517	188.048250	0.013503	10.3
652	-1.469629	187.898371	0.014326	11.9
653	-0.014349	187.748810	0.001481	10.4
654	-0.642034	187.599566	0.005269	9.6
655	-0.736953	187.450638	0.006780	9.5
656	-0.772602	187.302025	0.021750	7.6
657	-1.485899	187.153725	0.010519	11.5
658	-0.815980	187.005739	0.003535	7.4
659	-0.859316	186.858064	0.013559	8.1
660	-0.873584	186.710699	0.012260	10.2
661	-0.000018	186.563645	0.000004	8.8
662	-0.952119	186.416898	0.014687	11.4
663	-1.472065	186.270459	0.009227	10.4
664	-1.445453	186.124326	0.012452	9.5
665	-1.352967	185.978499	0.013040	7.5
666	-1.391347	185.832976	0.008071	10.7
667	-1.319534	185.687756	0.012200	7.6
668	-1.590846	185.542838	0.006331	10.7
669	-0.000661	185.398222	0.000143	9.6
670	-0.045207	185.253906	0.003204	8.4
671	-0.099732	185.109889	0.004542	12.4
672	-1.479673	184.966170	0.011700	9.1
673	-0.532482	184.822748	0.005817	7.5
674	-0.859734	184.679623	0.024139	7.4
675	-0.000000	184.536792	0.000000	9.9
676	-0.000314	184.394256	0.000071	9.0
677	-0.488263	184.252013	0.010417	10.7
678	-0.005540	184.110062	0.000529	10.5
679	-0.862285	183.968403	0.007803	7.6
680	-1.037027	183.827034	0.014235	12.9
681	-0.161334	183.685954	0.003646	7.4
682	-1.045510	183.545163	0.006888	10.7
683	-0.251877	183.404658	0.004125	9.5
684	-1.020740	183.264441	0.006384	11.6
685	-1.617304	183.124509	0.017491	10.6
686	-1.260981	182.984861	0.008303	9.6
687	-0.135128	182.845497	0.003163	7.6
688	-0.526310	182.706416	0.004157	8.8
689	-0.660609	182.567616	0.007213	11.7
690	-1.367611	182.429098	0.010557	10.1
691	-0.016338	182.290859	0.001050	9.5
692	-0.001750	182.152899	0.000285	8.4
693	-0.647800	182.015217	0.005387	11.1
694	-0.720782	181.877813	0.013513	7.5
695	-1.056153	181.740684	0.009433	9.1
696	-1.132588	181.603832	0.005685	9.7
697	-1.197523	181.467253	0.011312	9.3
698	-0.000517	181.330948	0.000079	10.8
699	-0.820376	181.194916	0.011934	10.4
700	-0.968033	181.059155	0.010659	9.0
701	-0.006058	180.923666	0.000445	7.5
702	-1.280169	180.788446	0.007804	11.0
703	-0.776184	180.653496	0.018642	7.6
704	-1.012639	180.518814	0.006719	10.6
705	-1.152715	180.384399	0.003945	9.7
706	-1.021174	180.250251	0.004840	9.3
707	-0.438033	180.116369	0.003284	10.5
708	-1.189581	179.982752	0.009165	7.5
709	-1.406575	179.849398	0.010716	9.8
710	-1.523700	179.716308	0.012944	9.9
711	-1.104400	179.583480	0.012989	11.6
712	-0.793651	179.450913	0.009088	7.5
713	-1.127998	179.318607	0.011034	10.3
714	-0.000000	179.186561	0.000000	8.4
715	-0.966711	179.054774	0.004021	7.6
716	-0.817295	178.923245	0.006705	12.9
717	-0.154372	178.791973	0.002362	7.4
718	-1.392406	178.660958	0.004566	9.7
719	-0.751257	178.530199	0.006497	9.9
720	-0.872780	178.399694	0.010165	10.8
721	-0.469201	178.269444	0.015085	9.6
722	-0.742626	178.139447	0.007370	9.4
723	-1.208931	178.009702	0.011275	8.2
724	-1.465591	177.880209	0.006643	7.4
725	-1.095277	177.750967	0.019873	12.3
726	-0.781134	177.621975	0.009007	8.0
727	0.000000	177.493232	0.000000	9.9
728	-0.819745	177.364738	0.010636	8.3
729	-0.054213	177.236492	0.001380	10.2
730	-0.442808	177.108492	0.007556	9.6
731	-0.000005	176.980739	0.000001	9.3
732	-1.571089	176.853231	0.013330	7.7
733	-1.462412	176.725968	0.018569	7.5
734	-1.052578	176.598949	0.010541	12.8
735	-0.384846	176.472173	0.008510	8.8
736	-0.117048	176.345639	0.002079	9.2
737	-0.718646	176.219348	0.007580	8.5
738	-1.332722	176.093296	0.009801	10.1
739	-0.841669	175.967486	0.005961	8.2
740	-0.794853	175.841914	0.006818	7.6
741	-1.347206	175.716581	0.008601	9.7
742	-1.074503	175.591486	0.011482	10.0
743	-0.074497	175.466629	0.003291	11.2
744	-0.223901	175.342008	0.002664	9.3
745	-0.645342	175.217622	0.006511	9.2
746	-1.055547	175.093472	0.008194	7.8
747	-1.602252	174.969556	0.015959	10.2
748	-1.103469	174.845873	0.022464	8.8
749	-1.086027	174.722423	0.008097	7.7
750	-1.026495	174.599206	0.010180	10.4
751	-1.229508	174.476220	0.011413	9.5
752	-1.334526	174.353464	0.008781	10.5
753	-0.000417	174.230939	0.000060	9.6
754	-0.000000	174.108643	0.000000	9.1
755	-1.602405	173.986576	0.007830	8.2
756	-0.496652	173.864737	0.004182	10.2
757	-0.428750	173.743124	0.012375	7.6
758	-1.440305	173.621739	0.009311	7.9
759	-1.066175	173.500579	0.005101	10.2
760	-0.880212	173.379645	0.003382	8.3
761	-0.686889	173.258935	0.003986	11.7
762	-0.182684	173.138449	0.002904	9.1
763	-0.000358	173.018186	0.000054	9.6
764	-1.149092	172.898146	0.004210	7.5
765	-1.441964	172.778327	0.007435	7.7
766	-0.000000	172.658730	0.000000	13.7
767	-1.528345	172.539353	0.014210	10.7
768	-0.011668	172.420196	0.000441	9.2
769	-1.023961	172.301258	0.011422	8.3
770	-0.801615	172.182539	0.007774	11.1
771	-0.000000	172.064037	0.000000	7.6
772	-1.205333	171.945753	0.010835	10.1
773	-1.411027	171.827686	0.007961	9.7
774	-0.430214	171.709834	0.006414	9.0
775	-0.023010	171.592198	0.001152	10.0
776	-1.257743	171.474776	0.026370	11.0
777	-0.617070	171.357568	0.005162	8.3
778	-1.014172	171.240574	0.004647	7.6
779	-0.076303	171.123793	0.003978	11.1
780	-1.163924	171.007223	0.008486	7.6
781	-0.759804	170.890865	0.006053	10.6
782	-1.253867	170.774718	0.003709	10.9
783	-1.465722	170.658782	0.011607	8.9
784	-0.019483	170.543055	0.001438	10.1
785	-0.346715	170.427537	0.008061	7.6
786	-1.118746	170.312227	0.019011	10.1
787	-1.014536	170.197125	0.009272	10.3
788	-1.135528	170.082231	0.008612	11.6
789	-1.232609	169.967543	0.007543	9.9
790	-1.286956	169.853061	0.006963	10.5
791	-1.267168	169.738784	0.014749	7.7
792	-1.350636	169.624713	0.013803	11.2
793	-0.034944	169.510845	0.001889	7.6
794	-1.229514	169.397181	0.008089	7.5
795	-1.055084	169.283720	0.009237	10.2
796	-0.291908	169.170462	0.006270	9.5
797	-0.957275	169.057405	0.010446	11.9
798	-1.069752	168.944549	0.001791	12.8
799	-0.000052	168.831895	0.000012	8.2
800	-1.076492	168.719440	0.008175	7.5
801	-0.770019	168.607185	0.009500	11.4
802	-1.502136	168.495129	0.012278	7.6
803	-1.176644	168.383271	0.013713	9.6
804	-0.470729	168.271611	0.005614	9.2
805	-0.858214	168.160148	0.008714	8.9
806	-0.779608	168.048882	0.004030	12.1
807	-0.171314	167.937812	0.002368	7.2
808	-1.364201	167.826938	0.008473	10.2
809	-1.270735	167.716258	0.011398	9.3
810	-1.109068	167.605773	0.012710	12.0
811	-1.376784	167.495482	0.008663	9.1
812	-1.504249	167.385384	0.006258	9.4
813	-0.000000	167.275479	0.000000	8.4
814	-0.264527	167.165766	0.004384	7.5
815	-0.584561	167.056245	0.005255	12.2
816	-0.792915	166.946915	0.016289	7.4
817	-1.382108	166.837776	0.014036	10.4
818	-1.129434	166.728826	0.014668	9.6
819	-0.778631	166.620067	0.005637	10.7
820	-0.000000	166.511496	0.000000	9.9
821	-0.000003	166.403113	0.000001	10.3
822	-0.000000	166.294919	0.000000	7.6
823	-0.645830	166.186912	0.010905	8.4
824	-0.212847	166.079091	0.006734	12.4
825	-0.817966	165.971458	0.006471	10.2
826	-0.400339	165.864009	0.003021	9.5
827	-1.008554	165.756747	0.010456	8.3
828	-1.183655	165.649669	0.011714	11.1
829	-1.238887	165.542775	0.004974	8.5
830	-0.949529	165.436065	0.007800	9.0
831	-1.255795	165.329538	0.007999	9.2
832	-0.561465	165.223194	0.004690	8.4
833	-0.964420	165.117032	0.016589	12.7
834	-0.445375	165.011052	0.011037	9.8
835	-0.810131	164.905253	0.014813	8.2
836	-1.040627	164.799635	0.003883	7.4
837	-1.516686	164.694197	0.005286	10.2
838	-1.415598	164.588939	0.011731	7.9
839	-1.375725	164.483859	0.010934	9.7
840	-0.000758	164.378959	0.000113	9.2
841	-0.176738	164.274237	0.006935	7.5
842	-0.516080	164.169692	0.016086	14.0
843	-0.814796	164.065325	0.008400	9.3
844	-1.443794	163.961135	0.011805	8.6
845	-0.001279	163.857120	0.000207	7.4
846	-0.000000	163.753282	0.000000	10.6
847	-1.387983	163.649619	0.007975	7.5
848	-1.033432	163.546130	0.006943	9.1
849	-0.833698	163.442816	0.014638	9.5
850	-0.000171	163.339676	0.000035	7.5
851	-0.543663	163.236709	0.006100	13.8
852	-0.000290	163.133915	0.000053	9.2
853	-0.086659	163.031294	0.003323	8.0
854	-1.354147	162.928844	0.007172	7.4
855	-0.000006	162.826566	0.000002	10.2
856	-0.825002	162.724459	0.006530	7.9
857	-1.052979	162.622523	0.008578	9.7
858	-0.000000	162.520757	0.000000	9.4
859	-0.379618	162.419160	0.002887	7.8
860	-0.064991	162.317733	0.002834	11.2
861	-1.176664	162.216474	0.024629	7.4
862	-1.543979	162.115383	0.010611	9.2
863	-1.053165	162.014461	0.008162	9.2
864	-1.146195	161.913705	0.006090	9.8
865	-0.098455	161.813117	0.001312	9.3
866	-0.995599	161.712695	0.012933	10.4
867	-0.000000	161.612439	0.000000	9.0
868	-0.000000	161.512349	0.000000	7.6
869	-0.057659	161.412424	0.002640	13.3
870	-1.085054	161.312663	0.005163	7.5
871	-0.008397	161.213067	0.000387	8.9
872	-1.492135	161.113635	0.014533	9.5
873	-0.809449	161.014366	0.004254	9.4
874	-0.595762	160.915260	0.009605	11.6
875	-0.650361	160.816316	0.007003	9.5
876	-0.546181	160.717535	0.006380	8.3
877	-0.000000	160.618915	0.000000	8.1
878	-0.351042	160.520456	0.004920	12.1
879	-0.000000	160.422158	0.000000	7.5
880	-0.728776	160.324021	0.008964	9.8
881	-0.030054	160.226043	0.002840	8.9
882	-0.886883	160.128225	0.016379	9.6
883	-1.321833	160.030566	0.004774	10.5
884	-0.000018	159.933066	0.000003	9.5
885	-1.423623	159.835723	0.012189	7.7
886	-1.572655	159.738539	0.005144	7.5
887	-1.525676	159.641512	0.012620	14.0
888	-0.124758	159.544642	0.002548	10.1
889	-1.453779	159.447929	0.010178	9.0
890	-1.251182	159.351372	0.014427	7.4
891	-1.175392	159.254971	0.004662	10.1
892	-0.243809	159.158725	0.003165	8.1
893	-0.006983	159.062634	0.000499	7.4
894	-0.000000	158.966697	0.000000	10.5
895	-1.318243	158.870915	0.018980	10.5
896	-0.713220	158.775286	0.004143	11.1
897	-0.304066	158.679811	0.007526	10.3
898	-0.646241	158.584489	0.018973	10.0
899	-0.979497	158.489319	0.003823	7.6
900	-1.433115	158.394302	0.015737	11.6
901	-0.000000	158.299436	0.000000	7.9
902	-1.182220	158.204721	0.013218	10.2
903	-0.863820	158.110158	0.010489	10.6
904	-0.018914	158.015745	0.000752	8.6
905	-0.863541	157.921482	0.010195	12.3
906	-0.257030	157.827369	0.004289	9.6
907	-0.061725	157.733406	0.001539	8.1
908	-0.746338	157.639591	0.008552	7.6
909	-1.031024	157.545925	0.010033	12.0
910	-0.832892	157.452408	0.005651	7.7
911	-1.280168	157.359038	0.004867	9.8
912	-0.000000	157.265816	0.000000	8.5
913	-1.510415	157.172741	0.008981	7.6
914	-0.108580	157.079813	0.002257	13.1
915	-0.000000	156.987031	0.000000	7.5
916	-0.000303	156.894395	0.000048	10.4
917	-1.518956	156.801904	0.011486	9.2
918	-1.113468	156.709559	0.011308	10.1
919	-0.626569	156.617359	0.009446	10.2
920	-1.392943	156.525304	0.023118	9.4
921	-0.655685	156.433392	0.004648	7.7
922	-0.539767	156.341624	0.014177	7.5
923	0.000000	156.250000	0.000000	12.4
924	-0.957327	156.158519	0.006484	9.2
925	-0.363887	156.067180	0.005967	9.4
926	-0.000000	155.975984	0.000000	8.0
927	-1.109632	155.884930	0.011977	10.0
928	-0.069970	155.794017	0.001695	10.3
929	-0.762633	155.703246	0.008008	10.0
930	-1.473782	155.612615	0.009957	7.5
931	-0.635205	155.522125	0.008490	9.7
932	-0.650571	155.431775	0.004231	11.6
933	-0.000000	155.341565	0.000000	9.7
934	-1.188750	155.251495	0.009174	10.1
935	-1.285522	155.161563	0.013609	7.5
936	-1.205551	155.071771	0.011949	10.9
937	-1.248734	154.982117	0.011484	8.3
938	-0.896150	154.892601	0.009512	9.5
939	-1.447734	154.803222	0.006693	9.2
940	-0.000000	154.713981	0.000000	8.1
941	-1.492888	154.624878	0.014474	11.8
942	-1.510127	154.535910	0.014378	11.5
943	-0.000008	154.447080	0.000002	8.7
944	-0.579638	154.358385	0.004090	7.4
945	-1.150067	154.269826	0.016707	10.7
946	-0.000000	154.181402	0.000000	8.4
947	-0.880883	154.093114	0.011834	10.2
948	-0.875488	154.004960	0.009343	9.5
949	-0.000007	153.916940	0.000001	8.9
950	-1.517046	153.829054	0.011261	10.2
951	-0.000000	153.741303	0.000000	7.5
952	-0.362370	153.653684	0.013731	9.9
953	-0.487050	153.566198	0.024598	8.9
954	-0.166209	153.478846	0.004097	11.0
955	-1.033332	153.391625	0.013894	9.0
956	-0.569674	153.304537	0.004216	9.9
957	-1.216144	153.217580	0.018136	8.7
958	-1.473166	153.130755	0.012230	8.4
959	-0.000000	153.044061	0.000000	11.5
960	-0.819283	152.957498	0.006619	7.5
961	-0.000095	152.871065	0.000017	11.0
962	-0.004396	152.784762	0.000498	9.1
963	-0.000000	152.698589	0.000000	11.1
964	-0.846729	152.612545	0.012653	10.4
965	-1.081341	152.526631	0.006784	9.4
966	-1.428803	152.440845	0.010466	7.4
967	-0.594958	152.355188	0.010599	8.8
968	-0.976618	152.269660	0.007592	10.6
969	-0.061283	152.184259	0.004863	8.1
970	-1.199178	152.098986	0.011975	9.9
971	-0.000012	152.013840	0.000003	8.2
972	-0.978429	151.928821	0.006968	10.4
973	-0.497109	151.843928	0.009341	9.2
974	-0.000001	151.759163	0.000000	9.7
975	-1.416480	151.674523	0.015557	7.4
976	-1.506690	151.590009	0.007007	8.9
977	-0.000116	151.505620	0.000017	12.0
978	-0.000000	151.421357	0.000000	9.4
979	-1.312563	151.337218	0.014985	9.3
980	-0.055064	151.253204	0.001548	7.7
981	-1.437877	151.169314	0.011484	10.0
982	-1.238265	151.085549	0.009186	8.3
983	-1.087289	151.001907	0.006298	7.4
984	-1.658239	150.918388	0.007250	10.3
985	-0.013399	150.834992	0.000529	9.0
986	-0.000000	150.751719	0.000000	12.0
987	-0.620426	150.668569	0.016525	9.4
988	-1.486052	150.585541	0.005498	9.0
989	-0.860542	150.502634	0.005556	7.7
990	-0.838572	150.419849	0.009990	9.5
991	-1.113541	150.337186	0.003719	10.1
992	-1.293138	150.254644	0.009221	7.9
993	-0.403711	150.172222	0.006861	10.5
994	-1.411029	150.089921	0.010916	8.4
995	-0.747522	150.007740	0.014507	12.4
996	-0.580389	149.925679	0.015211	10.5
997	-0.000003	149.843737	0.000001	8.4
998	-1.449864	149.761915	0.012332	7.5
999	-1.315761	149.680212	0.012224	10.3
1000	-0.785693	149.598627	0.008689	7.9
1001	-0.537419	149.517161	0.006805	9.0
1002	-0.649641	149.435814	0.008416	9.3
1003	-0.000000	149.354584	0.000000	7.8
1004	-1.165288	149.273472	0.015397	14.0
1005	-0.000000	149.192477	0.000000	9.3
1006	-0.000007	149.111599	0.000002	7.9
1007	-0.281417	149.030838	0.003517	7.6
1008	-0.000000	148.950194	0.000000	11.2
1009	-0.657720	148.869666	0.015057	8.5
1010	-1.108547	148.789253	0.006243	10.0
1011	-0.073794	148.708957	0.001498	9.1
1012	-0.881132	148.628776	0.020027	7.4
1013	-0.000941	148.548710	0.000187	12.4
1014	-0.034465	148.468759	0.002191	7.5
1015	-0.000160	148.388923	0.000028	9.4
1016	-0.872821	148.309201	0.008476	9.0
1017	-0.339372	148.229594	0.003215	9.3
1018	-0.454746	148.150100	0.004788	9.7
1019	-1.044630	148.070719	0.004751	9.8
1020	-0.000000	147.991452	0.000000	8.7
1021	-1.136571	147.912298	0.005663	7.5
1022	-0.567706	147.833257	0.009653	12.1
1023	-0.377269	147.754329	0.019034	7.5
1024	-1.247668	147.675512	0.023463	10.1
1025	-1.274562	147.596808	0.014426	9.7
1026	-0.517441	147.518216	0.011832	8.1
1027	-1.345051	147.439735	0.006325	11.6
1028	-0.340884	147.361365	0.006609	8.3
1029	-1.582258	147.283106	0.011896	9.8
1030	-0.019909	147.204958	0.001875	9.2
1031	-0.745827	147.126920	0.010720	10.1
1032	-0.948229	147.048993	0.012442	7.6
1033	-0.796561	146.971175	0.010736	10.8
1034	-1.386161	146.893468	0.012108	9.3
1035	-0.654228	146.815869	0.010340	9.2
1036	-1.472687	146.738380	0.014754	11.4
1037	-0.993177	146.661000	0.014230	7.4
1038	-1.260796	146.583729	0.003784	10.2
1039	-1.529599	146.506566	0.010564	8.8
1040	-0.758035	146.429511	0.008406	11.1
1041	-0.000283	146.352565	0.000051	9.4
1042	-0.000000	146.275726	0.000000	9.1
1043	-1.514977	146.198994	0.008081	7.7
1044	-0.894393	146.122370	0.009431	7.5
1045	-1.020846	146.045853	0.011188	12.5
1046	-1.119551	145.969442	0.013101	7.5
1047	-0.965380	145.893139	0.009265	11.9
1048	-1.437468	145.816941	0.006005	8.8
1049	-1.360497	145.740849	0.016044	10.9
1050	-0.237798	145.664863	0.004884	9.8
1051	-1.024293	145.588983	0.018122	8.9
1052	-1.409142	145.513208	0.021958	7.5
1053	-1.264480	145.437538	0.011867	7.8
1054	-0.893156	145.361973	0.008119	13.2
1055	-0.246126	145.286513	0.003373	10.0
1056	-0.161385	145.211157	0.002321	9.6
1057	-0.180826	145.135905	0.004066	7.6
1058	-0.077133	145.060757	0.001995	10.4
1059	-0.003414	144.985712	0.000569	7.6
1060	-0.002374	144.910771	0.000417	8.1
1061	-0.034068	144.835934	0.001321	10.9
1062	-1.132701	144.761199	0.014707	8.8
1063	-1.346791	144.686567	0.025063	11.2
1064	-1.418124	144.612037	0.014097	10.6
1065	-1.166095	144.537610	0.004721	8.8
1066	-0.055592	144.463285	0.002285	7.5
1067	-1.497520	144.389062	0.018505	11.1
1068	-0.982507	144.314940	0.015567	7.5
1069	-0.712063	144.240920	0.005845	9.6
1070	-0.001474	144.167001	0.000167	9.9
1071	-0.401984	144.093182	0.014921	7.9
1072	-0.545284	144.019465	0.010682	12.1
1073	-1.495018	143.945848	0.002518	8.3
1074	-0.601170	143.872331	0.007983	9.3
1075	-0.000000	143.798914	0.000000	9.5
1076	-0.387105	143.725597	0.003635	10.5
1077	-1.325577	143.652380	0.015517	7.8
1078	-0.022154	143.579262	0.000928	10.5
1079	-0.431312	143.506243	0.005105	9.2
1080	-0.961426	143.433323	0.003912	8.4
1081	-1.340720	143.360502	0.008944	12.1
1082	-0.948108	143.287780	0.008887	7.5
1083	-1.144817	143.215155	0.006158	9.6
1084	-0.128129	143.142629	0.003201	9.7
1085	-1.074621	143.070201	0.008375	10.4
1086	-0.000000	142.997870	0.000000	9.4
1087	-0.947906	142.925637	0.008361	9.9
1088	-1.533525	142.853501	0.020682	7.6
1089	-1.274696	142.781462	0.012066	7.5
1090	-1.340897	142.709519	0.011008	12.0
1091	-1.309928	142.637674	0.012305	8.3
1092	-0.648345	142.565924	0.012839	10.8
1093	-1.562589	142.494271	0.011828	8.6
1094	-0.799916	142.422714	0.006694	10.7
1095	-1.453938	142.351252	0.019143	9.7
1096	-0.904458	142.279886	0.010235	9.5
1097	-0.039305	142.208616	0.001364	7.7
1098	-0.660135	142.137440	0.003909	8.0
1099	-1.477643	142.066360	0.011279	12.2
1100	-0.000000	141.995374	0.000000	9.4
1101	-1.355678	141.924483	0.011893	9.0
1102	-1.289231	141.853685	0.009207	8.5
1103	-0.622660	141.782983	0.012927	10.3
1104	-0.775041	141.712373	0.005281	8.3
1105	-1.600560	141.641858	0.007314	7.5
1106	-0.002155	141.571436	0.000250	10.5
1107	-1.091221	141.501108	0.008729	11.8
1108	-1.160289	141.430872	0.014296	10.5
1109	-1.146076	141.360730	0.008151	10.5
1110	-1.014386	141.290680	0.005106	9.1
1111	-1.073038	141.220722	0.015640	8.1
1112	-0.000000	141.150857	0.000000	13.6
1113	-0.000000	141.081084	0.000000	15.5
1114	-1.128492	141.011403	0.006711	17.8
1115	-0.001746	140.941813	0.000228	17.3
1116	-0.728315	140.872315	0.004837	11.3
1117	-1.078932	140.802909	0.008215	15.2
1118	-1.390243	140.733593	0.012839	13.7
1119	-0.571598	140.664369	0.006696	12.0
1120	-0.005756	140.595235	0.000808	8.5
1121	-1.266839	140.526192	0.009354	8.0
1122	-0.000000	140.457239	0.000000	12.2
1123	-0.496377	140.388376	0.005178	7.6
1124	-0.000000	140.319603	0.000000	12.2
1125	-0.524161	140.250920	0.007485	8.8
1126	-0.007058	140.182326	0.000427	8.9
1127	-0.597827	140.113822	0.009226	9.5
1128	-0.447309	140.045407	0.005628	7.6
1129	-1.005516	139.977081	0.011391	10.5
1130	-0.227388	139.908844	0.005848	9.7
1131	-0.976162	139.840696	0.008864	11.6
1132	-0.999729	139.772635	0.022468	10.2
1133	-0.447013	139.704664	0.007359	10.2
1134	-0.879044	139.636780	0.004942	7.6
1135	-1.212221	139.568984	0.017309	8.1
1136	-0.874817	139.501276	0.009829	11.9
1137	-1.486803	139.433655	0.014831	9.3
1138	-1.604338	139.366122	0.006239	9.7
1139	-1.015358	139.298676	0.012627	8.1
1140	-1.525311	139.231317	0.011496	10.5
1141	-1.081350	139.164045	0.008280	7.5
1142	-1.302885	139.096859	0.010532	7.5
1143	-0.795885	139.029760	0.013934	10.6
1144	-0.000000	138.962747	0.000000	9.3
1145	-1.183620	138.895820	0.006697	11.8
1146	-1.454220	138.828978	0.007506	10.1
1147	-1.062229	138.762223	0.008352	9.5
1148	-1.600185	138.695553	0.005535	8.1
1149	-1.312906	138.628969	0.008143	10.4
1150	-1.589900	138.562469	0.006144	7.9
1151	-1.194089	138.496055	0.010317	8.2
1152	-1.142899	138.429725	0.006148	10.3
1153	-1.447480	138.363481	0.016654	8.9
1154	-0.426874	138.297320	0.007050	10.6
1155	-0.000000	138.231244	0.000000	10.3
1156	-0.000000	138.165252	0.000000	8.9
1157	-0.653264	138.099344	0.008052	7.6
1158	-0.279969	138.033520	0.005393	9.7
1159	-0.125339	137.967779	0.002991	8.1
1160	-1.017681	137.902122	0.005628	9.7
1161	-0.008329	137.836548	0.000694	10.0
1162	-1.540782	137.771057	0.012716	7.7
1163	-1.307342	137.705649	0.013953	17.9
1164	-0.459047	137.640324	0.013266	11.9
1165	-0.893840	137.575081	0.008545	10.9
1166	-1.342063	137.509921	0.012549	15.1
1167	-0.000000	137.444842	0.000000	12.7
1168	-1.131453	137.379846	0.011497	10.4
1169	-0.251885	137.314932	0.003347	7.4
1170	-0.000011	137.250100	0.000002	11.0
1171	-1.476860	137.185349	0.010844	9.3
1172	-0.058263	137.120680	0.002457	16.3
1173	-1.340788	137.056092	0.004430	11.1
1174	-0.740246	136.991585	0.015529	12.9
1175	-1.286698	136.927158	0.009115	8.6
1176	-0.839147	136.862813	0.003217	18.1
1177	-0.592421	136.798548	0.004445	11.1
1178	-0.000000	136.734363	0.000000	9.7
1179	-0.030281	136.670259	0.001441	12.7
1180	-0.733399	136.606235	0.011453	9.0
1181	-0.000000	136.542291	0.000000	14.2
1182	-0.000679	136.478426	0.000089	8.8
1183	-0.000000	136.414641	0.000000	14.3
1184	-1.393614	136.350936	0.011182	11.6
1185	-1.185027	136.287310	0.005695	18.2
1186	-0.626484	136.223763	0.006670	12.9
1187	-0.808567	136.160295	0.013200	9.8
1188	-1.083969	136.096905	0.014046	12.4
1189	-0.000000	136.033594	0.000000	13.6
1190	-0.853390	135.970362	0.015936	13.8
1191	-0.824951	135.907208	0.006858	9.8
1192	-1.211864	135.844133	0.005573	13.0
1193	-1.475810	135.781135	0.007364	13.2
1194	-0.926055	135.718215	0.006492	14.7
1195	-1.281266	135.655373	0.010504	14.0
1196	-1.449175	135.592608	0.012386	8.9
1197	-0.941505	135.529921	0.011470	16.0
1198	0.000000	135.467311	0.000000	13.9
1199	-0.000000	135.404778	0.000000	11.9
1200	-0.000003	135.342322	0.000001	13.0
1201	-0.008714	135.279942	0.000437	8.6
1202	-0.743158	135.217640	0.005260	16.0
1203	-0.546864	135.155413	0.008074	11.8
1204	-0.128155	135.093263	0.002503	12.6
1205	-0.570281	135.031190	0.024950	12.5
1206	-0.793739	134.969192	0.006845	9.1
1207	-1.453633	134.907270	0.008274	9.7
1208	-1.556672	134.845424	0.016502	12.8
1209	-0.710041	134.783653	0.003930	11.3
1210	-0.018975	134.721958	0.000810	8.8
1211	-0.304276	134.660338	0.003932	9.9
1212	-0.037492	134.598793	0.001330	7.9
1213	-0.002403	134.537323	0.000300	7.9
1214	-1.502205	134.475927	0.011686	11.7
1215	-0.270887	134.414607	0.006307	7.5
1216	-0.634434	134.353361	0.002666	10.5
1217	-1.263984	134.292189	0.005463	9.1
1218	-1.175800	134.231092	0.005820	9.9
1219	-1.174413	134.170068	0.005937	10.2
1220	-0.933629	134.109119	0.010962	9.6
1221	-1.329667	134.048243	0.021941	8.4
1222	-1.307084	133.987441	0.008035	7.5
1223	-1.080368	133.926713	0.012705	12.3
1224	-0.811007	133.866057	0.004878	9.2
1225	-1.301249	133.805475	0.009478	9.6
1226	-0.631745	133.744966	0.004157	8.0
1227	-1.353405	133.684530	0.008725	9.9
1228	-1.021051	133.624167	0.002919	9.1
1229	-1.316478	133.563877	0.016332	7.5
1230	-1.584589	133.503658	0.010333	11.0
1231	-1.062571	133.443513	0.014770	9.8
1232	-0.180466	133.383439	0.004117	10.5
1233	-0.902629	133.323437	0.010570	9.5
1234	-1.530316	133.263508	0.014185	9.6
1235	-0.213889	133.203650	0.005769	7.5
1236	-0.347368	133.143864	0.005190	10.2
1237	-0.041617	133.084149	0.001493	7.7
1238	-0.286612	133.024506	0.005648	7.6
1239	-0.780815	132.964934	0.007915	10.1
1240	-1.042783	132.905433	0.014723	8.4
1241	-0.748590	132.846003	0.003440	12.4
1242	-1.529706	132.786643	0.016101	9.9
1243	-0.067149	132.727355	0.001607	8.8
1244	-0.029079	132.668137	0.001792	7.5
1245	-1.438364	132.608989	0.013835	8.7
1246	-0.679677	132.549912	0.012654	9.5
1247	-0.000000	132.490904	0.000000	8.2
1248	-0.254916	132.431967	0.003772	9.6
1249	-1.523240	132.373100	0.009706	9.4
1250	-1.676595	132.314302	0.015900	13.0
1251	-0.000023	132.255574	0.000004	10.1
1252	-1.365901	132.196916	0.012380	8.9
1253	-0.336214	132.138326	0.008747	7.4
1254	-0.446010	132.079806	0.005747	10.2
1255	-1.177819	132.021355	0.009929	7.9
1256	-1.325688	131.962973	0.013085	9.8
1257	-1.345825	131.904660	0.016317	9.6
1258	-1.482834	131.846415	0.005843	8.4
1259	-0.747917	131.788239	0.010106	14.0
1260	-1.233626	131.730131	0.004743	8.9
1261	-1.469337	131.672092	0.021942	7.5
1262	-0.000000	131.614121	0.000000	7.5
1263	-1.165872	131.556217	0.007467	11.1
1264	-0.839954	131.498382	0.012528	8.1
1265	-1.538889	131.440614	0.008591	10.2
1266	-1.104130	131.382914	0.019505	9.6
1267	-1.295867	131.325282	0.008570	7.8
1268	-1.288121	131.267717	0.014734	12.1
1269	-1.389035	131.210219	0.008057	7.5
1270	-0.078648	131.152788	0.002679	9.6
1271	-1.260656	131.095424	0.015313	9.2
1272	-0.865032	131.038127	0.007391	10.0
1273	-1.061466	130.980897	0.006411	10.1
1274	-1.031498	130.923733	0.007632	9.7
1275	-0.131428	130.866636	0.002660	7.5
1276	-1.206284	130.809605	0.014400	7.6
1277	-0.824534	130.752641	0.010226	13.4
1278	-1.399974	130.695742	0.010137	7.6
1279	-0.584504	130.638910	0.007262	10.1
1280	-1.579343	130.582143	0.009765	9.0
1281	-1.445769	130.525442	0.008453	10.0
1282	-1.395680	130.468807	0.012377	9.9
1283	-1.450611	130.412237	0.011381	9.9
1284	-0.468237	130.355733	0.004892	9.4
1285	-1.396578	130.299294	0.010799	8.7
1286	-1.403167	130.242920	0.014642	10.2
1287	-0.893859	130.186611	0.016653	9.8
1288	-0.016375	130.130366	0.000524	10.0
1289	-0.592432	130.074187	0.006077	7.9
1290	-0.004776	130.018072	0.000526	12.2
1291	-0.743442	129.962022	0.008838	7.4
1292	-0.753859	129.906036	0.006716	8.4
1293	-0.672795	129.850114	0.011959	9.5
1294	-0.249726	129.794257	0.004619	9.3
1295	-0.408919	129.738463	0.007608	12.9
1296	-0.108174	129.682734	0.002793	10.0
1297	-1.262411	129.627068	0.007858	9.2
1298	-1.290586	129.571466	0.025519	7.5
1299	-0.886236	129.515927	0.004527	11.0
1300	-0.669295	129.460452	0.005881	7.5
1301	-0.838682	129.405040	0.023629	9.9
1302	-0.000308	129.349692	0.000070	9.1
1303	-0.000000	129.294406	0.000000	7.5
1304	-0.000312	129.239183	0.000048	13.4
1305	-1.174938	129.184024	0.004430	7.4
1306	-0.207687	129.128927	0.005103	9.7
1307	-0.000000	129.073892	0.000000	9.0
1308	-1.505716	129.018921	0.015189	11.1
1309	-0.349559	128.964011	0.004862	7.9
1310	-0.834485	128.909164	0.005547	10.2
1311	-0.867092	128.854379	0.015685	8.8
1312	-0.000000	128.799656	0.000000	7.6
1313	-1.652847	128.744995	0.014484	12.0
1314	-1.419042	128.690396	0.015080	7.5
1315	-1.444120	128.635858	0.007676	9.7
1316	-0.383122	128.581382	0.006534	9.1
1317	-1.309081	128.526968	0.011114	10.1
1318	-0.060553	128.472615	0.002200	10.1
1319	-1.289935	128.418323	0.007321	9.0
1320	-0.000000	128.364092	0.000000	8.2
1321	-0.000000	128.309922	0.000000	7.9
1322	-1.459855	128.255814	0.007325	12.8
1323	-1.150013	128.201766	0.024653	8.1
1324	-1.344228	128.147778	0.009093	10.2
1325	-1.078221	128.093852	0.009332	8.7
1326	-1.053282	128.039985	0.002663	10.1
1327	-0.912145	127.986180	0.003852	10.3
1328	-1.256275	127.932434	0.010819	10.2
1329	-0.468622	127.878749	0.008640	7.6
1330	-0.489261	127.825123	0.012501	8.9
1331	-0.000000	127.771558	0.000000	10.4
1332	-0.371289	127.718052	0.007073	9.5
1333	-0.743103	127.664606	0.009433	10.0
1334	-0.102114	127.611220	0.001986	7.5
1335	-1.233937	127.557893	0.010012	12.2
1336	-1.265708	127.504625	0.008858	7.5
1337	-1.405614	127.451417	0.010433	7.9
1338	-1.019114	127.398268	0.009740	10.1
1339	-1.013109	127.345178	0.002349	8.5
1340	-0.963860	127.292147	0.007647	11.8
1341	-0.814021	127.239175	0.009757	10.5
1342	-1.560639	127.186261	0.006785	10.1
1343	-0.491114	127.133407	0.013900	7.6
1344	-0.884609	127.080610	0.014091	10.8
1345	-0.330754	127.027872	0.005137	7.6
1346	-0.530817	126.975193	0.006308	9.6
1347	-1.260512	126.922572	0.009612	9.0
1348	-1.559137	126.870008	0.003647	7.5
1349	-0.753618	126.817503	0.010488	12.8
1350	-0.000001	126.765056	0.000000	9.9
1351	-0.000000	126.712667	0.000000	8.3
1352	-0.887444	126.660335	0.009409	7.5
1353	-0.099102	126.608061	0.002153	10.7
1354	-0.000000	126.555844	0.000000	8.4
1355	-0.776430	126.503685	0.006721	9.5
1356	-0.988056	126.451583	0.015638	10.2
1357	-0.636180	126.399538	0.008559	9.0
1358	-1.144817	126.347550	0.007444	11.9
1359	-0.000283	126.295619	0.000057	7.9
1360	-0.785241	126.243745	0.009125	10.2
1361	-0.000044	126.191928	0.000012	10.1
1362	-0.171174	126.140168	0.004385	14.5
1363	-0.860206	126.088464	0.015168	12.8
1364	-0.769909	126.036817	0.005156	11.0
1365	-0.908492	125.985226	0.007633	12.2
1366	-1.533016	125.933691	0.013829	10.5
1367	-0.932177	125.882212	0.002142	11.6
1368	-0.596173	125.830790	0.012439	14.1
1369	-0.000018	125.779423	0.000004	17.9
1370	-1.477473	125.728113	0.013507	14.2
1371	-0.186535	125.676858	0.002141	11.4
1372	-0.000004	125.625659	0.000001	14.9
1373	-0.829509	125.574515	0.007685	18.8
1374	-0.000000	125.523427	0.000000	12.1
1375	-0.594264	125.472394	0.008111	12.3
1376	-0.866784	125.421417	0.005854	12.2
1377	-1.645325	125.370495	0.008422	13.3
1378	-1.483203	125.319628	0.015161	11.6
1379	-0.641777	125.268815	0.011590	11.3
1380	-1.051876	125.218058	0.011099	11.4
1381	-1.122079	125.167356	0.010809	7.5
1382	-1.177869	125.116708	0.006738	9.6
1383	-1.415259	125.066115	0.014728	8.9
1384	-0.000184	125.015576	0.000028	10.8
1385	-1.495207	124.965092	0.020029	10.0
1386	-1.395704	124.914662	0.009139	8.3
1387	-0.660811	124.864287	0.009436	12.0
1388	-0.201352	124.813965	0.004403	7.6
1389	-0.000144	124.763698	0.000020	9.6
1390	-0.345697	124.713485	0.007412	10.1
1391	-1.175853	124.663325	0.013748	11.8
1392	-0.504305	124.613219	0.005860	10.3
1393	-0.496238	124.563167	0.003918	10.2
1394	-1.238956	124.513168	0.006733	8.2
1395	-0.002862	124.463223	0.000250	8.9
1396	-1.545204	124.413332	0.013619	10.2
1397	-1.005581	124.363493	0.023078	9.6
1398	-1.107431	124.313708	0.013783	11.9
1399	-0.529478	124.263976	0.013075	8.9
1400	-0.000000	124.214297	0.000000	16.2
1401	-1.446712	124.164671	0.009281	14.2
1402	-1.132498	124.115097	0.007671	8.7
1403	-0.842138	124.065577	0.009840	15.6
1404	-0.506353	124.016109	0.009902	15.6
1405	-1.107689	123.966693	0.012032	10.9
1406	-1.234315	123.917330	0.009224	9.8
1407	-0.094877	123.868020	0.003603	13.0
1408	-1.397830	123.818762	0.015255	16.1
1409	-1.488030	123.769556	0.009278	10.4
1410	-0.000137	123.720402	0.000027	12.3
1411	-0.648857	123.671300	0.007993	9.3
1412	-1.141808	123.622250	0.011093	12.9
1413	-0.527109	123.573252	0.012214	11.4
1414	-1.515244	123.524305	0.010291	13.0
1415	-0.757637	123.475411	0.009783	11.4
1416	-0.022887	123.426568	0.002398	8.5
1417	-0.323361	123.377776	0.005082	7.6
1418	-0.220249	123.329036	0.006049	10.7
1419	-0.095644	123.280347	0.002896	7.7
1420	-0.389193	123.231709	0.007138	11.6
1421	-1.639345	123.183122	0.005524	9.6
1422	-0.464410	123.134587	0.005257	9.0
1423	-0.117787	123.086102	0.003505	10.5
1424	-0.539036	123.037669	0.007032	7.5
1425	-0.592519	122.989286	0.005572	12.5
1426	-1.479501	122.940954	0.006555	12.7
1427	-1.428660	122.892672	0.010656	11.6
1428	-0.018916	122.844441	0.001702	15.2
1429	-0.871333	122.796261	0.014136	9.0
1430	-0.000000	122.748130	0.000000	11.8
1431	-0.748974	122.700050	0.009381	9.5
1432	-1.248853	122.652021	0.003870	13.3
1433	-0.679153	122.604041	0.008346	13.8
1434	-0.000000	122.556111	0.000000	15.1
1435	-1.331468	122.508232	0.006840	12.3
1436	-0.365702	122.460402	0.004790	9.0
1437	-0.000000	122.412622	0.000000	12.9
1438	-1.117055	122.364891	0.010090	9.1
1439	-0.748134	122.317210	0.008112	15.0
1440	-0.000000	122.269579	0.000000	9.3
1441	-1.308229	122.221997	0.019377	15.0
1442	-0.837565	122.174465	0.003447	8.7
1443	0.000000	122.126981	0.000000	15.3
1444	-1.552995	122.079547	0.016733	13.0
1445	-1.113351	122.032162	0.006093	11.4
1446	-1.594371	121.984826	0.012295	14.7
1447	-0.005462	121.937539	0.000595	8.5
1448	-0.121667	121.890301	0.003249	15.1
1449	-0.653819	121.843112	0.009050	12.0
1450	-1.170555	121.795971	0.007015	12.2
1451	-0.074303	121.748879	0.002091	12.9
1452	-0.015473	121.701835	0.001272	9.4
1453	-1.451627	121.654840	0.027054	8.8
1454	-1.090394	121.607893	0.011394	14.2
1455	-0.342406	121.560994	0.004384	12.6
1456	-0.988112	121.514144	0.019903	11.1
1457	-0.000296	121.467342	0.000058	12.9
1458	-1.532868	121.420588	0.008824	9.4
1459	-0.000113	121.373882	0.000024	13.5
1460	-1.325043	121.327223	0.016997	8.2
1461	-0.496605	121.280613	0.008956	16.6
1462	-1.263574	121.234050	0.031429	11.1
1463	-1.256452	121.187535	0.016646	14.0
1464	-0.872521	121.141067	0.014922	10.7
1465	-0.843514	121.094647	0.007037	8.7
1466	-0.000000	121.048274	0.000000	17.6
1467	-0.158966	121.001949	0.002145	15.0
1468	-1.095735	120.955671	0.010193	11.0
1469	-0.982352	120.909440	0.003226	8.5
1470	-0.106293	120.863256	0.002516	13.9
1471	-0.916456	120.817119	0.011086	9.9
1472	-1.388526	120.771029	0.015857	7.9
1473	-0.773199	120.724986	0.006860	9.4
1474	-1.473061	120.678990	0.008799	11.0
1475	-0.000000	120.633040	0.000000	8.5
1476	-0.885298	120.587137	0.017712	8.7
1477	-1.244339	120.541281	0.014117	8.2
1478	-1.375281	120.495471	0.013975	7.6
1479	-0.689464	120.449707	0.006627	12.1
1480	-1.044783	120.403990	0.011745	11.9
1481	-1.116244	120.358319	0.007074	8.6
1482	0.000000	120.312694	0.000000	9.6
1483	-1.559283	120.267115	0.017820	13.0
1484	-0.001872	120.221582	0.000249	8.3
1485	-0.003849	120.176096	0.000261	11.5
1486	-1.307667	120.130655	0.007661	10.7
1487	-1.446628	120.085260	0.012123	13.4
1488	-1.173100	120.039910	0.015151	8.9
1489	-1.412718	119.994606	0.008291	9.2
1490	-1.349820	119.949348	0.008218	7.7
1491	-0.206644	119.904135	0.002911	11.6
1492	-0.000060	119.858968	0.000013	10.9
1493	-0.575631	119.813846	0.006266	8.9
1494	-1.438639	119.768769	0.016931	8.1
1495	-1.086076	119.723738	0.006882	8.1
1496	-1.345649	119.678752	0.008992	13.5
1497	-0.544915	119.633810	0.006038	7.9
1498	-1.137752	119.588914	0.010356	9.6
1499	-0.592078	119.544062	0.009066	8.3
1500	-1.160319	119.499256	0.015490	8.8
1501	-0.002672	119.454494	0.000312	12.6
1502	-1.099169	119.409777	0.010310	8.0
1503	-0.708129	119.365104	0.005525	9.2
1504	-1.014977	119.320476	0.017501	7.9
1505	-0.863996	119.275893	0.006665	9.9
1506	-0.000000	119.231353	0.000000	11.0
1507	-0.601990	119.186859	0.018240	8.5
1508	-1.085819	119.142408	0.005419	8.0
1509	-1.302829	119.098002	0.016436	8.0
1510	-0.000000	119.053639	0.000000	11.8
1511	-1.303380	119.009321	0.016806	7.8
1512	-1.300793	118.965047	0.015984	9.3
1513	-1.321321	118.920816	0.019754	7.5
1514	-0.000000	118.876630	0.000000	8.6
1515	-1.127916	118.832487	0.011192	12.7
1516	-0.481216	118.788388	0.007869	8.4
1517	-0.486572	118.744332	0.006820	9.0
1518	-1.499005	118.700320	0.019458	8.0
1519	-1.276144	118.656352	0.009715	8.2
1520	-1.137256	118.612427	0.009054	11.8
1521	-1.082557	118.568545	0.031973	9.9
1522	-0.031441	118.524706	0.001493	8.0
1523	-1.414587	118.480911	0.008030	8.3
1524	-1.283727	118.437159	0.012139	8.0
1525	-1.313445	118.393450	0.007672	13.7
1526	-1.071865	118.349784	0.009045	9.0
1527	-1.320157	118.306160	0.014915	9.2
1528	-0.546589	118.262580	0.006338	9.3
1529	-1.434190	118.219042	0.012316	12.3
1530	-0.441986	118.175548	0.005010	8.1
1531	-1.487300	118.132095	0.011520	10.4
1532	-1.309857	118.088686	0.013723	8.5
1533	-1.406345	118.045319	0.011884	9.7
1534	-1.325455	118.001994	0.012685	13.4
1535	-0.009112	117.958712	0.000843	8.8
1536	-1.292194	117.915472	0.007804	8.4
1537	-1.165586	117.872274	0.007564	8.1
1538	-0.038840	117.829118	0.000921	13.3
1539	-0.595647	117.786005	0.006879	9.2
1540	-0.879952	117.742933	0.013386	8.7
1541	-1.052508	117.699904	0.010297	9.2
1542	-1.278083	117.656916	0.006617	9.2
1543	-0.245282	117.613971	0.003885	12.4
1544	-1.469452	117.571067	0.005917	10.6
1545	-1.230793	117.528205	0.007452	7.8
1546	-0.474139	117.485384	0.006638	7.9
1547	-1.348242	117.442605	0.020022	11.4
1548	-0.000735	117.399867	0.000141	9.4
1549	-1.434016	117.357171	0.014067	7.6
1550	-0.662613	117.314517	0.007605	7.7
1551	-0.966714	117.271903	0.005850	7.7
1552	-0.921198	117.229331	0.019294	12.1
1553	-0.004279	117.186800	0.000299	8.9
1554	-1.397263	117.144311	0.014238	8.2
1555	-0.040474	117.101862	0.001687	8.3
1556	-1.310876	117.059454	0.019372	7.5
1557	-1.429291	117.017087	0.009598	11.1
1558	-0.886973	116.974762	0.011514	7.5
1559	-0.207712	116.932476	0.005100	9.0
1560	-0.381106	116.890232	0.011583	7.7
1561	-0.706345	116.848028	0.006187	7.5
1562	-0.000003	116.805865	0.000001	10.3
1563	-0.254334	116.763743	0.003306	9.3
1564	-0.230241	116.721661	0.004124	7.5
1565	-0.235852	116.679619	0.003116	8.3
1566	-0.756044	116.637618	0.007683	8.3
1567	-0.802331	116.595657	0.009155	13.7
1568	-1.395391	116.553736	0.005370	9.0
1569	-1.559578	116.511855	0.030628	7.6
1570	-1.463048	116.470015	0.019786	8.4
1571	-0.000000	116.428214	0.000000	9.2
1572	-1.401497	116.386454	0.012180	9.6
1573	-0.702252	116.344733	0.006645	7.7
1574	-0.924639	116.303052	0.008696	8.8
1575	-1.383539	116.261412	0.011085	7.0
1576	-0.084569	116.219810	0.001646	10.1
1577	-1.245446	116.178249	0.006794	9.0
1578	-0.000017	116.136727	0.000004	9.0
1579	-0.277494	116.095245	0.005466	7.6
1580	-0.615207	116.053802	0.006226	7.3
1581	-0.683771	116.012398	0.008795	10.1
1582	-1.459493	115.971034	0.019760	9.7
1583	-1.478546	115.929710	0.011855	9.1
1584	-1.442965	115.888424	0.020641	8.5
1585	-1.357982	115.847178	0.007616	9.2
1586	-0.300918	115.805970	0.005263	11.7
1587	-0.000000	115.764802	0.000000	8.0
1588	-0.000000	115.723673	0.000000	8.5
1589	-0.821081	115.682583	0.016971	8.6
1590	-0.444807	115.641532	0.004583	11.0
1591	-0.912797	115.600519	0.008408	8.0
1592	-1.525460	115.559546	0.018467	9.3
1593	-0.001146	115.518610	0.000170	8.0
1594	-0.912234	115.477714	0.014774	7.8
1595	-1.309250	115.436856	0.006897	11.1
1596	-0.905886	115.396037	0.007906	9.4
1597	-0.130228	115.355256	0.004169	7.3
1598	-0.280408	115.314514	0.003815	7.5
1599	-1.578833	115.273810	0.009383	7.6
1600	-0.000000	115.233144	0.000000	11.7
1601	-0.119294	115.192517	0.002373	8.6
1602	-1.389024	115.151927	0.013131	8.8
1603	-0.000000	115.111376	0.000000	8.4
1604	-1.078875	115.070863	0.011490	8.2
1605	-1.676591	115.030388	0.010397	12.4
1606	-0.000001	114.989951	0.000000	7.9
1607	-0.910350	114.949551	0.013239	9.0
1608	-0.350519	114.909190	0.006024	7.7
1609	-1.172389	114.868866	0.014119	10.3
1610	-1.600051	114.828580	0.008912	11.3
1611	-0.937737	114.788332	0.012431	7.9
1612	-1.385272	114.748121	0.015231	7.5
1613	-1.605853	114.707948	0.008750	7.6
1614	-1.092446	114.667812	0.005644	11.3
1615	-0.438868	114.627714	0.006083	8.3
1616	-1.290449	114.587653	0.011726	9.9
1617	-1.254895	114.547629	0.007372	7.8
1618	-0.392178	114.507643	0.005884	8.2
1619	-1.277526	114.467693	0.017396	14.1
1620	-0.000000	114.427781	0.000000	7.4
1621	-0.000693	114.387907	0.000091	8.4
1622	-1.582382	114.348069	0.008580	7.9
1623	-1.359303	114.308268	0.013283	9.2
1624	-1.479455	114.268504	0.010229	9.9
1625	-0.691635	114.228777	0.007042	8.8
1626	-1.369776	114.189086	0.014581	7.7
1627	-1.226584	114.149433	0.010681	8.1
1628	-1.094061	114.109816	0.006521	9.6
1629	-0.005496	114.070235	0.000655	9.9
1630	-1.243315	114.030692	0.009301	7.6
1631	-0.000000	113.991185	0.000000	8.7
1632	-0.482302	113.951714	0.005843	7.5
1633	-0.537942	113.912280	0.018114	12.4
1634	-0.132391	113.872882	0.002852	9.1
1635	-1.006360	113.833521	0.008205	7.5
1636	-0.000000	113.794195	0.000000	8.7
1637	-0.343591	113.754906	0.004360	7.5
1638	-0.924345	113.715653	0.011383	11.3
1639	-0.749684	113.676437	0.009365	8.3
1640	-1.406864	113.637256	0.011070	9.1
1641	-1.486693	113.598111	0.011302	7.6
1642	-0.000003	113.559002	0.000001	7.5
1643	-0.000010	113.519929	0.000002	11.1
1644	-1.336457	113.480892	0.019728	9.8
1645	-0.779791	113.441891	0.014271	8.7
1646	-1.070305	113.402925	0.010272	7.5
1647	-0.000081	113.363995	0.000017	8.3
1648	-0.719816	113.325101	0.007548	12.1
1649	-1.256004	113.286242	0.016885	10.2
1650	-0.962666	113.247419	0.006437	7.6
1651	-1.538495	113.208631	0.016026	8.3
1652	-1.389833	113.169879	0.016769	9.4
1653	-1.366024	113.131162	0.019565	9.5
1654	-0.592210	113.092480	0.005720	7.6
1655	-0.655985	113.053833	0.017399	8.7
1656	-0.726982	113.015222	0.010459	7.7
1657	-0.684190	112.976646	0.006582	10.8
1658	-0.734531	112.938105	0.005471	13.0
1659	-1.141055	112.899599	0.010246	12.4
1660	-1.314037	112.861128	0.009230	15.7
1661	-0.028625	112.822692	0.001164	13.4
1662	-0.017198	112.784291	0.000497	13.7
1663	-0.000000	112.745924	0.000000	11.4
1664	-1.372952	112.707593	0.004916	15.1
1665	-0.390076	112.669296	0.005637	9.9
1666	-1.275018	112.631034	0.004781	11.9
1667	-1.304055	112.592806	0.013768	7.5
1668	-1.483905	112.554613	0.011805	9.5
1669	-0.000008	112.516455	0.000002	7.6
1670	-0.338309	112.478331	0.005889	8.5
1671	-0.040702	112.440241	0.002327	11.5
1672	-1.217770	112.402186	0.014594	7.4
1673	-0.000096	112.364165	0.000021	9.3
1674	-0.000000	112.326179	0.000000	7.4
1675	-1.431620	112.288227	0.016812	7.5
1676	-1.300609	112.250309	0.005353	10.9
1677	-0.861761	112.212425	0.011182	9.2
1678	-1.597014	112.174575	0.007793	8.1
1679	-0.328795	112.136759	0.004681	7.6
1680	-0.962050	112.098977	0.017156	8.3
1681	-0.997913	112.061229	0.015508	12.2
1682	-0.629441	112.023515	0.012096	7.6
1683	-0.000000	111.985834	0.000000	9.1
1684	-0.534785	111.948188	0.004276	8.4
1685	-1.107682	111.910575	0.008394	9.0
1686	-1.176889	111.872996	0.004656	10.1
1687	-1.110017	111.835450	0.012935	7.4
1688	-1.317464	111.797939	0.009931	9.4
1689	-0.419821	111.760460	0.003693	7.4
1690	-0.000000	111.723015	0.000000	8.4
1691	-0.487877	111.685604	0.002607	9.5
1692	-0.079024	111.648226	0.001987	9.1
1693	-0.000905	111.610881	0.000121	8.3
1694	-1.266877	111.573570	0.008103	7.4
1695	-0.324506	111.536292	0.003011	10.8
1696	-0.686337	111.499047	0.005125	9.3
1697	-1.209261	111.461835	0.009621	8.7
1698	-0.000008	111.424656	0.000002	8.5
1699	-0.007472	111.387510	0.000896	8.2
1700	-0.443686	111.350398	0.007956	12.2
1701	-1.071328	111.313318	0.009241	9.5
1702	-0.272150	111.276271	0.002255	7.6
1703	-0.012240	111.239257	0.000624	8.3
1704	-0.386994	111.202276	0.003720	9.0
1705	-1.254238	111.165328	0.011289	10.1
1706	-1.405072	111.128412	0.013743	8.6
1707	-1.136704	111.091529	0.006298	8.2
1708	-0.695285	111.054679	0.010276	7.5
1709	-1.421337	111.017861	0.006111	10.0
1710	-0.642672	110.981076	0.003195	8.9
1711	-1.565987	110.944323	0.010934	7.4
1712	-0.000000	110.907603	0.000000	7.4
1713	-0.000000	110.870915	0.000000	7.4
1714	-0.478761	110.834259	0.008924	11.3
1715	-1.441076	110.797636	0.013192	7.6
1716	-0.000000	110.761045	0.000000	9.0
1717	-0.952663	110.724486	0.007384	7.4
1718	-1.410873	110.687959	0.006325	8.3
1719	-1.073593	110.651465	0.006016	10.5
1720	-0.985540	110.615002	0.009510	9.5
1721	-0.577999	110.578572	0.008333	7.6
1722	-1.383516	110.542173	0.013193	8.2
1723	-0.000000	110.505807	0.000000	7.5
1724	-0.731477	110.469472	0.005678	11.7
1725	-0.029439	110.433169	0.002067	8.8
1726	-1.245705	110.396898	0.011984	8.5
1727	-0.822111	110.360659	0.009531	7.5
1728	-0.011986	110.324451	0.000430	7.5
1729	-1.407665	110.288276	0.014084	12.1
1730	-0.278165	110.252131	0.005636	8.3
1731	-0.560188	110.216019	0.013141	8.9
1732	-0.658340	110.179937	0.004287	8.3
1733	-1.233926	110.143888	0.015538	7.7
1734	-0.788361	110.107869	0.019917	13.3
1735	-1.352355	110.071882	0.016396	7.8
1736	-0.611979	110.035927	0.008964	8.5
1737	-0.353224	110.000003	0.004936	7.4
1738	-0.582892	109.964110	0.006463	8.4
1739	-1.341520	109.928248	0.004806	10.6
1740	-1.376685	109.892417	0.009511	8.7
1741	-0.960841	109.856618	0.007408	7.4
1742	-1.013449	109.820850	0.003781	7.4
1743	-1.057474	109.785112	0.035804	8.1
1744	-1.035457	109.749406	0.009704	11.7
1745	-0.998349	109.713730	0.008998	7.4
1746	-1.524512	109.678086	0.015363	9.5
1747	-0.017348	109.642472	0.000684	7.6
1748	-1.435519	109.606890	0.015346	11.8
1749	-0.485446	109.571337	0.006511	17.7
1750	-0.922696	109.535816	0.012733	11.9
1751	-0.000001	109.500326	0.000000	7.8
1752	-0.528456	109.464866	0.011296	15.4
1753	-0.000000	109.429436	0.000000	10.9
1754	-0.000826	109.394038	0.000147	14.1
1755	-1.197005	109.358669	0.011384	11.3
1756	-1.107957	109.323331	0.007695	11.5
1757	-1.597230	109.288024	0.005026	7.9
1758	-0.000240	109.252747	0.000051	11.9
1759	-0.878841	109.217501	0.008178	13.7
1760	-1.386253	109.182284	0.012100	12.6
1761	-0.666003	109.147098	0.006740	7.9
1762	-1.304703	109.111942	0.015081	12.7
1763	-0.000053	109.076817	0.000013	16.4
1764	-0.530663	109.041721	0.010574	10.2
1765	-1.641107	109.006656	0.005724	16.0
1766	-1.298478	108.971620	0.013106	11.5
1767	-0.968444	108.936615	0.013156	16.0
1768	-0.832668	108.901640	0.018910	14.6
1769	-1.348392	108.866694	0.009080	14.3
1770	-1.587493	108.831779	0.008374	20.2
1771	-1.170026	108.796893	0.012026	13.4
1772	-1.280936	108.762037	0.014336	11.6
1773	-0.000000	108.727211	0.000000	11.9
1774	-0.279510	108.692415	0.005838	8.6
1775	0.000000	108.657648	0.000000	11.0
1776	-0.000000	108.622911	0.000000	8.3
1777	-0.668507	108.588203	0.008669	8.8
1778	-1.575766	108.553525	0.006351	12.1
1779	-0.703183	108.518877	0.007828	8.1
1780	-0.051790	108.484258	0.003463	11.0
1781	-0.750996	108.449668	0.009723	8.4
1782	-0.475734	108.415108	0.006145	10.7
1783	-1.460801	108.380578	0.009006	10.0
1784	-0.787760	108.346076	0.004074	7.8
1785	-0.022993	108.311604	0.001346	7.9
1786	-1.461648	108.277161	0.017929	7.7
1787	-1.274047	108.242747	0.020395	13.2
1788	-0.921139	108.208363	0.008226	7.5
1789	-1.260347	108.174007	0.017512	10.2
1790	-1.080470	108.139681	0.008335	8.3
1791	-0.193065	108.105383	0.003031	10.1
1792	-0.807698	108.071115	0.013570	10.2
1793	-0.538185	108.036875	0.006577	7.7
1794	-0.000002	108.002665	0.000000	9.1
1795	-0.572948	107.968483	0.011527	8.2
1796	-0.000877	107.934330	0.000118	12.5
1797	-0.000000	107.900206	0.000000	10.9
1798	-0.158373	107.866111	0.002117	8.1
1799	-0.272834	107.832044	0.004550	7.9
1800	-1.472587	107.798007	0.015612	11.2
1801	-1.491166	107.763997	0.009164	8.6
1802	-0.778995	107.730017	0.010262	9.1
1803	-0.167406	107.696065	0.003003	9.9
1804	-0.000001	107.662141	0.000000	10.8
1805	-1.136946	107.628246	0.009161	9.9
1806	-1.095902	107.594379	0.006700	11.2
1807	-0.743365	107.560541	0.006668	8.6
1808	-1.437544	107.526731	0.012345	8.9
1809	-1.290386	107.492949	0.015557	11.8
1810	-1.062269	107.459196	0.009106	8.5
1811	-0.000280	107.425471	0.000054	11.8
1812	-0.000070	107.391774	0.000012	8.0
1813	-1.220599	107.358106	0.006448	11.6
1814	-0.211676	107.324465	0.002278	11.6
1815	-1.108434	107.290853	0.009890	8.5
1816	-0.301875	107.257268	0.003131	8.3
1817	-0.705727	107.223712	0.011964	10.1
1818	-1.315543	107.190184	0.013161	10.2
1819	-0.000843	107.156683	0.000077	11.1
1820	-0.027971	107.123211	0.000697	8.5
1821	-1.032055	107.089766	0.007928	8.0
1822	-1.193707	107.056349	0.024776	12.9
1823	-1.408087	107.022960	0.010978	7.8
1824	-1.097284	106.989599	0.011885	10.5
1825	-0.909043	106.956265	0.003991	8.0
1826	-1.365357	106.922960	0.010484	10.9
1827	-1.462817	106.889681	0.005392	10.0
1828	-1.250478	106.856431	0.005119	7.8
1829	-0.034893	106.823208	0.002468	7.7
1830	-0.921430	106.790012	0.007430	7.5
1831	-0.479176	106.756844	0.006525	12.9
1832	-1.246323	106.723703	0.005671	7.4
1833	-0.042016	106.690590	0.001415	10.3
1834	-0.149506	106.657505	0.004024	7.1
1835	-1.174141	106.624446	0.009309	9.8
1836	-1.375785	106.591415	0.018257	12.6
1837	-1.417424	106.558411	0.008584	8.8
1838	-0.010024	106.525435	0.000452	9.0
1839	-1.407256	106.492485	0.011877	8.0
1840	-1.422504	106.459563	0.007227	13.8
1841	-0.004582	106.426668	0.000272	9.9
1842	-0.605288	106.393800	0.006354	8.1
1843	-0.667481	106.360959	0.011177	8.0
1844	-0.068478	106.328145	0.001930	10.7
1845	-0.468833	106.295358	0.009418	9.1
1846	-1.432222	106.262598	0.012934	7.9
1847	-1.341466	106.229865	0.003962	10.1
1848	-0.536350	106.197158	0.003880	11.1
1849	-1.047215	106.164479	0.021675	10.5
1850	-1.080912	106.131826	0.011804	10.3
1851	-0.400087	106.099201	0.003403	9.1
1852	-1.407100	106.066602	0.017253	8.3
1853	-1.334868	106.034029	0.013646	12.6
1854	-0.440773	106.001483	0.003656	8.1
1855	-0.449754	105.968964	0.005317	11.5
1856	-0.258462	105.936472	0.005552	9.4
1857	-1.173148	105.904006	0.007108	12.2
1858	-0.905063	105.871566	0.005432	12.3
1859	-0.714656	105.839153	0.011044	8.1
1860	-0.454351	105.806767	0.007348	8.0
1861	-0.722521	105.774407	0.003738	11.2
1862	-1.522867	105.742073	0.015024	8.7
1863	-1.383004	105.709766	0.016251	10.2
1864	-0.797592	105.677485	0.026750	8.1
1865	-1.385013	105.645230	0.026479	9.6
1866	-0.378788	105.613001	0.005018	12.0
1867	-0.103483	105.580799	0.002071	7.9
1868	-1.613925	105.548623	0.009660	10.6
1869	-0.000000	105.516473	0.000000	7.7
1870	-0.635580	105.484349	0.006267	10.3
1871	-0.292785	105.452251	0.010014	8.4
1872	-1.166744	105.420179	0.007908	9.7
1873	-1.074945	105.388133	0.015338	8.5
1874	-1.139330	105.356113	0.029304	7.9
1875	-0.965294	105.324119	0.005231	12.7
1876	-1.192672	105.292151	0.011690	7.8
1877	-0.325574	105.260209	0.004705	10.8
1878	-0.941690	105.228293	0.007190	8.3
1879	-1.200631	105.196402	0.008130	9.8
1880	-0.000000	105.164537	0.000000	10.8
1881	-1.517876	105.132698	0.008851	7.4
1882	-1.295455	105.100885	0.011268	8.1
1883	-0.803527	105.069097	0.005906	7.4
1884	-0.014626	105.037335	0.000948	10.9
1885	-0.031210	105.005598	0.001630	7.5
1886	-0.000000	104.973887	0.000000	9.8
1887	-1.005292	104.942202	0.002347	7.4
1888	-0.248791	104.910542	0.003777	7.4
1889	-0.993770	104.878907	0.005990	11.7
1890	-1.564342	104.847298	0.026154	10.3
1891	-1.435705	104.815715	0.003195	8.1
1892	-0.002793	104.784156	0.000248	8.1
1893	-1.400725	104.752623	0.017871	9.4
1894	-1.078194	104.721116	0.009517	11.2
1895	-1.498606	104.689633	0.010160	10.3
1896	-0.086234	104.658176	0.002209	9.4
1897	-0.419364	104.626744	0.006014	8.0
1898	-0.000000	104.595337	0.000000	11.9
1899	-0.334433	104.563955	0.004504	8.1
1900	-1.426772	104.532599	0.010344	11.5
1901	-0.147860	104.501267	0.003947	8.7
1902	-1.010654	104.469960	0.014427	11.1
1903	-1.096701	104.438679	0.016599	13.5
1904	-1.429793	104.407422	0.012199	8.4
1905	-0.000000	104.376191	0.000000	7.8
1906	-0.719530	104.344984	0.004151	10.5
1907	-1.204815	104.313802	0.011618	10.4
1908	-0.630467	104.282645	0.004992	11.0
1909	-1.327987	104.251513	0.012726	7.8
1910	-1.161663	104.220405	0.011487	8.5
1911	-0.705663	104.189323	0.005961	11.9
1912	-0.493617	104.158265	0.005626	8.0
1913	-0.000000	104.127231	0.000000	10.8
1914	-0.965092	104.096222	0.006987	9.0
1915	-1.343139	104.065238	0.007082	10.7
1916	-0.376517	104.034279	0.008132	10.2
1917	-0.000000	104.003344	0.000000	7.9
1918	-1.271026	103.972433	0.004584	7.8
1919	-0.141269	103.941547	0.003306	7.7
1920	-0.000035	103.910686	0.000008	12.8
1921	-1.172104	103.879849	0.009589	7.6
1922	-0.420497	103.849036	0.004996	9.9
1923	-0.001286	103.818248	0.000176	7.4
1924	-1.440269	103.787484	0.011224	9.5
1925	-0.356329	103.756744	0.004337	12.9
1926	-1.539722	103.726029	0.008054	7.6
1927	-0.852521	103.695338	0.004279	8.2
1928	-1.092381	103.664671	0.009598	7.6
1929	-0.383237	103.634028	0.004821	10.8
1930	-0.646828	103.603409	0.007249	7.6
1931	-0.369086	103.572814	0.009347	10.5
1932	0.000000	103.542244	0.000000	6.9
1933	-1.463689	103.511698	0.015490	7.7
1934	-1.296444	103.481175	0.018116	11.7
1935	-1.267627	103.450677	0.020377	7.6
1936	-0.735516	103.420202	0.006206	9.3
1937	-1.159609	103.389752	0.007180	9.6
1938	-1.512476	103.359325	0.006379	8.2
1939	-1.518199	103.328922	0.010252	12.0
1940	0.000000	103.298543	0.000000	8.1
1941	-0.063929	103.268188	0.001464	7.6
1942	-0.162431	103.237857	0.004164	8.5
1943	-1.530602	103.207549	0.011382	8.5
1944	-0.354661	103.177265	0.010072	11.2
1945	-0.753480	103.147005	0.008774	10.3
1946	-1.347670	103.116768	0.013406	7.9
1947	-1.618480	103.086556	0.016443	8.9
1948	-0.000000	103.056366	0.000000	10.4
1949	-1.188846	103.026200	0.011152	11.7
1950	-0.821029	102.996058	0.011850	9.1
1951	-1.257672	102.965939	0.006938	8.2
1952	-0.245627	102.935844	0.003641	12.2
1953	-0.955126	102.905772	0.008664	14.8
1954	-1.021948	102.875724	0.008033	9.4
1955	-1.418903	102.845699	0.011387	11.0
1956	-1.640642	102.815697	0.015846	13.9
1957	-0.005163	102.785719	0.000749	10.0
1958	-1.355628	102.755764	0.010662	10.6
1959	-1.585192	102.725832	0.007296	10.7
1960	-1.550982	102.695924	0.007797	11.9
1961	-1.195954	102.666038	0.008288	9.8
1962	-1.171569	102.636176	0.013957	11.5
1963	-1.334783	102.606337	0.027104	8.5
1964	-0.874206	102.576521	0.018139	15.0
1965	-0.460347	102.546728	0.004871	12.3
1966	-1.301778	102.516959	0.004918	9.2
1967	-1.249611	102.487212	0.017792	8.5
1968	-1.276944	102.457488	0.006774	12.7
1969	-0.000000	102.427788	0.000000	9.9
1970	-0.406635	102.398110	0.003118	10.3
1971	-1.328846	102.368455	0.013383	11.0
1972	-0.041633	102.338823	0.001567	11.0
1973	-1.102526	102.309214	0.014529	36.9
1974	-0.241467	102.279628	0.003387	37.5
1975	-0.545230	102.250064	0.006320	23.5
1976	-1.365091	102.220524	0.012649	16.7
1977	-1.295218	102.191006	0.012856	22.1
1978	-1.332951	102.161511	0.009489	18.0
1979	-0.000000	102.132038	0.000000	23.7
1980	-0.967333	102.102588	0.010421	13.2
1981	-1.071322	102.073161	0.006262	11.2
1982	-1.345408	102.043757	0.003463	11.5
1983	-1.000672	102.014375	0.007567	14.2
1984	-0.000000	101.985015	0.000000	7.5
1985	-1.306739	101.955678	0.003277	8.2
1986	-0.000000	101.926364	0.000000	7.8
1987	-1.525018	101.897072	0.016094	10.2
1988	-0.000000	101.867802	0.000000	10.2
1989	-1.215976	101.838555	0.004167	8.8
1990	-1.130251	101.809330	0.021130	8.4
1991	-0.001478	101.780128	0.000264	8.8
1992	-1.443150	101.750948	0.012617	14.0
1993	-1.326679	101.721790	0.008648	7.7
1994	-0.320461	101.692654	0.004276	7.4
1995	-1.662471	101.663541	0.006068	8.2
1996	-1.486077	101.634450	0.012803	9.3
1997	-0.000004	101.605381	0.000001	10.5
1998	-1.603588	101.576335	0.017278	9.0
1999	-0.313062	101.547310	0.006977	7.6
