1:ItNr	2:Metric	3:StepSize	4:||Gradient||	Time[ms]
0	-0.820331	627.201626	0.008589	1125.2
1	-0.951904	623.504937	0.008863	9.5
2	-0.000000	619.865785	0.000000	7.6
3	0.000000	616.282728	0.000000	10.6
4	-0.026810	612.754375	0.000545	13.3
5	-0.616748	609.279381	0.007646	13.6
6	-0.784266	605.856447	0.008423	8.5
7	-0.107861	602.484317	0.002386	12.0
8	-0.783941	599.161779	0.015264	9.4
9	-0.432158	595.887656	0.006845	9.9
10	-0.435918	592.660813	0.012056	9.5
11	-0.103992	589.480151	0.002036	10.1
12	-0.609158	586.344606	0.011114	10.1
13	0.000000	583.253145	0.000000	8.8
14	0.000000	580.204771	0.000000	10.3
15	-0.819529	577.198517	0.006059	9.8
16	-1.104496	574.233444	0.009428	11.0
17	-0.471548	571.308645	0.006346	10.7
18	-0.428917	568.423237	0.006268	8.8
19	-0.003661	565.576365	0.001362	8.6
20	-0.000002	562.767201	0.000002	12.1
21	0.000000	559.994938	0.000000	9.0
22	-0.551027	557.258797	0.007360	10.4
23	-0.803041	554.558018	0.009054	8.7
24	-0.737861	551.891865	0.008475	9.6
25	-0.554343	549.259621	0.007378	13.0
26	-0.991751	546.660592	0.007259	8.3
27	-0.591571	544.094102	0.005773	9.6
28	-0.721215	541.559494	0.006644	9.5
29	-0.435949	539.056129	0.009909	11.8
30	-1.096623	536.583387	0.013633	10.5
31	-0.450207	534.140663	0.006716	8.7
32	-0.935624	531.727370	0.009191	8.4
33	-0.561062	529.342935	0.007794	14.3
34	-0.777790	526.986802	0.007645	8.5
35	-0.822648	524.658430	0.015110	8.6
36	0.000000	522.357290	0.000000	8.6
37	-0.778535	520.082868	0.010872	9.3
38	-1.078658	517.834665	0.010118	12.6
39	-0.935975	515.612193	0.007533	8.8
40	-0.193812	513.414976	0.007108	10.9
41	-0.681826	511.242551	0.008572	8.6
42	-0.437226	509.094468	0.005118	13.7
43	0.000000	506.970285	0.000000	10.7
44	-0.857040	504.869574	0.006454	8.6
45	-0.926760	502.791916	0.009217	9.1
46	-0.211902	500.736903	0.005355	12.8
47	0.000000	498.704137	0.000000	8.4
48	-0.962201	496.693228	0.013178	11.0
49	-0.962081	494.703798	0.010464	9.4
50	-0.107913	492.735476	0.003192	9.9
51	-0.963807	490.787900	0.010061	12.5
52	-0.969534	488.860718	0.007405	9.8
53	-0.227182	486.953585	0.004807	8.6
54	-0.478350	485.066164	0.006570	9.8
55	0.000000	483.198126	0.000000	11.8
56	-0.953130	481.349149	0.009750	10.8
57	-0.573663	479.518920	0.008677	12.2
58	-0.268269	477.707132	0.007388	10.4
59	-0.702859	475.913485	0.007933	10.4
60	-0.423154	474.137684	0.007873	8.7
61	-0.000000	472.379445	0.000000	10.0
62	-0.887208	470.638485	0.008540	9.5
63	-0.742526	468.914531	0.006629	11.2
64	-0.006474	467.207315	0.000082	11.0
65	-0.418783	465.516573	0.005518	9.0
66	-0.087441	463.842050	0.004538	8.6
67	-0.652535	462.183494	0.011674	12.7
68	-0.467001	460.540658	0.006095	8.7
69	-0.257876	458.913303	0.005153	10.4
70	-0.799869	457.301192	0.009299	8.7
71	0.000000	455.704096	0.000000	9.8
72	-0.238694	454.121787	0.004799	11.8
73	-0.838115	452.554045	0.006834	8.7
74	-0.307201	451.000653	0.004827	11.1
75	0.000000	449.461399	0.000000	9.9
76	-0.567300	447.936075	0.007514	12.0
77	0.000000	446.424477	0.000000	10.9
78	-0.000000	444.926406	0.000000	8.9
79	0.000000	443.441666	0.000000	8.4
80	-0.479569	441.970065	0.008118	12.8
81	-0.803456	440.511415	0.008728	8.9
82	-0.688201	439.065533	0.007369	10.0
83	-0.504850	437.632238	0.006696	8.9
84	-0.827207	436.211351	0.008506	10.5
85	-0.722916	434.802701	0.012364	12.2
86	0.000000	433.406117	0.000000	11.0
87	-0.144273	432.021430	0.002552	8.9
88	0.000000	430.648479	0.000000	10.8
89	-0.205756	429.287101	0.003872	14.3
90	-0.703279	427.937140	0.009700	8.7
91	-0.477568	426.598440	0.010135	9.2
92	-0.896317	425.270849	0.005377	9.7
93	-0.998614	423.954220	0.027182	13.4
94	-0.226015	422.648404	0.005876	10.8
95	-0.013520	421.353259	0.000302	9.0
96	-0.976074	420.068643	0.007853	9.5
97	-0.619205	418.794419	0.006694	12.8
98	-0.330699	417.530451	0.006751	9.4
99	-0.515613	416.276604	0.006491	11.5
100	-0.385994	415.032748	0.009599	10.2
101	-0.717463	413.798754	0.012493	11.9
102	-0.220253	412.574495	0.005317	10.7
103	-0.907633	411.359849	0.005837	8.9
104	0.000000	410.154691	0.000000	8.9
105	-0.825943	408.958904	0.009513	12.5
106	-0.629968	407.772368	0.006671	9.0
107	-0.359087	406.594968	0.003400	10.4
108	-0.834544	405.426590	0.006827	10.0
109	-0.437220	404.267122	0.007498	12.3
110	-0.405278	403.116456	0.006509	8.7
111	-0.864574	401.974481	0.008726	8.9
112	-1.019856	400.841093	0.008447	8.5
113	-0.913928	399.716187	0.009749	11.5
114	-0.034779	398.599660	0.001307	8.4
115	-0.487184	397.491411	0.006847	10.8
116	-0.023854	396.391342	0.001166	8.9
117	-0.523139	395.299353	0.006014	10.0
118	-0.401889	394.215350	0.005343	10.3
119	-0.644330	393.139238	0.008109	8.5
120	-0.649480	392.070924	0.009037	11.2
121	-0.222271	391.010316	0.005325	9.0
122	-0.057758	389.957325	0.001301	11.7
123	-0.014571	388.911862	0.000884	11.6
124	-0.671564	387.873839	0.006851	8.9
125	-0.402102	386.843173	0.003976	8.6
126	-0.000005	385.819777	0.000007	13.5
127	-0.198981	384.803569	0.002510	8.9
128	-0.250025	383.794468	0.003618	12.0
129	-0.152630	382.792393	0.004365	10.2
130	0.000000	381.797264	0.000000	11.4
131	0.000000	380.809005	0.000000	9.0
132	0.000000	379.827537	0.000000	11.2
133	-0.926396	378.852786	0.011232	8.8
134	-1.029639	377.884678	0.008677	10.6
135	-0.985306	376.923138	0.029910	10.4
136	-0.949151	375.968095	0.017525	11.3
137	-0.264749	375.019479	0.005029	8.5
138	-0.928065	374.077218	0.008837	9.4
139	-0.644056	373.141244	0.009660	11.5
140	-0.495394	372.211489	0.007510	9.4
141	-0.695176	371.287887	0.009033	10.7
142	-0.019351	370.370370	0.000658	9.3
143	-0.008022	369.458876	0.000738	15.1
144	-0.068801	368.553338	0.002421	8.9
145	0.000000	367.653696	0.000000	9.3
146	0.000000	366.759885	0.000000	10.4
147	-0.094007	365.871846	0.002961	11.7
148	-0.896250	364.989518	0.006528	11.1
149	-0.850202	364.112841	0.007499	8.5
150	-0.018066	363.241757	0.000521	9.3
151	-0.498424	362.376208	0.006137	15.9
152	-0.683772	361.516137	0.007087	8.6
153	-0.897057	360.661488	0.008753	8.5
154	-0.259107	359.812206	0.002573	9.0
155	-0.588280	358.968236	0.004346	14.4
156	-0.842103	358.129524	0.006808	10.7
157	-0.260998	357.296018	0.005150	9.9
158	0.000000	356.467665	0.000000	10.3
159	-0.792309	355.644414	0.005643	12.1
160	-0.308252	354.826213	0.004037	9.0
161	-0.000980	354.013012	0.000045	10.4
162	0.000000	353.204763	0.000000	8.8
163	-0.006585	352.401415	0.000282	15.8
164	-0.279761	351.602922	0.003525	8.7
165	-0.843887	350.809235	0.008331	8.9
166	-0.904793	350.020308	0.010337	8.9
167	-0.561445	349.236095	0.005442	11.1
168	-0.553788	348.456550	0.006836	17.9
169	-0.587575	347.681627	0.006648	11.3
170	-1.016396	346.911283	0.013736	10.5
171	-0.929455	346.145474	0.011061	37.9
172	0.000000	345.384157	0.000000	13.8
173	-0.512196	344.627288	0.005524	12.9
174	-0.414260	343.874826	0.005337	15.7
175	-0.406765	343.126729	0.004675	15.1
176	0.000000	342.382957	0.000000	13.8
177	-0.894607	341.643469	0.013059	13.1
178	-0.560247	340.908224	0.012231	10.3
179	-0.980397	340.177184	0.009520	11.8
180	-0.543295	339.450309	0.003715	10.8
181	0.000000	338.727561	0.000000	12.5
182	-0.360479	338.008902	0.005479	9.9
183	-0.894912	337.294295	0.007015	12.2
184	-0.568306	336.583703	0.006816	9.0
185	-0.929730	335.877089	0.008897	13.8
186	0.000000	335.174416	0.000000	11.2
187	-0.897320	334.475651	0.005336	8.9
188	-0.748080	333.780756	0.008929	10.2
189	-0.827975	333.089698	0.007467	13.5
190	-0.300071	332.402443	0.004295	8.8
191	0.000000	331.718955	0.000000	11.6
192	-0.702522	331.039203	0.014161	10.5
193	0.000000	330.363153	0.000000	14.5
194	-0.732183	329.690771	0.016287	8.9
195	-0.497045	329.022027	0.008901	13.6
196	-0.062923	328.356888	0.002271	10.8
197	-0.434211	327.695322	0.005711	18.7
198	0.000000	327.037299	0.000000	11.8
199	-0.692884	326.382787	0.010088	10.9
200	-0.478994	325.731758	0.005721	12.0
201	0.000000	325.084179	0.000000	11.3
202	-0.657923	324.440023	0.007662	9.0
203	-0.413305	323.799258	0.005963	9.1
204	-0.695367	323.161858	0.010540	11.0
205	-0.508560	322.527792	0.007727	9.4
206	-1.104133	321.897034	0.014485	11.3
207	-0.481104	321.269554	0.005253	8.5
208	-0.818666	320.645325	0.005948	9.7
209	-0.053731	320.024320	0.000857	11.3
210	-1.062866	319.406512	0.017814	9.9
211	-0.000045	318.791875	0.000034	9.2
212	-0.001318	318.180381	0.000692	8.7
213	-0.235876	317.572005	0.007376	13.0
214	-0.707312	316.966721	0.005958	8.9
215	0.000000	316.364504	0.000000	10.1
216	-0.199974	315.765329	0.004007	9.1
217	-0.505132	315.169170	0.006688	12.6
218	0.000000	314.576003	0.000000	9.8
219	-0.427458	313.985804	0.009343	9.0
220	-0.968067	313.398548	0.007296	9.4
221	-0.974326	312.814213	0.008145	9.8
222	-0.217940	312.232773	0.005731	11.1
223	-0.014555	311.654207	0.000839	10.3
224	0.000000	311.078491	0.000000	8.4
225	-0.597062	310.505602	0.009276	8.6
226	-0.703036	309.935518	0.007769	13.6
227	-0.005917	309.368217	0.000524	8.6
228	-0.638654	308.803676	0.005812	10.2
229	-0.147016	308.241874	0.002301	8.9
230	0.000000	307.682789	0.000000	11.2
231	-0.597863	307.126400	0.005927	11.3
232	-0.707726	306.572687	0.011019	9.9
233	-0.974769	306.021627	0.012746	8.5
234	0.000000	305.473201	0.000000	10.5
235	-0.000000	304.927388	0.000000	10.5
236	-0.853967	304.384168	0.007567	11.1
237	-0.885141	303.843521	0.007689	8.7
238	-0.563441	303.305427	0.006875	10.0
239	-0.586217	302.769867	0.008523	11.8
240	-0.593481	302.236821	0.007828	8.8
241	-0.995965	301.706270	0.013533	10.1
242	-0.661081	301.178196	0.006988	9.9
243	-1.002226	300.652580	0.008807	11.3
244	-0.887459	300.129402	0.006903	10.4
245	-0.032586	299.608645	0.000459	9.0
246	-0.910362	299.090291	0.012878	8.2
247	-0.046336	298.574321	0.002376	12.1
248	-0.670003	298.060718	0.008026	8.4
249	-0.388001	297.549465	0.004949	10.4
250	-0.562193	297.040543	0.006585	8.3
251	-0.429102	296.533936	0.005200	8.5
252	-0.441370	296.029626	0.008761	13.0
253	-0.099378	295.527597	0.002476	8.5
254	-0.148610	295.027832	0.003899	10.5
255	-0.400963	294.530315	0.007539	8.7
256	0.000000	294.035028	0.000000	12.5
257	-0.224513	293.541956	0.004295	11.3
258	-0.835122	293.051083	0.008244	8.6
259	0.000000	292.562393	0.000000	8.4
260	-1.001126	292.075870	0.014217	10.5
261	-0.787294	291.591498	0.011303	10.3
262	-0.938687	291.109263	0.014843	11.0
263	-0.630228	290.629149	0.013217	8.4
264	0.000000	290.151140	0.000000	10.6
265	-0.234980	289.675222	0.004286	14.0
266	-0.603813	289.201380	0.008025	8.2
267	0.000000	288.729600	0.000000	8.8
268	-0.421541	288.259866	0.006757	9.1
269	-0.325366	287.792165	0.004289	12.9
270	-0.839878	287.326481	0.007718	10.6
271	-0.000000	286.862802	0.000000	9.1
272	-0.892997	286.401113	0.008199	8.9
273	-0.739868	285.941400	0.008301	12.3
274	-0.001795	285.483649	0.000552	8.6
275	-0.716665	285.027847	0.009597	10.7
276	-0.330401	284.573981	0.005302	8.4
277	-0.668130	284.122037	0.004837	10.4
278	-0.021802	283.672002	0.000928	13.0
279	-0.670882	283.223863	0.006813	8.5
280	-1.053162	282.777607	0.018792	8.7
281	-0.000009	282.333221	0.000001	8.7
282	-0.445422	281.890692	0.006452	13.7
283	0.000000	281.450008	0.000000	11.2
284	-1.141735	281.011157	0.007650	8.8
285	-0.595458	280.574125	0.015500	8.6
286	-0.769614	280.138901	0.010849	12.6
287	-0.689327	279.705473	0.006690	9.0
288	0.000000	279.273829	0.000000	10.6
289	-0.143681	278.843956	0.001824	8.8
290	-0.305294	278.415844	0.004403	11.1
291	-0.752095	277.989479	0.017651	12.7
292	-0.144156	277.564851	0.002112	8.7
293	-0.885671	277.141949	0.007179	9.1
294	-0.874893	276.720761	0.009521	10.0
295	-0.421146	276.301275	0.011822	10.2
296	-0.695367	275.883480	0.008076	11.2
297	0.000000	275.467366	0.000000	8.6
298	-0.000000	275.052922	0.000000	9.8
299	-0.785060	274.640136	0.006259	12.1
300	0.000000	274.228998	0.000000	8.2
301	0.000000	273.819497	0.000000	12.9
302	-0.021036	273.411623	0.000341	10.1
303	-1.068998	273.005365	0.020082	12.7
304	-1.122777	272.600712	0.021738	11.0
305	-0.454501	272.197655	0.008772	9.2
306	-0.986208	271.796184	0.008224	8.7
307	-1.023008	271.396287	0.011428	13.3
308	0.000000	270.997956	0.000000	11.9
309	-0.021594	270.601180	0.000225	8.5
310	-0.890102	270.205949	0.008930	8.5
311	-0.913556	269.812254	0.008151	13.7
312	-0.635906	269.420085	0.007301	10.1
313	-0.863099	269.029432	0.011790	8.9
314	-0.022088	268.640287	0.000364	9.7
315	0.000000	268.252638	0.000000	11.6
316	-0.040898	267.866478	0.001104	18.7
317	-0.446424	267.481796	0.007054	13.9
318	-0.393412	267.098584	0.005644	19.0
319	-0.832565	266.716833	0.006462	13.4
320	-0.086832	266.336533	0.001697	9.1
321	-0.685149	265.957676	0.006327	9.9
322	0.000000	265.580253	0.000000	13.5
323	0.000000	265.204254	0.000000	8.9
324	-0.614893	264.829672	0.007381	12.1
325	0.000000	264.456497	0.000000	10.5
326	0.000000	264.084721	0.000000	13.3
327	-0.786862	263.714335	0.012902	8.5
328	0.000000	263.345332	0.000000	11.7
329	-0.856551	262.977702	0.005507	8.7
330	-0.944031	262.611438	0.018035	13.6
331	-0.000000	262.246531	0.000000	12.1
332	-0.127055	261.882973	0.003787	9.3
333	-0.318172	261.520756	0.010430	9.9
334	-0.056172	261.159871	0.001964	15.6
335	0.000000	260.800312	0.000000	9.6
336	-0.726243	260.442070	0.006846	14.8
337	-0.765277	260.085137	0.008279	12.7
338	-0.470805	259.729505	0.006488	12.0
339	-0.936795	259.375167	0.015382	10.9
340	-0.431582	259.022116	0.005022	9.4
341	-0.507472	258.670343	0.008944	9.6
342	0.000000	258.319841	0.000000	12.7
343	-0.505681	257.970602	0.006262	8.5
344	-0.004627	257.622620	0.000287	11.3
345	0.000000	257.275887	0.000000	8.7
346	-0.352263	256.930396	0.004791	13.0
347	-0.618716	256.586139	0.011290	10.5
348	0.000000	256.243109	0.000000	8.7
349	-0.000288	255.901300	0.000007	8.5
350	-0.791157	255.560703	0.007879	9.9
351	-0.000000	255.221313	0.000000	11.8
352	-0.024703	254.883122	0.003158	11.2
353	-0.803171	254.546124	0.005863	9.5
354	-0.858074	254.210311	0.008196	9.0
355	-0.858999	253.875677	0.005394	13.4
356	-0.640953	253.542215	0.004359	9.2
357	-0.380448	253.209918	0.004258	11.0
358	-0.006146	252.878781	0.000725	10.1
359	0.000000	252.548795	0.000000	12.8
360	-0.693518	252.219956	0.005713	11.3
361	-0.430509	251.892255	0.007126	8.5
362	-0.901011	251.565688	0.012634	9.1
363	-0.527369	251.240247	0.005826	14.5
364	-0.002049	250.915926	0.000028	10.9
365	-0.552227	250.592720	0.007941	8.7
366	-0.874282	250.270621	0.007695	9.9
367	-0.190226	249.949624	0.001436	13.9
368	-0.589721	249.629723	0.006795	8.7
369	-0.000005	249.310911	0.000002	11.4
370	-0.049314	248.993182	0.000554	9.4
371	-0.749346	248.676531	0.006727	13.1
372	-0.604851	248.360952	0.008355	11.1
373	-0.645403	248.046438	0.008605	8.6
374	-0.554073	247.732984	0.010240	8.7
375	-0.000000	247.420584	0.000000	14.2
376	-0.729422	247.109233	0.006620	8.7
377	0.000000	246.798924	0.000000	10.9
378	-0.023822	246.489652	0.000548	10.6
379	-0.042963	246.181412	0.000630	15.6
380	-0.188250	245.874197	0.003169	8.8
381	-0.848856	245.568002	0.006759	9.0
382	0.000000	245.262822	0.000000	8.8
383	-0.633448	244.958652	0.008273	13.8
384	-0.819930	244.655485	0.009570	11.2
385	-0.447115	244.353317	0.006682	8.6
386	-0.240467	244.052142	0.002342	8.9
387	-1.018465	243.751955	0.013385	12.8
388	0.000000	243.452750	0.000000	8.9
389	-0.792717	243.154523	0.009780	11.2
390	-0.831862	242.857268	0.011404	9.2
391	-0.874228	242.560980	0.015427	13.1
392	-0.530108	242.265654	0.005718	11.1
393	-1.248068	241.971285	0.011332	9.1
394	0.000000	241.677868	0.000000	8.8
395	-0.589903	241.385397	0.007863	10.8
396	-0.018504	241.093869	0.002000	11.0
397	-0.539501	240.803278	0.010177	11.2
398	0.000000	240.513619	0.000000	9.2
399	-0.897287	240.224887	0.005999	9.4
400	0.000000	239.937077	0.000000	11.9
401	-0.741132	239.650186	0.007233	8.9
402	-1.006780	239.364207	0.011848	11.5
403	-0.452498	239.079136	0.005581	10.1
404	-0.952080	238.794969	0.007567	12.4
405	-0.107277	238.511701	0.002328	10.1
406	-0.991573	238.229327	0.009362	9.1
407	-0.358840	237.947843	0.005027	9.6
408	-0.675408	237.667244	0.006841	13.4
409	-0.817149	237.387526	0.007941	12.0
410	-0.000000	237.108684	0.000000	8.8
411	-0.479920	236.830714	0.003295	9.0
412	0.000000	236.553610	0.000000	14.3
413	-0.082886	236.277370	0.002543	9.1
414	0.000000	236.001989	0.000000	9.3
415	-0.226191	235.727461	0.003947	9.0
416	-0.380448	235.453784	0.006171	14.1
417	-0.000040	235.180952	0.000061	10.1
418	-0.094748	234.908962	0.003868	8.9
419	-0.653325	234.637809	0.008203	8.4
420	-0.385893	234.367488	0.003772	12.1
421	-0.615080	234.097997	0.005937	8.7
422	-0.000465	233.829331	0.000610	10.9
423	-0.863427	233.561485	0.008027	8.6
424	-0.065485	233.294456	0.003028	9.2
425	-0.874653	233.028239	0.005629	13.8
426	-0.793225	232.762831	0.006686	8.6
427	-0.142221	232.498228	0.003754	8.7
428	-0.816271	232.234425	0.007142	9.2
429	-1.098539	231.971419	0.022189	13.3
430	-0.088891	231.709205	0.001753	10.6
431	-0.418950	231.447781	0.005434	8.4
432	-0.945965	231.187141	0.004897	8.9
433	-0.266087	230.927283	0.003709	12.6
434	-0.771050	230.668202	0.004218	8.4
435	-0.397304	230.409895	0.005173	12.9
436	-0.006896	230.152358	0.000486	8.3
437	0.000000	229.895587	0.000000	9.9
438	-0.516713	229.639578	0.009069	12.2
439	-0.480794	229.384329	0.008276	8.1
440	0.000000	229.129834	0.000000	8.6
441	-0.747519	228.876091	0.013734	9.6
442	-0.787285	228.623096	0.007615	12.8
443	-1.008884	228.370846	0.008025	10.1
444	0.000000	228.119336	0.000000	8.5
445	-0.598743	227.868563	0.006253	9.0
446	-0.942287	227.618525	0.013175	11.7
447	0.000000	227.369216	0.000000	8.5
448	0.000000	227.120635	0.000000	10.2
449	-0.953569	226.872777	0.008055	8.7
450	-0.714978	226.625638	0.006332	9.7
451	0.000000	226.379217	0.000000	12.9
452	-0.000428	226.133509	0.000278	8.8
453	0.000000	225.888510	0.000000	8.1
454	-0.642725	225.644218	0.010197	9.4
455	-0.126856	225.400630	0.003110	13.2
456	-0.966241	225.157741	0.009982	10.5
457	-0.800789	224.915549	0.010317	9.1
458	-0.224365	224.674051	0.006285	8.8
459	-0.883205	224.433242	0.007473	10.9
460	-0.005744	224.193121	0.000387	10.8
461	-0.452782	223.953684	0.006396	10.7
462	-0.896647	223.714927	0.005664	8.6
463	-0.731489	223.476848	0.009862	11.4
464	-0.952057	223.239444	0.004966	12.3
465	0.000000	223.002710	0.000000	9.4
466	-0.352360	222.766645	0.007627	8.9
467	-0.724639	222.531245	0.008829	11.3
468	-0.448810	222.296508	0.004069	13.1
469	-0.989792	222.062429	0.004944	11.3
470	-0.817495	221.829007	0.009960	9.1
471	-0.710501	221.596238	0.011531	10.7
472	0.000000	221.364119	0.000000	10.8
473	-0.287516	221.132647	0.003813	8.5
474	-0.953648	220.901820	0.005985	11.5
475	-1.123371	220.671634	0.011891	9.6
476	-0.000000	220.442086	0.000001	12.1
477	-0.060480	220.213174	0.000895	11.4
478	-0.514470	219.984895	0.005496	8.6
479	-0.740905	219.757246	0.009178	9.4
480	-0.584674	219.530224	0.005665	13.4
481	-0.514807	219.303826	0.007410	9.4
482	0.000000	219.078050	0.000000	10.0
483	-0.821708	218.852893	0.006437	10.3
484	-0.594820	218.628352	0.007270	11.4
485	-1.129782	218.404424	0.012811	9.6
486	0.000000	218.181106	0.000000	9.3
487	-0.806848	217.958397	0.006489	9.7
488	-0.505515	217.736292	0.005971	13.3
489	-0.464362	217.514790	0.007027	12.1
490	-0.516930	217.293888	0.004658	9.1
491	-0.914487	217.073584	0.005640	11.1
492	-0.737256	216.853873	0.005922	13.1
493	-0.817177	216.634755	0.006525	8.3
494	-0.941175	216.416227	0.012679	10.3
495	-0.911649	216.198285	0.005409	8.3
496	0.000000	215.980927	0.000000	12.2
497	-0.583915	215.764151	0.006846	10.6
498	-0.137752	215.547955	0.002455	8.1
499	-0.391501	215.332335	0.005989	8.8
500	0.000000	215.117289	0.000000	9.4
501	-0.007701	214.902815	0.000188	11.2
502	0.000000	214.688911	0.000000	10.8
503	-0.388454	214.475573	0.004192	8.4
504	-0.541459	214.262800	0.006740	8.7
505	-0.205048	214.050588	0.003170	11.6
506	-0.925153	213.838936	0.007749	9.6
507	-0.585499	213.627842	0.006440	8.6
508	-0.859714	213.417302	0.006784	8.4
509	0.000000	213.207314	0.000000	9.9
510	-0.852852	212.997877	0.007417	12.1
511	-0.897139	212.788987	0.007611	10.1
512	-0.646814	212.580642	0.008114	9.2
513	0.000000	212.372841	0.000000	9.3
514	-1.055678	212.165581	0.016022	12.5
515	-0.510910	211.958859	0.005653	10.9
516	-0.448335	211.752673	0.005495	9.6
517	0.000000	211.547021	0.000000	9.4
518	-0.596743	211.341902	0.005384	12.7
519	0.000000	211.137311	0.000000	8.5
520	0.000000	210.933248	0.000000	11.0
521	0.000000	210.729710	0.000000	9.0
522	-0.035842	210.526695	0.001304	11.9
523	-0.665218	210.324200	0.006515	11.7
524	-0.239378	210.122224	0.004096	9.1
525	-0.140736	209.920765	0.003882	10.0
526	-0.755343	209.719820	0.008339	10.1
527	-0.046351	209.519387	0.000746	11.3
528	-0.017650	209.319463	0.000211	11.1
529	-0.288107	209.120048	0.006400	8.6
530	-0.874855	208.921139	0.005929	9.3
531	-0.438839	208.722733	0.012753	13.2
532	-0.285933	208.524829	0.004641	8.1
533	-0.169078	208.327425	0.004080	11.3
534	-0.913679	208.130518	0.008344	8.9
535	-0.305900	207.934107	0.005041	13.2
536	-0.555865	207.738189	0.005145	11.3
537	0.000000	207.542762	0.000000	9.4
538	0.000000	207.347825	0.000000	9.4
539	-0.621533	207.153376	0.010370	11.0
540	-0.393001	206.959412	0.006241	10.5
541	-0.141892	206.765932	0.004074	11.4
542	0.000000	206.572933	0.000000	9.1
543	-0.050899	206.380414	0.001996	10.2
544	-0.725029	206.188373	0.006838	11.1
545	-0.743843	205.996807	0.007006	9.2
546	0.000000	205.805716	0.000000	12.3
547	-0.708686	205.615096	0.007337	14.4
548	-0.711474	205.424946	0.010420	13.8
549	-0.968095	205.235265	0.010401	9.0
550	-1.015496	205.046050	0.019335	9.0
551	-0.291155	204.857299	0.004835	13.0
552	0.000000	204.669011	0.000000	9.3
553	-0.866492	204.481184	0.005647	11.5
554	-0.006552	204.293816	0.001335	8.5
555	-0.000001	204.106905	0.000001	11.4
556	-0.000000	203.920449	0.000000	11.5
557	-0.370038	203.734447	0.006095	9.9
558	-0.885472	203.548896	0.009470	9.1
559	-0.948585	203.363795	0.009499	10.6
560	-0.743558	203.179143	0.007081	10.2
561	0.000000	202.994937	0.000000	10.3
562	-0.802735	202.811176	0.007243	8.7
563	-0.853442	202.627857	0.006892	9.9
564	-0.392305	202.444980	0.005122	12.2
565	-0.866668	202.262543	0.007479	8.6
566	-1.049312	202.080543	0.010499	11.3
567	-0.763060	201.898979	0.007329	8.9
568	-0.000030	201.717849	0.000021	12.3
569	-0.181479	201.537153	0.004467	10.4
570	-0.939745	201.356887	0.008301	8.5
571	-0.075845	201.177050	0.000724	8.4
572	-0.733525	200.997642	0.008109	11.6
573	-0.751398	200.818659	0.006705	8.6
574	-0.743370	200.640100	0.005690	10.7
575	0.000000	200.461965	0.000000	9.4
576	-0.786042	200.284250	0.008151	9.7
577	-0.996037	200.106955	0.013325	11.4
578	-0.769816	199.930078	0.006736	9.1
579	-0.872203	199.753617	0.010622	11.5
580	0.000000	199.577571	0.000000	10.0
581	-0.791676	199.401938	0.005233	10.7
582	-0.618168	199.226717	0.009282	11.1
583	-0.371923	199.051905	0.005526	8.8
584	-0.627735	198.877502	0.005960	8.7
585	-0.743307	198.703506	0.006417	14.3
586	0.000000	198.529916	0.000000	8.2
587	0.000000	198.356729	0.000000	11.5
588	-1.031959	198.183944	0.016396	10.5
589	-0.982647	198.011560	0.010201	11.6
590	-0.650944	197.839576	0.004720	10.3
591	0.000000	197.667989	0.000000	10.0
592	-0.251160	197.496798	0.004277	7.8
593	-0.555209	197.326002	0.007383	13.1
594	-0.671795	197.155600	0.007765	12.3
595	-0.529083	196.985589	0.005992	8.6
596	-0.497691	196.815969	0.005135	8.9
597	-0.422287	196.646738	0.006782	12.7
598	-0.876984	196.477894	0.008663	22.2
599	-0.000029	196.309436	0.000018	16.1
600	-0.358307	196.141363	0.009927	16.2
601	-0.897058	195.973673	0.010589	14.9
602	-0.796098	195.806365	0.006979	14.0
603	-0.002281	195.639437	0.000268	14.4
604	-0.878802	195.472888	0.010988	15.6
605	-0.106596	195.306717	0.003017	14.0
606	0.000000	195.140922	0.000000	13.3
607	-0.453312	194.975501	0.004993	14.3
608	-0.470519	194.810454	0.006235	14.4
609	-0.469116	194.645779	0.006811	15.1
610	-0.826414	194.481475	0.006915	16.7
611	-0.340229	194.317540	0.003500	13.2
612	-0.442073	194.153973	0.006639	8.6
613	-0.325127	193.990773	0.005340	9.1
614	-0.710772	193.827938	0.008354	8.9
615	-0.018673	193.665467	0.000392	14.4
616	0.000000	193.503358	0.000000	11.1
617	-0.742935	193.341611	0.005010	8.9
618	-0.681512	193.180224	0.007094	9.4
619	0.000000	193.019196	0.000000	13.1
620	-0.565590	192.858525	0.006042	9.1
621	-0.732635	192.698210	0.011998	11.1
622	-0.605157	192.538251	0.007413	8.8
623	-0.108026	192.378644	0.002375	10.6
624	-0.721306	192.219391	0.007487	13.3
625	-0.321232	192.060488	0.005740	9.2
626	0.000000	191.901935	0.000000	9.1
627	-1.042530	191.743730	0.009963	9.8
628	-0.006078	191.585873	0.000341	11.1
629	-0.689505	191.428362	0.007659	10.8
630	0.000000	191.271196	0.000000	9.5
631	-1.002145	191.114374	0.011921	8.4
632	-0.710013	190.957893	0.005749	12.9
633	-0.233201	190.801755	0.003657	8.8
634	-0.501498	190.645956	0.005779	10.8
635	-0.073768	190.490495	0.002002	8.7
636	-0.455257	190.335373	0.005697	9.3
637	-0.917991	190.180587	0.006398	11.9
638	-0.261996	190.026136	0.002088	8.7
639	-0.232003	189.872019	0.003517	11.7
640	-0.897957	189.718235	0.006640	10.1
641	0.000000	189.564782	0.000000	11.7
642	-0.757424	189.411661	0.005183	11.2
643	-0.796526	189.258868	0.009354	10.1
644	-0.000216	189.106404	0.000124	11.8
645	-1.047579	188.954267	0.008000	13.0
646	-0.149814	188.802456	0.004671	12.3
647	-0.540325	188.650969	0.004020	9.0
648	-0.086002	188.499807	0.003416	13.3
649	-0.009930	188.348967	0.000248	9.9
650	-0.817877	188.198448	0.007022	8.4
651	-0.589292	188.048250	0.007845	8.6
652	-0.844848	187.898371	0.007408	9.7
653	-0.957213	187.748810	0.005153	13.4
654	-0.357209	187.599566	0.010259	10.6
655	-0.593911	187.450638	0.007649	8.5
656	-0.018009	187.302025	0.002690	8.3
657	-0.388985	187.153725	0.002697	16.2
658	-0.854371	187.005739	0.005476	13.3
659	-0.558889	186.858064	0.007977	8.7
660	0.000000	186.710699	0.000000	8.9
661	-0.393039	186.563645	0.004801	13.8
662	0.000000	186.416898	0.000000	8.9
663	-0.727587	186.270459	0.007702	10.0
664	-0.425452	186.124326	0.005199	9.0
665	-0.937097	185.978499	0.005683	10.3
666	0.000000	185.832976	0.000000	13.1
667	-0.742344	185.687756	0.006815	8.4
668	-0.669713	185.542838	0.006930	8.5
669	0.000000	185.398222	0.000000	8.8
670	-0.853889	185.253906	0.006040	13.9
671	-0.859396	185.109889	0.005482	9.9
672	-0.480883	184.966170	0.005462	9.1
673	-0.018377	184.822748	0.001627	17.6
674	0.000000	184.679623	0.000000	10.1
675	-0.492358	184.536792	0.008009	15.7
676	-0.005854	184.394256	0.000445	11.1
677	-0.844782	184.252013	0.005960	13.2
678	-0.538375	184.110062	0.006890	10.2
679	0.000000	183.968403	0.000000	9.0
680	0.000000	183.827034	0.000000	8.3
681	0.000000	183.685954	0.000000	13.3
682	-0.979143	183.545163	0.011639	11.5
683	-0.681420	183.404658	0.007080	8.7
684	-0.881722	183.264441	0.009133	10.0
685	0.000000	183.124509	0.000000	12.1
686	-0.201088	182.984861	0.006948	9.2
687	-1.127225	182.845497	0.011736	11.1
688	0.000000	182.706416	0.000000	8.7
689	-0.924428	182.567616	0.008922	11.0
690	-0.933983	182.429098	0.007244	12.3
691	-0.000565	182.290859	0.000136	8.4
692	-0.165041	182.152899	0.002971	8.7
693	-0.107324	182.015217	0.001925	10.0
694	-1.059311	181.877813	0.011178	12.3
695	-0.711164	181.740684	0.006442	11.3
696	-0.601526	181.603832	0.003555	9.1
697	-1.019727	181.467253	0.013378	13.3
698	-0.920251	181.330948	0.008474	10.4
699	-0.811017	181.194916	0.006722	8.6
700	-0.015811	181.059155	0.000208	11.1
701	0.000000	180.923666	0.000000	9.4
702	-0.534227	180.788446	0.005917	11.2
703	-0.016138	180.653496	0.000446	10.8
704	-0.269729	180.518814	0.003661	9.0
705	-0.930848	180.384399	0.012466	11.4
706	0.000000	180.250251	0.000000	14.2
707	-0.062386	180.116369	0.001505	10.6
708	0.000000	179.982752	0.000000	9.3
709	-0.957364	179.849398	0.009024	12.3
710	-0.806672	179.716308	0.005535	11.3
711	-0.707286	179.583480	0.007849	8.7
712	0.000000	179.450913	0.000000	9.0
713	-0.405116	179.318607	0.008429	9.5
714	-1.101746	179.186561	0.009198	9.9
715	-0.876717	179.054774	0.008963	8.5
716	-0.390695	178.923245	0.003032	9.8
717	-0.019819	178.791973	0.000947	9.0
718	-0.477034	178.660958	0.006405	12.2
719	0.000000	178.530199	0.000000	11.3
720	-0.994591	178.399694	0.007612	8.3
721	0.000000	178.269444	0.000000	8.3
722	-0.972655	178.139447	0.006059	9.4
723	-0.150646	178.009702	0.002529	11.3
724	-0.613602	177.880209	0.007631	10.3
725	-0.443440	177.750967	0.005034	8.2
726	-0.760540	177.621975	0.006254	8.5
727	-0.521689	177.493232	0.006102	11.5
728	-0.770071	177.364738	0.006257	8.3
729	-0.298067	177.236492	0.004533	10.9
730	-0.909545	177.108492	0.009723	8.2
731	-0.901644	176.980739	0.007365	9.6
732	-0.431593	176.853231	0.007377	13.1
733	-0.678581	176.725968	0.006544	8.6
734	-0.000003	176.598949	0.000003	8.4
735	-0.686603	176.472173	0.007121	8.3
736	0.000000	176.345639	0.000000	12.4
737	-0.888701	176.219348	0.006262	10.2
738	-0.956397	176.093296	0.010133	8.7
739	0.000000	175.967486	0.000000	9.0
740	-0.319662	175.841914	0.002946	9.3
741	-0.859272	175.716581	0.005220	11.4
742	-0.290906	175.591486	0.005961	8.4
743	-0.974878	175.466629	0.011344	9.8
744	-0.607539	175.342008	0.006720	8.1
745	-0.765280	175.217622	0.006278	12.4
746	-0.615347	175.093472	0.008933	9.9
747	-0.221540	174.969556	0.003972	8.6
748	-0.654254	174.845873	0.007371	8.3
749	0.000000	174.722423	0.000000	10.7
750	0.000000	174.599206	0.000000	10.8
751	-0.030235	174.476220	0.003129	10.6
752	-1.004191	174.353464	0.008844	8.0
753	-0.346360	174.230939	0.004115	8.9
754	-0.096759	174.108643	0.001576	12.1
755	-0.040780	173.986576	0.002091	8.3
756	-1.001101	173.864737	0.009155	10.6
757	0.000000	173.743124	0.000000	8.0
758	-0.168859	173.621739	0.003706	9.2
759	-0.787021	173.500579	0.004543	11.1
760	-0.859238	173.379645	0.007396	9.5
761	-0.442229	173.258935	0.005465	9.5
762	-0.054304	173.138449	0.001554	7.8
763	-0.778707	173.018186	0.007779	11.7
764	0.000000	172.898146	0.000000	8.2
765	-0.017428	172.778327	0.000780	10.1
766	-0.019472	172.658730	0.000403	8.4
767	-1.096270	172.539353	0.011555	8.9
768	0.000000	172.420196	0.000000	12.1
769	-0.764374	172.301258	0.007653	8.1
770	-0.055444	172.182539	0.001765	10.0
771	-0.665014	172.064037	0.007697	8.4
772	-0.784545	171.945753	0.005792	12.5
773	-0.019079	171.827686	0.000537	11.1
774	-0.791544	171.709834	0.005325	8.1
775	0.000000	171.592198	0.000000	8.5
776	-0.339306	171.474776	0.004599	8.3
777	-0.640689	171.357568	0.006198	12.2
778	-0.132658	171.240574	0.002924	10.4
779	-0.658114	171.123793	0.007387	8.2
780	-0.367708	171.007223	0.004851	8.9
781	0.000000	170.890865	0.000000	11.2
782	-0.628258	170.774718	0.005221	8.1
783	-1.021421	170.658782	0.008787	8.4
784	-0.000000	170.543055	0.000000	10.1
785	-0.625231	170.427537	0.006688	8.5
786	-0.832786	170.312227	0.006509	12.9
787	0.000000	170.197125	0.000000	10.0
788	0.000000	170.082231	0.000000	8.2
789	-0.010117	169.967543	0.000368	8.4
790	-0.054622	169.853061	0.003464	11.4
791	-0.579717	169.738784	0.006941	8.2
792	-0.562536	169.624713	0.012033	10.3
793	-0.043293	169.510845	0.001940	8.2
794	-0.000911	169.397181	0.000208	9.3
795	-0.152463	169.283720	0.002606	13.8
796	-0.532737	169.170462	0.009648	8.5
797	-1.018840	169.057405	0.006769	8.6
798	-0.633985	168.944549	0.008058	8.1
799	-1.012858	168.831895	0.007095	11.0
800	-0.949967	168.719440	0.006605	8.2
801	-0.800084	168.607185	0.006565	9.8
802	-0.448543	168.495129	0.005673	8.1
803	-1.022693	168.383271	0.011326	8.3
804	-0.551236	168.271611	0.005345	13.2
805	0.000000	168.160148	0.000000	8.1
806	-0.000014	168.048882	0.000002	9.9
807	-0.989935	167.937812	0.008584	8.2
808	-0.394163	167.826938	0.005204	11.5
809	-0.010021	167.716258	0.000728	10.1
810	-0.921575	167.605773	0.007795	8.3
811	0.000000	167.495482	0.000000	8.6
812	-0.752452	167.385384	0.007981	8.4
813	-0.410714	167.275479	0.006718	12.4
814	-0.366534	167.165766	0.007082	9.3
815	-0.931203	167.056245	0.006704	8.5
816	-0.892192	166.946915	0.005206	8.2
817	-0.809913	166.837776	0.009869	10.8
818	-0.739555	166.728826	0.006549	9.9
819	-0.154890	166.620067	0.004102	7.9
820	0.000000	166.511496	0.000000	8.5
821	0.000000	166.403113	0.000000	9.8
822	-0.815636	166.294919	0.005149	12.6
823	-0.632464	166.186912	0.005301	9.9
824	-0.959503	166.079091	0.006643	12.2
825	-0.819664	165.971458	0.005646	8.2
826	-0.546619	165.864009	0.005036	13.7
827	-0.601625	165.756747	0.006056	8.1
828	-0.606148	165.649669	0.005862	10.6
829	-0.553588	165.542775	0.005297	8.3
830	-0.000000	165.436065	0.000000	12.1
831	-0.634767	165.329538	0.004679	9.9
832	-0.710953	165.223194	0.003688	8.2
833	0.000000	165.117032	0.000000	10.3
834	-0.806096	165.011052	0.006288	13.8
835	0.000000	164.905253	0.000000	9.3
836	-0.977316	164.799635	0.007114	10.0
837	-0.473909	164.694197	0.005969	8.4
838	-0.911287	164.588939	0.009609	8.4
839	-0.946830	164.483859	0.006357	13.5
840	0.000000	164.378959	0.000000	8.1
841	0.000000	164.274237	0.000000	10.1
842	-0.796924	164.169692	0.004594	8.6
843	0.000000	164.065325	0.000000	11.7
844	-0.755313	163.961135	0.005500	10.2
845	-0.570973	163.857120	0.006103	8.1
846	0.000000	163.753282	0.000000	8.2
847	-0.146334	163.649619	0.003475	10.0
848	-1.048732	163.546130	0.007589	11.6
849	0.000000	163.442816	0.000000	10.2
850	-0.800500	163.339676	0.008641	8.2
851	-0.490704	163.236709	0.005347	8.8
852	-0.898219	163.133915	0.006697	12.3
853	-0.103382	163.031294	0.002337	9.6
854	-0.951122	162.928844	0.017345	8.6
855	-0.679592	162.826566	0.005226	12.1
856	-0.630200	162.724459	0.006139	13.4
857	-0.601822	162.622523	0.006807	9.9
858	0.000000	162.520757	0.000000	8.2
859	-1.052512	162.419160	0.006080	8.3
860	0.000000	162.317733	0.000000	8.4
861	0.000000	162.216474	0.000000	12.6
862	-0.414285	162.115383	0.003410	10.3
863	-0.940308	162.014461	0.012514	8.2
864	0.000000	161.913705	0.000000	8.7
865	-0.496294	161.813117	0.005754	11.3
866	-0.500843	161.712695	0.004368	7.7
867	-0.000000	161.612439	0.000000	8.1
868	-0.041028	161.512349	0.001473	9.8
869	-0.621152	161.412424	0.006117	9.4
870	0.000000	161.312663	0.000000	12.7
871	-0.851446	161.213067	0.014695	10.8
872	-0.743505	161.113635	0.007311	8.5
873	-0.577937	161.014366	0.004990	8.1
874	-0.397756	160.915260	0.004573	11.3
875	-0.914695	160.816316	0.008942	8.2
876	-0.124098	160.717535	0.001792	10.2
877	-0.376681	160.618915	0.006490	11.1
878	-0.019648	160.520456	0.000156	11.7
879	-0.142922	160.422158	0.004100	10.6
880	-0.080003	160.324021	0.002140	8.2
881	-0.279030	160.226043	0.004076	8.8
882	-0.185544	160.128225	0.002861	9.1
883	-0.000000	160.030566	0.000000	11.6
884	0.000000	159.933066	0.000000	10.3
885	-0.182228	159.835723	0.002494	8.5
886	-0.696300	159.738539	0.007551	8.2
887	-0.812470	159.641512	0.008330	11.6
888	-0.077812	159.544642	0.002854	9.9
889	-0.676210	159.447929	0.005070	8.1
890	0.000000	159.351372	0.000000	8.2
891	-0.673198	159.254971	0.006436	9.4
892	-0.556395	159.158725	0.005781	11.8
893	-0.843592	159.062634	0.007174	9.7
894	0.000000	158.966697	0.000000	8.8
895	-0.074210	158.870915	0.001727	10.8
896	-0.993804	158.775286	0.009050	14.4
897	0.000000	158.679811	0.000000	10.4
898	-1.045531	158.584489	0.006649	8.3
899	-0.497876	158.489319	0.004711	8.0
900	-0.136096	158.394302	0.004083	11.2
901	-0.466846	158.299436	0.005553	10.1
902	-0.863353	158.204721	0.004938	8.2
903	-0.507455	158.110158	0.003913	8.1
904	-0.964324	158.015745	0.008808	8.5
905	-0.802014	157.921482	0.005453	13.3
906	-0.853246	157.827369	0.011912	10.1
907	-0.885061	157.733406	0.004659	8.1
908	-0.778328	157.639591	0.006633	8.5
909	-0.779160	157.545925	0.005891	11.0
910	0.000000	157.452408	0.000000	8.3
911	-1.102561	157.359038	0.008639	10.0
912	-0.650676	157.265816	0.005962	8.2
913	0.000000	157.172741	0.000000	8.7
914	-0.376008	157.079813	0.005727	12.8
915	0.000000	156.987031	0.000000	10.1
916	-0.765088	156.894395	0.006644	8.1
917	0.000000	156.801904	0.000000	10.4
918	-0.444156	156.709559	0.004401	12.9
919	-0.407497	156.617359	0.006125	8.2
920	-1.125594	156.525304	0.012309	9.7
921	-0.915042	156.433392	0.007134	8.8
922	-0.699706	156.341624	0.005473	8.4
923	-0.572342	156.250000	0.004167	16.3
924	-0.556938	156.158519	0.007363	11.7
925	-1.035807	156.067180	0.008190	8.0
926	-1.151614	155.975984	0.011307	10.4
927	-0.785344	155.884930	0.005777	13.5
928	-0.456903	155.794017	0.006858	11.9
929	-0.883490	155.703246	0.013890	8.4
930	-0.000000	155.612615	0.000000	9.6
931	-0.702005	155.522125	0.006742	11.2
932	0.000000	155.431775	0.000000	10.4
933	-0.456685	155.341565	0.006789	11.3
934	-0.978749	155.251495	0.004987	9.9
935	-0.133312	155.161563	0.002796	12.7
936	-0.417491	155.071771	0.003175	8.4
937	-0.057913	154.982117	0.004823	9.1
938	-0.000000	154.892601	0.000000	8.2
939	-0.692364	154.803222	0.004599	11.6
940	-1.074366	154.713981	0.009902	11.2
941	-0.774268	154.624878	0.004638	12.4
942	0.000000	154.535910	0.000000	8.9
943	-0.000231	154.447080	0.000090	12.3
944	-0.959686	154.358385	0.006712	8.4
945	-0.000044	154.269826	0.000003	10.1
946	-0.711836	154.181402	0.006373	8.8
947	0.000000	154.093114	0.000000	9.4
948	-0.063512	154.004960	0.003821	11.5
949	-0.000000	153.916940	0.000000	8.8
950	-0.394649	153.829054	0.006307	12.5
951	-0.081417	153.741303	0.001720	10.9
952	-0.599123	153.653684	0.003817	13.3
953	-0.952141	153.566198	0.016238	8.2
954	-0.527083	153.478846	0.006191	8.5
955	-0.497395	153.391625	0.005462	8.9
956	-0.639772	153.304537	0.006955	12.0
957	-0.886194	153.217580	0.008054	8.3
958	-0.744041	153.130755	0.006251	9.8
959	0.000000	153.044061	0.000000	8.8
960	-0.569719	152.957498	0.005951	8.6
961	-0.005166	152.871065	0.000334	12.5
962	0.000000	152.784762	0.000000	8.2
963	-0.770367	152.698589	0.008357	12.4
964	-0.787435	152.612545	0.006190	10.9
965	-0.538381	152.526631	0.006226	11.3
966	-0.873995	152.440845	0.007219	10.3
967	-0.704944	152.355188	0.006496	8.2
968	-0.998143	152.269660	0.008358	8.1
969	-0.803271	152.184259	0.006581	11.9
970	0.000000	152.098986	0.000000	8.6
971	-1.032136	152.013840	0.006589	10.2
972	-0.043941	151.928821	0.000850	8.4
973	-0.472499	151.843928	0.005040	9.0
974	-0.995993	151.759163	0.008053	12.1
975	0.000000	151.674523	0.000000	9.0
976	-0.676124	151.590009	0.006631	10.5
977	-0.616505	151.505620	0.006323	8.2
978	-0.517722	151.421357	0.006025	12.4
979	-0.147045	151.337218	0.004743	10.3
980	-0.671517	151.253204	0.006909	8.5
981	-0.338662	151.169314	0.003524	8.2
982	-0.892395	151.085549	0.012396	8.6
983	-0.926572	151.001907	0.004322	12.6
984	-0.748811	150.918388	0.008217	10.4
985	-1.279333	150.834992	0.015345	8.1
986	-0.564359	150.751719	0.007796	8.6
987	-0.987366	150.668569	0.008937	11.9
988	-0.543364	150.585541	0.005479	11.4
989	0.000000	150.502634	0.000000	11.2
990	0.000000	150.419849	0.000000	8.0
991	-0.459928	150.337186	0.005061	10.9
992	-0.773542	150.254644	0.004257	11.1
993	-0.347477	150.172222	0.002847	8.2
994	-0.502229	150.089921	0.004084	8.1
995	-0.030722	150.007740	0.000341	9.0
996	-0.061302	149.925679	0.000589	12.3
997	-0.972036	149.843737	0.006690	8.2
998	-0.348216	149.761915	0.004416	9.1
999	-0.674210	149.680212	0.009389	8.3
1000	-0.707066	149.598627	0.006169	11.3
1001	-0.548861	149.517161	0.005401	10.8
1002	0.000000	149.435814	0.000000	8.8
1003	0.000000	149.354584	0.000000	8.3
1004	0.000000	149.273472	0.000000	9.3
1005	-0.810914	149.192477	0.008061	11.9
1006	0.000000	149.111599	0.000000	10.4
1007	-0.002014	149.030838	0.000170	8.0
1008	0.000000	148.950194	0.000000	8.0
1009	-0.156189	148.869666	0.003121	12.1
1010	-0.136651	148.789253	0.001398	13.5
1011	-0.732584	148.708957	0.006177	16.9
1012	-0.320750	148.628776	0.006865	18.8
1013	-0.000052	148.548710	0.000080	10.1
1014	-0.288299	148.468759	0.003697	11.2
1015	0.000000	148.388923	0.000000	14.0
1016	-0.710534	148.309201	0.007215	15.5
1017	-0.620920	148.229594	0.004876	10.1
1018	-0.000101	148.150100	0.000021	8.5
1019	0.000000	148.070719	0.000000	8.5
1020	-0.841593	147.991452	0.006703	14.1
1021	-0.000000	147.912298	0.000000	10.8
1022	-1.091843	147.833257	0.008655	8.2
1023	-0.097877	147.754329	0.002363	8.8
1024	0.000000	147.675512	0.000000	12.8
1025	-0.965311	147.596808	0.013697	8.3
1026	0.000000	147.518216	0.000000	10.8
1027	-0.000688	147.439735	0.000367	7.9
1028	-0.724833	147.361365	0.006045	9.8
1029	0.000000	147.283106	0.000000	14.0
1030	0.000000	147.204958	0.000000	8.3
1031	-0.907678	147.126920	0.011624	8.5
1032	-0.530648	147.048993	0.003136	11.5
1033	-0.792305	146.971175	0.004995	13.6
1034	-0.152333	146.893468	0.004391	12.1
1035	-0.755548	146.815869	0.004593	8.9
1036	-0.664255	146.738380	0.005845	9.9
1037	0.000000	146.661000	0.000000	12.8
1038	-0.882198	146.583729	0.004497	8.2
1039	-0.194359	146.506566	0.004159	10.4
1040	-0.024823	146.429511	0.001252	8.3
1041	-0.775638	146.352565	0.010372	12.4
1042	-1.097626	146.275726	0.006135	11.2
1043	-1.090833	146.198994	0.006902	8.8
1044	-0.955067	146.122370	0.008554	8.7
1045	-0.705423	146.045853	0.004989	11.1
1046	-0.495939	145.969442	0.005094	9.9
1047	-0.763623	145.893139	0.004339	11.0
1048	-1.092158	145.816941	0.008747	9.1
1049	-0.953224	145.740849	0.008870	10.3
1050	-0.506771	145.664863	0.004553	12.7
1051	-0.000000	145.588983	0.000000	9.2
1052	-0.800889	145.513208	0.005701	9.8
1053	-0.484829	145.437538	0.006029	10.7
1054	-0.005566	145.361973	0.000461	11.6
1055	-0.761766	145.286513	0.005412	11.3
1056	-0.399443	145.211157	0.006493	9.0
1057	-0.451251	145.135905	0.005381	10.5
1058	-0.461581	145.060757	0.009423	11.7
1059	-0.600563	144.985712	0.005971	10.8
1060	0.000000	144.910771	0.000000	8.8
1061	-0.352848	144.835934	0.005539	9.3
1062	-0.734274	144.761199	0.006437	15.0
1063	-0.881271	144.686567	0.007654	8.6
1064	-1.041973	144.612037	0.009813	9.2
1065	0.000000	144.537610	0.000000	9.5
1066	-0.508123	144.463285	0.003658	13.1
1067	-0.054559	144.389062	0.002176	11.8
1068	-0.833978	144.314940	0.008923	8.8
1069	-0.620611	144.240920	0.004872	8.6
1070	-0.152594	144.167001	0.002550	14.2
1071	-0.014338	144.093182	0.000217	8.7
1072	-0.769638	144.019465	0.006024	10.5
1073	-0.992756	143.945848	0.007931	9.1
1074	-0.264850	143.872331	0.005573	13.1
1075	-0.922210	143.798914	0.006275	10.8
1076	-0.943903	143.725597	0.006250	9.6
1077	-0.732935	143.652380	0.008302	8.8
1078	-1.033358	143.579262	0.008238	11.4
1079	-0.752184	143.506243	0.006510	10.3
1080	-0.807950	143.433323	0.007509	11.0
1081	-0.382965	143.360502	0.009118	8.7
1082	-0.854809	143.287780	0.007574	9.9
1083	-0.682249	143.215155	0.007309	10.7
1084	-0.510014	143.142629	0.005422	8.5
1085	-0.914165	143.070201	0.010578	10.5
1086	-0.792370	142.997870	0.008508	9.7
1087	0.000000	142.925637	0.000000	12.0
1088	-0.863721	142.853501	0.006185	10.0
1089	-0.379683	142.781462	0.004934	8.3
1090	-0.993313	142.709519	0.006577	8.3
1091	-0.961120	142.637674	0.009872	11.2
1092	-0.407153	142.565924	0.004978	8.3
1093	-0.019541	142.494271	0.000583	10.6
1094	-0.144458	142.422714	0.002618	8.1
1095	-0.857857	142.351252	0.004827	10.4
1096	0.000000	142.279886	0.000000	14.0
1097	-1.023236	142.208616	0.006915	8.4
1098	0.000000	142.137440	0.000000	8.6
1099	-0.907396	142.066360	0.012640	8.9
1100	-0.088574	141.995374	0.004753	13.3
1101	-0.165661	141.924483	0.002833	10.8
1102	-0.767681	141.853685	0.004877	9.1
1103	-0.661620	141.782983	0.006995	9.8
1104	-0.765239	141.712373	0.007440	12.7
1105	-1.020435	141.641858	0.007902	8.9
1106	0.000000	141.571436	0.000000	11.0
1107	-0.238988	141.501108	0.002074	9.0
1108	-0.571813	141.430872	0.007121	13.8
1109	-0.513986	141.360730	0.006049	11.1
1110	0.000000	141.290680	0.000000	9.2
1111	-0.957949	141.220722	0.004840	9.4
1112	-0.564962	141.150857	0.006064	13.7
1113	0.000000	141.081084	0.000000	10.9
1114	-0.885288	141.011403	0.009047	9.0
1115	-0.418633	140.941813	0.005009	9.5
1116	-0.637033	140.872315	0.006428	16.6
1117	-0.608733	140.802909	0.003596	8.6
1118	-0.344778	140.733593	0.004581	9.7
1119	0.000000	140.664369	0.000000	8.8
1120	-0.596557	140.595235	0.006893	13.3
1121	0.000000	140.526192	0.000000	10.7
1122	-0.380622	140.457239	0.007618	8.9
1123	0.000000	140.388376	0.000000	11.9
1124	-0.629349	140.319603	0.006900	15.0
1125	-0.006113	140.250920	0.000269	11.7
1126	-0.678933	140.182326	0.005871	9.8
1127	0.000000	140.113822	0.000000	10.5
1128	-0.380055	140.045407	0.004755	12.9
1129	-0.807053	139.977081	0.005810	9.3
1130	0.000000	139.908844	0.000000	8.9
1131	-0.000000	139.840696	0.000000	11.1
1132	-0.454347	139.772635	0.008325	10.9
1133	-0.096307	139.704664	0.002479	10.3
1134	-0.356966	139.636780	0.004272	8.6
1135	-0.907151	139.568984	0.008046	9.0
1136	0.000000	139.501276	0.000000	12.8
1137	-0.573969	139.433655	0.006868	8.6
1138	-0.996481	139.366122	0.008268	10.7
1139	-1.150959	139.298676	0.008393	8.7
1140	-0.644788	139.231317	0.006969	12.2
1141	-0.845928	139.164045	0.005836	11.9
1142	-0.633118	139.096859	0.006989	9.1
1143	-1.147695	139.029760	0.012728	9.0
1144	0.000000	138.962747	0.000000	12.8
1145	-0.718946	138.895820	0.006080	8.7
1146	0.000000	138.828978	0.000000	11.4
1147	0.000000	138.762223	0.000000	8.6
1148	-0.301790	138.695553	0.003426	10.1
1149	-0.016009	138.628969	0.000661	11.1
1150	-0.997736	138.562469	0.008905	9.2
1151	0.000000	138.496055	0.000000	11.5
1152	-0.782409	138.429725	0.007122	9.9
1153	-0.531974	138.363481	0.004028	11.5
1154	0.000000	138.297320	0.000000	10.4
1155	0.000000	138.231244	0.000000	9.2
1156	-0.101056	138.165252	0.002390	9.0
1157	-0.787532	138.099344	0.006030	13.4
1158	-0.006358	138.033520	0.000552	8.7
1159	-0.413085	137.967779	0.004234	9.6
1160	-0.001310	137.902122	0.000084	8.7
1161	-0.000723	137.836548	0.000197	12.9
1162	0.000000	137.771057	0.000000	10.6
1163	-0.420971	137.705649	0.005092	9.2
1164	-0.921973	137.640324	0.006923	9.1
1165	-1.024232	137.575081	0.006797	10.6
1166	-1.031344	137.509921	0.008741	10.5
1167	-0.036840	137.444842	0.003363	11.7
1168	-0.882363	137.379846	0.004921	9.3
1169	-0.305613	137.314932	0.003834	10.6
1170	-0.768626	137.250100	0.009575	11.2
1171	0.000000	137.185349	0.000000	11.1
1172	-0.698274	137.120680	0.007086	8.6
1173	-0.977867	137.056092	0.007887	10.2
1174	-0.599546	136.991585	0.006228	14.2
1175	-0.002877	136.927158	0.000208	8.7
1176	0.000000	136.862813	0.000000	9.2
1177	-0.001766	136.798548	0.000399	11.0
1178	-1.172625	136.734363	0.014665	10.8
1179	0.000000	136.670259	0.000000	11.3
1180	-1.184254	136.606235	0.017017	11.0
1181	-0.707510	136.542291	0.007590	18.4
1182	-0.527875	136.478426	0.006869	13.2
1183	-0.781028	136.414641	0.006413	15.4
1184	-0.624887	136.350936	0.006025	17.7
1185	-0.557845	136.287310	0.003042	15.0
1186	-1.013009	136.223763	0.011062	16.6
1187	-0.001578	136.160295	0.000113	10.5
1188	-0.390484	136.096905	0.005585	16.3
1189	-1.104448	136.033594	0.010298	54.1
1190	-0.897399	135.970362	0.005420	13.5
1191	-0.734646	135.907208	0.009947	13.0
1192	-0.000045	135.844133	0.000016	15.8
1193	-0.220423	135.781135	0.004307	13.4
1194	-0.018199	135.718215	0.001594	16.8
1195	-0.006511	135.655373	0.000989	15.9
1196	-0.993513	135.592608	0.005808	12.6
1197	-0.010625	135.529921	0.000371	8.5
1198	-0.886912	135.467311	0.007668	7.6
1199	-0.955546	135.404778	0.005705	10.6
1200	-0.628912	135.342322	0.005539	15.4
1201	0.000000	135.279942	0.000000	11.6
1202	-0.007112	135.217640	0.000562	9.1
1203	-0.683247	135.155413	0.008922	15.6
1204	-0.000003	135.093263	0.000001	9.4
1205	-0.343967	135.031190	0.005029	8.8
1206	-0.304997	134.969192	0.005612	8.0
1207	-0.040913	134.907270	0.002318	13.6
1208	-0.785323	134.845424	0.008114	11.2
1209	-0.014111	134.783653	0.000986	8.6
1210	0.000000	134.721958	0.000000	9.1
1211	0.000000	134.660338	0.000000	10.2
1212	-0.207745	134.598793	0.003526	10.1
1213	-0.020216	134.537323	0.001027	10.8
1214	-0.920066	134.475927	0.007381	7.9
1215	-0.631672	134.414607	0.008849	9.2
1216	-0.964615	134.353361	0.005993	12.6
1217	-0.926022	134.292189	0.007100	8.0
1218	-1.133752	134.231092	0.014240	10.3
1219	0.000000	134.170068	0.000000	8.2
1220	-0.001010	134.109119	0.000639	12.0
1221	-0.626682	134.048243	0.004937	10.8
1222	-0.472062	133.987441	0.006861	8.1
1223	0.000000	133.926713	0.000000	9.0
1224	-1.024109	133.866057	0.007799	9.2
1225	-0.709843	133.805475	0.008070	10.8
1226	0.000000	133.744966	0.000000	8.4
1227	-0.933953	133.684530	0.005979	9.8
1228	0.000000	133.624167	0.000000	8.7
1229	-1.018082	133.563877	0.005390	12.0
1230	-0.558593	133.503658	0.007155	10.4
1231	-0.311437	133.443513	0.004989	8.4
1232	0.000000	133.383439	0.000000	8.2
1233	-0.961123	133.323437	0.006837	8.8
1234	-0.690300	133.263508	0.006066	12.4
1235	-0.005065	133.203650	0.000367	10.3
1236	-1.056434	133.143864	0.007889	8.1
1237	-0.867534	133.084149	0.008518	8.1
1238	0.000000	133.024506	0.000000	11.6
1239	-0.957467	132.964934	0.008154	8.1
1240	-0.550029	132.905433	0.006793	10.8
1241	-1.216650	132.846003	0.007190	8.2
1242	0.000000	132.786643	0.000000	9.8
1243	-0.247881	132.727355	0.002830	13.7
1244	-0.813590	132.668137	0.005484	8.2
1245	0.000000	132.608989	0.000000	8.8
1246	-0.609031	132.549912	0.007190	8.2
1247	-0.850347	132.490904	0.006535	12.1
1248	-0.630273	132.431967	0.005899	8.9
1249	0.000000	132.373100	0.000000	10.2
1250	-0.915749	132.314302	0.007536	8.3
1251	-0.716495	132.255574	0.008137	9.4
1252	-0.696904	132.196916	0.006123	12.5
1253	0.000000	132.138326	0.000000	8.4
1254	0.000000	132.079806	0.000000	11.0
1255	-0.004203	132.021355	0.000572	8.9
1256	-1.055842	131.962973	0.008586	13.0
1257	-0.795035	131.904660	0.008394	10.4
1258	0.000000	131.846415	0.000000	9.3
1259	-0.189451	131.788239	0.002655	8.8
1260	-0.703746	131.730131	0.012749	12.7
1261	-0.476890	131.672092	0.006460	13.9
1262	0.000000	131.614121	0.000000	9.4
1263	-0.656321	131.556217	0.006077	10.2
1264	-0.794345	131.498382	0.009764	12.7
1265	-0.488250	131.440614	0.005387	8.7
1266	-0.131846	131.382914	0.001551	10.2
1267	0.000000	131.325282	0.000000	9.0
1268	0.000000	131.267717	0.000000	11.0
1269	-0.833306	131.210219	0.006371	11.0
1270	-0.534153	131.152788	0.007242	8.5
1271	0.000000	131.095424	0.000000	10.6
1272	0.000000	131.038127	0.000000	9.0
1273	-0.830312	130.980897	0.005574	12.2
1274	-0.982543	130.923733	0.007798	11.0
1275	-0.000337	130.866636	0.000435	8.3
1276	-0.901483	130.809605	0.008534	8.3
1277	-0.080982	130.752641	0.002018	12.4
1278	-0.942487	130.695742	0.005539	8.0
1279	-0.454598	130.638910	0.004760	10.3
1280	-1.026865	130.582143	0.007828	8.3
1281	-0.831880	130.525442	0.003927	9.7
1282	0.000000	130.468807	0.000000	12.0
1283	-1.077085	130.412237	0.008142	8.3
1284	-0.086237	130.355733	0.002274	10.6
1285	0.000000	130.299294	0.000000	8.7
1286	-0.673791	130.242920	0.004765	12.1
1287	-0.302598	130.186611	0.005450	11.0
1288	-0.868612	130.130366	0.005580	8.6
1289	-0.025713	130.074187	0.001297	9.0
1290	-1.037795	130.018072	0.006183	10.9
1291	0.000000	129.962022	0.000000	11.0
1292	-0.582114	129.906036	0.004193	10.6
1293	-0.284551	129.850114	0.007481	9.1
1294	-0.173863	129.794257	0.004127	10.7
1295	-1.001047	129.738463	0.005964	11.6
1296	-0.871109	129.682734	0.010500	8.5
1297	-0.951453	129.627068	0.005695	10.6
1298	-0.952706	129.571466	0.006957	8.4
1299	-0.707448	129.515927	0.006493	13.4
1300	-0.313849	129.460452	0.003435	11.2
1301	-0.000000	129.405040	0.000000	9.0
1302	-0.858880	129.349692	0.007012	9.4
1303	-0.491379	129.294406	0.004843	14.4
1304	0.000000	129.239183	0.000000	10.7
1305	-0.077384	129.184024	0.002905	8.8
1306	-0.000000	129.128927	0.000000	9.0
1307	-0.540838	129.073892	0.007133	15.4
1308	-0.958384	129.018921	0.008468	8.5
1309	0.000000	128.964011	0.000000	9.1
1310	-0.923519	128.909164	0.007583	8.5
1311	-0.001586	128.854379	0.000022	12.9
1312	0.000000	128.799656	0.000000	11.5
1313	-0.605201	128.744995	0.005603	8.5
1314	0.000000	128.690396	0.000000	8.7
1315	0.000000	128.635858	0.000000	10.9
1316	-0.797173	128.581382	0.006199	9.9
1317	-1.029006	128.526968	0.006259	11.0
1318	-0.326665	128.472615	0.003744	8.7
1319	-0.568449	128.418323	0.006571	10.3
1320	-0.913458	128.364092	0.006545	13.7
1321	-0.665157	128.309922	0.004180	8.8
1322	-0.961476	128.255814	0.006992	9.3
1323	-0.192496	128.201766	0.002343	10.7
1324	-0.060261	128.147778	0.002244	12.6
1325	-0.025724	128.093852	0.001941	11.1
1326	-0.817027	128.039985	0.007654	8.6
1327	-0.120274	127.986180	0.002734	8.8
1328	-0.928660	127.932434	0.007638	13.0
1329	0.000000	127.878749	0.000000	9.9
1330	0.000000	127.825123	0.000000	10.1
1331	0.000000	127.771558	0.000000	12.2
1332	-0.411988	127.718052	0.005247	17.1
1333	-0.000147	127.664606	0.000249	11.1
1334	-0.557900	127.611220	0.004933	13.2
1335	-0.459891	127.557893	0.006127	14.6
1336	0.000000	127.504625	0.000000	11.5
1337	-0.041137	127.451417	0.000579	11.8
1338	-0.517140	127.398268	0.005546	13.1
1339	0.000000	127.345178	0.000000	14.2
1340	-0.232472	127.292147	0.004320	9.2
1341	-1.203457	127.239175	0.009452	8.9
1342	-0.530749	127.186261	0.006605	14.1
1343	-0.029677	127.133407	0.000237	10.7
1344	-0.618334	127.080610	0.006263	12.4
1345	-0.500568	127.027872	0.004800	9.0
1346	-0.799508	126.975193	0.009209	16.4
1347	0.000000	126.922572	0.000000	12.0
1348	-0.505794	126.870008	0.005586	8.5
1349	-0.765666	126.817503	0.008252	8.4
1350	-0.281854	126.765056	0.004049	10.5
1351	0.000000	126.712667	0.000000	11.7
1352	0.000000	126.660335	0.000000	11.9
1353	-0.087408	126.608061	0.002488	9.0
1354	-0.052405	126.555844	0.001669	12.0
1355	-0.521627	126.503685	0.005643	10.7
1356	-0.638492	126.451583	0.005951	8.7
1357	0.000000	126.399538	0.000000	12.9
1358	0.000000	126.347550	0.000000	10.7
1359	-1.084450	126.295619	0.007867	14.0
1360	-0.042570	126.243745	0.001812	8.7
1361	-0.570845	126.191928	0.005443	9.0
1362	-0.790195	126.140168	0.005976	13.5
1363	-0.470865	126.088464	0.006026	9.4
1364	-0.543053	126.036817	0.006361	13.7
1365	-0.110113	125.985226	0.001201	10.2
1366	-0.576846	125.933691	0.006980	12.4
1367	-0.000000	125.882212	0.000000	7.9
1368	-0.100723	125.830790	0.005862	10.8
1369	-0.180918	125.779423	0.001524	9.7
1370	-0.571492	125.728113	0.005440	13.8
1371	-0.761835	125.676858	0.006719	10.8
1372	-0.642116	125.625659	0.004290	11.2
1373	-0.485682	125.574515	0.006355	8.3
1374	-0.890564	125.523427	0.006276	11.9
1375	-0.854908	125.472394	0.005960	11.2
1376	-0.193119	125.421417	0.006192	10.7
1377	-0.525011	125.370495	0.005626	12.8
1378	0.000000	125.319628	0.000000	16.3
1379	-0.583530	125.268815	0.006451	12.3
1380	0.000000	125.218058	0.000000	8.8
1381	-0.907729	125.167356	0.005067	11.0
1382	-0.981777	125.116708	0.007448	14.1
1383	-0.000000	125.066115	0.000000	9.0
1384	-0.875468	125.015576	0.004941	9.2
1385	0.000000	124.965092	0.000000	12.3
1386	-0.019021	124.914662	0.000537	10.6
1387	-0.634128	124.864287	0.005608	12.1
1388	-1.022900	124.813965	0.006084	9.9
1389	-0.690090	124.763698	0.006015	15.0
1390	-0.349901	124.713485	0.004495	10.8
1391	-1.016985	124.663325	0.007385	10.0
1392	-0.936240	124.613219	0.006728	8.8
1393	0.000000	124.563167	0.000000	12.4
1394	-0.504759	124.513168	0.004063	12.5
1395	0.000000	124.463223	0.000000	10.7
1396	-0.000556	124.413332	0.000029	8.5
1397	0.000000	124.363493	0.000000	12.0
1398	-0.013358	124.313708	0.000454	9.0
1399	-1.075969	124.263976	0.007930	10.2
1400	0.000000	124.214297	0.000000	9.6
1401	-0.808916	124.164671	0.007169	10.0
1402	-0.681044	124.115097	0.006888	12.3
1403	-0.499933	124.065577	0.005816	8.4
1404	0.000000	124.016109	0.000000	9.2
1405	0.000000	123.966693	0.000000	9.5
1406	-0.755627	123.917330	0.008284	16.3
1407	-0.413128	123.868020	0.003117	10.2
1408	-0.410262	123.818762	0.004986	8.2
1409	0.000000	123.769556	0.000000	9.0
1410	0.000000	123.720402	0.000000	11.4
1411	-0.587445	123.671300	0.006921	13.7
1412	-0.489177	123.622250	0.003950	8.7
1413	-0.422100	123.573252	0.004300	10.2
1414	-0.263425	123.524305	0.004440	13.2
1415	-0.655431	123.475411	0.002847	8.9
1416	-0.804263	123.426568	0.007028	8.8
1417	-0.749248	123.377776	0.004531	9.2
1418	0.000000	123.329036	0.000000	13.8
1419	0.000000	123.280347	0.000000	10.0
1420	-0.206118	123.231709	0.004038	8.3
1421	-1.057796	123.183122	0.013640	8.3
1422	-0.848114	123.134587	0.006262	13.7
1423	-0.957655	123.086102	0.006665	9.4
1424	-0.382057	123.037669	0.004970	10.6
1425	-0.792769	122.989286	0.005434	8.4
1426	-0.039384	122.940954	0.001608	11.3
1427	-0.721028	122.892672	0.005437	10.8
1428	-0.514450	122.844441	0.009251	12.8
1429	-0.805474	122.796261	0.007610	9.0
1430	-0.945291	122.748130	0.006801	11.8
1431	-0.739531	122.700050	0.008362	8.3
1432	-0.000000	122.652021	0.000000	10.3
1433	-1.040471	122.604041	0.006092	8.5
1434	-0.963282	122.556111	0.009110	9.5
1435	-0.332557	122.508232	0.006058	14.0
1436	0.000000	122.460402	0.000000	7.3
1437	-0.023717	122.412622	0.000899	8.3
1438	-0.307795	122.364891	0.006242	8.5
1439	-0.493428	122.317210	0.005052	11.9
1440	-0.448103	122.269579	0.005559	13.2
1441	-0.022100	122.221997	0.000758	8.4
1442	-0.580098	122.174465	0.005603	9.1
1443	-0.617925	122.126981	0.008283	10.6
1444	-0.121736	122.079547	0.001887	10.1
1445	0.000000	122.032162	0.000000	15.0
1446	-0.839505	121.984826	0.006278	8.4
1447	-0.704034	121.937539	0.007806	11.6
1448	-0.934748	121.890301	0.007983	10.0
1449	0.000000	121.843112	0.000000	8.4
1450	-0.751631	121.795971	0.008073	8.7
1451	-0.000650	121.748879	0.000012	9.3
1452	-0.827063	121.701835	0.005009	12.0
1453	0.000000	121.654840	0.000000	9.9
1454	-0.606860	121.607893	0.006002	8.5
1455	-0.078470	121.560994	0.002034	8.3
1456	-0.052360	121.514144	0.001904	13.6
1457	-0.653390	121.467342	0.003802	11.0
1458	-1.029423	121.420588	0.007393	10.1
1459	-1.098846	121.373882	0.008834	8.5
1460	-1.056903	121.327223	0.007134	11.1
1461	-1.241957	121.280613	0.009752	11.1
1462	-0.556118	121.234050	0.007042	10.5
1463	-0.942631	121.187535	0.006161	8.6
1464	-0.172465	121.141067	0.003337	11.7
1465	-0.458795	121.094647	0.004648	7.9
1466	0.000000	121.048274	0.000000	9.1
1467	-0.906921	121.001949	0.012740	8.9
1468	-0.033956	120.955671	0.002600	9.3
1469	-0.942972	120.909440	0.011539	14.0
1470	-0.368508	120.863256	0.005040	9.0
1471	-0.855467	120.817119	0.009051	10.7
1472	-0.584347	120.771029	0.006255	10.1
1473	-0.813097	120.724986	0.005643	19.6
1474	-0.330887	120.678990	0.003801	8.5
1475	-0.891023	120.633040	0.007619	8.5
1476	0.000000	120.587137	0.000000	12.6
1477	-1.188009	120.541281	0.008511	10.6
1478	-0.899432	120.495471	0.008611	14.1
1479	-0.462697	120.449707	0.006267	9.0
1480	-0.002168	120.403990	0.000855	12.3
1481	-0.485168	120.358319	0.004319	10.0
1482	-0.897748	120.312694	0.006959	8.8
1483	-0.923560	120.267115	0.007661	9.0
1484	-0.052374	120.221582	0.000300	10.6
1485	-0.554553	120.176096	0.007337	11.0
1486	-0.030678	120.130655	0.000831	10.3
1487	-0.000545	120.085260	0.000155	8.9
1488	-0.130384	120.039910	0.002901	9.5
1489	-1.128730	119.994606	0.007352	12.9
1490	0.000000	119.949348	0.000000	12.6
1491	-0.175940	119.904135	0.005254	8.6
1492	-0.140814	119.858968	0.003717	9.7
1493	-0.872081	119.813846	0.008050	13.7
1494	-0.916214	119.768769	0.007635	11.0
1495	-0.115711	119.723738	0.004248	10.0
1496	-1.048423	119.678752	0.006988	9.9
1497	-0.027124	119.633810	0.004808	10.6
1498	-0.058238	119.588914	0.001283	12.8
1499	-0.720634	119.544062	0.005786	14.4
1500	-0.077493	119.499256	0.001135	22.7
1501	-1.033063	119.454494	0.006865	12.6
1502	-0.115336	119.409777	0.001909	11.0
1503	-1.113266	119.365104	0.008519	19.2
1504	-0.065127	119.320476	0.001631	10.1
1505	-0.774577	119.275893	0.004950	14.0
1506	-0.302119	119.231353	0.003680	22.0
1507	-1.077509	119.186859	0.007133	17.8
1508	0.000000	119.142408	0.000000	14.2
1509	-0.152551	119.098002	0.004023	13.0
1510	0.000000	119.053639	0.000000	12.8
1511	-0.527513	119.009321	0.004958	14.0
1512	-0.010918	118.965047	0.000170	17.1
1513	-0.000185	118.920816	0.000009	13.1
1514	-0.642743	118.876630	0.004221	10.5
1515	0.000000	118.832487	0.000000	14.9
1516	0.000000	118.788388	0.000000	16.7
1517	-0.747321	118.744332	0.008209	13.1
1518	-0.003006	118.700320	0.000345	13.8
1519	-1.126859	118.656352	0.008334	12.0
1520	-0.950418	118.612427	0.008922	10.2
1521	-0.450162	118.568545	0.004961	16.1
1522	-0.153566	118.524706	0.005481	13.0
1523	-0.570929	118.480911	0.006299	10.2
1524	-0.293849	118.437159	0.002475	10.4
1525	-0.528066	118.393450	0.004848	17.5
1526	0.000000	118.349784	0.000000	14.5
1527	-0.841611	118.306160	0.006800	13.3
1528	-0.640710	118.262580	0.006112	18.4
1529	-0.030140	118.219042	0.001727	14.9
1530	-0.000000	118.175548	0.000000	13.7
1531	0.000000	118.132095	0.000000	16.2
1532	-0.605191	118.088686	0.006073	15.2
1533	0.000000	118.045319	0.000000	12.9
1534	-0.808229	118.001994	0.007083	11.7
1535	-1.076015	117.958712	0.012794	16.5
1536	-0.868199	117.915472	0.011703	14.5
1537	-1.087698	117.872274	0.007410	19.2
1538	0.000000	117.829118	0.000000	13.1
1539	-0.222296	117.786005	0.002008	14.0
1540	-1.038661	117.742933	0.006450	19.9
1541	-0.628525	117.699904	0.004329	13.8
1542	-0.844582	117.656916	0.006070	13.3
1543	-0.364045	117.613971	0.005125	11.6
1544	-0.347424	117.571067	0.004060	12.8
1545	-0.908449	117.528205	0.007867	11.9
1546	0.000000	117.485384	0.000000	10.5
1547	-0.025203	117.442605	0.002132	13.2
1548	-0.594906	117.399867	0.005165	9.4
1549	-0.564665	117.357171	0.005838	15.3
1550	-0.314939	117.314517	0.002430	11.2
1551	0.000000	117.271903	0.000000	15.5
1552	-0.000000	117.229331	0.000000	12.1
1553	-0.000000	117.186800	0.000000	10.1
1554	-1.085048	117.144311	0.008412	16.2
1555	-0.959651	117.101862	0.004940	15.8
1556	-0.514737	117.059454	0.004847	11.8
1557	-0.556164	117.017087	0.006683	17.2
1558	-1.040930	116.974762	0.006720	11.4
1559	0.000000	116.932476	0.000000	12.5
1560	0.000000	116.890232	0.000000	12.8
1561	-1.132425	116.848028	0.006364	18.8
1562	0.000000	116.805865	0.000000	15.3
1563	-0.598669	116.763743	0.006582	14.5
1564	-0.466415	116.721661	0.008407	16.4
1565	-0.669970	116.679619	0.007167	17.3
1566	-0.190533	116.637618	0.002948	16.8
1567	-0.952752	116.595657	0.010673	13.6
1568	-0.753666	116.553736	0.005506	13.3
1569	-0.962057	116.511855	0.006312	11.3
1570	-0.456627	116.470015	0.006490	12.2
1571	0.000000	116.428214	0.000000	12.6
1572	-0.536791	116.386454	0.006625	9.0
1573	-0.001518	116.344733	0.000282	10.4
1574	-0.899076	116.303052	0.004989	15.4
1575	0.000000	116.261412	0.000000	11.6
1576	-0.927408	116.219810	0.006962	11.0
1577	-0.271649	116.178249	0.006159	14.1
1578	0.000000	116.136727	0.000000	13.6
1579	-0.000000	116.095245	0.000000	15.1
1580	-1.024798	116.053802	0.006906	81.7
1581	-0.350943	116.012398	0.004107	27.9
1582	0.000000	115.971034	0.000000	22.6
1583	-0.522967	115.929710	0.004148	10.2
1584	-1.015233	115.888424	0.006529	8.5
1585	-0.118079	115.847178	0.001810	9.5
1586	-0.766778	115.805970	0.005851	10.1
1587	-0.134609	115.764802	0.002835	14.4
1588	-0.659078	115.723673	0.006479	8.8
1589	-0.947350	115.682583	0.005012	8.5
1590	0.000000	115.641532	0.000000	13.7
1591	-1.091262	115.600519	0.008340	17.9
1592	-0.032308	115.559546	0.001749	16.4
1593	-0.747401	115.518610	0.007529	16.6
1594	-0.869774	115.477714	0.006287	14.6
1595	-0.507220	115.436856	0.005482	14.2
1596	-0.958799	115.396037	0.006978	15.0
1597	-0.025218	115.355256	0.001179	15.7
1598	0.000000	115.314514	0.000000	12.8
1599	-0.243826	115.273810	0.004933	15.5
1600	0.000000	115.233144	0.000000	14.9
1601	-0.903523	115.192517	0.006007	15.4
1602	-0.001003	115.151927	0.000779	20.5
1603	-0.000000	115.111376	0.000000	11.8
1604	-0.225438	115.070863	0.003385	13.4
1605	0.000000	115.030388	0.000000	19.4
1606	-0.531571	114.989951	0.005120	12.8
1607	-0.808146	114.949551	0.005680	15.9
1608	-0.927833	114.909190	0.009113	19.2
1609	-0.661621	114.868866	0.010800	13.7
1610	-1.027848	114.828580	0.007345	13.8
1611	-0.614753	114.788332	0.005996	14.8
1612	-0.956503	114.748121	0.007388	11.5
1613	0.000000	114.707948	0.000000	14.8
1614	-0.815322	114.667812	0.007963	8.9
1615	-1.199957	114.627714	0.008036	14.7
1616	-0.509118	114.587653	0.005041	13.8
1617	-0.398050	114.547629	0.005546	17.4
1618	-0.846765	114.507643	0.005994	17.6
1619	-0.775228	114.467693	0.004861	9.9
1620	-1.055673	114.427781	0.008723	8.6
1621	-0.346053	114.387907	0.004231	11.1
1622	-0.868712	114.348069	0.006187	13.1
1623	-1.139194	114.308268	0.007367	8.9
1624	-0.555609	114.268504	0.006305	8.7
1625	-0.847350	114.228777	0.008925	10.5
1626	-0.727144	114.189086	0.006083	19.1
1627	-0.868603	114.149433	0.005855	14.2
1628	-0.590506	114.109816	0.005356	20.4
1629	-0.099963	114.070235	0.002704	8.4
1630	-0.433649	114.030692	0.005125	10.8
1631	-0.505411	113.991185	0.005536	13.3
1632	-0.880188	113.951714	0.008671	12.3
1633	-0.225678	113.912280	0.005155	9.4
1634	-0.791990	113.872882	0.004788	9.7
1635	-0.000003	113.833521	0.000003	8.6
1636	-0.858342	113.794195	0.005226	11.4
1637	-1.048441	113.754906	0.008954	10.7
1638	-0.536291	113.715653	0.005671	9.4
1639	0.000000	113.676437	0.000000	11.2
1640	-0.007820	113.637256	0.000023	9.5
1641	-0.800440	113.598111	0.005959	14.9
1642	-0.814712	113.559002	0.007557	15.5
1643	-0.727956	113.519929	0.007679	14.2
1644	0.000000	113.480892	0.000000	21.5
1645	-0.991326	113.441891	0.007668	14.9
1646	-0.784446	113.402925	0.007432	15.3
1647	-0.004264	113.363995	0.000328	13.4
1648	-0.002524	113.325101	0.000266	13.2
1649	-0.142948	113.286242	0.004743	13.4
1650	0.000000	113.247419	0.000000	17.1
1651	-0.002320	113.208631	0.000138	8.5
1652	-0.364829	113.169879	0.005461	12.4
1653	0.000000	113.131162	0.000000	12.2
1654	-0.007380	113.092480	0.000514	8.9
1655	-0.690598	113.053833	0.005139	13.2
1656	-0.618939	113.015222	0.005697	13.9
1657	-0.014907	112.976646	0.000462	15.2
1658	-0.711508	112.938105	0.004855	10.8
1659	-0.005265	112.899599	0.001219	16.5
1660	-0.501999	112.861128	0.005251	16.3
1661	-1.104706	112.822692	0.012838	9.7
1662	-0.851437	112.784291	0.006486	12.6
1663	-0.005247	112.745924	0.000479	18.1
1664	-1.023543	112.707593	0.006395	24.8
1665	-0.460020	112.669296	0.003105	23.0
1666	-0.697505	112.631034	0.006637	13.2
1667	-1.025162	112.592806	0.010238	15.8
1668	0.000000	112.554613	0.000000	17.7
1669	-0.000095	112.516455	0.000028	14.1
1670	-0.309862	112.478331	0.001704	13.9
1671	-1.070662	112.440241	0.006583	10.7
1672	-0.491341	112.402186	0.006124	12.5
1673	-0.102311	112.364165	0.001444	8.9
1674	-0.624169	112.326179	0.005153	8.5
1675	-0.679684	112.288227	0.005034	8.3
1676	-0.510948	112.250309	0.005093	12.8
1677	-0.591865	112.212425	0.006687	9.0
1678	-0.481077	112.174575	0.009053	9.0
1679	-0.199977	112.136759	0.003255	8.7
1680	0.000000	112.098977	0.000000	9.9
1681	-0.860462	112.061229	0.005705	12.0
1682	0.000000	112.023515	0.000000	9.0
1683	-1.083728	111.985834	0.006771	9.0
1684	-0.776271	111.948188	0.007608	8.8
1685	-0.023677	111.910575	0.001424	12.8
1686	-0.699526	111.872996	0.005682	8.5
1687	-0.875181	111.835450	0.004753	8.6
1688	-0.356549	111.797939	0.004364	8.4
1689	-0.959434	111.760460	0.006850	8.9
1690	-0.669343	111.723015	0.006019	13.9
1691	-0.185930	111.685604	0.004103	8.2
1692	-0.928857	111.648226	0.006960	8.3
1693	-0.300566	111.610881	0.006055	8.1
1694	-0.618919	111.573570	0.004992	10.3
1695	-0.819026	111.536292	0.008077	9.3
1696	-0.808999	111.499047	0.007547	8.3
1697	0.000000	111.461835	0.000000	8.5
1698	0.000000	111.424656	0.000000	8.3
1699	-0.012890	111.387510	0.000234	12.6
1700	-0.734275	111.350398	0.007510	8.0
1701	-0.209042	111.313318	0.002012	8.5
1702	-0.015822	111.276271	0.000596	8.5
1703	-0.888787	111.239257	0.006178	8.2
1704	-0.747000	111.202276	0.005785	12.3
1705	-0.744009	111.165328	0.008341	8.2
1706	-0.839389	111.128412	0.006692	8.3
1707	-0.942945	111.091529	0.007172	9.1
1708	-0.000001	111.054679	0.000001	7.9
1709	-0.955717	111.017861	0.007358	12.2
1710	-0.799490	110.981076	0.006524	9.0
1711	-1.044501	110.944323	0.006026	8.2
1712	-0.972970	110.907603	0.006316	8.1
1713	-0.448351	110.870915	0.007182	8.1
1714	-0.000000	110.834259	0.000000	12.8
1715	-0.394006	110.797636	0.004284	9.2
1716	-0.943470	110.761045	0.006469	8.1
1717	0.000000	110.724486	0.000000	8.3
1718	-0.937579	110.687959	0.007914	8.2
1719	-0.719419	110.651465	0.005981	14.3
1720	0.000000	110.615002	0.000000	8.4
1721	-0.523240	110.578572	0.003102	8.3
1722	-0.678520	110.542173	0.004765	8.3
1723	-0.489227	110.505807	0.005400	10.2
1724	-1.102308	110.469472	0.005710	9.5
1725	0.000000	110.433169	0.000000	8.6
1726	-0.799746	110.396898	0.006783	8.4
1727	-1.075330	110.360659	0.006014	8.2
1728	-0.385761	110.324451	0.003072	11.9
1729	-0.897149	110.288276	0.006430	7.8
1730	-1.044854	110.252131	0.006790	8.2
1731	-0.030157	110.216019	0.001641	8.4
1732	-0.972365	110.179937	0.006796	9.0
1733	-0.761386	110.143888	0.005799	12.5
1734	0.000000	110.107869	0.000000	8.3
1735	0.000000	110.071882	0.000000	8.5
1736	-0.468434	110.035927	0.004679	8.2
1737	-0.867701	110.000003	0.007534	9.7
1738	0.000000	109.964110	0.000000	14.7
1739	-0.486609	109.928248	0.005207	8.3
1740	0.000000	109.892417	0.000000	8.5
1741	0.000000	109.856618	0.000000	8.2
1742	-0.614365	109.820850	0.005671	11.3
1743	-0.199143	109.785112	0.004681	8.2
1744	-0.016945	109.749406	0.003028	8.2
1745	-0.078440	109.713730	0.003200	8.2
1746	-0.001340	109.678086	0.000281	8.3
1747	-0.263213	109.642472	0.005691	12.3
1748	-0.057591	109.606890	0.000692	8.0
1749	-0.122226	109.571337	0.002812	8.4
1750	-0.376477	109.535816	0.005315	9.7
1751	-0.469367	109.500326	0.005065	16.2
1752	-0.481217	109.464866	0.004904	14.0
1753	-0.865745	109.429436	0.005590	14.2
1754	-0.729868	109.394038	0.008070	15.4
1755	0.000000	109.358669	0.000000	13.4
1756	-0.000000	109.323331	0.000000	13.8
1757	-0.000000	109.288024	0.000000	17.1
1758	-0.225184	109.252747	0.002719	13.3
1759	-0.800681	109.217501	0.005846	12.4
1760	-0.069743	109.182284	0.000937	14.4
1761	-0.041619	109.147098	0.001137	14.6
1762	-0.377222	109.111942	0.004527	12.4
1763	-0.002563	109.076817	0.000108	16.6
1764	-0.707191	109.041721	0.007144	15.4
1765	-0.197848	109.006656	0.003090	14.0
1766	-0.753959	108.971620	0.005614	20.6
1767	-0.504948	108.936615	0.005471	21.9
1768	-0.403280	108.901640	0.005766	14.7
1769	-0.213624	108.866694	0.004296	16.3
1770	-0.030137	108.831779	0.003538	9.1
1771	-0.779730	108.796893	0.004548	8.1
1772	-0.300283	108.762037	0.003274	8.8
1773	-0.538410	108.727211	0.006201	13.3
1774	-0.410569	108.692415	0.003343	8.9
1775	-0.704470	108.657648	0.005977	8.9
1776	-0.902107	108.622911	0.005876	8.9
1777	0.000000	108.588203	0.000000	13.4
1778	-0.681278	108.553525	0.005790	9.3
1779	-0.789560	108.518877	0.004530	9.0
1780	-0.108504	108.484258	0.003105	9.0
1781	-0.039899	108.449668	0.000777	10.4
1782	-0.864106	108.415108	0.006744	11.8
1783	-0.015586	108.380578	0.000474	9.0
1784	0.000000	108.346076	0.000000	9.1
1785	0.000000	108.311604	0.000000	9.1
1786	-0.088020	108.277161	0.003533	12.2
1787	0.000000	108.242747	0.000000	8.9
1788	-0.971856	108.208363	0.006651	9.1
1789	-1.056772	108.174007	0.006652	8.6
1790	-0.019428	108.139681	0.000462	9.7
1791	0.000000	108.105383	0.000000	11.3
1792	-1.032961	108.071115	0.006737	8.9
1793	-0.697629	108.036875	0.007976	9.0
1794	-0.122322	108.002665	0.002650	8.8
1795	-0.930858	107.968483	0.008931	12.2
1796	-1.006688	107.934330	0.010689	8.9
1797	-0.641674	107.900206	0.006850	9.3
1798	0.000000	107.866111	0.000000	8.6
1799	-0.708365	107.832044	0.007873	9.6
1800	-0.730146	107.798007	0.005743	10.9
1801	-0.987213	107.763997	0.008831	8.6
1802	-1.019530	107.730017	0.009543	8.5
1803	0.000000	107.696065	0.000000	9.0
1804	-1.007426	107.662141	0.007456	11.7
1805	-0.738753	107.628246	0.006510	8.7
1806	-0.923715	107.594379	0.004694	8.8
1807	-0.601198	107.560541	0.006885	9.0
1808	-1.258583	107.526731	0.009927	10.4
1809	0.000000	107.492949	0.000000	11.6
1810	-0.002475	107.459196	0.000193	9.2
1811	-1.075878	107.425471	0.007783	9.0
1812	-0.647498	107.391774	0.005593	9.4
1813	-0.496558	107.358106	0.004494	12.7
1814	-1.028980	107.324465	0.008198	10.6
1815	-0.743886	107.290853	0.006813	9.5
1816	-0.231634	107.257268	0.003756	8.8
1817	-0.504181	107.223712	0.003593	13.2
1818	-0.535005	107.190184	0.004803	9.2
1819	-0.735188	107.156683	0.006159	9.0
1820	-0.110343	107.123211	0.001218	9.6
1821	0.000000	107.089766	0.000000	11.8
1822	-0.810745	107.056349	0.006179	11.4
1823	0.000000	107.022960	0.000000	9.4
1824	0.000000	106.989599	0.000000	9.0
1825	-0.390548	106.956265	0.005350	10.6
1826	-0.854971	106.922960	0.003839	13.1
1827	-0.516029	106.889681	0.006752	8.7
1828	-0.960259	106.856431	0.007542	9.3
1829	-0.649427	106.823208	0.005465	8.6
1830	-0.965165	106.790012	0.006080	14.9
1831	-0.835920	106.756844	0.007906	9.4
1832	-0.424372	106.723703	0.006665	9.0
1833	-0.653282	106.690590	0.006684	9.2
1834	-0.175042	106.657505	0.004445	12.6
1835	-0.225846	106.624446	0.003425	8.5
1836	-0.645536	106.591415	0.007493	9.3
1837	-0.604362	106.558411	0.005073	9.3
1838	-0.681355	106.525435	0.005078	9.5
1839	-0.471643	106.492485	0.007878	11.7
1840	-0.565616	106.459563	0.005015	8.0
1841	-1.010790	106.426668	0.007993	8.3
1842	-0.921134	106.393800	0.009590	7.9
1843	-0.493348	106.360959	0.004015	10.2
1844	-0.902592	106.328145	0.006814	9.3
1845	-0.753466	106.295358	0.006573	8.3
1846	-1.166918	106.262598	0.010581	8.0
1847	-0.443514	106.229865	0.006202	8.1
1848	0.000000	106.197158	0.000000	11.5
1849	-1.103948	106.164479	0.007591	8.0
1850	-0.042252	106.131826	0.001452	8.6
1851	0.000000	106.099201	0.000000	8.3
1852	-0.000005	106.066602	0.000005	8.1
1853	0.000000	106.034029	0.000000	12.2
1854	-1.120498	106.001483	0.008566	8.2
1855	-0.551557	105.968964	0.006116	8.0
1856	-0.745833	105.936472	0.006143	8.2
1857	0.000000	105.904006	0.000000	8.0
1858	0.000000	105.871566	0.000000	11.8
1859	-0.489809	105.839153	0.006509	7.9
1860	0.000000	105.806767	0.000000	7.8
1861	-0.451915	105.774407	0.005666	8.1
1862	-0.055734	105.742073	0.001674	8.3
1863	0.000000	105.709766	0.000000	11.8
1864	-0.401215	105.677485	0.004384	8.1
1865	-1.014756	105.645230	0.005593	8.2
1866	-0.905807	105.613001	0.006382	7.6
1867	-0.737766	105.580799	0.004831	8.0
1868	-0.779194	105.548623	0.005932	11.9
1869	-0.887344	105.516473	0.006994	8.5
1870	-0.565852	105.484349	0.006841	8.0
1871	-0.481965	105.452251	0.006361	8.3
1872	-1.034309	105.420179	0.011658	8.0
1873	-1.128271	105.388133	0.006493	12.6
1874	0.000000	105.356113	0.000000	8.3
1875	-0.046112	105.324119	0.001796	8.2
1876	-1.177733	105.292151	0.007099	8.3
1877	-0.706971	105.260209	0.007617	8.1
1878	-0.468664	105.228293	0.007828	12.6
1879	0.000000	105.196402	0.000000	8.2
1880	-0.685738	105.164537	0.005256	8.3
1881	-0.178453	105.132698	0.002207	8.3
1882	-0.748988	105.100885	0.007284	10.5
1883	-1.007058	105.069097	0.005585	11.9
1884	-0.014971	105.037335	0.000789	9.4
1885	-0.777229	105.005598	0.006307	10.2
1886	-0.737374	104.973887	0.006408	11.7
1887	-0.221679	104.942202	0.002380	9.3
1888	-0.004761	104.910542	0.000506	8.1
1889	-0.316264	104.878907	0.003748	8.0
1890	-0.353686	104.847298	0.004162	8.3
1891	-0.004449	104.815715	0.001357	11.5
1892	-0.964147	104.784156	0.008645	8.3
1893	-0.633492	104.752623	0.004822	8.8
1894	-0.642956	104.721116	0.008588	8.7
1895	0.000000	104.689633	0.000000	9.0
1896	-1.123416	104.658176	0.012820	12.9
1897	-0.751613	104.626744	0.005986	9.1
1898	-0.186637	104.595337	0.001388	8.3
1899	-0.984475	104.563955	0.005401	8.7
1900	-0.424466	104.532599	0.007576	13.1
1901	0.000000	104.501267	0.000000	9.2
1902	-0.622255	104.469960	0.007042	9.4
1903	-0.620332	104.438679	0.006067	8.9
1904	-0.822091	104.407422	0.006128	11.0
1905	-0.825660	104.376191	0.005318	11.4
1906	-0.189462	104.344984	0.003024	9.4
1907	-1.176426	104.313802	0.006692	10.0
1908	-0.623918	104.282645	0.005070	10.7
1909	-1.063156	104.251513	0.007388	11.9
1910	0.000000	104.220405	0.000000	9.6
1911	-0.000040	104.189323	0.000033	9.5
1912	-0.697195	104.158265	0.006238	9.3
1913	-0.000000	104.127231	0.000000	12.9
1914	-0.048009	104.096222	0.002148	8.7
1915	-0.779038	104.065238	0.005874	8.8
1916	-0.226810	104.034279	0.004470	8.6
1917	-0.015535	104.003344	0.000976	12.4
1918	0.000000	103.972433	0.000000	8.6
1919	-0.999183	103.941547	0.008153	8.9
1920	-0.872876	103.910686	0.006895	8.6
1921	-0.346236	103.879849	0.002056	8.9
1922	-0.144256	103.849036	0.005434	12.6
1923	-0.578951	103.818248	0.006612	8.3
1924	-0.514281	103.787484	0.003714	8.1
1925	0.000000	103.756744	0.000000	8.2
1926	-0.071254	103.726029	0.004434	9.5
1927	-0.944736	103.695338	0.005638	10.6
1928	0.000000	103.664671	0.000000	8.2
1929	-0.267563	103.634028	0.004005	8.5
1930	0.000000	103.603409	0.000000	8.3
1931	-0.983885	103.572814	0.008186	13.2
1932	-0.741559	103.542244	0.007081	8.3
1933	-0.618445	103.511698	0.008441	8.2
1934	-0.978963	103.481175	0.008556	8.4
1935	-1.133898	103.450677	0.006893	8.1
1936	-0.475989	103.420202	0.002143	12.4
1937	0.000000	103.389752	0.000000	8.1
1938	0.000000	103.359325	0.000000	8.3
1939	-0.620976	103.328922	0.007291	8.1
1940	-0.000000	103.298543	0.000000	8.2
1941	-0.909168	103.268188	0.009336	11.7
1942	-0.710683	103.237857	0.007702	8.3
1943	-0.743656	103.207549	0.006239	8.6
1944	0.000000	103.177265	0.000000	8.4
1945	-0.691061	103.147005	0.003328	8.6
1946	0.000000	103.116768	0.000000	12.5
1947	0.000000	103.086556	0.000000	8.1
1948	-0.110304	103.056366	0.004754	9.0
1949	-0.532900	103.026200	0.005639	8.9
1950	-0.664614	102.996058	0.003892	9.6
1951	-0.776609	102.965939	0.006720	12.9
1952	-0.870285	102.935844	0.006868	8.9
1953	-1.091952	102.905772	0.006805	9.1
1954	-0.770741	102.875724	0.003706	9.1
1955	-1.211214	102.845699	0.009496	14.6
1956	-0.001061	102.815697	0.000022	9.4
1957	-0.787113	102.785719	0.005239	8.8
1958	-0.000000	102.755764	0.000000	8.8
1959	-0.353049	102.725832	0.004375	10.2
1960	-0.956890	102.695924	0.006488	12.8
1961	0.000000	102.666038	0.000000	9.2
1962	-0.817565	102.636176	0.007287	9.1
1963	-1.024673	102.606337	0.010005	9.7
1964	-0.806512	102.576521	0.007287	13.6
1965	-0.000000	102.546728	0.000000	8.8
1966	-0.905253	102.516959	0.004612	8.8
1967	-0.080732	102.487212	0.002799	8.7
1968	0.000000	102.457488	0.000000	13.3
1969	0.000000	102.427788	0.000000	8.7
1970	-0.000000	102.398110	0.000000	10.0
1971	-0.691183	102.368455	0.006297	9.0
1972	-0.872755	102.338823	0.008854	10.3
1973	-0.550873	102.309214	0.006227	11.4
1974	-0.827196	102.279628	0.005431	8.8
1975	-0.208618	102.250064	0.002961	9.9
1976	-0.628188	102.220524	0.007089	10.0
1977	-0.271755	102.191006	0.003079	14.3
1978	-0.563335	102.161511	0.005351	9.6
1979	-0.125284	102.132038	0.001999	8.9
1980	-0.887738	102.102588	0.010821	8.6
1981	-0.971981	102.073161	0.007987	13.8
1982	-1.132801	102.043757	0.007050	8.3
1983	-0.815342	102.014375	0.004426	9.3
1984	0.000000	101.985015	0.000000	8.8
1985	0.000000	101.955678	0.000000	11.8
1986	-0.062809	101.926364	0.001559	8.8
1987	0.000000	101.897072	0.000000	8.4
1988	-0.671814	101.867802	0.004432	8.4
1989	-0.194687	101.838555	0.001786	8.3
1990	-0.284753	101.809330	0.006848	12.9
1991	-0.658044	101.780128	0.005079	8.3
1992	-0.847307	101.750948	0.007606	9.0
1993	-1.151590	101.721790	0.008082	8.4
1994	-0.893397	101.692654	0.006430	12.4
1995	-0.135418	101.663541	0.002735	9.5
1996	-0.047874	101.634450	0.003518	8.6
1997	-0.400130	101.605381	0.003938	9.3
1998	-0.094285	101.576335	0.000481	10.5
1999	-0.315785	101.547310	0.001677	11.8
