1:ItNr	2:Metric	3:StepSize	4:||Gradient||	Time[ms]
0	0.000000	627.201626	0.000000	1127.1
1	-0.964549	623.504937	0.007318	13.2
2	-0.792593	619.865785	0.005959	11.7
3	-0.338671	616.282728	0.004967	11.6
4	-0.399419	612.754375	0.006460	15.6
5	0.000000	609.279381	0.000000	11.7
6	0.000000	605.856447	0.000000	11.8
7	-0.729247	602.484317	0.005729	14.4
8	-0.576700	599.161779	0.005419	12.5
9	-0.000030	595.887656	0.000027	12.0
10	-0.875539	592.660813	0.008857	13.5
11	0.000000	589.480151	0.000000	14.5
12	-0.531378	586.344606	0.006212	12.0
13	0.000000	583.253145	0.000000	13.4
14	-0.699597	580.204771	0.006006	16.0
15	-0.272901	577.198517	0.004445	11.9
16	-0.325922	574.233444	0.003774	11.7
17	-0.523046	571.308645	0.007179	15.5
18	-0.001916	568.423237	0.000045	11.6
19	-0.722396	565.576365	0.006997	11.2
20	-0.000000	562.767201	0.000000	11.8
21	-0.854579	559.994938	0.005503	16.3
22	-0.771143	557.258797	0.006236	11.9
23	-0.860834	554.558018	0.007064	11.8
24	-0.607552	551.891865	0.005935	15.5
25	-0.870367	549.259621	0.007557	11.7
26	-0.584378	546.660592	0.007545	11.5
27	0.000000	544.094102	0.000000	12.1
28	-0.463419	541.559494	0.005662	15.3
29	-0.152668	539.056129	0.002710	12.4
30	-0.286281	536.583387	0.003912	12.2
31	-0.659480	534.140663	0.006773	16.4
32	-0.033063	531.727370	0.003414	12.1
33	-0.062415	529.342935	0.000843	12.1
34	-0.451996	526.986802	0.005200	13.2
35	-0.747598	524.658430	0.006170	15.8
36	-0.005127	522.357290	0.000178	12.3
37	-0.540274	520.082868	0.005811	11.9
38	-0.433264	517.834665	0.005202	16.2
39	-1.109652	515.612193	0.009682	12.1
40	-0.958204	513.414976	0.007692	12.0
41	-0.434440	511.242551	0.007938	15.9
42	-0.443720	509.094468	0.004931	12.9
43	-0.000072	506.970285	0.000045	12.3
44	-0.723493	504.869574	0.007056	13.3
45	-0.704406	502.791916	0.007338	14.7
46	-0.734517	500.736903	0.006022	11.9
47	0.000000	498.704137	0.000000	12.3
48	-0.522770	496.693228	0.006713	17.1
49	-0.539393	494.703798	0.004913	12.8
50	0.000000	492.735476	0.000000	12.8
51	-0.000581	490.787900	0.000178	16.3
52	-0.104411	488.860718	0.001399	12.9
53	-0.449849	486.953585	0.006114	12.5
54	-0.833630	485.066164	0.007794	14.0
55	-0.725609	483.198126	0.005075	15.2
56	0.000000	481.349149	0.000000	13.3
57	0.000000	479.518920	0.000000	13.9
58	0.000000	477.707132	0.000000	15.6
59	-0.382315	475.913485	0.005499	12.8
60	0.000000	474.137684	0.000000	14.1
61	-0.000069	472.379445	0.000089	14.6
62	-0.518926	470.638485	0.005513	13.0
63	0.000000	468.914531	0.000000	12.2
64	-0.573899	467.207315	0.006354	16.5
65	-0.959390	465.516573	0.008881	13.9
66	-0.731273	463.842050	0.005852	13.8
67	-0.780036	462.183494	0.007665	17.6
68	-0.824545	460.540658	0.007215	12.6
69	-0.008781	458.913303	0.000286	12.4
70	-0.569526	457.301192	0.005538	17.1
71	-0.724835	455.704096	0.006714	12.8
72	-0.894992	454.121787	0.008226	13.2
73	-0.163716	452.554045	0.002756	17.9
74	-0.682136	451.000653	0.007290	12.5
75	-0.564893	449.461399	0.006117	11.8
76	-0.157694	447.936075	0.001918	16.8
77	0.000000	446.424477	0.000000	12.5
78	-0.127079	444.926406	0.001509	12.5
79	-0.029053	443.441666	0.001155	13.5
80	0.000000	441.970065	0.000000	16.1
81	0.000000	440.511415	0.000000	12.6
82	-0.233974	439.065533	0.002354	12.3
83	-0.363218	437.632238	0.004424	17.7
84	-0.856911	436.211351	0.007130	13.2
85	0.000000	434.802701	0.000000	14.2
86	-0.206049	433.406117	0.002711	14.6
87	-0.409977	432.021430	0.005775	12.3
88	0.000000	430.648479	0.000000	11.9
89	-0.020091	429.287101	0.001033	16.7
90	-0.483610	427.937140	0.007086	12.7
91	-0.868913	426.598440	0.007968	12.0
92	-0.796845	425.270849	0.006323	13.0
93	0.000000	423.954220	0.000000	15.7
94	0.000000	422.648404	0.000000	12.4
95	-0.664770	421.353259	0.006962	13.7
96	-0.340034	420.068643	0.006441	15.6
97	-0.052432	418.794419	0.001070	13.5
98	-0.324985	417.530451	0.004650	12.4
99	-0.059725	416.276604	0.001172	17.4
100	-0.000004	415.032748	0.000003	12.1
101	-0.521116	413.798754	0.006217	12.7
102	-0.365425	412.574495	0.006898	16.5
103	-0.873304	411.359849	0.005641	13.1
104	-0.537286	410.154691	0.005453	12.8
105	-0.912901	408.958904	0.006841	13.8
106	-0.025337	407.772368	0.001394	14.5
107	-0.858120	406.594968	0.007697	11.9
108	-0.557034	405.426590	0.007310	13.6
109	0.000000	404.267122	0.000000	16.5
110	0.000000	403.116456	0.000000	13.4
111	-0.454839	401.974481	0.005747	12.6
112	-0.426574	400.841093	0.005125	17.7
113	-0.684121	399.716187	0.005494	12.8
114	-0.348545	398.599660	0.003921	12.3
115	-0.944104	397.491411	0.008020	17.7
116	-0.251338	396.391342	0.003502	12.8
117	0.000000	395.299353	0.000000	11.7
118	0.000000	394.215350	0.000000	16.3
119	-0.192420	393.139238	0.005121	12.2
120	-0.815491	392.070924	0.006126	13.2
121	-0.130130	391.010316	0.002279	14.2
122	-0.921083	389.957325	0.006582	14.6
123	0.000000	388.911862	0.000000	13.1
124	0.000000	387.873839	0.000000	12.8
125	-0.000000	386.843173	0.000000	16.4
126	0.000000	385.819777	0.000000	12.0
127	-0.187327	384.803569	0.003751	12.7
128	-0.574572	383.794468	0.007417	17.0
129	-0.760885	382.792393	0.005432	13.1
130	-0.015051	381.797264	0.000614	13.0
131	0.000000	380.809005	0.000000	14.0
132	0.000000	379.827537	0.000000	13.9
133	-0.905798	378.852786	0.006347	12.3
134	-0.853840	377.884678	0.005700	13.0
135	-0.054137	376.923138	0.002235	16.2
136	-1.042053	375.968095	0.008339	13.2
137	-0.506581	375.019479	0.007731	12.2
138	-0.717104	374.077218	0.005210	17.5
139	-0.235226	373.141244	0.002964	12.0
140	-0.661883	372.211489	0.006902	12.9
141	-0.027711	371.287887	0.001782	16.3
142	-1.006390	370.370370	0.009084	13.2
143	-0.862860	369.458876	0.005829	12.8
144	-0.010282	368.553338	0.000340	13.7
145	-0.442824	367.653696	0.006854	14.3
146	-0.510952	366.759885	0.006492	12.0
147	-0.043332	365.871846	0.001066	13.3
148	-0.895821	364.989518	0.006131	16.0
149	-0.452688	364.112841	0.005478	12.8
150	-0.492663	363.241757	0.005331	11.8
151	0.000000	362.376208	0.000000	15.6
152	-0.507386	361.516137	0.006237	12.6
153	-0.257361	360.661488	0.004003	11.9
154	0.000000	359.812206	0.000000	13.1
155	-0.000040	358.968236	0.000006	16.5
156	-0.407317	358.129524	0.004276	12.5
157	-0.673987	357.296018	0.004885	13.0
158	-0.678287	356.467665	0.006002	16.1
159	-0.439185	355.644414	0.004774	12.8
160	-0.583567	354.826213	0.006027	12.3
161	0.000000	354.013012	0.000000	15.9
162	-0.000099	353.204763	0.000058	12.0
163	0.000000	352.401415	0.000000	12.4
164	0.000000	351.602922	0.000000	16.0
165	-0.888862	350.809235	0.006524	13.0
166	-0.776331	350.020308	0.006696	13.5
167	0.000000	349.236095	0.000000	13.9
168	0.000000	348.456550	0.000000	14.1
169	-0.663510	347.681627	0.006458	12.1
170	-1.017327	346.911283	0.008379	12.6
171	0.000000	346.145474	0.000000	16.3
172	-0.953583	345.384157	0.007386	12.0
173	0.000000	344.627288	0.000000	11.7
174	-0.467172	343.874826	0.006012	16.0
175	-0.809373	343.126729	0.006904	11.8
176	-0.502066	342.382957	0.005663	12.0
177	-0.660201	341.643469	0.004904	12.8
178	-0.062461	340.908224	0.003537	15.2
179	0.000000	340.177184	0.000000	12.1
180	-1.018181	339.450309	0.007275	12.0
181	-0.463972	338.727561	0.005982	15.9
182	-0.486276	338.008902	0.006707	12.4
183	-0.614736	337.294295	0.006874	11.4
184	-0.805804	336.583703	0.005302	12.4
185	-0.310258	335.877089	0.004558	16.9
186	-0.728057	335.174416	0.005354	12.6
187	-0.383642	334.475651	0.005325	12.5
188	0.000000	333.780756	0.000000	17.8
189	-0.716936	333.089698	0.006931	12.6
190	0.000000	332.402443	0.000000	13.2
191	-0.952833	331.718955	0.008416	17.9
192	-0.668802	331.039203	0.006332	13.5
193	-0.830855	330.363153	0.005576	14.9
194	-0.000000	329.690771	0.000000	19.4
195	-0.895146	329.022027	0.006648	15.5
196	0.000000	328.356888	0.000000	14.4
197	-0.465476	327.695322	0.006119	15.3
198	-0.737489	327.037299	0.005384	12.5
199	-0.559781	326.382787	0.005871	14.6
200	-0.803071	325.731758	0.009284	15.3
201	-0.063164	325.084179	0.000690	12.9
202	-0.825150	324.440023	0.005170	14.5
203	-0.932953	323.799258	0.009383	14.3
204	-0.137757	323.161858	0.003034	12.2
205	-0.962968	322.527792	0.007567	12.6
206	-0.995101	321.897034	0.009025	14.4
207	-0.708632	321.269554	0.007908	11.7
208	-0.820755	320.645325	0.007805	13.2
209	-0.523500	320.024320	0.005305	16.3
210	-0.529149	319.406512	0.006265	12.3
211	-0.152068	318.791875	0.004771	12.9
212	-0.250002	318.180381	0.005150	13.8
213	-0.025571	317.572005	0.000430	15.5
214	0.000000	316.966721	0.000000	12.8
215	-0.844353	316.364504	0.007132	15.1
216	-0.427469	315.765329	0.005406	15.5
217	-0.758390	315.169170	0.005650	13.1
218	-0.585254	314.576003	0.005215	13.6
219	-0.554725	313.985804	0.007906	17.1
220	-0.849423	313.398548	0.007950	12.7
221	-1.168084	312.814213	0.008040	15.2
222	-0.141661	312.232773	0.001519	16.5
223	-0.000361	311.654207	0.000140	14.7
224	0.000000	311.078491	0.000000	17.1
225	0.000000	310.505602	0.000000	15.7
226	-0.295127	309.935518	0.005017	14.6
227	0.000000	309.368217	0.000000	16.3
228	-0.069051	308.803676	0.001568	19.5
229	-0.000000	308.241874	0.000000	17.8
230	-0.223120	307.682789	0.003082	16.2
231	-1.001753	307.126400	0.007649	15.5
232	-0.801017	306.572687	0.007191	17.2
233	-1.017635	306.021627	0.007851	14.4
234	-0.447478	305.473201	0.005376	13.8
235	-0.846577	304.927388	0.007449	15.7
236	-0.821344	304.384168	0.006512	15.2
237	-0.520890	303.843521	0.006400	15.3
238	-0.965743	303.305427	0.007384	17.5
239	-0.434223	302.769867	0.005598	13.2
240	-0.177657	302.236821	0.002516	14.6
241	-0.315001	301.706270	0.004633	14.3
242	-1.083043	301.178196	0.007365	15.9
243	-0.695033	300.652580	0.005529	15.3
244	0.000000	300.129402	0.000000	18.4
245	-0.597388	299.608645	0.005688	14.0
246	-0.469354	299.090291	0.004538	15.1
247	-0.576107	298.574321	0.006673	20.7
248	-0.408780	298.060718	0.007612	17.1
249	-0.015079	297.549465	0.000195	12.9
250	-0.963182	297.040543	0.007816	17.8
251	-0.775693	296.533936	0.005846	17.4
252	-0.780560	296.029626	0.005940	15.6
253	-0.051632	295.527597	0.002199	17.8
254	-0.603969	295.027832	0.007574	17.6
255	0.000000	294.530315	0.000000	14.1
256	-0.000000	294.035028	0.000000	21.8
257	0.000000	293.541956	0.000000	17.3
258	-0.000000	293.051083	0.000000	15.0
259	-0.218511	292.562393	0.004044	17.6
260	-0.420922	292.075870	0.004348	14.9
261	-0.497056	291.591498	0.006164	12.6
262	-0.961222	291.109263	0.007557	18.6
263	-1.073845	290.629149	0.007879	15.5
264	-0.526356	290.151140	0.004335	13.6
265	-0.000686	289.675222	0.000142	18.9
266	-0.240322	289.201380	0.004979	13.4
267	-0.865279	288.729600	0.006496	13.3
268	-0.579886	288.259866	0.008645	16.5
269	-0.889074	287.792165	0.005361	17.9
270	0.000000	287.326481	0.000000	14.9
271	0.000000	286.862802	0.000000	17.8
272	-0.327600	286.401113	0.005184	14.0
273	-1.093464	285.941400	0.008295	16.0
274	0.000000	285.483649	0.000000	16.8
275	0.000000	285.027847	0.000000	15.2
276	-0.542886	284.573981	0.004431	14.9
277	-0.239215	284.122037	0.003895	19.4
278	0.000000	283.672002	0.000000	16.8
279	-1.040928	283.223863	0.007248	17.7
280	-0.958699	282.777607	0.006492	21.1
281	-0.329848	282.333221	0.003096	17.2
282	-0.929583	281.890692	0.006805	22.8
283	-0.699089	281.450008	0.005603	19.9
284	-0.432814	281.011157	0.003860	22.7
285	-0.692739	280.574125	0.008533	25.2
286	-0.056720	280.138901	0.001387	18.8
287	-0.027606	279.705473	0.000759	26.6
288	-0.749746	279.273829	0.006325	18.7
289	0.000000	278.843956	0.000000	22.1
290	-0.074410	278.415844	0.001632	16.9
291	-0.463519	277.989479	0.005882	21.9
292	-1.167253	277.564851	0.007512	16.5
293	-0.675022	277.141949	0.006506	16.7
294	0.000000	276.720761	0.000000	22.8
295	0.000000	276.301275	0.000000	17.7
296	-0.491702	275.883480	0.005467	15.3
297	-0.748265	275.467366	0.005595	20.2
298	-0.447840	275.052922	0.005314	17.4
299	-0.639421	274.640136	0.005911	17.3
300	-0.386612	274.228998	0.003522	23.4
301	-0.061573	273.819497	0.002860	18.0
302	-0.034259	273.411623	0.001905	23.9
303	-0.680095	273.005365	0.006115	16.7
304	-0.580255	272.600712	0.007829	20.7
305	-0.263724	272.197655	0.002945	16.2
306	-0.616415	271.796184	0.007533	17.7
307	-0.892940	271.396287	0.006935	22.5
308	-0.215218	270.997956	0.002771	15.3
309	-0.925880	270.601180	0.007604	17.6
310	-0.331226	270.205949	0.003055	15.4
311	-0.642653	269.812254	0.007331	15.4
312	-0.161756	269.420085	0.002020	17.2
313	-0.686866	269.029432	0.005323	13.1
314	-1.013506	268.640287	0.006986	13.0
315	-0.761452	268.252638	0.005297	14.2
316	-0.867716	267.866478	0.007111	14.7
317	0.000000	267.481796	0.000000	11.9
318	-0.275813	267.098584	0.003043	13.5
319	-0.805371	266.716833	0.005323	16.7
320	-0.691413	266.336533	0.007683	12.4
321	-0.966852	265.957676	0.007989	12.0
322	-0.474347	265.580253	0.004816	16.4
323	-0.563512	265.204254	0.006510	12.3
324	-0.237056	264.829672	0.005743	12.0
325	0.000000	264.456497	0.000000	15.3
326	0.000000	264.084721	0.000000	12.2
327	-0.298639	263.714335	0.003467	12.0
328	-0.988810	263.345332	0.007158	12.3
329	-0.635192	262.977702	0.006092	14.2
330	-0.507811	262.611438	0.004418	11.7
331	-0.915563	262.246531	0.006630	11.6
332	0.000000	261.882973	0.000000	14.8
333	-0.482577	261.520756	0.005264	11.6
334	-1.171284	261.159871	0.008425	11.5
335	-0.617735	260.800312	0.008054	12.7
336	-0.527174	260.442070	0.005536	15.3
337	-0.784060	260.085137	0.005745	11.7
338	-0.875433	259.729505	0.008179	12.1
339	-0.765571	259.375167	0.006714	15.4
340	-0.683242	259.022116	0.005670	11.6
341	-0.001737	258.670343	0.000045	11.8
342	-0.604222	258.319841	0.006504	12.8
343	-0.642750	257.970602	0.007782	15.5
344	-0.751930	257.622620	0.006196	14.7
345	-0.007279	257.275887	0.000323	17.7
346	-1.009142	256.930396	0.007618	15.1
347	-0.248532	256.586139	0.002978	12.1
348	-0.517694	256.243109	0.005691	12.9
349	-0.684945	255.901300	0.006390	16.2
350	-0.592386	255.560703	0.004844	15.7
351	-0.037002	255.221313	0.000770	15.7
352	0.000000	254.883122	0.000000	17.7
353	-0.101581	254.546124	0.001425	13.1
354	-0.215158	254.210311	0.002066	14.4
355	-0.010992	253.875677	0.000325	14.7
356	-0.486470	253.542215	0.005473	11.8
357	-0.708471	253.209918	0.007422	15.0
358	-0.834632	252.878781	0.005884	16.8
359	-0.728826	252.548795	0.005703	12.0
360	-0.161288	252.219956	0.002947	12.8
361	-0.754300	251.892255	0.007012	15.9
362	-0.263416	251.565688	0.004198	11.9
363	-0.053463	251.240247	0.002366	11.2
364	-0.366313	250.915926	0.003810	15.7
365	-0.728634	250.592720	0.008311	14.9
366	-0.003405	250.270621	0.000242	11.8
367	-0.823038	249.949624	0.007721	13.7
368	-0.402219	249.629723	0.005155	14.6
369	-0.216543	249.310911	0.003547	11.8
370	-0.880382	248.993182	0.006299	12.4
371	-0.366465	248.676531	0.002737	16.4
372	-1.022656	248.360952	0.006710	15.4
373	-0.491519	248.046438	0.005735	16.3
374	-0.904811	247.732984	0.006565	14.0
375	-1.031124	247.420584	0.008070	12.3
376	-0.741839	247.109233	0.006489	12.2
377	0.000000	246.798924	0.000000	16.3
378	-0.521598	246.489652	0.006233	12.2
379	0.000000	246.181412	0.000000	12.0
380	-0.524529	245.874197	0.006555	12.6
381	-0.758112	245.568002	0.005742	17.7
382	0.000000	245.262822	0.000000	13.1
383	-0.481466	244.958652	0.004964	15.8
384	-0.688649	244.655485	0.004522	14.8
385	-0.876231	244.353317	0.005827	13.2
386	-0.272568	244.052142	0.005236	11.7
387	-0.552337	243.751955	0.005135	17.0
388	-0.802483	243.452750	0.007638	12.2
389	0.000000	243.154523	0.000000	11.7
390	-0.812766	242.857268	0.006496	15.6
391	-0.522342	242.560980	0.005562	13.8
392	-0.114561	242.265654	0.002168	12.4
393	-0.828476	241.971285	0.006046	14.0
394	-0.804032	241.677868	0.007100	15.5
395	-0.496118	241.385397	0.004444	11.7
396	-0.359450	241.093869	0.004550	12.3
397	0.000000	240.803278	0.000000	16.6
398	-0.610924	240.513619	0.006430	12.4
399	-0.487648	240.224887	0.006734	12.4
400	-0.029580	239.937077	0.000715	15.2
401	-0.885427	239.650186	0.007836	11.9
402	-0.879032	239.364207	0.005868	13.0
403	-0.005020	239.079136	0.001613	12.6
404	0.000000	238.794969	0.000000	14.8
405	0.000000	238.511701	0.000000	11.6
406	0.000000	238.229327	0.000000	11.8
407	-0.705187	237.947843	0.006228	15.0
408	-0.000000	237.667244	0.000000	11.6
409	-0.013749	237.387526	0.003199	11.6
410	0.000000	237.108684	0.000000	10.8
411	0.000000	236.830714	0.000000	15.6
412	0.000000	236.553610	0.000000	11.7
413	-0.837139	236.277370	0.005332	11.7
414	-0.014800	236.001989	0.000909	12.7
415	-0.987242	235.727461	0.007023	15.5
416	-0.665626	235.453784	0.008424	11.9
417	0.000000	235.180952	0.000000	11.6
418	-0.868307	234.908962	0.007115	15.1
419	-0.647429	234.637809	0.006394	11.7
420	-0.008592	234.367488	0.000000	12.1
421	-0.907671	234.097997	0.005912	13.3
422	0.000000	233.829331	0.000000	14.7
423	0.000000	233.561485	0.000000	11.6
424	-0.837242	233.294456	0.006100	11.6
425	-0.467933	233.028239	0.005141	16.7
426	-0.939607	232.762831	0.007746	11.6
427	-0.641375	232.498228	0.006790	12.1
428	0.000000	232.234425	0.000000	12.1
429	-0.404766	231.971419	0.006537	15.8
430	-0.040760	231.709205	0.001182	11.9
431	-0.899346	231.447781	0.007521	11.8
432	0.000000	231.187141	0.000000	15.2
433	0.000000	230.927283	0.000000	12.1
434	-0.897974	230.668202	0.007264	11.8
435	-0.849038	230.409895	0.008519	13.3
436	-0.590399	230.152358	0.005097	15.0
437	-0.933658	229.895587	0.008416	11.8
438	-0.444729	229.639578	0.006342	11.6
439	-0.930092	229.384329	0.007342	15.1
440	-0.531213	229.129834	0.005870	12.1
441	-0.677399	228.876091	0.006218	12.0
442	-0.903493	228.623096	0.005503	13.1
443	-0.045360	228.370846	0.001028	15.7
444	-0.400707	228.119336	0.004421	13.0
445	-0.246565	227.868563	0.003592	13.0
446	-0.586102	227.618525	0.005433	16.8
447	-0.000003	227.369216	0.000005	13.1
448	-0.797045	227.120635	0.006180	12.6
449	-0.754505	226.872777	0.005292	18.6
450	-0.576436	226.625638	0.005106	13.5
451	-0.079395	226.379217	0.001104	14.6
452	-0.338655	226.133509	0.004342	16.0
453	0.000000	225.888510	0.000000	13.4
454	-0.321480	225.644218	0.004122	13.2
455	-1.002310	225.400630	0.007430	16.8
456	-0.419946	225.157741	0.005724	13.3
457	-0.659992	224.915549	0.003606	14.4
458	0.000000	224.674051	0.000000	16.3
459	-0.834213	224.433242	0.006085	12.7
460	-0.357429	224.193121	0.006792	13.6
461	0.000000	223.953684	0.000000	17.3
462	0.000000	223.714927	0.000000	12.4
463	0.000000	223.476848	0.000000	14.0
464	-0.805727	223.239444	0.006193	16.5
465	-0.725568	223.002710	0.006075	13.7
466	-0.431439	222.766645	0.006070	13.7
467	-0.663669	222.531245	0.006004	17.4
468	-0.676339	222.296508	0.004978	12.6
469	-0.625676	222.062429	0.004988	13.0
470	-0.257883	221.829007	0.004224	17.6
471	-0.565848	221.596238	0.006016	12.4
472	-0.898222	221.364119	0.005854	11.6
473	-0.432350	221.132647	0.006533	15.5
474	0.000000	220.901820	0.000000	11.7
475	-0.050286	220.671634	0.001327	12.7
476	-0.668002	220.442086	0.006184	13.3
477	-0.468433	220.213174	0.003890	15.1
478	-0.412831	219.984895	0.005090	11.8
479	-0.768501	219.757246	0.005742	11.7
480	-0.669933	219.530224	0.008331	15.8
481	-0.604503	219.303826	0.006993	11.7
482	-0.733107	219.078050	0.005247	11.6
483	0.000000	218.852893	0.000000	12.1
484	-0.010186	218.628352	0.000979	15.6
485	-0.131967	218.404424	0.002139	11.9
486	-0.741855	218.181106	0.007918	11.8
487	0.000000	217.958397	0.000000	14.7
488	-0.586656	217.736292	0.006062	11.9
489	-0.278040	217.514790	0.004959	11.7
490	-0.038827	217.293888	0.001717	12.1
491	-0.000000	217.073584	0.000000	15.8
492	-0.442341	216.853873	0.005319	11.5
493	-0.220649	216.634755	0.003144	11.6
494	-0.168060	216.416227	0.002581	15.3
495	0.000000	216.198285	0.000000	11.6
496	-0.128245	215.980927	0.001909	11.7
497	-0.971243	215.764151	0.006796	12.1
498	-0.248328	215.547955	0.003284	15.6
499	-0.608469	215.332335	0.006077	11.8
500	-0.683533	215.117289	0.007027	11.5
501	-0.805754	214.902815	0.007090	14.9
502	-0.107994	214.688911	0.001496	11.9
503	-0.946933	214.475573	0.006739	11.7
504	-0.850651	214.262800	0.005238	12.6
505	0.000000	214.050588	0.000000	14.8
506	-0.085411	213.838936	0.000914	12.0
507	-0.178201	213.627842	0.002747	13.8
508	-0.776620	213.417302	0.006150	16.1
509	-0.609856	213.207314	0.006193	12.3
510	-0.681753	212.997877	0.006155	15.0
511	-0.786729	212.788987	0.007795	15.5
512	-0.365306	212.580642	0.005560	15.5
513	-0.050471	212.372841	0.001456	12.5
514	0.000000	212.165581	0.000000	13.2
515	-0.815825	211.958859	0.005995	14.2
516	-1.018779	211.752673	0.007446	11.6
517	-0.344398	211.547021	0.007843	11.8
518	-0.060725	211.341902	0.003837	15.5
519	-0.000810	211.137311	0.000110	11.6
520	0.000000	210.933248	0.000000	11.5
521	-0.822319	210.729710	0.006116	12.0
522	-1.118251	210.526695	0.007432	15.6
523	-0.403271	210.324200	0.005190	12.5
524	-0.192335	210.122224	0.005073	11.8
525	-0.286573	209.920765	0.002378	15.4
526	-0.920958	209.719820	0.007270	11.7
527	-0.000009	209.519387	0.000008	12.3
528	-0.206094	209.319463	0.002612	13.6
529	-0.132448	209.120048	0.001580	15.8
530	-0.187461	208.921139	0.003222	12.0
531	-0.703269	208.722733	0.004319	13.6
532	-0.702684	208.524829	0.005556	17.9
533	0.000000	208.327425	0.000000	12.9
534	-0.716277	208.130518	0.005987	13.6
535	-0.705594	207.934107	0.006245	16.5
536	0.000000	207.738189	0.000000	12.6
537	0.000000	207.542762	0.000000	12.6
538	-0.000109	207.347825	0.000048	16.8
539	0.000000	207.153376	0.000000	13.1
540	-0.679099	206.959412	0.005672	12.2
541	0.000000	206.765932	0.000000	15.1
542	-0.502658	206.572933	0.003642	15.2
543	-0.845340	206.380414	0.005126	13.0
544	-0.022997	206.188373	0.001758	13.8
545	-0.439248	205.996807	0.005080	17.3
546	-0.538072	205.805716	0.006177	12.5
547	-0.553473	205.615096	0.005955	14.5
548	0.000000	205.424946	0.000000	16.4
549	-0.564066	205.235265	0.004856	12.4
550	-0.769059	205.046050	0.006612	12.2
551	-0.705857	204.857299	0.005849	17.2
552	-0.601518	204.669011	0.005231	12.4
553	-0.985593	204.481184	0.007663	11.6
554	-0.537195	204.293816	0.006542	14.9
555	-0.669813	204.106905	0.007213	11.8
556	-1.029235	203.920449	0.007143	11.8
557	-0.432185	203.734447	0.005551	12.0
558	0.000000	203.548896	0.000000	14.6
559	-0.746814	203.363795	0.006427	11.8
560	-0.975104	203.179143	0.006635	11.7
561	-0.723841	202.994937	0.007667	15.4
562	0.000000	202.811176	0.000000	11.6
563	-0.652908	202.627857	0.004895	11.8
564	-0.291472	202.444980	0.003726	12.1
565	-0.926748	202.262543	0.006645	15.9
566	-0.108093	202.080543	0.002895	11.6
567	-0.807350	201.898979	0.006788	11.7
568	-0.386042	201.717849	0.004625	15.6
569	-0.690630	201.537153	0.004222	11.7
570	-0.541586	201.356887	0.006202	11.6
571	-0.005701	201.177050	0.000463	12.0
572	0.000000	200.997642	0.000000	14.9
573	-0.936171	200.818659	0.005696	11.7
574	-0.584900	200.640100	0.006006	11.5
575	-0.488493	200.461965	0.005763	14.6
576	0.000000	200.284250	0.000000	11.4
577	-0.755455	200.106955	0.007120	12.2
578	-0.898900	199.930078	0.005819	13.9
579	-0.001136	199.753617	0.000108	15.8
580	-0.012346	199.577571	0.000494	12.4
581	-0.007232	199.401938	0.000174	13.0
582	-0.772207	199.226717	0.004923	17.6
583	-0.827253	199.051905	0.006686	13.0
584	-0.270354	198.877502	0.005072	11.9
585	0.000000	198.703506	0.000000	17.5
586	-0.435002	198.529916	0.004635	12.5
587	-0.633782	198.356729	0.007262	11.7
588	-0.490786	198.183944	0.006661	15.8
589	-0.268937	198.011560	0.003606	14.5
590	-0.440477	197.839576	0.006096	15.3
591	-0.157631	197.667989	0.002293	17.3
592	0.000000	197.496798	0.000000	11.9
593	-0.560687	197.326002	0.007567	12.3
594	-0.000420	197.155600	0.000104	12.7
595	-0.586277	196.985589	0.005936	16.3
596	-0.238488	196.815969	0.002833	12.9
597	-0.457744	196.646738	0.007036	11.7
598	-0.769410	196.477894	0.004745	16.8
599	0.000000	196.309436	0.000000	13.2
600	-0.001957	196.141363	0.000263	13.7
601	-0.936787	195.973673	0.007285	15.2
602	-1.036675	195.806365	0.006230	14.2
603	0.000000	195.639437	0.000000	12.9
604	-0.345614	195.472888	0.004783	12.6
605	-0.955071	195.306717	0.006768	16.5
606	-0.039863	195.140922	0.000711	12.2
607	0.000000	194.975501	0.000000	11.9
608	0.000000	194.810454	0.000000	17.9
609	-0.823734	194.645779	0.005043	12.2
610	-0.983777	194.481475	0.007185	11.7
611	-0.652366	194.317540	0.007304	16.4
612	-0.583143	194.153973	0.005231	15.2
613	-0.183246	193.990773	0.003110	12.0
614	0.000000	193.827938	0.000000	12.4
615	0.000000	193.665467	0.000000	16.0
616	0.000000	193.503358	0.000000	11.7
617	-0.865501	193.341611	0.005733	11.9
618	-0.076447	193.180224	0.002384	15.9
619	-0.257641	193.019196	0.004966	13.2
620	-0.302982	192.858525	0.003059	12.7
621	-0.317329	192.698210	0.004508	14.3
622	-0.874307	192.538251	0.007330	13.0
623	-0.005383	192.378644	0.000316	12.3
624	-0.645963	192.219391	0.006717	12.1
625	-0.788496	192.060488	0.007520	15.7
626	-0.670286	191.901935	0.006952	11.6
627	-0.498198	191.743730	0.005786	11.7
628	-0.141993	191.585873	0.001790	15.3
629	-0.684714	191.428362	0.006640	11.9
630	-0.759793	191.271196	0.005447	11.5
631	0.000000	191.114374	0.000000	12.3
632	-1.030361	190.957893	0.007165	15.4
633	-0.755616	190.801755	0.007143	11.7
634	-0.407750	190.645956	0.006059	11.5
635	-1.037694	190.490495	0.006754	15.0
636	-0.037656	190.335373	0.000301	11.8
637	-0.645651	190.180587	0.006098	11.6
638	-0.604908	190.026136	0.005237	12.2
639	0.000000	189.872019	0.000000	16.4
640	0.000000	189.718235	0.000000	10.6
641	-0.774984	189.564782	0.005588	11.8
642	-0.051184	189.411661	0.000614	15.2
643	-0.654253	189.258868	0.008571	18.0
644	-0.425923	189.106404	0.004154	11.9
645	-0.148466	188.954267	0.002259	16.2
646	-0.817901	188.802456	0.009055	11.7
647	-0.820863	188.650969	0.005770	12.5
648	-0.820758	188.499807	0.005933	14.0
649	0.000000	188.348967	0.000000	15.4
650	-0.278172	188.198448	0.003172	12.9
651	-0.265758	188.048250	0.004107	12.1
652	-0.799451	187.898371	0.006161	17.4
653	-0.072669	187.748810	0.001828	12.4
654	-0.548434	187.599566	0.006469	12.0
655	0.000000	187.450638	0.000000	14.1
656	-0.642230	187.302025	0.004627	15.0
657	0.000000	187.153725	0.000000	12.2
658	-0.873247	187.005739	0.007083	11.7
659	-0.767282	186.858064	0.009094	15.6
660	-0.887684	186.710699	0.006907	11.8
661	-0.365584	186.563645	0.005428	11.7
662	0.000000	186.416898	0.000000	11.9
663	0.000000	186.270459	0.000000	16.1
664	-0.786406	186.124326	0.005389	12.3
665	-0.521106	185.978499	0.005676	12.8
666	-0.972152	185.832976	0.006519	17.4
667	-0.546359	185.687756	0.006493	13.3
668	-0.785997	185.542838	0.007454	13.2
669	-0.818035	185.398222	0.006629	14.6
670	-1.010619	185.253906	0.007250	13.6
671	0.000000	185.109889	0.000000	13.4
672	-0.688394	184.966170	0.007083	15.9
673	0.000000	184.822748	0.000000	14.3
674	0.000000	184.679623	0.000000	12.3
675	-0.426767	184.536792	0.005744	14.5
676	-0.556510	184.394256	0.007111	15.4
677	-0.362101	184.252013	0.003142	13.0
678	0.000000	184.110062	0.000000	13.2
679	-0.738629	183.968403	0.005045	16.1
680	-1.038928	183.827034	0.006511	12.7
681	-0.377277	183.685954	0.003636	12.7
682	-0.504787	183.545163	0.004964	16.7
683	-0.023773	183.404658	0.000924	13.1
684	-0.170906	183.264441	0.002266	12.9
685	-0.594905	183.124509	0.005582	16.8
686	-0.467546	182.984861	0.004690	20.0
687	-0.680448	182.845497	0.007368	20.3
688	0.000000	182.706416	0.000000	19.1
689	0.000000	182.567616	0.000000	18.1
690	0.000000	182.429098	0.000000	25.8
691	-0.472939	182.290859	0.005479	20.0
692	-0.355868	182.152899	0.003624	18.2
693	-0.671629	182.015217	0.007026	30.2
694	-0.494811	181.877813	0.004460	21.1
695	0.000000	181.740684	0.000000	30.1
696	-0.519320	181.603832	0.006393	20.5
697	0.000000	181.467253	0.000000	30.2
698	-0.285101	181.330948	0.002464	22.4
699	-0.250673	181.194916	0.003661	20.5
700	-0.769990	181.059155	0.006211	13.8
701	0.000000	180.923666	0.000000	20.2
702	-1.051089	180.788446	0.007791	17.5
703	0.000000	180.653496	0.000000	14.2
704	-0.815215	180.518814	0.006904	16.5
705	-0.210711	180.384399	0.003415	15.9
706	-0.165976	180.250251	0.002359	13.4
707	-0.920203	180.116369	0.007222	15.8
708	-0.985614	179.982752	0.006268	15.5
709	-0.517376	179.849398	0.005629	13.1
710	-0.720790	179.716308	0.006481	14.1
711	-0.715119	179.583480	0.006860	12.5
712	-0.734556	179.450913	0.007274	16.9
713	-0.602630	179.318607	0.006077	16.2
714	-0.709187	179.186561	0.007559	16.7
715	-0.561285	179.054774	0.004190	12.6
716	-0.888484	178.923245	0.006078	17.1
717	-0.161448	178.791973	0.003098	16.3
718	-0.709845	178.660958	0.007538	13.2
719	-0.616363	178.530199	0.006427	17.3
720	-0.910720	178.399694	0.006974	17.4
721	0.000000	178.269444	0.000000	12.6
722	-0.526030	178.139447	0.005603	20.9
723	-0.523750	178.009702	0.006731	12.7
724	-0.048209	177.880209	0.001983	13.7
725	-0.396922	177.750967	0.005553	14.7
726	-0.595498	177.621975	0.008059	14.3
727	-0.687822	177.493232	0.004181	16.0
728	-0.219516	177.364738	0.002965	14.7
729	-0.693892	177.236492	0.007211	16.5
730	-0.914149	177.108492	0.005096	12.2
731	-0.876149	176.980739	0.007455	15.7
732	-0.059274	176.853231	0.001516	16.8
733	-0.670911	176.725968	0.007370	12.9
734	-0.476201	176.598949	0.005599	15.2
735	-0.103955	176.472173	0.001812	12.3
736	-0.599272	176.345639	0.007335	16.0
737	-0.253417	176.219348	0.004523	14.8
738	0.000000	176.093296	0.000000	16.7
739	-0.458212	175.967486	0.005916	12.4
740	-0.222589	175.841914	0.002939	15.9
741	-0.735874	175.716581	0.005333	16.5
742	0.000000	175.591486	0.000000	12.9
743	-0.405149	175.466629	0.005872	14.9
744	-0.800418	175.342008	0.005205	12.1
745	0.000000	175.217622	0.000000	15.5
746	-0.747226	175.093472	0.009239	14.4
747	-0.308343	174.969556	0.003552	16.7
748	-0.932252	174.845873	0.006048	12.3
749	-0.980120	174.722423	0.007418	15.3
750	-0.925420	174.599206	0.005812	16.9
751	-0.012125	174.476220	0.001698	12.9
752	-0.770478	174.353464	0.007359	15.5
753	-0.071685	174.230939	0.001139	12.7
754	-0.494070	174.108643	0.003795	15.0
755	-0.152371	173.986576	0.002506	13.9
756	-0.862045	173.864737	0.005767	16.9
757	-0.081134	173.743124	0.002227	12.2
758	-0.353702	173.621739	0.004837	16.1
759	0.000000	173.500579	0.000000	17.1
760	-0.232468	173.379645	0.003178	13.2
761	0.000000	173.258935	0.000000	15.7
762	-0.949020	173.138449	0.009518	12.9
763	-0.052774	173.018186	0.001359	16.2
764	-0.432826	172.898146	0.007760	16.7
765	-0.440436	172.778327	0.004331	15.8
766	-0.926684	172.658730	0.007349	13.9
767	-0.060970	172.539353	0.000359	16.8
768	-0.640544	172.420196	0.005233	15.7
769	0.000000	172.301258	0.000000	13.0
770	-0.608798	172.182539	0.006127	15.4
771	-0.363030	172.064037	0.003186	16.7
772	-0.423576	171.945753	0.004934	12.6
773	-0.799459	171.827686	0.006057	16.4
774	-0.748428	171.709834	0.005774	12.4
775	0.000000	171.592198	0.000000	15.5
776	-0.823421	171.474776	0.005357	16.1
777	-0.080548	171.357568	0.002669	15.4
778	-0.414790	171.240574	0.005574	13.3
779	0.000000	171.123793	0.000000	14.2
780	-0.643186	171.007223	0.006286	16.1
781	-0.761325	170.890865	0.006770	12.5
782	-0.006947	170.774718	0.000179	14.7
783	0.000000	170.658782	0.000000	12.6
784	-0.428053	170.543055	0.006461	15.1
785	-0.015814	170.427537	0.001314	14.4
786	-0.026978	170.312227	0.001186	16.0
787	-0.706340	170.197125	0.007252	13.1
788	-0.081568	170.082231	0.002191	14.7
789	-0.825856	169.967543	0.006726	17.3
790	-0.882070	169.853061	0.007650	12.8
791	-0.136476	169.738784	0.003612	14.8
792	-0.948427	169.624713	0.007476	14.1
793	0.000000	169.510845	0.000000	12.1
794	-0.273578	169.397181	0.004544	15.0
795	-0.398672	169.283720	0.003490	17.0
796	-0.585026	169.170462	0.004925	13.2
797	0.000000	169.057405	0.000000	14.4
798	-0.789621	168.944549	0.004781	12.2
799	0.000000	168.831895	0.000000	14.9
800	-0.707065	168.719440	0.005388	13.9
801	0.000000	168.607185	0.000000	16.9
802	-0.033876	168.495129	0.000322	12.4
803	-0.479737	168.383271	0.005628	15.0
804	-0.008263	168.271611	0.000624	16.7
805	-0.804556	168.160148	0.005311	12.6
806	-0.711623	168.048882	0.006925	14.0
807	-0.733147	167.937812	0.005068	12.4
808	-0.898611	167.826938	0.005146	15.3
809	-0.659492	167.716258	0.006005	13.9
810	-0.411147	167.605773	0.004790	16.2
811	-0.814109	167.495482	0.007864	13.1
812	-0.701970	167.385384	0.006514	14.6
813	-0.053379	167.275479	0.002046	13.7
814	-0.698052	167.165766	0.005643	15.2
815	-0.857363	167.056245	0.007125	14.3
816	-0.113007	166.946915	0.000986	15.2
817	0.000000	166.837776	0.000000	15.2
818	-0.939264	166.728826	0.007460	13.5
819	0.000000	166.620067	0.000000	18.9
820	-0.956549	166.511496	0.006579	12.6
821	0.000000	166.403113	0.000000	14.1
822	0.000000	166.294919	0.000000	19.0
823	-0.627831	166.186912	0.005294	12.4
824	-0.882585	166.079091	0.006112	14.0
825	-0.477889	165.971458	0.003237	13.1
826	-0.453051	165.864009	0.006322	15.4
827	-0.035043	165.756747	0.000241	13.2
828	-0.859545	165.649669	0.005158	17.0
829	-0.170539	165.542775	0.002238	11.9
830	0.000000	165.436065	0.000000	13.1
831	-0.483245	165.329538	0.007355	15.9
832	-1.105759	165.223194	0.007219	15.6
833	-0.005093	165.117032	0.000533	13.6
834	-0.525452	165.011052	0.007352	15.8
835	-0.984222	164.905253	0.006748	15.4
836	0.000000	164.799635	0.000000	15.4
837	-0.879378	164.694197	0.008070	22.4
838	-0.860567	164.588939	0.006420	16.2
839	-0.217696	164.483859	0.003651	29.9
840	-0.001245	164.378959	0.000149	16.7
841	-0.813989	164.274237	0.005890	19.4
842	-0.042233	164.169692	0.002621	17.8
843	-0.510429	164.065325	0.005714	14.4
844	-0.671299	163.961135	0.007338	28.6
845	-0.639510	163.857120	0.006476	18.9
846	-0.872539	163.753282	0.007053	17.7
847	-0.176134	163.649619	0.003123	27.2
848	-0.000008	163.546130	0.000007	21.3
849	-0.753880	163.442816	0.005254	60.2
850	-0.304709	163.339676	0.005816	44.2
851	-0.858629	163.236709	0.005273	30.7
852	-0.675797	163.133915	0.005809	30.3
853	-0.000000	163.031294	0.000000	14.3
854	0.000000	162.928844	0.000000	12.9
855	0.000000	162.826566	0.000000	15.1
856	0.000000	162.724459	0.000000	19.1
857	0.000000	162.622523	0.000000	12.3
858	-0.925450	162.520757	0.005236	18.0
859	-0.392127	162.419160	0.003273	19.8
860	-0.789797	162.317733	0.008236	16.0
861	-0.917691	162.216474	0.005370	19.3
862	0.000000	162.115383	0.000000	15.7
863	-0.732268	162.014461	0.004709	13.2
864	0.000000	161.913705	0.000000	20.6
865	-0.000000	161.813117	0.000000	13.5
866	0.000000	161.712695	0.000000	16.3
867	-0.481558	161.612439	0.006156	16.7
868	-0.898192	161.512349	0.007076	13.5
869	-0.749164	161.412424	0.007560	16.2
870	0.000000	161.312663	0.000000	14.8
871	-0.000268	161.213067	0.000107	14.6
872	-0.348256	161.113635	0.004594	20.3
873	-0.634049	161.014366	0.006746	14.2
874	-0.644238	160.915260	0.005017	16.4
875	0.000000	160.816316	0.000000	16.3
876	-1.017625	160.717535	0.005382	15.8
877	-0.797090	160.618915	0.006032	13.2
878	-0.811625	160.520456	0.007286	15.5
879	-0.516142	160.422158	0.005603	12.5
880	-0.574863	160.324021	0.006448	15.7
881	-1.072181	160.226043	0.006712	16.0
882	-0.905090	160.128225	0.007325	15.4
883	-0.014060	160.030566	0.000769	13.2
884	-0.014797	159.933066	0.001269	14.3
885	-0.193880	159.835723	0.004257	16.2
886	-0.471142	159.738539	0.006265	13.4
887	-0.611970	159.641512	0.004718	18.0
888	-0.721542	159.544642	0.005182	15.2
889	-0.836426	159.447929	0.005143	13.6
890	-0.787891	159.351372	0.004409	14.9
891	-0.395828	159.254971	0.005762	12.6
892	-0.144070	159.158725	0.003031	14.3
893	-0.283904	159.062634	0.003495	15.4
894	-0.389927	158.966697	0.005160	15.9
895	-0.000001	158.870915	0.000001	12.7
896	-0.423434	158.775286	0.005404	14.8
897	-0.767170	158.679811	0.005943	12.6
898	0.000000	158.584489	0.000000	17.3
899	-0.003988	158.489319	0.000071	25.8
900	-0.908283	158.394302	0.006688	13.8
901	0.000000	158.299436	0.000000	12.4
902	-0.570073	158.204721	0.006023	15.9
903	-0.895832	158.110158	0.007750	13.3
904	-0.969309	158.015745	0.007004	14.2
905	-0.557402	157.921482	0.007622	14.8
906	-0.143326	157.827369	0.001772	15.4
907	-0.439771	157.733406	0.003271	15.1
908	-0.187312	157.639591	0.001861	14.5
909	-0.453547	157.545925	0.005582	16.2
910	-0.344117	157.452408	0.005110	22.7
911	-0.577337	157.359038	0.007409	26.1
912	-0.640050	157.265816	0.006713	22.5
913	-0.819954	157.172741	0.005693	26.3
914	-0.461096	157.079813	0.005095	18.9
915	-0.000001	156.987031	0.000000	18.5
916	-0.460495	156.894395	0.005146	19.9
917	-0.472417	156.801904	0.005369	22.7
918	-0.319719	156.709559	0.004860	21.2
919	-0.027217	156.617359	0.000250	23.1
920	-0.815194	156.525304	0.005967	22.5
921	-0.839341	156.433392	0.005057	18.8
922	-0.191316	156.341624	0.006301	21.7
923	-0.522369	156.250000	0.006229	15.2
924	-0.335432	156.158519	0.004133	18.9
925	-0.476188	156.067180	0.004735	18.6
926	-0.023027	155.975984	0.002279	17.2
927	0.000000	155.884930	0.000000	25.9
928	-0.771447	155.794017	0.005388	15.0
929	-1.047693	155.703246	0.007671	16.4
930	-0.418216	155.612615	0.004496	14.8
931	-0.566139	155.522125	0.005187	13.3
932	-0.916441	155.431775	0.006689	17.9
933	-0.681372	155.341565	0.006925	18.6
934	-0.862679	155.251495	0.005659	12.6
935	-0.456957	155.161563	0.005836	18.8
936	-1.074481	155.071771	0.007502	12.8
937	-0.827831	154.982117	0.006281	13.1
938	-0.662798	154.892601	0.006628	14.7
939	-0.870249	154.803222	0.005470	17.5
940	-0.458617	154.713981	0.005485	16.1
941	0.000000	154.624878	0.000000	19.0
942	-0.886919	154.535910	0.006187	15.1
943	-0.000011	154.447080	0.000030	13.5
944	-0.348262	154.358385	0.003182	15.8
945	-0.441517	154.269826	0.006707	15.7
946	-0.158473	154.181402	0.002362	13.9
947	-0.502532	154.093114	0.004512	15.7
948	-0.716019	154.004960	0.005981	14.7
949	-0.320118	153.916940	0.003847	13.2
950	0.000000	153.829054	0.000000	14.8
951	0.000000	153.741303	0.000000	12.7
952	-0.297380	153.653684	0.004123	14.9
953	-0.881371	153.566198	0.006574	14.5
954	-0.060233	153.478846	0.002776	16.5
955	-0.812569	153.391625	0.007608	13.5
956	0.000000	153.304537	0.000000	15.7
957	-0.779669	153.217580	0.006269	13.6
958	0.000000	153.130755	0.000000	14.1
959	-0.695171	153.044061	0.003503	14.9
960	0.000000	152.957498	0.000000	12.1
961	-0.910412	152.871065	0.006445	15.7
962	-0.540664	152.784762	0.007082	14.8
963	-0.804690	152.698589	0.005262	15.8
964	-0.556088	152.612545	0.007710	12.7
965	-0.634233	152.526631	0.006747	14.7
966	-0.857859	152.440845	0.007970	14.0
967	0.000000	152.355188	0.000000	15.2
968	-0.498337	152.269660	0.005101	16.0
969	-0.507598	152.184259	0.005397	14.9
970	-0.341133	152.098986	0.004595	12.8
971	0.000000	152.013840	0.000000	14.2
972	-0.598182	151.928821	0.006682	17.4
973	-1.119758	151.843928	0.007669	12.3
974	-0.679244	151.759163	0.007367	23.0
975	0.000000	151.674523	0.000000	19.7
976	-0.574601	151.590009	0.007398	13.1
977	-0.868076	151.505620	0.006469	17.5
978	-0.022207	151.421357	0.001925	15.9
979	-0.774217	151.337218	0.004995	12.2
980	0.000000	151.253204	0.000000	15.2
981	-0.332993	151.169314	0.004697	14.2
982	0.000000	151.085549	0.000000	14.1
983	-0.278154	151.001907	0.003323	14.5
984	-0.716158	150.918388	0.006314	14.7
985	-0.771669	150.834992	0.005611	14.9
986	0.000000	150.751719	0.000000	17.3
987	-0.711433	150.668569	0.006692	15.4
988	-0.777085	150.585541	0.006681	13.3
989	-0.627505	150.502634	0.006011	15.3
990	-0.589854	150.419849	0.005688	13.8
991	0.000000	150.337186	0.000000	13.5
992	0.000000	150.254644	0.000000	14.7
993	0.000000	150.172222	0.000000	12.6
994	-0.719736	150.089921	0.007433	15.9
995	-0.333602	150.007740	0.002893	14.5
996	-0.346886	149.925679	0.003016	14.8
997	-0.722321	149.843737	0.005808	12.6
998	-0.152406	149.761915	0.002425	16.2
999	-0.001934	149.680212	0.000092	12.7
1000	-0.676051	149.598627	0.007068	15.2
1001	-0.955869	149.517161	0.006312	14.7
1002	0.000000	149.435814	0.000000	15.5
1003	0.000000	149.354584	0.000000	13.7
1004	-0.357958	149.273472	0.003353	14.9
1005	-0.920033	149.192477	0.005782	13.6
1006	-0.654533	149.111599	0.006628	13.5
1007	-0.937017	149.030838	0.005728	13.3
1008	-0.548043	148.950194	0.007496	14.9
1009	-0.927821	148.869666	0.006584	12.6
1010	0.000000	148.789253	0.000000	13.7
1011	-0.799044	148.708957	0.007250	15.9
1012	-0.223164	148.628776	0.004010	12.7
1013	-0.000000	148.548710	0.000000	13.4
1014	-0.833833	148.468759	0.005692	13.2
1015	-0.856590	148.388923	0.005692	14.8
1016	0.000000	148.309201	0.000000	14.4
1017	-0.506296	148.229594	0.006657	17.8
1018	-0.856167	148.150100	0.004749	12.3
1019	0.000000	148.070719	0.000000	13.5
1020	-0.045109	147.991452	0.002127	15.8
1021	-0.077720	147.912298	0.000431	13.2
1022	-0.368866	147.833257	0.004931	12.9
1023	-0.746981	147.754329	0.006666	16.1
1024	-0.875539	147.675512	0.005856	14.7
1025	-0.005157	147.596808	0.000377	12.2
1026	-0.487015	147.518216	0.006626	19.1
1027	-0.773147	147.439735	0.007774	11.9
1028	-0.726167	147.361365	0.005524	12.9
1029	-0.981147	147.283106	0.007811	16.9
1030	-0.913358	147.204958	0.007218	13.9
1031	-0.000235	147.126920	0.000012	13.0
1032	0.000000	147.048993	0.000000	15.8
1033	-0.002052	146.971175	0.000143	14.8
1034	-0.224592	146.893468	0.003663	12.4
1035	0.000000	146.815869	0.000000	18.2
1036	-0.835391	146.738380	0.005869	12.3
1037	-0.918462	146.661000	0.006532	12.5
1038	-0.367830	146.583729	0.004290	27.0
1039	-0.822092	146.506566	0.006985	12.8
1040	-0.008975	146.429511	0.000191	14.4
1041	-0.514644	146.352565	0.007291	12.1
1042	-0.634225	146.275726	0.006045	14.8
1043	-0.370732	146.198994	0.006359	13.7
1044	-0.887948	146.122370	0.006594	16.8
1045	0.000000	146.045853	0.000000	11.9
1046	-0.943431	145.969442	0.006110	14.5
1047	-0.557037	145.893139	0.005678	14.7
1048	0.000000	145.816941	0.000000	13.4
1049	-0.776221	145.740849	0.004931	14.9
1050	-0.248624	145.664863	0.005129	14.2
1051	-0.378222	145.588983	0.003985	14.4
1052	-0.948566	145.513208	0.007617	12.4
1053	-0.983024	145.437538	0.005988	18.3
1054	0.000000	145.361973	0.000000	12.2
1055	-0.006642	145.286513	0.000510	12.3
1056	0.000000	145.211157	0.000000	15.6
1057	-0.761834	145.135905	0.005848	14.0
1058	-0.698799	145.060757	0.005743	14.1
1059	0.000000	144.985712	0.000000	14.7
1060	-0.497438	144.910771	0.004230	14.1
1061	-0.335418	144.835934	0.004535	13.8
1062	-0.033618	144.761199	0.006270	15.3
1063	-0.419166	144.686567	0.003301	13.7
1064	-0.515615	144.612037	0.007997	16.4
1065	-0.794850	144.537610	0.007830	18.6
1066	0.000000	144.463285	0.000000	13.5
1067	-0.259057	144.389062	0.004124	14.2
1068	-0.676648	144.314940	0.005315	16.9
1069	-0.610754	144.240920	0.008539	18.0
1070	-0.218245	144.167001	0.003912	17.1
1071	-0.000000	144.093182	0.000000	15.0
1072	-0.629061	144.019465	0.007278	12.8
1073	-0.541709	143.945848	0.006105	16.0
1074	0.000000	143.872331	0.000000	16.0
1075	-0.573777	143.798914	0.005245	13.0
1076	-0.041771	143.725597	0.001154	16.2
1077	-0.805656	143.652380	0.004955	12.4
1078	-0.571029	143.579262	0.006664	14.5
1079	-0.516948	143.506243	0.008181	16.5
1080	-0.960574	143.433323	0.007259	15.7
1081	0.000000	143.360502	0.000000	13.2
1082	-0.093208	143.287780	0.002435	16.2
1083	-0.411461	143.215155	0.004495	16.0
1084	-0.840049	143.142629	0.006558	13.2
1085	-0.829612	143.070201	0.006051	14.6
1086	-0.561347	142.997870	0.005847	14.0
1087	0.000000	142.925637	0.000000	14.5
1088	-0.661230	142.853501	0.007279	14.5
1089	-0.728893	142.781462	0.005275	14.6
1090	-0.360375	142.709519	0.004010	12.9
1091	-0.322904	142.637674	0.004646	13.8
1092	0.000000	142.565924	0.000000	15.3
1093	0.000000	142.494271	0.000000	12.7
1094	0.000000	142.422714	0.000000	11.5
1095	-0.245218	142.351252	0.004323	15.6
1096	-0.231043	142.279886	0.003006	14.2
1097	-0.000032	142.208616	0.000020	14.0
1098	-0.866212	142.137440	0.006193	16.9
1099	-1.138161	142.066360	0.007447	12.5
1100	-1.091774	141.995374	0.008877	14.2
1101	-0.598941	141.924483	0.006000	109.2
1102	-0.715012	141.853685	0.005310	45.0
1103	-0.022632	141.782983	0.001118	17.5
1104	-1.036939	141.712373	0.007599	14.1
1105	0.000000	141.641858	0.000000	19.3
1106	-0.387895	141.571436	0.004943	16.4
1107	0.000000	141.501108	0.000000	14.3
1108	-0.007573	141.430872	0.000882	22.5
1109	-0.086947	141.360730	0.002015	20.5
1110	-0.001167	141.290680	0.000065	27.3
1111	-0.405513	141.220722	0.005107	21.8
1112	-0.037321	141.150857	0.001527	20.4
1113	-0.873357	141.081084	0.005794	16.6
1114	-0.603046	141.011403	0.006423	15.3
1115	0.000000	140.941813	0.000000	19.3
1116	-0.000000	140.872315	0.000000	16.3
1117	-0.975157	140.802909	0.006921	15.2
1118	-1.131588	140.733593	0.006419	17.5
1119	-0.136815	140.664369	0.002428	15.4
1120	0.000000	140.595235	0.000000	15.8
1121	0.000000	140.526192	0.000000	17.1
1122	0.000000	140.457239	0.000000	13.3
1123	0.000000	140.388376	0.000000	15.0
1124	-0.853106	140.319603	0.006013	16.1
1125	-0.515374	140.250920	0.006209	12.4
1126	-0.876395	140.182326	0.006178	15.1
1127	0.000000	140.113822	0.000000	15.2
1128	0.000000	140.045407	0.000000	17.8
1129	-0.486260	139.977081	0.005431	11.8
1130	0.000000	139.908844	0.000000	15.1
1131	-0.599074	139.840696	0.003965	18.9
1132	0.000000	139.772635	0.000000	12.3
1133	-0.600224	139.704664	0.007541	14.3
1134	0.000000	139.636780	0.000000	14.6
1135	-0.789294	139.568984	0.006574	13.8
1136	-0.764659	139.501276	0.008009	13.4
1137	-0.568038	139.433655	0.006434	18.9
1138	-0.994275	139.366122	0.007893	14.2
1139	0.000000	139.298676	0.000000	15.7
1140	-0.764122	139.231317	0.007387	16.4
1141	-0.813569	139.164045	0.005546	12.2
1142	-0.773256	139.096859	0.005401	14.2
1143	-0.554717	139.029760	0.006476	12.0
1144	0.000000	138.962747	0.000000	16.1
1145	-0.283117	138.895820	0.002196	14.1
1146	-0.866932	138.828978	0.006387	14.9
1147	-0.078373	138.762223	0.002402	14.7
1148	0.000000	138.695553	0.000000	17.2
1149	-0.000000	138.628969	0.000000	14.5
1150	-0.833793	138.562469	0.007297	13.3
1151	-0.666292	138.496055	0.003769	17.3
1152	-0.697255	138.429725	0.007625	13.7
1153	-0.747737	138.363481	0.006184	17.1
1154	-0.962128	138.297320	0.007086	21.1
1155	-0.926582	138.231244	0.005726	13.4
1156	-0.737411	138.165252	0.006575	12.3
1157	-0.983008	138.099344	0.007670	16.5
1158	-0.627330	138.033520	0.007827	12.2
1159	-0.671100	137.967779	0.006543	16.1
1160	0.000000	137.902122	0.000000	15.0
1161	-0.439077	137.836548	0.004073	16.2
1162	-0.954392	137.771057	0.006089	11.9
1163	-0.764994	137.705649	0.005224	13.8
1164	-0.432804	137.640324	0.005714	21.0
1165	-0.378199	137.575081	0.004194	12.4
1166	-0.382488	137.509921	0.004675	13.8
1167	0.000000	137.444842	0.000000	15.2
1168	-0.808397	137.379846	0.004208	14.9
1169	-0.568330	137.314932	0.005443	13.0
1170	-0.593793	137.250100	0.005938	20.7
1171	-0.464942	137.185349	0.004809	16.3
1172	-0.848035	137.120680	0.006650	17.6
1173	0.000000	137.056092	0.000000	14.9
1174	-0.504148	136.991585	0.004503	12.7
1175	-0.463864	136.927158	0.004989	13.6
1176	-0.358303	136.862813	0.004663	17.7
1177	-0.543399	136.798548	0.004066	17.0
1178	-0.636354	136.734363	0.005098	17.7
1179	-1.052120	136.670259	0.006742	15.6
1180	-0.097014	136.606235	0.001565	15.3
1181	-0.852376	136.542291	0.006625	16.1
1182	-0.055522	136.478426	0.002082	14.6
1183	-0.000493	136.414641	0.000617	14.5
1184	-0.718232	136.350936	0.004308	14.8
1185	-0.881871	136.287310	0.006474	13.3
1186	-0.353901	136.223763	0.002803	17.7
1187	-0.609845	136.160295	0.006304	18.0
1188	-0.224310	136.096905	0.002477	15.7
1189	-0.577644	136.033594	0.005495	14.2
1190	0.000000	135.970362	0.000000	15.2
1191	-0.846033	135.907208	0.006043	13.6
1192	-0.727511	135.844133	0.004677	12.4
1193	-1.053862	135.781135	0.006755	14.3
1194	-0.604206	135.718215	0.004447	16.1
1195	-0.127897	135.655373	0.001990	13.0
1196	-0.391566	135.592608	0.004542	16.9
1197	-0.057038	135.529921	0.001090	13.0
1198	0.000000	135.467311	0.000000	13.9
1199	-0.000791	135.404778	0.000283	19.9
1200	-0.807896	135.342322	0.005225	14.6
1201	-0.527764	135.279942	0.004820	12.5
1202	-0.018091	135.217640	0.000445	17.5
1203	-0.330547	135.155413	0.003081	16.1
1204	-0.016976	135.093263	0.000752	12.5
1205	-0.122127	135.031190	0.001875	16.9
1206	-0.811156	134.969192	0.006324	18.9
1207	-0.969397	134.907270	0.006204	12.4
1208	-0.649880	134.845424	0.005762	20.3
1209	-0.131849	134.783653	0.004490	17.5
1210	-0.978707	134.721958	0.006225	13.4
1211	-0.091241	134.660338	0.002142	18.5
1212	-0.820164	134.598793	0.006335	16.0
1213	-0.999718	134.537323	0.006012	13.1
1214	-0.823853	134.475927	0.006375	17.2
1215	-0.636389	134.414607	0.005961	16.5
1216	-0.724075	134.353361	0.006892	13.8
1217	-0.850052	134.292189	0.008756	17.1
1218	-0.842820	134.231092	0.005624	14.8
1219	-0.245671	134.170068	0.002035	13.3
1220	-0.943790	134.109119	0.006114	15.0
1221	-0.843029	134.048243	0.006183	18.4
1222	-0.506298	133.987441	0.004883	13.5
1223	-0.927911	133.926713	0.007217	16.0
1224	-0.416506	133.866057	0.004350	16.0
1225	-0.001205	133.805475	0.000097	13.6
1226	-0.250673	133.744966	0.003331	17.1
1227	0.000000	133.684530	0.000000	16.9
1228	-0.907555	133.624167	0.006623	13.3
1229	0.000000	133.563877	0.000000	17.1
1230	-0.599866	133.503658	0.006178	17.7
1231	-0.349078	133.443513	0.005261	12.9
1232	-0.732604	133.383439	0.006225	16.9
1233	-0.692966	133.323437	0.006271	18.2
1234	-0.932037	133.263508	0.007632	12.5
1235	0.000000	133.203650	0.000000	18.3
1236	-0.723200	133.143864	0.005105	13.7
1237	-0.875470	133.084149	0.007080	15.0
1238	0.000000	133.024506	0.000000	15.0
1239	-0.771414	132.964934	0.004735	12.5
1240	-0.854102	132.905433	0.005887	15.4
1241	-0.791298	132.846003	0.006137	14.2
1242	0.000000	132.786643	0.000000	14.7
1243	-0.866256	132.727355	0.005234	14.9
1244	-0.686549	132.668137	0.005803	16.8
1245	-0.185742	132.608989	0.003429	14.6
1246	-0.582740	132.549912	0.005651	13.8
1247	-0.481844	132.490904	0.004237	16.3
1248	-0.562457	132.431967	0.006962	12.7
1249	0.000000	132.373100	0.000000	14.3
1250	-0.941997	132.314302	0.006801	19.5
1251	-0.605787	132.255574	0.007744	14.1
1252	-0.726473	132.196916	0.007336	13.2
1253	-0.671588	132.138326	0.006666	16.7
1254	-0.595859	132.079806	0.007761	15.1
1255	0.000000	132.021355	0.000000	12.9
1256	-0.729255	131.962973	0.005770	16.0
1257	-0.555846	131.904660	0.006312	13.2
1258	-0.350952	131.846415	0.004158	14.5
1259	-0.830740	131.788239	0.006961	14.3
1260	-0.687973	131.730131	0.007227	14.2
1261	-0.000422	131.672092	0.000075	15.3
1262	-0.597078	131.614121	0.006320	14.6
1263	-0.974571	131.556217	0.006608	15.9
1264	-0.385202	131.498382	0.003853	12.6
1265	-0.291786	131.440614	0.005251	14.4
1266	-0.903161	131.382914	0.006016	13.6
1267	-0.882525	131.325282	0.005189	28.3
1268	0.000000	131.267717	0.000000	19.5
1269	-0.819299	131.210219	0.005068	22.5
1270	-0.546128	131.152788	0.006429	25.7
1271	-0.000000	131.095424	0.000000	24.8
1272	-0.030129	131.038127	0.002676	23.4
1273	-0.106867	130.980897	0.002851	17.9
1274	-0.011781	130.923733	0.000408	18.1
1275	-0.701209	130.866636	0.004906	19.0
1276	-0.167526	130.809605	0.001909	23.0
1277	-0.388908	130.752641	0.006545	18.5
1278	0.000000	130.695742	0.000000	19.6
1279	0.000000	130.638910	0.000000	18.7
1280	-0.619041	130.582143	0.006503	21.3
1281	-0.852823	130.525442	0.006524	22.4
1282	-0.484540	130.468807	0.004475	16.8
1283	-0.712359	130.412237	0.004850	20.0
1284	0.000000	130.355733	0.000000	20.5
1285	0.000000	130.299294	0.000000	15.4
1286	-0.431744	130.242920	0.005487	23.5
1287	-1.115989	130.186611	0.007164	15.9
1288	-0.022915	130.130366	0.001286	18.5
1289	0.000000	130.074187	0.000000	18.2
1290	0.000000	130.018072	0.000000	18.6
1291	-0.154678	129.962022	0.002804	21.2
1292	-0.228026	129.906036	0.003784	18.1
1293	0.000000	129.850114	0.000000	18.2
1294	-0.028496	129.794257	0.001292	18.3
1295	-0.877828	129.738463	0.007179	22.1
1296	-0.740765	129.682734	0.006559	18.3
1297	-0.127998	129.627068	0.002568	14.9
1298	-0.396098	129.571466	0.004635	22.6
1299	-0.304748	129.515927	0.002856	17.6
1300	-0.155796	129.460452	0.002777	18.2
1301	-0.051985	129.405040	0.001679	22.8
1302	-0.742422	129.349692	0.006663	14.8
1303	-0.917827	129.294406	0.007146	24.0
1304	-0.916908	129.239183	0.005720	17.4
1305	-0.756082	129.184024	0.005811	16.0
1306	-0.032315	129.128927	0.000644	22.0
1307	-0.700189	129.073892	0.005721	15.8
1308	-0.529575	129.018921	0.006078	20.4
1309	-0.653445	128.964011	0.007287	20.9
1310	-0.664474	128.909164	0.004519	18.1
1311	-0.726638	128.854379	0.006236	29.4
1312	-0.037986	128.799656	0.000973	21.5
1313	0.000000	128.744995	0.000000	18.0
1314	0.000000	128.690396	0.000000	19.5
1315	-0.541610	128.635858	0.004354	20.1
1316	-0.207222	128.581382	0.002578	24.8
1317	-0.531791	128.526968	0.007381	18.0
1318	-0.758872	128.472615	0.005044	20.5
1319	-0.003241	128.418323	0.000137	14.8
1320	-0.788296	128.364092	0.005666	15.8
1321	-0.524320	128.309922	0.005112	19.0
1322	-0.073640	128.255814	0.001130	15.1
1323	-0.707796	128.201766	0.005228	22.4
1324	-0.009143	128.147778	0.000090	18.2
1325	-0.275006	128.093852	0.002535	15.1
1326	-0.554295	128.039985	0.006647	22.1
1327	0.000000	127.986180	0.000000	12.5
1328	-0.467606	127.932434	0.005721	14.7
1329	-0.541008	127.878749	0.005989	20.7
1330	-0.000104	127.825123	0.000006	12.7
1331	0.000000	127.771558	0.000000	15.1
1332	0.000000	127.718052	0.000000	22.8
1333	0.000000	127.664606	0.000000	12.8
1334	-0.091799	127.611220	0.002501	16.2
1335	-0.455035	127.557893	0.002549	21.7
1336	-0.891437	127.504625	0.006875	12.2
1337	0.000000	127.451417	0.000000	19.9
1338	-0.786384	127.398268	0.006735	14.3
1339	-0.215247	127.345178	0.001543	16.5
1340	0.000000	127.292147	0.000000	19.7
1341	-0.364607	127.239175	0.005262	15.3
1342	-0.638803	127.186261	0.007240	17.6
1343	-0.905490	127.133407	0.006973	15.4
1344	0.000000	127.080610	0.000000	13.2
1345	-0.472717	127.027872	0.005140	15.9
1346	-0.784967	126.975193	0.005014	16.8
1347	-0.469342	126.922572	0.006345	12.5
1348	-0.186058	126.870008	0.001963	19.2
1349	-0.906446	126.817503	0.005957	12.8
1350	-1.078572	126.765056	0.007218	12.6
1351	-0.750899	126.712667	0.006069	13.9
1352	-0.533989	126.660335	0.005683	17.0
1353	-0.442617	126.608061	0.006404	12.8
1354	-0.222132	126.555844	0.003991	14.1
1355	-0.004627	126.503685	0.000000	16.8
1356	-0.123472	126.451583	0.002258	16.9
1357	-0.555320	126.399538	0.005333	16.0
1358	0.000000	126.347550	0.000000	14.3
1359	-0.635819	126.295619	0.006519	13.0
1360	-0.570458	126.243745	0.006432	15.5
1361	0.000000	126.191928	0.000000	16.3
1362	0.000000	126.140168	0.000000	13.3
1363	-0.604180	126.088464	0.007925	15.8
1364	-0.609024	126.036817	0.007883	14.8
1365	0.000000	125.985226	0.000000	12.8
1366	-0.093540	125.933691	0.001814	14.0
1367	-0.001115	125.882212	0.000045	12.0
1368	-0.010553	125.830790	0.000265	13.4
1369	-0.722557	125.779423	0.005521	13.2
1370	0.000000	125.728113	0.000000	17.4
1371	-0.000922	125.676858	0.000063	11.9
1372	-0.901656	125.625659	0.005816	12.5
1373	-0.036057	125.574515	0.001200	16.0
1374	-0.707282	125.523427	0.005376	13.0
1375	-0.560843	125.472394	0.004286	12.2
1376	-0.803762	125.421417	0.006969	17.4
1377	-0.478537	125.370495	0.006071	17.4
1378	-0.788554	125.319628	0.006038	13.1
1379	0.000000	125.268815	0.000000	18.5
1380	-0.126122	125.218058	0.003025	14.6
1381	-0.813703	125.167356	0.006183	17.3
1382	-0.102605	125.116708	0.003675	16.7
1383	-0.575490	125.066115	0.006123	11.8
1384	-0.415113	125.015576	0.002872	13.6
1385	-0.859530	124.965092	0.005762	12.3
1386	-0.791962	124.914662	0.004691	14.2
1387	-0.252543	124.864287	0.005324	14.8
1388	-0.491559	124.813965	0.004548	16.7
1389	-0.013466	124.763698	0.001115	11.8
1390	-0.234277	124.713485	0.005284	13.6
1391	-0.790295	124.663325	0.006606	16.3
1392	0.000000	124.613219	0.000000	12.4
1393	-0.565419	124.563167	0.006208	13.5
1394	-0.729677	124.513168	0.005680	14.9
1395	-0.614542	124.463223	0.007399	13.9
1396	-0.157795	124.413332	0.002123	12.6
1397	0.000000	124.363493	0.000000	17.7
1398	-0.530806	124.313708	0.005968	12.0
1399	-1.025059	124.263976	0.007335	11.5
1400	-0.824015	124.214297	0.004962	16.8
1401	-0.000000	124.164671	0.000000	14.2
1402	-0.857971	124.115097	0.004341	11.9
1403	-0.391378	124.065577	0.005649	16.1
1404	0.000000	124.016109	0.000000	13.3
1405	-0.520264	123.966693	0.005119	12.0
1406	-0.818804	123.917330	0.006107	13.5
1407	-0.665085	123.868020	0.006765	14.8
1408	0.000000	123.818762	0.000000	13.8
1409	-0.770870	123.769556	0.007091	12.8
1410	-0.521717	123.720402	0.004118	17.4
1411	-0.844753	123.671300	0.007771	12.3
1412	-0.485391	123.622250	0.005398	13.6
1413	0.000000	123.573252	0.000000	14.4
1414	0.000000	123.524305	0.000000	14.4
1415	-0.067091	123.475411	0.004591	12.2
1416	-0.450982	123.426568	0.006782	18.3
1417	-0.437995	123.377776	0.005635	12.1
1418	-0.697123	123.329036	0.004965	11.6
1419	-0.583365	123.280347	0.005955	17.2
1420	-0.001744	123.231709	0.001577	13.6
1421	-0.869026	123.183122	0.006989	13.5
1422	0.000000	123.134587	0.000000	19.4
1423	0.000000	123.086102	0.000000	14.8
1424	-0.168252	123.037669	0.002463	11.9
1425	-0.775391	122.989286	0.005034	13.6
1426	-0.810854	122.940954	0.008366	14.2
1427	-0.918246	122.892672	0.007324	13.4
1428	-0.911227	122.844441	0.007712	12.4
1429	-0.361985	122.796261	0.004531	18.0
1430	-0.724629	122.748130	0.005198	15.8
1431	-0.799219	122.700050	0.005253	13.1
1432	-0.873849	122.652021	0.006434	17.0
1433	0.000000	122.604041	0.000000	11.8
1434	-0.887772	122.556111	0.005249	12.2
1435	-0.732657	122.508232	0.004847	16.5
1436	-0.928729	122.460402	0.005146	13.1
1437	-0.234798	122.412622	0.003016	12.1
1438	0.000000	122.364891	0.000000	16.2
1439	-0.466151	122.317210	0.005481	13.8
1440	0.000000	122.269579	0.000000	12.5
1441	0.000000	122.221997	0.000000	13.3
1442	-0.001331	122.174465	0.000119	17.5
1443	-0.438630	122.126981	0.005606	15.6
1444	-0.617702	122.079547	0.005895	16.7
1445	-0.469228	122.032162	0.007367	13.9
1446	-0.053849	121.984826	0.001734	12.3
1447	-0.535135	121.937539	0.006199	13.1
1448	0.000000	121.890301	0.000000	16.7
1449	-0.000400	121.843112	0.000342	13.3
1450	-0.087186	121.795971	0.002984	12.9
1451	-0.320552	121.748879	0.003853	16.9
1452	-0.631624	121.701835	0.006239	13.9
1453	-0.838712	121.654840	0.007060	12.6
1454	-0.041474	121.607893	0.000569	15.9
1455	-0.080343	121.560994	0.002156	14.1
1456	0.000000	121.514144	0.000000	12.8
1457	-0.000072	121.467342	0.000020	18.1
1458	-0.877145	121.420588	0.006256	11.9
1459	-0.487675	121.373882	0.005962	11.8
1460	-1.027667	121.327223	0.006961	17.6
1461	-0.511969	121.280613	0.004206	15.6
1462	0.000000	121.234050	0.000000	14.2
1463	-0.688917	121.187535	0.004690	16.9
1464	0.000000	121.141067	0.000000	15.0
1465	-0.574543	121.094647	0.006827	12.6
1466	-0.648326	121.048274	0.005804	17.5
1467	-0.478708	121.001949	0.006873	12.1
1468	-0.454144	120.955671	0.004252	12.6
1469	-0.744230	120.909440	0.004731	15.5
1470	0.000000	120.863256	0.000000	13.5
1471	0.000000	120.817119	0.000000	13.8
1472	-0.953011	120.771029	0.007459	19.2
1473	-0.758241	120.724986	0.006172	17.3
1474	-0.760420	120.678990	0.006306	18.8
1475	0.000000	120.633040	0.000000	16.7
1476	-0.429851	120.587137	0.005895	12.4
1477	-0.013782	120.541281	0.000841	14.9
1478	-0.921838	120.495471	0.006750	14.0
1479	-0.965522	120.449707	0.007259	13.5
1480	-0.773761	120.403990	0.005398	14.8
1481	-0.514667	120.358319	0.004578	13.3
1482	-0.543271	120.312694	0.005492	14.7
1483	-0.543340	120.267115	0.004872	14.7
1484	0.000000	120.221582	0.000000	14.1
1485	-0.852666	120.176096	0.007768	12.0
1486	-0.661876	120.130655	0.004290	13.7
1487	-0.870858	120.085260	0.006300	14.2
1488	-0.693174	120.039910	0.005026	13.3
1489	-1.146249	119.994606	0.007544	13.1
1490	-0.708956	119.949348	0.006187	16.1
1491	-0.141985	119.904135	0.001718	13.9
1492	-0.883781	119.858968	0.006073	12.5
1493	-0.454306	119.813846	0.005220	18.6
1494	-0.756480	119.768769	0.006344	12.0
1495	-0.555578	119.723738	0.003535	11.9
1496	-0.861266	119.678752	0.004963	16.0
1497	-0.369308	119.633810	0.004977	14.7
1498	-0.007017	119.588914	0.000210	12.1
1499	-0.813176	119.544062	0.006912	14.0
1500	-0.464247	119.499256	0.005587	12.7
1501	-0.922845	119.454494	0.006087	14.5
1502	-0.010880	119.409777	0.000256	13.7
1503	-0.863277	119.365104	0.006157	16.5
1504	-0.883013	119.320476	0.006667	12.1
1505	-1.050648	119.275893	0.005711	12.6
1506	-0.395371	119.231353	0.006468	17.5
1507	-1.081866	119.186859	0.008563	11.8
1508	-0.705216	119.142408	0.005785	12.4
1509	-0.564989	119.098002	0.005114	16.4
1510	0.000000	119.053639	0.000000	13.5
1511	-0.078442	119.009321	0.001543	12.3
1512	-0.851416	118.965047	0.006015	19.3
1513	-0.033445	118.920816	0.002547	12.2
1514	-0.704831	118.876630	0.005842	11.8
1515	-0.936235	118.832487	0.006015	16.1
1516	-0.778305	118.788388	0.005704	13.4
1517	-0.112955	118.744332	0.001676	12.1
1518	-0.123978	118.700320	0.003925	13.7
1519	0.000000	118.656352	0.000000	16.1
1520	-0.316863	118.612427	0.003864	11.8
1521	0.000000	118.568545	0.000000	12.4
1522	-0.009122	118.524706	0.000306	16.1
1523	-0.000161	118.480911	0.000013	14.2
1524	-0.922197	118.437159	0.007278	11.9
1525	-0.000000	118.393450	0.000000	18.8
1526	-0.023550	118.349784	0.002490	12.2
1527	-1.105978	118.306160	0.007282	11.8
1528	-0.239639	118.262580	0.004798	16.0
1529	-0.829895	118.219042	0.005419	13.6
1530	0.000000	118.175548	0.000000	11.0
1531	-0.624172	118.132095	0.006403	13.2
1532	-0.009583	118.088686	0.000183	15.6
1533	-0.002823	118.045319	0.000286	13.1
1534	-1.070331	118.001994	0.008022	12.7
1535	-0.000765	117.958712	0.000044	16.3
1536	-0.495946	117.915472	0.004019	14.2
1537	-1.017714	117.872274	0.006941	12.6
1538	-0.418177	117.829118	0.006048	18.5
1539	-0.000000	117.786005	0.000000	12.1
1540	-0.927803	117.742933	0.006894	11.8
1541	-0.158279	117.699904	0.001870	16.0
1542	-0.997394	117.656916	0.006796	14.2
1543	-0.537969	117.613971	0.004253	12.0
1544	-0.421823	117.571067	0.004018	14.0
1545	0.000000	117.528205	0.000000	15.1
1546	-0.813065	117.485384	0.006181	12.1
1547	-0.806584	117.442605	0.006350	12.6
1548	-0.426217	117.399867	0.003538	15.9
1549	-0.831125	117.357171	0.006537	14.0
1550	0.000000	117.314517	0.000000	13.1
1551	-0.007083	117.271903	0.000237	18.2
1552	-0.950338	117.229331	0.007683	12.7
1553	-0.007014	117.186800	0.000140	12.3
1554	-0.880184	117.144311	0.006892	15.5
1555	-0.353308	117.101862	0.002745	13.5
1556	-0.723731	117.059454	0.004611	11.8
1557	0.000000	117.017087	0.000000	17.1
1558	-0.801940	116.974762	0.006216	12.2
1559	-0.750318	116.932476	0.007746	11.7
1560	-0.914984	116.890232	0.006547	12.9
1561	0.000000	116.848028	0.000000	15.7
1562	-0.835523	116.805865	0.006931	13.8
1563	-0.006048	116.763743	0.000097	12.6
1564	-0.358053	116.721661	0.006235	18.9
1565	-0.001270	116.679619	0.000110	12.0
1566	-0.530426	116.637618	0.006378	11.6
1567	-0.946587	116.595657	0.006527	15.9
1568	-0.306788	116.553736	0.003594	14.0
1569	-0.964459	116.511855	0.006087	11.8
1570	-0.714672	116.470015	0.006597	13.7
1571	-0.677345	116.428214	0.006427	14.3
1572	-0.000000	116.386454	0.000000	13.0
1573	-0.928664	116.344733	0.005980	13.1
1574	0.000000	116.303052	0.000000	15.7
1575	-0.751830	116.261412	0.004970	13.6
1576	-0.725379	116.219810	0.004931	13.1
1577	-0.412925	116.178249	0.005058	17.8
1578	-0.976514	116.136727	0.006425	12.0
1579	-0.012623	116.095245	0.000158	12.0
1580	-0.610013	116.053802	0.004204	16.8
1581	-0.516095	116.012398	0.004449	13.8
1582	-0.860661	115.971034	0.005616	12.2
1583	0.000000	115.929710	0.000000	18.7
1584	0.000000	115.888424	0.000000	12.2
1585	-0.000000	115.847178	0.000000	11.7
1586	-0.546353	115.805970	0.005329	16.0
1587	-0.159406	115.764802	0.002734	13.6
1588	-0.532797	115.723673	0.005577	13.4
1589	-0.026086	115.682583	0.001585	13.7
1590	-0.276370	115.641532	0.002351	15.8
1591	-0.002309	115.600519	0.002003	11.9
1592	-0.000000	115.559546	0.000000	12.9
1593	-0.768437	115.518610	0.007329	14.9
1594	0.000000	115.477714	0.000000	14.1
1595	-0.245355	115.436856	0.004176	13.2
1596	-0.178147	115.396037	0.003385	18.0
1597	-0.919004	115.355256	0.005525	13.5
1598	-0.641578	115.314514	0.007079	12.8
1599	-0.435031	115.273810	0.004047	15.5
1600	-0.404082	115.233144	0.003869	12.8
1601	-0.412132	115.192517	0.006684	12.2
1602	-0.949266	115.151927	0.005594	16.2
1603	-0.697059	115.111376	0.005756	14.2
1604	0.000000	115.070863	0.000000	12.3
1605	-0.751544	115.030388	0.004593	13.1
1606	-0.653237	114.989951	0.006444	14.3
1607	-0.895139	114.949551	0.005004	13.5
1608	-0.224366	114.909190	0.004929	12.5
1609	-1.108620	114.868866	0.007768	17.7
1610	-0.585839	114.828580	0.006598	12.3
1611	-0.834828	114.788332	0.005522	11.8
1612	-0.567017	114.748121	0.004635	17.1
1613	-0.867226	114.707948	0.007974	14.0
1614	-0.763243	114.667812	0.005779	12.3
1615	-0.775058	114.627714	0.008349	16.6
1616	-0.505098	114.587653	0.004353	14.2
1617	-0.862965	114.547629	0.006635	12.1
1618	-0.181978	114.507643	0.002411	13.2
1619	-0.434335	114.467693	0.005085	15.1
1620	-0.961053	114.427781	0.007275	13.3
1621	-0.554138	114.387907	0.005206	14.0
1622	-0.984740	114.348069	0.006207	16.6
1623	-1.058490	114.308268	0.008043	11.8
1624	0.000000	114.268504	0.000000	12.9
1625	-0.968508	114.228777	0.008103	15.7
1626	-0.932729	114.189086	0.006254	13.0
1627	-0.748270	114.149433	0.004645	13.0
1628	-0.010824	114.109816	0.000384	17.3
1629	-0.953494	114.070235	0.008554	15.3
1630	-0.749768	114.030692	0.005530	14.6
1631	-0.777237	113.991185	0.007138	18.8
1632	-0.892524	113.951714	0.006157	13.3
1633	-0.545253	113.912280	0.004806	14.7
1634	0.000000	113.872882	0.000000	16.8
1635	-0.400986	113.833521	0.004086	13.0
1636	-0.501909	113.794195	0.006704	13.9
1637	-0.737977	113.754906	0.005857	14.4
1638	-0.000007	113.715653	0.000007	14.6
1639	-0.975882	113.676437	0.007318	14.6
1640	-0.902175	113.637256	0.005565	16.7
1641	-0.769379	113.598111	0.007599	12.6
1642	-0.807623	113.559002	0.007522	13.8
1643	-0.435326	113.519929	0.006566	16.1
1644	-0.721479	113.480892	0.006364	12.3
1645	-0.000274	113.441891	0.000109	13.3
1646	0.000000	113.402925	0.000000	15.8
1647	-0.924198	113.363995	0.006300	15.6
1648	-0.898032	113.325101	0.006590	13.8
1649	-0.025180	113.286242	0.001628	19.0
1650	-0.446242	113.247419	0.005260	12.9
1651	0.000000	113.208631	0.000000	15.8
1652	-0.619259	113.169879	0.003970	16.3
1653	-0.912261	113.131162	0.006900	13.2
1654	-0.695414	113.092480	0.004903	14.3
1655	-0.666369	113.053833	0.007087	13.9
1656	-0.000000	113.015222	0.000000	14.1
1657	0.000000	112.976646	0.000000	14.9
1658	-0.624232	112.938105	0.005378	16.8
1659	-0.025227	112.899599	0.001502	13.8
1660	-0.964209	112.861128	0.005857	15.4
1661	-0.965233	112.822692	0.007563	15.2
1662	0.000000	112.784291	0.000000	12.8
1663	-0.544372	112.745924	0.007248	15.6
1664	-0.278738	112.707593	0.002965	12.1
1665	-0.410701	112.669296	0.006185	14.5
1666	-0.885958	112.631034	0.005904	15.3
1667	-0.135749	112.592806	0.002083	16.2
1668	-0.748859	112.554613	0.006824	14.8
1669	-0.810228	112.516455	0.005936	18.8
1670	-0.853199	112.478331	0.005699	16.7
1671	-0.548935	112.440241	0.007044	13.6
1672	-0.426366	112.402186	0.004908	16.8
1673	-0.891312	112.364165	0.007670	15.5
1674	-0.501612	112.326179	0.006190	13.5
1675	-0.261609	112.288227	0.003165	15.3
1676	-0.453354	112.250309	0.004860	12.4
1677	-0.930567	112.212425	0.007896	16.6
1678	-0.572493	112.174575	0.004302	16.2
1679	-0.914600	112.136759	0.006143	14.9
1680	-0.000000	112.098977	0.000000	13.6
1681	-0.856588	112.061229	0.005320	15.1
1682	-0.811819	112.023515	0.004397	15.7
1683	-0.432267	111.985834	0.005461	13.0
1684	-0.953829	111.948188	0.005866	15.1
1685	-1.027570	111.910575	0.007788	13.0
1686	-0.143018	111.872996	0.002312	14.1
1687	0.000000	111.835450	0.000000	15.4
1688	-0.535137	111.797939	0.005021	15.8
1689	-0.536334	111.760460	0.004787	12.8
1690	-0.726217	111.723015	0.006292	16.4
1691	-0.057554	111.685604	0.002891	15.9
1692	0.000000	111.648226	0.000000	12.8
1693	-0.786108	111.610881	0.005163	14.6
1694	-0.625226	111.573570	0.004830	12.4
1695	-0.691701	111.536292	0.006847	72.3
1696	-0.119795	111.499047	0.001179	25.0
1697	0.000000	111.461835	0.000000	34.5
1698	-0.777800	111.424656	0.005017	17.1
1699	-0.586755	111.387510	0.005127	26.7
1700	-0.974889	111.350398	0.008374	29.5
1701	-0.599628	111.313318	0.006713	32.5
1702	0.000000	111.276271	0.000000	30.0
1703	0.000000	111.239257	0.000000	22.8
1704	-0.721669	111.202276	0.006093	15.6
1705	-1.085424	111.165328	0.007024	13.0
1706	-0.157525	111.128412	0.002357	19.0
1707	-0.061981	111.091529	0.000742	19.9
1708	0.000000	111.054679	0.000000	12.4
1709	-0.677528	111.017861	0.006129	15.6
1710	-0.717138	110.981076	0.006587	18.3
1711	-0.000007	110.944323	0.000003	14.3
1712	-0.048720	110.907603	0.001036	16.8
1713	-0.923411	110.870915	0.006261	15.8
1714	-1.153416	110.834259	0.006356	12.6
1715	0.000000	110.797636	0.000000	13.7
1716	-0.812976	110.761045	0.006404	12.2
1717	-0.533368	110.724486	0.005008	14.9
1718	-0.629364	110.687959	0.006055	14.3
1719	-0.970972	110.651465	0.006391	17.2
1720	0.000000	110.615002	0.000000	12.9
1721	-0.838095	110.578572	0.006309	15.3
1722	-0.792334	110.542173	0.006285	16.2
1723	0.000000	110.505807	0.000000	14.1
1724	-0.085095	110.469472	0.002030	17.0
1725	-0.616463	110.433169	0.005221	13.1
1726	-0.692806	110.396898	0.006670	16.6
1727	-0.911486	110.360659	0.009243	19.1
1728	-0.011502	110.324451	0.000410	13.4
1729	-0.725253	110.288276	0.004642	13.6
1730	-0.914075	110.252131	0.005324	15.2
1731	-0.580549	110.216019	0.004389	15.5
1732	-0.892700	110.179937	0.006873	12.7
1733	-0.696859	110.143888	0.005514	14.1
1734	-0.967911	110.107869	0.005872	15.4
1735	-0.396325	110.071882	0.004444	19.7
1736	-0.425816	110.035927	0.005192	16.8
1737	-0.860532	110.000003	0.007148	15.2
1738	-0.891849	109.964110	0.007240	13.9
1739	-0.701751	109.928248	0.006211	18.7
1740	-0.679816	109.892417	0.007278	12.9
1741	-0.018700	109.856618	0.000592	14.6
1742	-0.866711	109.820850	0.007138	14.9
1743	-0.836086	109.785112	0.005639	15.3
1744	0.000000	109.749406	0.000000	17.3
1745	0.000000	109.713730	0.000000	15.3
1746	0.000000	109.678086	0.000000	13.0
1747	-0.439028	109.642472	0.005731	14.8
1748	-0.583819	109.606890	0.005923	15.4
1749	-0.306713	109.571337	0.005466	13.9
1750	-1.004652	109.535816	0.006178	16.0
1751	-0.996299	109.500326	0.007583	15.2
1752	-0.557557	109.464866	0.006434	13.0
1753	0.000000	109.429436	0.000000	15.6
1754	0.000000	109.394038	0.000000	12.7
1755	-0.962003	109.358669	0.005881	15.7
1756	-0.798733	109.323331	0.006172	14.7
1757	-0.088014	109.288024	0.002126	15.9
1758	-0.120848	109.252747	0.003344	13.4
1759	-0.746003	109.217501	0.004964	15.9
1760	-0.808923	109.182284	0.007268	14.9
1761	0.000000	109.147098	0.000000	12.8
1762	-0.863689	109.111942	0.008466	15.6
1763	-0.858553	109.076817	0.007390	12.6
1764	0.000000	109.041721	0.000000	14.2
1765	-0.999374	109.006656	0.005895	14.2
1766	-0.862201	108.971620	0.006000	16.9
1767	-0.107225	108.936615	0.003117	13.9
1768	-0.423515	108.901640	0.003760	14.9
1769	-0.782145	108.866694	0.005891	13.2
1770	-0.582579	108.831779	0.003510	14.6
1771	-0.906063	108.796893	0.006292	15.3
1772	-0.063968	108.762037	0.001445	15.2
1773	-0.009023	108.727211	0.000361	12.5
1774	-1.037960	108.692415	0.007168	15.7
1775	-0.002577	108.657648	0.000755	15.1
1776	-0.416547	108.622911	0.005323	12.5
1777	-0.983485	108.588203	0.006856	13.3
1778	-0.210963	108.553525	0.003531	13.7
1779	0.000000	108.518877	0.000000	14.3
1780	-0.010146	108.484258	0.000230	14.2
1781	0.000000	108.449668	0.000000	17.2
1782	-0.735023	108.415108	0.006344	12.7
1783	-0.214513	108.380578	0.003536	14.4
1784	-0.757369	108.346076	0.006329	13.9
1785	0.000000	108.311604	0.000000	13.6
1786	-0.528995	108.277161	0.006836	13.9
1787	-0.611874	108.242747	0.004604	16.1
1788	-0.191763	108.208363	0.003081	14.5
1789	-0.682663	108.174007	0.004739	14.3
1790	-0.747648	108.139681	0.005308	20.6
1791	-0.404968	108.105383	0.005703	13.7
1792	-0.045945	108.071115	0.000883	19.0
1793	-0.920691	108.036875	0.006904	16.0
1794	-0.503769	108.002665	0.006064	13.0
1795	-0.000001	107.968483	0.000002	14.4
1796	-0.032217	107.934330	0.000738	15.0
1797	-0.004209	107.900206	0.000206	15.6
1798	-0.583313	107.866111	0.005233	16.0
1799	-0.373682	107.832044	0.003633	12.6
1800	-1.105732	107.798007	0.008352	14.7
1801	0.000000	107.763997	0.000000	13.7
1802	0.000000	107.730017	0.000000	16.4
1803	-0.927611	107.696065	0.007259	12.4
1804	-0.837182	107.662141	0.007148	13.9
1805	-0.686064	107.628246	0.006296	16.5
1806	-0.598301	107.594379	0.005937	12.4
1807	-1.010228	107.560541	0.006576	12.9
1808	-0.853989	107.526731	0.006057	15.0
1809	0.000000	107.492949	0.000000	13.7
1810	0.000000	107.459196	0.000000	12.3
1811	-0.000000	107.425471	0.000000	17.2
1812	0.000000	107.391774	0.000000	15.3
1813	-0.870097	107.358106	0.005200	12.1
1814	-0.520892	107.324465	0.005843	15.2
1815	-0.267080	107.290853	0.005150	14.1
1816	-0.533969	107.257268	0.005990	12.3
1817	-0.811951	107.223712	0.005000	20.9
1818	-0.951468	107.190184	0.005690	12.2
1819	0.000000	107.156683	0.000000	12.9
1820	-0.450549	107.123211	0.006253	18.1
1821	-0.000060	107.089766	0.000024	12.0
1822	-0.477247	107.056349	0.003254	12.9
1823	-0.049261	107.022960	0.001060	14.6
1824	-0.447602	106.989599	0.003561	13.5
1825	0.000000	106.956265	0.000000	12.1
1826	-0.706078	106.922960	0.006613	17.3
1827	-0.572324	106.889681	0.005655	12.1
1828	-0.879434	106.856431	0.006258	11.7
1829	-0.000975	106.823208	0.000101	12.5
1830	-0.524679	106.790012	0.006760	15.0
1831	-0.482794	106.756844	0.005937	14.7
1832	-0.372270	106.723703	0.005543	12.9
1833	-0.668328	106.690590	0.007487	16.3
1834	-0.000000	106.657505	0.000000	12.0
1835	-0.688439	106.624446	0.005759	11.9
1836	-0.594617	106.591415	0.004129	15.5
1837	-0.466152	106.558411	0.005556	14.0
1838	-0.220895	106.525435	0.004084	11.7
1839	-0.026984	106.492485	0.002359	18.1
1840	-0.845638	106.459563	0.007436	11.9
1841	-0.661423	106.426668	0.005839	11.8
1842	-0.632099	106.393800	0.006815	13.5
1843	-0.991931	106.360959	0.007582	15.7
1844	-0.893918	106.328145	0.007588	14.0
1845	-0.826545	106.295358	0.006653	12.2
1846	-0.038496	106.262598	0.000458	18.6
1847	-0.823294	106.229865	0.006989	12.0
1848	-0.016118	106.197158	0.000248	11.6
1849	0.000000	106.164479	0.000000	15.9
1850	-0.030906	106.131826	0.001375	14.0
1851	-0.545645	106.099201	0.005702	12.1
1852	-0.526960	106.066602	0.008205	13.6
1853	-0.467675	106.034029	0.006580	14.3
1854	-0.501672	106.001483	0.005460	13.3
1855	-0.604084	105.968964	0.005362	12.6
1856	-0.787287	105.936472	0.007266	16.6
1857	-0.846985	105.904006	0.006310	12.0
1858	-0.982109	105.871566	0.006062	11.8
1859	-0.000016	105.839153	0.000016	16.8
1860	0.000000	105.806767	0.000000	13.5
1861	-0.100275	105.774407	0.002453	12.9
1862	-0.484005	105.742073	0.005293	16.0
1863	0.000000	105.709766	0.000000	14.1
1864	-0.060267	105.677485	0.001743	12.1
1865	-0.415860	105.645230	0.004359	17.7
1866	-0.149105	105.613001	0.003000	11.9
1867	-0.554446	105.580799	0.005701	11.9
1868	0.000000	105.548623	0.000000	14.6
1869	-0.709122	105.516473	0.006139	17.1
1870	-0.718623	105.484349	0.007263	11.8
1871	-0.901824	105.452251	0.007048	11.9
1872	-0.864161	105.420179	0.006009	18.1
1873	-0.988014	105.388133	0.006093	14.8
1874	-0.759453	105.356113	0.007219	13.5
1875	-0.010397	105.324119	0.000315	15.1
1876	-0.000324	105.292151	0.000066	14.8
1877	0.000000	105.260209	0.000000	15.0
1878	-0.170206	105.228293	0.003919	16.5
1879	-0.776819	105.196402	0.007469	13.9
1880	-1.038968	105.164537	0.006112	14.0
1881	-1.000197	105.132698	0.007841	20.9
1882	-0.695026	105.100885	0.005638	14.5
1883	-0.726609	105.069097	0.005831	15.5
1884	-0.631383	105.037335	0.003936	16.8
1885	-0.818101	105.005598	0.007892	15.4
1886	-0.046528	104.973887	0.002085	16.8
1887	-0.784849	104.942202	0.007285	17.5
1888	-0.365409	104.910542	0.004311	16.1
1889	-0.662140	104.878907	0.006506	17.4
1890	0.000000	104.847298	0.000000	14.6
1891	-0.289811	104.815715	0.004962	17.1
1892	-0.681616	104.784156	0.005433	17.5
1893	-0.664815	104.752623	0.005472	15.4
1894	-0.365845	104.721116	0.005784	17.5
1895	-0.000016	104.689633	0.000031	15.4
1896	-0.961710	104.658176	0.007003	15.1
1897	-0.419963	104.626744	0.005378	16.4
1898	-0.000107	104.595337	0.000042	17.1
1899	-0.708753	104.563955	0.007142	15.1
1900	-0.812023	104.532599	0.006724	17.9
1901	-0.406073	104.501267	0.004400	15.0
1902	-0.916341	104.469960	0.007751	14.5
1903	-1.147592	104.438679	0.006201	18.8
1904	-1.198751	104.407422	0.007652	15.3
1905	-0.541015	104.376191	0.006114	17.6
1906	-0.111891	104.344984	0.001396	17.2
1907	-0.540856	104.313802	0.004631	17.5
1908	-0.653495	104.282645	0.005386	13.4
1909	-0.726870	104.251513	0.004652	19.5
1910	0.000000	104.220405	0.000000	15.7
1911	0.000000	104.189323	0.000000	12.5
1912	-0.313848	104.158265	0.004148	22.9
1913	-0.000000	104.127231	0.000000	15.9
1914	0.000000	104.096222	0.000000	13.7
1915	0.000000	104.065238	0.000000	22.9
1916	-0.488862	104.034279	0.005443	22.8
1917	-0.361967	104.003344	0.003163	23.6
1918	0.000000	103.972433	0.000000	49.6
1919	-0.004198	103.941547	0.000159	43.7
1920	-0.037912	103.910686	0.001788	20.9
1921	0.000000	103.879849	0.000000	21.7
1922	-0.537156	103.849036	0.005905	26.2
1923	-0.747812	103.818248	0.007015	24.1
1924	-0.175983	103.787484	0.002090	30.4
1925	-0.686098	103.756744	0.005835	18.9
1926	-0.000000	103.726029	0.000000	18.1
1927	-0.065740	103.695338	0.001382	12.2
1928	-0.710809	103.664671	0.003768	16.2
1929	-0.820460	103.634028	0.005734	15.1
1930	-1.145875	103.603409	0.007824	15.2
1931	-1.037980	103.572814	0.006884	17.2
1932	-0.009399	103.542244	0.000455	15.8
1933	-0.028496	103.511698	0.000308	13.9
1934	0.000000	103.481175	0.000000	16.2
1935	-0.246476	103.450677	0.004437	12.8
1936	-0.707936	103.420202	0.005404	15.8
1937	0.000000	103.389752	0.000000	14.2
1938	-0.390981	103.359325	0.004579	16.5
1939	0.000000	103.328922	0.000000	16.0
1940	-0.007447	103.298543	0.000193	19.0
1941	-0.972481	103.268188	0.005954	15.2
1942	-0.896937	103.237857	0.005681	12.4
1943	-0.058586	103.207549	0.001865	15.2
1944	-1.100566	103.177265	0.007346	15.5
1945	-0.491168	103.147005	0.003727	15.6
1946	-0.048136	103.116768	0.001147	17.4
1947	-0.004369	103.086556	0.000015	15.8
1948	-0.178119	103.056366	0.002807	15.5
1949	0.000000	103.026200	0.000000	16.5
1950	-0.702385	102.996058	0.005473	16.3
1951	-0.605131	102.965939	0.005192	16.2
1952	-0.572850	102.935844	0.006732	20.9
1953	0.000000	102.905772	0.000000	14.5
1954	-0.601438	102.875724	0.005873	12.7
1955	-0.653398	102.845699	0.005458	16.0
1956	-0.570641	102.815697	0.003621	18.8
1957	-0.447088	102.785719	0.005339	15.8
1958	-0.912958	102.755764	0.006192	18.6
1959	0.000000	102.725832	0.000000	15.2
1960	-1.011725	102.695924	0.007591	13.3
1961	-0.005567	102.666038	0.000175	15.4
1962	-0.991927	102.636176	0.007195	12.6
1963	-0.670828	102.606337	0.005890	13.1
1964	-0.949703	102.576521	0.007243	14.7
1965	-0.051534	102.546728	0.000323	14.6
1966	-0.289325	102.516959	0.003379	13.5
1967	-0.802859	102.487212	0.007164	17.8
1968	0.000000	102.457488	0.000000	12.8
1969	-0.912929	102.427788	0.005647	14.2
1970	-0.795868	102.398110	0.004922	15.9
1971	0.000000	102.368455	0.000000	14.7
1972	-0.838646	102.338823	0.005238	13.3
1973	-0.579130	102.309214	0.007093	16.8
1974	-0.774827	102.279628	0.006548	15.1
1975	-0.003348	102.250064	0.000122	15.2
1976	-0.567101	102.220524	0.006952	16.8
1977	-0.803155	102.191006	0.005142	13.8
1978	-0.970306	102.161511	0.005569	14.5
1979	0.000000	102.132038	0.000000	15.6
1980	-0.000020	102.102588	0.000012	13.7
1981	-0.374096	102.073161	0.006049	14.4
1982	0.000000	102.043757	0.000000	13.2
1983	-1.037084	102.014375	0.006531	15.0
1984	0.000000	101.985015	0.000000	14.9
1985	-0.006810	101.955678	0.000184	15.9
1986	-0.836720	101.926364	0.006249	13.3
1987	0.000000	101.897072	0.000000	14.5
1988	-0.007667	101.867802	0.000285	14.4
1989	-0.183255	101.838555	0.003927	13.0
1990	-0.036299	101.809330	0.000301	14.2
1991	-0.000244	101.780128	0.000040	16.3
1992	-1.175760	101.750948	0.007443	12.4
1993	0.000000	101.721790	0.000000	16.0
1994	-0.009196	101.692654	0.000533	18.7
1995	-0.827522	101.663541	0.006169	13.3
1996	-0.750946	101.634450	0.006311	16.8
1997	0.000000	101.605381	0.000000	14.8
1998	-0.747778	101.576335	0.005844	13.0
1999	0.000000	101.547310	0.000000	15.8
