1:ItNr	2:Metric	3:StepSize	4:||Gradient||	Time[ms]
0	-0.000000	627.201626	0.000000	1426.6
1	-0.898297	623.504937	0.006440	13.6
2	-0.660148	619.865785	0.005711	15.8
3	-0.305533	616.282728	0.005103	16.0
4	-0.423400	612.754375	0.006593	17.4
5	-0.000000	609.279381	0.000000	13.4
6	-0.000000	605.856447	0.000000	16.5
7	-0.394985	602.484317	0.003778	14.5
8	-0.351913	599.161779	0.003446	15.9
9	-0.000069	595.887656	0.000003	15.2
10	-0.631734	592.660813	0.007054	13.4
11	-0.000000	589.480151	0.000000	13.2
12	-0.418973	586.344606	0.004508	16.3
13	-0.000000	583.253145	0.000000	14.2
14	-0.635876	580.204771	0.005998	14.8
15	-0.259211	577.198517	0.004515	15.3
16	-0.264789	574.233444	0.003452	13.1
17	-0.301697	571.308645	0.005688	17.9
18	-0.001286	568.423237	0.000057	15.6
19	-0.592203	565.576365	0.005515	17.8
20	-0.000035	562.767201	0.000002	15.5
21	-0.778461	559.994938	0.006399	16.2
22	-0.757955	557.258797	0.006475	15.1
23	-0.818467	554.558018	0.006155	17.6
24	-0.594537	551.891865	0.003620	14.5
25	-0.728928	549.259621	0.007231	16.1
26	-0.430661	546.660592	0.005341	13.8
27	-0.000000	544.094102	0.000000	15.3
28	-0.294504	541.559494	0.004600	14.1
29	-0.135765	539.056129	0.002168	16.8
30	-0.231003	536.583387	0.006623	14.6
31	-0.544566	534.140663	0.007009	15.7
32	-0.029252	531.727370	0.000821	15.4
33	-0.049256	529.342935	0.001590	15.0
34	-0.448671	526.986802	0.005701	18.0
35	-0.624099	524.658430	0.005293	16.6
36	-0.004110	522.357290	0.000084	16.2
37	-0.500679	520.082868	0.005453	14.4
38	-0.376796	517.834665	0.004837	16.3
39	-0.950692	515.612193	0.009181	17.5
40	-0.776636	513.414976	0.007287	16.5
41	-0.485175	511.242551	0.006783	15.7
42	-0.399741	509.094468	0.005463	16.1
43	-0.000334	506.970285	0.000016	15.7
44	-0.644909	504.869574	0.006523	17.6
45	-0.504301	502.791916	0.006310	16.2
46	-0.596719	500.736903	0.003943	15.3
47	-0.000000	498.704137	0.000000	15.4
48	-0.500996	496.693228	0.006148	15.2
49	-0.523882	494.703798	0.004609	17.3
50	-0.000000	492.735476	0.000000	14.9
51	-0.000826	490.787900	0.000049	17.2
52	-0.089981	488.860718	0.001416	14.0
53	-0.394028	486.953585	0.005196	15.1
54	-0.672836	485.066164	0.007530	18.2
55	-0.665466	483.198126	0.005163	12.8
56	-0.000000	481.349149	0.000000	16.6
57	-0.000000	479.518920	0.000000	16.1
58	-0.000000	477.707132	0.000000	14.1
59	-0.265392	475.913485	0.004188	15.1
60	-0.000000	474.137684	0.000000	18.7
61	-0.000008	472.379445	0.000002	17.3
62	-0.277196	470.638485	0.004160	15.4
63	-0.000000	468.914531	0.000000	17.0
64	-0.465601	467.207315	0.006036	14.8
65	-0.793416	465.516573	0.007767	16.9
66	-0.619291	463.842050	0.005405	14.3
67	-0.529260	462.183494	0.005594	17.7
68	-0.826885	460.540658	0.006648	15.6
69	-0.006182	458.913303	0.000105	15.5
70	-0.521647	457.301192	0.004080	15.6
71	-0.604691	455.704096	0.005713	15.0
72	-0.791094	454.121787	0.007020	15.2
73	-0.136166	452.554045	0.002704	17.4
74	-0.572940	451.000653	0.006315	16.6
75	-0.454915	449.461399	0.005421	15.4
76	-0.150446	447.936075	0.001640	16.2
77	-0.000000	446.424477	0.000000	15.3
78	-0.064387	444.926406	0.000895	18.0
79	-0.017795	443.441666	0.000689	13.6
80	-0.000000	441.970065	0.000000	16.2
81	-0.000000	440.511415	0.000000	13.4
82	-0.172716	439.065533	0.002359	14.3
83	-0.330237	437.632238	0.004863	13.8
84	-0.587718	436.211351	0.005560	15.3
85	-0.000000	434.802701	0.000000	15.7
86	-0.117975	433.406117	0.001367	16.1
87	-0.416239	432.021430	0.005582	14.7
88	-0.000000	430.648479	0.000000	16.2
89	-0.012214	429.287101	0.000636	13.9
90	-0.432055	427.937140	0.006132	18.0
91	-0.727543	426.598440	0.005803	15.7
92	-0.680249	425.270849	0.006103	17.2
93	-0.000000	423.954220	0.000000	14.0
94	-0.000000	422.648404	0.000000	17.6
95	-0.421122	421.353259	0.006036	17.2
96	-0.314178	420.068643	0.001813	15.3
97	-0.047954	418.794419	0.000854	19.8
98	-0.310949	417.530451	0.003986	14.9
99	-0.053492	416.276604	0.001959	16.7
100	-0.000025	415.032748	0.000006	17.2
101	-0.498376	413.798754	0.006045	17.1
102	-0.398795	412.574495	0.005684	15.5
103	-0.799788	411.359849	0.005844	17.2
104	-0.457067	410.154691	0.004199	16.8
105	-0.777341	408.958904	0.005795	13.9
106	-0.028372	407.772368	0.001318	17.7
107	-0.617083	406.594968	0.005701	14.2
108	-0.491383	405.426590	0.004645	13.7
109	-0.000000	404.267122	0.000000	15.6
110	-0.000000	403.116456	0.000000	13.0
111	-0.336590	401.974481	0.004969	15.4
112	-0.302524	400.841093	0.004807	16.9
113	-0.375757	399.716187	0.003151	15.4
114	-0.304641	398.599660	0.003652	14.4
115	-0.797773	397.491411	0.006789	15.0
116	-0.221289	396.391342	0.002864	16.7
117	-0.000000	395.299353	0.000000	18.5
118	-0.000000	394.215350	0.000000	15.0
119	-0.177154	393.139238	0.001961	14.9
120	-0.539141	392.070924	0.005225	17.3
121	-0.105767	391.010316	0.002060	15.3
122	-0.821626	389.957325	0.007161	16.5
123	-0.000000	388.911862	0.000000	16.1
124	-0.000000	387.873839	0.000000	15.9
125	-0.000000	386.843173	0.000000	16.7
126	-0.000000	385.819777	0.000000	16.1
127	-0.174825	384.803569	0.003005	14.5
128	-0.618739	383.794468	0.006665	12.8
129	-0.689379	382.792393	0.005035	18.2
130	-0.014638	381.797264	0.000979	13.5
131	-0.000000	380.809005	0.000000	16.5
132	-0.000000	379.827537	0.000000	14.5
133	-0.814067	378.852786	0.006036	16.5
134	-0.789748	377.884678	0.005144	15.1
135	-0.048456	376.923138	0.003104	15.7
136	-0.850121	375.968095	0.006247	15.4
137	-0.519342	375.019479	0.007081	15.2
138	-0.719263	374.077218	0.004153	15.9
139	-0.195937	373.141244	0.004372	13.9
140	-0.602264	372.211489	0.005676	17.7
141	-0.019562	371.287887	0.000264	15.6
142	-0.810004	370.370370	0.007540	14.7
143	-0.636463	369.458876	0.005408	13.1
144	-0.011249	368.553338	0.001048	16.8
145	-0.504232	367.653696	0.006957	13.6
146	-0.458630	366.759885	0.005612	17.3
147	-0.037718	365.871846	0.001076	14.5
148	-0.739934	364.989518	0.005698	16.1
149	-0.426881	364.112841	0.005297	14.2
150	-0.320953	363.241757	0.004750	15.1
151	-0.000000	362.376208	0.000000	17.0
152	-0.491411	361.516137	0.005761	14.4
153	-0.200417	360.661488	0.002556	15.6
154	-0.000000	359.812206	0.000000	16.1
155	-0.000028	358.968236	0.000002	14.2
156	-0.384449	358.129524	0.004499	15.8
157	-0.625344	357.296018	0.003508	13.6
158	-0.383096	356.467665	0.004535	15.9
159	-0.420681	355.644414	0.003596	14.6
160	-0.491922	354.826213	0.004859	16.8
161	-0.000000	354.013012	0.000000	13.9
162	-0.000002	353.204763	0.000005	12.5
163	-0.000000	352.401415	0.000000	16.9
164	-0.000000	351.602922	0.000000	15.6
165	-0.786955	350.809235	0.006400	18.6
166	-0.754631	350.020308	0.004378	14.7
167	-0.000000	349.236095	0.000000	16.0
168	-0.000000	348.456550	0.000000	16.0
169	-0.570289	347.681627	0.006408	16.8
170	-0.849351	346.911283	0.008368	14.7
171	-0.000000	346.145474	0.000000	17.5
172	-0.815643	345.384157	0.005159	12.8
173	-0.000000	344.627288	0.000000	15.6
174	-0.519005	343.874826	0.006048	13.3
175	-0.728390	343.126729	0.004378	16.7
176	-0.463745	342.382957	0.005385	15.1
177	-0.540194	341.643469	0.003808	16.0
178	-0.064960	340.908224	0.002975	14.2
179	-0.000000	340.177184	0.000000	13.0
180	-0.851730	339.450309	0.005704	16.2
181	-0.511221	338.727561	0.005900	13.9
182	-0.431091	338.008902	0.006182	16.3
183	-0.542583	337.294295	0.004488	19.2
184	-0.791484	336.583703	0.004550	16.1
185	-0.256629	335.877089	0.003112	19.3
186	-0.529653	335.174416	0.004675	19.7
187	-0.341242	334.475651	0.004442	14.0
188	-0.000000	333.780756	0.000000	13.5
189	-0.396022	333.089698	0.005376	16.6
190	-0.000000	332.402443	0.000000	15.6
191	-0.754883	331.718955	0.006638	18.0
192	-0.647368	331.039203	0.006083	16.3
193	-0.783159	330.363153	0.004568	16.9
194	-0.000000	329.690771	0.000000	16.0
195	-0.831213	329.022027	0.006282	16.1
196	-0.000000	328.356888	0.000000	16.1
197	-0.364647	327.695322	0.003503	18.6
198	-0.807629	327.037299	0.005954	16.6
199	-0.536029	326.382787	0.006234	16.2
200	-0.651222	325.731758	0.005790	14.9
201	-0.045180	325.084179	0.001219	15.6
202	-0.531546	324.440023	0.004895	16.3
203	-0.814066	323.799258	0.007096	17.0
204	-0.135049	323.161858	0.002575	15.5
205	-0.820516	322.527792	0.006686	16.3
206	-0.784452	321.897034	0.007766	14.0
207	-0.609500	321.269554	0.004998	18.8
208	-0.569046	320.645325	0.006962	13.6
209	-0.473669	320.024320	0.005231	16.1
210	-0.379035	319.406512	0.005232	12.7
211	-0.144978	318.791875	0.001662	16.1
212	-0.223059	318.180381	0.004755	15.2
213	-0.020056	317.572005	0.000287	17.6
214	-0.000000	316.966721	0.000000	14.5
215	-0.740638	316.364504	0.006624	16.2
216	-0.392171	315.765329	0.005452	14.8
217	-0.566341	315.169170	0.004216	17.7
218	-0.544799	314.576003	0.004146	17.7
219	-0.562294	313.985804	0.007009	15.5
220	-0.660605	313.398548	0.006836	16.0
221	-0.995486	312.814213	0.007737	14.7
222	-0.129264	312.232773	0.001975	16.1
223	-0.000453	311.654207	0.000033	14.1
224	-0.000000	311.078491	0.000000	16.5
225	-0.000000	310.505602	0.000000	15.5
226	-0.279220	309.935518	0.002618	16.6
227	-0.000000	309.368217	0.000000	15.8
228	-0.058862	308.803676	0.001543	16.6
229	-0.000000	308.241874	0.000000	14.6
230	-0.185932	307.682789	0.004547	18.1
231	-0.926643	307.126400	0.006520	14.9
232	-0.599310	306.572687	0.006530	16.6
233	-0.941645	306.021627	0.006882	13.9
234	-0.275869	305.473201	0.004306	14.5
235	-0.631518	304.927388	0.006253	14.2
236	-0.718195	304.384168	0.006373	16.3
237	-0.472469	303.843521	0.002847	13.9
238	-0.899874	303.305427	0.007646	17.7
239	-0.427368	302.769867	0.005766	14.8
240	-0.155578	302.236821	0.002975	15.0
241	-0.233860	301.706270	0.003846	17.7
242	-0.817269	301.178196	0.005901	14.6
243	-0.646349	300.652580	0.004307	17.6
244	-0.000000	300.129402	0.000000	13.6
245	-0.521724	299.608645	0.005270	16.4
246	-0.395771	299.090291	0.003583	14.2
247	-0.476383	298.574321	0.005560	17.0
248	-0.411740	298.060718	0.003804	13.5
249	-0.014972	297.549465	0.000336	16.8
250	-0.718210	297.040543	0.007771	13.0
251	-0.712717	296.533936	0.005133	16.4
252	-0.687119	296.029626	0.005848	16.7
253	-0.030025	295.527597	0.000442	15.1
254	-0.709702	295.027832	0.006850	15.7
255	-0.000000	294.530315	0.000000	15.8
256	-0.000000	294.035028	0.000000	15.5
257	-0.000000	293.541956	0.000000	15.1
258	-0.000000	293.051083	0.000000	16.5
259	-0.193288	292.562393	0.002404	15.7
260	-0.392726	292.075870	0.003226	14.4
261	-0.504377	291.591498	0.005995	15.7
262	-0.767315	291.109263	0.006914	18.3
263	-0.913406	290.629149	0.008030	17.0
264	-0.493519	290.151140	0.003697	15.6
265	-0.000924	289.675222	0.000294	16.2
266	-0.196524	289.201380	0.003533	17.0
267	-0.668326	288.729600	0.007034	16.9
268	-0.566236	288.259866	0.006525	16.7
269	-0.572823	287.792165	0.004559	15.4
270	-0.000000	287.326481	0.000000	13.6
271	-0.000000	286.862802	0.000000	18.8
272	-0.372695	286.401113	0.004822	14.4
273	-0.919359	285.941400	0.007095	17.3
274	-0.000000	285.483649	0.000000	14.5
275	-0.000000	285.027847	0.000000	16.4
276	-0.472377	284.573981	0.003318	12.9
277	-0.198267	284.122037	0.001362	16.9
278	-0.000000	283.672002	0.000000	14.3
279	-0.847520	283.223863	0.007946	16.0
280	-0.841899	282.777607	0.005541	17.1
281	-0.316640	282.333221	0.002631	15.5
282	-0.803325	281.890692	0.006164	15.8
283	-0.654662	281.450008	0.004444	16.5
284	-0.370004	281.011157	0.002373	14.7
285	-0.771402	280.574125	0.007839	15.6
286	-0.044339	280.138901	0.002098	17.0
287	-0.020303	279.705473	0.000631	14.8
288	-0.594222	279.273829	0.006502	17.1
289	-0.000000	278.843956	0.000000	15.6
290	-0.069283	278.415844	0.001519	17.5
291	-0.465630	277.989479	0.005553	15.2
292	-0.908437	277.564851	0.006233	16.3
293	-0.545524	277.141949	0.005743	16.1
294	-0.000000	276.720761	0.000000	16.8
295	-0.000000	276.301275	0.000000	15.6
296	-0.430047	275.883480	0.004178	16.0
297	-0.625070	275.467366	0.004834	17.3
298	-0.414114	275.052922	0.003407	16.2
299	-0.491078	274.640136	0.004959	16.0
300	-0.212133	274.228998	0.002533	16.0
301	-0.063059	273.819497	0.002717	16.2
302	-0.034013	273.411623	0.000855	14.9
303	-0.625705	273.005365	0.006077	16.7
304	-0.563601	272.600712	0.006204	15.2
305	-0.263708	272.197655	0.003305	13.5
306	-0.639118	271.796184	0.006750	15.5
307	-0.644410	271.396287	0.005407	14.6
308	-0.181393	270.997956	0.002998	16.8
309	-0.740990	270.601180	0.005574	16.2
310	-0.312053	270.205949	0.003941	17.2
311	-0.547446	269.812254	0.005763	14.0
312	-0.129206	269.420085	0.002284	16.4
313	-0.503014	269.029432	0.003636	15.3
314	-0.889243	268.640287	0.006454	16.7
315	-0.685812	268.252638	0.005297	15.7
316	-0.822838	267.866478	0.006076	17.6
317	-0.000000	267.481796	0.000000	15.2
318	-0.255223	267.098584	0.003796	18.2
319	-0.730929	266.716833	0.005573	14.8
320	-0.460926	266.336533	0.006538	15.9
321	-0.763718	265.957676	0.006730	20.2
322	-0.456010	265.580253	0.004679	16.1
323	-0.500993	265.204254	0.007057	16.6
324	-0.236279	264.829672	0.002454	17.1
325	-0.000000	264.456497	0.000000	17.6
326	-0.000000	264.084721	0.000000	13.4
327	-0.262917	263.714335	0.002659	16.3
328	-0.864118	263.345332	0.006535	14.6
329	-0.551445	262.977702	0.005533	14.8
330	-0.501503	262.611438	0.003793	18.9
331	-0.560024	262.246531	0.005513	17.1
332	-0.000000	261.882973	0.000000	13.9
333	-0.422500	261.520756	0.002931	15.6
334	-0.963693	261.159871	0.009147	15.9
335	-0.443840	260.800312	0.003563	15.1
336	-0.443232	260.442070	0.005121	17.8
337	-0.582074	260.085137	0.005484	14.8
338	-0.682830	259.729505	0.005617	16.8
339	-0.631944	259.375167	0.006863	16.0
340	-0.553083	259.022116	0.003866	15.7
341	-0.002647	258.670343	0.000506	16.6
342	-0.525632	258.319841	0.002870	17.3
343	-0.686675	257.970602	0.006725	15.5
344	-0.659409	257.622620	0.005731	16.0
345	-0.004692	257.275887	0.000100	15.7
346	-0.874045	256.930396	0.006781	17.8
347	-0.206319	256.586139	0.002367	15.7
348	-0.472795	256.243109	0.004368	17.6
349	-0.564557	255.901300	0.006027	16.3
350	-0.587574	255.560703	0.004969	17.7
351	-0.030207	255.221313	0.001206	15.4
352	-0.000000	254.883122	0.000000	15.3
353	-0.077894	254.546124	0.001663	17.6
354	-0.187649	254.210311	0.002292	16.3
355	-0.007790	253.875677	0.000262	16.8
356	-0.394802	253.542215	0.004846	17.7
357	-0.572568	253.209918	0.006526	18.0
358	-0.819195	252.878781	0.004422	14.5
359	-0.676130	252.548795	0.007101	17.4
360	-0.144150	252.219956	0.002330	15.2
361	-0.668530	251.892255	0.005494	17.1
362	-0.252053	251.565688	0.003668	17.2
363	-0.028973	251.240247	0.000778	16.9
364	-0.326863	250.915926	0.003387	14.3
365	-0.530982	250.592720	0.007276	15.2
366	-0.004453	250.270621	0.000750	14.6
367	-0.805181	249.949624	0.007534	16.2
368	-0.397396	249.629723	0.003846	16.8
369	-0.212702	249.310911	0.002648	13.3
370	-0.779462	248.993182	0.006324	15.9
371	-0.236182	248.676531	0.002294	13.5
372	-0.825965	248.360952	0.006381	19.4
373	-0.361797	248.046438	0.004590	13.6
374	-0.820224	247.732984	0.005859	16.8
375	-0.876712	247.420584	0.007338	15.6
376	-0.667392	247.109233	0.006944	16.1
377	-0.000000	246.798924	0.000000	15.7
378	-0.566719	246.489652	0.007503	18.0
379	-0.000000	246.181412	0.000000	16.5
380	-0.557850	245.874197	0.006866	17.0
381	-0.614474	245.568002	0.004855	13.9
382	-0.000000	245.262822	0.000000	16.3
383	-0.472090	244.958652	0.004608	16.0
384	-0.594958	244.655485	0.003799	16.0
385	-0.651810	244.353317	0.005544	15.9
386	-0.238581	244.052142	0.003567	16.3
387	-0.495101	243.751955	0.004785	15.5
388	-0.635135	243.452750	0.006854	16.3
389	-0.000000	243.154523	0.000000	17.6
390	-0.563016	242.857268	0.006022	14.6
391	-0.483767	242.560980	0.004352	16.4
392	-0.111534	242.265654	0.002582	17.5
393	-0.841916	241.971285	0.006695	16.2
394	-0.670108	241.677868	0.006917	17.1
395	-0.477316	241.385397	0.003608	17.1
396	-0.291253	241.093869	0.003569	18.1
397	-0.000000	240.803278	0.000000	15.0
398	-0.512970	240.513619	0.005852	14.9
399	-0.518122	240.224887	0.006312	17.8
400	-0.026659	239.937077	0.000913	14.8
401	-0.714268	239.650186	0.005819	18.8
402	-0.849287	239.364207	0.005850	15.7
403	-0.006574	239.079136	0.001219	14.5
404	-0.000000	238.794969	0.000000	16.2
405	-0.000000	238.511701	0.000000	16.0
406	-0.000000	238.229327	0.000000	15.4
407	-0.706865	237.947843	0.006867	17.6
408	-0.000000	237.667244	0.000000	16.4
409	-0.013632	237.387526	0.000679	16.7
410	-0.000000	237.108684	0.000000	15.5
411	-0.000000	236.830714	0.000000	17.6
412	-0.000000	236.553610	0.000000	15.7
413	-0.786023	236.277370	0.004810	16.0
414	-0.014072	236.001989	0.001908	14.9
415	-0.812385	235.727461	0.006493	18.7
416	-0.633758	235.453784	0.005323	15.3
417	-0.000000	235.180952	0.000000	14.3
418	-0.658108	234.908962	0.005772	17.7
419	-0.376563	234.637809	0.006416	14.6
420	-0.008579	234.367488	0.000101	17.7
421	-0.839404	234.097997	0.006684	14.7
422	-0.000000	233.829331	0.000000	16.1
423	-0.000000	233.561485	0.000000	12.9
424	-0.788836	233.294456	0.006437	16.0
425	-0.460104	233.028239	0.005022	14.7
426	-0.704260	232.762831	0.007737	17.3
427	-0.517141	232.498228	0.006020	16.5
428	-0.000000	232.234425	0.000000	16.5
429	-0.429556	231.971419	0.007095	14.2
430	-0.039590	231.709205	0.001183	15.8
431	-0.826440	231.447781	0.006058	17.4
432	-0.000000	231.187141	0.000000	17.7
433	-0.000000	230.927283	0.000000	15.0
434	-0.736459	230.668202	0.005689	15.4
435	-0.709886	230.409895	0.006436	16.5
436	-0.593721	230.152358	0.003915	17.6
437	-0.780194	229.895587	0.005498	15.7
438	-0.409539	229.639578	0.004363	16.4
439	-0.814000	229.384329	0.006024	14.6
440	-0.479412	229.129834	0.005288	17.3
441	-0.620292	228.876091	0.004219	16.2
442	-0.834124	228.623096	0.004688	16.5
443	-0.045041	228.370846	0.001286	15.5
444	-0.402563	228.119336	0.003918	15.8
445	-0.196198	227.868563	0.002488	15.7
446	-0.575075	227.618525	0.003833	16.7
447	-0.000098	227.369216	0.000005	16.7
448	-0.752498	227.120635	0.006482	16.6
449	-0.721414	226.872777	0.005647	16.2
450	-0.508061	226.625638	0.005707	15.6
451	-0.061474	226.379217	0.001823	14.2
452	-0.335096	226.133509	0.004175	18.2
453	-0.000000	225.888510	0.000000	15.8
454	-0.314400	225.644218	0.002828	16.9
455	-0.889704	225.400630	0.006677	14.4
456	-0.381470	225.157741	0.004808	17.3
457	-0.607063	224.915549	0.004915	14.8
458	-0.000000	224.674051	0.000000	17.8
459	-0.791358	224.433242	0.004779	14.0
460	-0.367507	224.193121	0.006131	15.6
461	-0.000000	223.953684	0.000000	13.3
462	-0.000000	223.714927	0.000000	16.8
463	-0.000000	223.476848	0.000000	15.4
464	-0.660479	223.239444	0.005895	16.4
465	-0.668024	223.002710	0.004108	14.6
466	-0.425294	222.766645	0.007314	15.0
467	-0.548796	222.531245	0.006173	15.9
468	-0.621260	222.296508	0.005479	15.5
469	-0.583808	222.062429	0.004156	18.5
470	-0.206166	221.829007	0.002765	15.1
471	-0.509743	221.596238	0.005207	16.3
472	-0.723248	221.364119	0.005902	15.1
473	-0.365915	221.132647	0.005040	17.1
474	-0.000000	220.901820	0.000000	15.9
475	-0.049856	220.671634	0.001711	16.2
476	-0.625400	220.442086	0.005859	15.0
477	-0.442190	220.213174	0.003780	17.0
478	-0.309583	219.984895	0.004349	13.6
479	-0.598594	219.757246	0.004936	18.2
480	-0.605262	219.530224	0.006566	13.3
481	-0.572772	219.303826	0.007092	14.9
482	-0.574631	219.078050	0.003994	13.7
483	-0.000000	218.852893	0.000000	16.1
484	-0.002247	218.628352	0.000031	16.7
485	-0.123786	218.404424	0.001553	18.9
486	-0.614019	218.181106	0.006129	13.9
487	-0.000000	217.958397	0.000000	13.9
488	-0.775162	217.736292	0.006310	14.2
489	-0.255516	217.514790	0.002728	17.0
490	-0.040327	217.293888	0.001643	16.7
491	-0.000022	217.073584	0.000036	17.1
492	-0.564429	216.853873	0.004494	15.1
493	-0.200820	216.634755	0.002649	16.8
494	-0.139228	216.416227	0.001958	16.6
495	-0.000000	216.198285	0.000000	16.8
496	-0.111049	215.980927	0.001590	15.2
497	-0.795526	215.764151	0.007861	15.8
498	-0.217372	215.547955	0.002969	15.7
499	-0.610393	215.332335	0.006278	15.8
500	-0.569028	215.117289	0.005907	15.4
501	-0.534634	214.902815	0.005660	17.4
502	-0.087200	214.688911	0.002695	14.9
503	-0.751074	214.475573	0.005345	16.8
504	-0.818837	214.262800	0.005009	14.1
505	-0.000000	214.050588	0.000000	16.8
506	-0.077976	213.838936	0.001627	15.0
507	-0.154993	213.627842	0.001875	16.2
508	-0.624094	213.417302	0.005481	15.0
509	-0.451085	213.207314	0.005869	15.1
510	-0.686148	212.997877	0.005802	15.2
511	-0.627075	212.788987	0.007957	15.3
512	-0.371486	212.580642	0.005055	15.4
513	-0.035797	212.372841	0.002319	15.3
514	-0.000000	212.165581	0.000000	16.1
515	-0.651529	211.958859	0.004831	14.8
516	-0.942078	211.752673	0.007256	17.0
517	-0.353439	211.547021	0.004508	17.0
518	-0.054765	211.341902	0.001790	16.3
519	-0.000925	211.137311	0.000029	15.5
520	-0.000000	210.933248	0.000000	16.5
521	-0.782637	210.729710	0.005763	14.6
522	-0.920912	210.526695	0.006844	47.3
523	-0.296127	210.324200	0.004844	25.1
524	-0.156500	210.122224	0.002781	26.7
525	-0.175969	209.920765	0.002034	37.8
526	-0.851465	209.719820	0.006733	23.7
527	-0.000508	209.519387	0.000055	26.1
528	-0.124993	209.319463	0.001445	26.5
529	-0.122957	209.120048	0.001352	19.0
530	-0.159209	208.921139	0.002319	16.1
531	-0.626388	208.722733	0.003748	16.4
532	-0.718878	208.524829	0.005676	15.4
533	-0.000000	208.327425	0.000000	18.1
534	-0.666531	208.130518	0.004657	15.2
535	-0.632984	207.934107	0.005372	19.9
536	-0.000000	207.738189	0.000000	15.0
537	-0.000000	207.542762	0.000000	17.1
538	-0.000629	207.347825	0.000070	16.5
539	-0.000000	207.153376	0.000000	17.3
540	-0.649703	206.959412	0.005979	16.1
541	-0.000000	206.765932	0.000000	19.3
542	-0.439820	206.572933	0.002976	16.4
543	-0.832765	206.380414	0.005453	16.1
544	-0.020316	206.188373	0.000216	19.1
545	-0.408722	205.996807	0.003081	16.0
546	-0.548368	205.805716	0.005667	16.3
547	-0.496841	205.615096	0.005213	17.0
548	-0.000000	205.424946	0.000000	19.5
549	-0.480137	205.235265	0.005655	15.1
550	-0.727906	205.046050	0.007012	17.5
551	-0.791035	204.857299	0.005549	15.0
552	-0.500082	204.669011	0.005971	18.5
553	-0.761160	204.481184	0.007441	16.3
554	-0.339561	204.293816	0.006051	17.0
555	-0.832921	204.106905	0.008459	17.2
556	-0.736422	203.920449	0.006518	15.0
557	-0.432293	203.734447	0.005103	17.3
558	-0.000000	203.548896	0.000000	17.1
559	-0.836581	203.363795	0.006575	18.3
560	-0.873287	203.179143	0.005478	14.1
561	-0.619114	202.994937	0.007212	17.2
562	-0.000000	202.811176	0.000000	16.7
563	-0.652966	202.627857	0.004350	17.6
564	-0.247666	202.444980	0.003636	14.6
565	-0.854293	202.262543	0.005842	20.1
566	-0.102783	202.080543	0.002348	13.1
567	-0.727121	201.898979	0.005810	16.9
568	-0.374738	201.717849	0.003385	14.3
569	-0.504240	201.537153	0.003505	15.7
570	-0.473765	201.356887	0.005169	15.8
571	-0.006341	201.177050	0.001246	16.3
572	-0.000000	200.997642	0.000000	17.5
573	-0.908126	200.818659	0.005833	14.3
574	-0.543437	200.640100	0.006344	18.8
575	-0.289557	200.461965	0.005499	15.2
576	-0.000000	200.284250	0.000000	16.6
577	-0.688497	200.106955	0.007357	15.0
578	-0.775511	199.930078	0.005744	16.4
579	-0.000601	199.753617	0.000014	16.8
580	-0.010232	199.577571	0.000195	17.6
581	-0.004914	199.401938	0.000304	15.1
582	-0.684708	199.226717	0.003798	16.2
583	-0.791870	199.051905	0.005656	14.8
584	-0.219097	198.877502	0.004173	17.9
585	-0.000000	198.703506	0.000000	17.0
586	-0.401847	198.529916	0.003759	17.5
587	-0.412786	198.356729	0.005974	14.8
588	-0.346216	198.183944	0.004871	17.6
589	-0.172094	198.011560	0.002335	19.6
590	-0.396749	197.839576	0.004215	15.8
591	-0.154679	197.667989	0.002290	16.7
592	-0.000000	197.496798	0.000000	14.1
593	-0.720819	197.326002	0.007583	16.9
594	-0.000298	197.155600	0.000145	16.2
595	-0.503339	196.985589	0.005319	17.0
596	-0.222181	196.815969	0.003764	16.3
597	-0.410710	196.646738	0.005923	15.6
598	-0.555784	196.477894	0.004990	18.0
599	-0.000000	196.309436	0.000000	16.4
600	-0.001671	196.141363	0.000045	19.0
601	-0.823277	195.973673	0.006070	14.2
602	-0.909035	195.806365	0.006796	16.4
603	-0.000000	195.639437	0.000000	16.8
604	-0.255117	195.472888	0.002088	17.2
605	-0.830428	195.306717	0.005409	16.4
606	-0.028435	195.140922	0.000307	14.3
607	-0.000000	194.975501	0.000000	17.4
608	-0.000000	194.810454	0.000000	14.4
609	-0.765848	194.645779	0.004242	19.9
610	-0.906388	194.481475	0.006548	17.7
611	-0.617846	194.317540	0.006501	19.4
612	-0.571648	194.153973	0.004746	18.8
613	-0.144383	193.990773	0.003063	18.9
614	-0.000000	193.827938	0.000000	14.1
615	-0.000000	193.665467	0.000000	18.0
616	-0.000000	193.503358	0.000000	17.8
617	-0.789526	193.341611	0.004799	17.8
618	-0.077204	193.180224	0.002552	17.3
619	-0.308953	193.019196	0.005300	16.8
620	-0.237309	192.858525	0.002487	16.6
621	-0.299076	192.698210	0.004079	15.0
622	-0.767127	192.538251	0.006277	18.2
623	-0.003858	192.378644	0.000072	16.0
624	-0.500671	192.219391	0.005840	16.8
625	-0.561732	192.060488	0.006395	16.2
626	-0.429984	191.901935	0.006354	16.6
627	-0.320242	191.743730	0.005326	16.2
628	-0.108493	191.585873	0.002355	16.2
629	-0.640739	191.428362	0.005833	18.1
630	-0.757164	191.271196	0.005255	14.3
631	-0.000000	191.114374	0.000000	16.3
632	-0.815262	190.957893	0.007319	15.5
633	-0.678736	190.801755	0.006154	17.5
634	-0.474600	190.645956	0.006225	15.0
635	-0.877078	190.490495	0.007197	17.6
636	-0.031948	190.335373	0.000263	16.9
637	-0.597926	190.180587	0.004155	15.4
638	-0.601636	190.026136	0.006112	18.4
639	-0.000000	189.872019	0.000000	14.3
640	-0.000000	189.718235	0.000000	17.5
641	-0.564134	189.564782	0.005711	15.0
642	-0.045798	189.411661	0.000713	14.9
643	-0.638681	189.258868	0.008185	13.3
644	-0.308435	189.106404	0.003978	15.5
645	-0.139257	188.954267	0.001715	15.1
646	-0.649873	188.802456	0.004621	17.3
647	-0.749546	188.650969	0.004444	13.7
648	-0.680634	188.499807	0.006693	17.7
649	-0.000000	188.348967	0.000000	14.0
650	-0.248021	188.198448	0.003667	17.1
651	-0.254906	188.048250	0.003356	12.9
652	-0.758470	187.898371	0.005054	16.7
653	-0.066973	187.748810	0.002689	16.6
654	-0.381954	187.599566	0.005149	17.7
655	-0.000000	187.450638	0.000000	18.1
656	-0.588146	187.302025	0.004753	17.1
657	-0.000000	187.153725	0.000000	15.1
658	-0.707241	187.005739	0.006546	16.5
659	-0.649578	186.858064	0.005254	15.0
660	-0.777018	186.710699	0.005726	18.6
661	-0.290500	186.563645	0.002511	14.1
662	-0.000000	186.416898	0.000000	16.5
663	-0.000000	186.270459	0.000000	14.6
664	-0.641993	186.124326	0.005417	17.0
665	-0.469802	185.978499	0.005483	15.8
666	-0.812601	185.832976	0.004947	15.1
667	-0.498296	185.687756	0.006689	16.1
668	-0.885001	185.542838	0.007174	14.3
669	-0.820849	185.398222	0.006317	16.4
670	-0.908606	185.253906	0.006618	15.0
671	-0.000000	185.109889	0.000000	15.0
672	-0.701963	184.966170	0.005330	13.3
673	-0.000000	184.822748	0.000000	17.2
674	-0.000000	184.679623	0.000000	14.2
675	-0.307068	184.536792	0.004430	15.7
676	-0.571903	184.394256	0.005958	13.4
677	-0.329092	184.252013	0.002660	15.0
678	-0.000000	184.110062	0.000000	15.0
679	-0.574315	183.968403	0.003755	13.4
680	-0.834379	183.827034	0.006220	16.3
681	-0.343389	183.685954	0.004780	17.3
682	-0.461613	183.545163	0.003748	17.1
683	-0.022409	183.404658	0.000819	15.1
684	-0.117948	183.264441	0.003389	16.4
685	-0.551277	183.124509	0.005642	16.2
686	-0.393497	182.984861	0.004920	17.8
687	-0.514399	182.845497	0.006181	16.3
688	-0.000000	182.706416	0.000000	17.0
689	-0.000000	182.567616	0.000000	17.8
690	-0.000000	182.429098	0.000000	13.9
691	-0.443772	182.290859	0.004201	30.8
692	-0.352349	182.152899	0.003834	22.5
693	-0.455164	182.015217	0.005819	28.7
694	-0.448213	181.877813	0.003810	20.4
695	-0.000000	181.740684	0.000000	24.4
696	-0.493053	181.603832	0.004961	20.1
697	-0.000000	181.467253	0.000000	14.2
698	-0.267811	181.330948	0.003375	12.7
699	-0.197087	181.194916	0.001974	15.1
700	-0.651870	181.059155	0.004003	15.2
701	-0.000000	180.923666	0.000000	16.1
702	-0.896893	180.788446	0.005078	15.2
703	-0.000000	180.653496	0.000000	18.5
704	-0.632926	180.518814	0.006455	15.2
705	-0.213167	180.384399	0.003698	14.7
706	-0.162901	180.250251	0.003383	16.7
707	-0.800771	180.116369	0.007720	17.5
708	-0.772783	179.982752	0.005530	17.5
709	-0.455297	179.849398	0.006385	15.3
710	-0.570968	179.716308	0.005666	17.4
711	-0.621016	179.583480	0.004770	14.1
712	-0.532319	179.450913	0.006659	18.5
713	-0.553007	179.318607	0.005464	14.4
714	-0.616136	179.186561	0.006142	16.9
715	-0.417904	179.054774	0.004170	16.1
716	-0.786864	178.923245	0.005567	18.7
717	-0.143067	178.791973	0.003772	15.3
718	-0.506244	178.660958	0.006262	16.1
719	-0.543354	178.530199	0.005374	15.5
720	-0.844470	178.399694	0.007239	14.0
721	-0.000000	178.269444	0.000000	16.4
722	-0.438542	178.139447	0.005068	16.7
723	-0.466590	178.009702	0.005730	17.5
724	-0.033494	177.880209	0.000791	17.1
725	-0.343893	177.750967	0.004726	16.9
726	-0.574763	177.621975	0.005774	17.0
727	-0.480618	177.493232	0.004213	18.2
728	-0.199728	177.364738	0.002000	16.8
729	-0.440172	177.236492	0.006721	14.5
730	-0.879538	177.108492	0.005425	16.7
731	-0.646886	176.980739	0.007232	16.6
732	-0.054245	176.853231	0.001704	15.4
733	-0.668997	176.725968	0.007528	15.9
734	-0.461973	176.598949	0.005566	14.8
735	-0.094715	176.472173	0.002824	18.8
736	-0.468551	176.345639	0.004994	15.1
737	-0.214178	176.219348	0.002277	15.9
738	-0.000000	176.093296	0.000000	14.4
739	-0.377493	175.967486	0.005055	16.8
740	-0.189046	175.841914	0.002138	18.7
741	-0.664437	175.716581	0.005408	16.7
742	-0.000000	175.591486	0.000000	15.9
743	-0.403261	175.466629	0.005250	16.6
744	-0.786898	175.342008	0.004937	14.4
745	-0.000000	175.217622	0.000000	14.5
746	-0.611321	175.093472	0.007293	16.5
747	-0.279931	174.969556	0.003257	14.7
748	-0.761178	174.845873	0.006185	21.4
749	-0.802719	174.722423	0.006917	14.8
750	-0.856592	174.599206	0.005188	16.4
751	-0.013639	174.476220	0.000505	15.4
752	-0.581456	174.353464	0.006432	16.6
753	-0.060587	174.230939	0.001159	14.1
754	-0.433254	174.108643	0.003719	16.6
755	-0.138909	173.986576	0.002582	15.5
756	-0.824555	173.864737	0.005220	16.5
757	-0.066514	173.743124	0.002104	13.2
758	-0.296315	173.621739	0.004454	16.8
759	-0.000000	173.500579	0.000000	14.2
760	-0.217235	173.379645	0.003189	16.3
761	-0.000000	173.258935	0.000000	14.5
762	-0.818754	173.138449	0.006672	15.6
763	-0.042694	173.018186	0.001140	16.2
764	-0.528403	172.898146	0.007034	18.6
765	-0.419185	172.778327	0.004094	14.2
766	-0.708710	172.658730	0.007370	16.1
767	-0.053945	172.539353	0.000639	16.9
768	-0.519331	172.420196	0.004441	18.1
769	-0.000000	172.301258	0.000000	15.0
770	-0.450757	172.182539	0.005618	15.3
771	-0.302330	172.064037	0.002682	16.4
772	-0.394891	171.945753	0.004045	16.5
773	-0.701447	171.827686	0.005678	19.5
774	-0.567907	171.709834	0.005392	13.9
775	-0.000000	171.592198	0.000000	14.5
776	-0.490244	171.474776	0.004621	16.8
777	-0.068201	171.357568	0.002834	15.7
778	-0.299260	171.240574	0.005204	16.8
779	-0.000000	171.123793	0.000000	16.3
780	-0.689028	171.007223	0.006773	16.2
781	-0.621062	170.890865	0.006039	15.1
782	-0.003944	170.774718	0.000066	16.9
783	-0.000000	170.658782	0.000000	16.5
784	-0.444157	170.543055	0.005976	15.8
785	-0.015928	170.427537	0.001634	16.0
786	-0.021944	170.312227	0.000765	16.1
787	-0.819096	170.197125	0.007155	14.9
788	-0.063856	170.082231	0.002058	17.1
789	-0.673886	169.967543	0.005275	15.4
790	-0.679980	169.853061	0.006121	16.6
791	-0.105338	169.738784	0.001461	13.6
792	-0.842710	169.624713	0.008165	16.2
793	-0.000000	169.510845	0.000000	14.2
794	-0.262201	169.397181	0.002761	16.7
795	-0.345558	169.283720	0.003656	15.5
796	-0.505409	169.170462	0.004483	15.6
797	-0.000000	169.057405	0.000000	16.5
798	-0.739453	168.944549	0.004139	16.7
799	-0.000000	168.831895	0.000000	14.4
800	-0.766381	168.719440	0.005544	15.4
801	-0.000000	168.607185	0.000000	16.4
802	-0.029690	168.495129	0.000443	16.4
803	-0.347489	168.383271	0.004733	18.0
804	-0.008023	168.271611	0.000771	17.7
805	-0.783740	168.160148	0.005384	15.9
806	-0.522674	168.048882	0.006627	16.1
807	-0.601005	167.937812	0.004448	15.1
808	-0.841875	167.826938	0.004481	14.8
809	-0.638271	167.716258	0.005006	16.5
810	-0.321830	167.605773	0.002958	16.9
811	-0.627442	167.495482	0.006452	17.6
812	-0.619655	167.385384	0.006345	15.1
813	-0.047913	167.275479	0.001735	17.2
814	-0.510142	167.165766	0.004458	17.1
815	-0.813364	167.056245	0.004666	16.2
816	-0.109902	166.946915	0.001108	14.4
817	-0.000000	166.837776	0.000000	15.8
818	-0.877745	166.728826	0.005981	16.8
819	-0.000000	166.620067	0.000000	16.2
820	-0.809318	166.511496	0.005626	14.6
821	-0.000000	166.403113	0.000000	15.4
822	-0.000000	166.294919	0.000000	13.1
823	-0.531891	166.186912	0.004314	15.6
824	-0.815009	166.079091	0.005665	13.7
825	-0.434157	165.971458	0.002939	14.8
826	-0.386337	165.864009	0.003510	16.9
827	-0.031992	165.756747	0.000317	15.4
828	-0.773293	165.649669	0.004527	15.5
829	-0.164266	165.542775	0.002541	15.6
830	-0.000000	165.436065	0.000000	17.3
831	-0.437937	165.329538	0.005773	14.5
832	-0.862193	165.223194	0.005834	16.5
833	-0.003822	165.117032	0.000042	15.8
834	-0.537830	165.011052	0.006728	15.7
835	-0.867278	164.905253	0.006451	16.7
836	-0.000000	164.799635	0.000000	16.4
837	-0.748641	164.694197	0.007175	16.0
838	-0.820410	164.588939	0.006329	16.6
839	-0.190328	164.483859	0.002567	16.6
840	-0.000849	164.378959	0.000016	17.1
841	-0.786327	164.274237	0.005700	16.4
842	-0.040362	164.169692	0.002228	16.5
843	-0.278547	164.065325	0.005129	16.4
844	-0.496540	163.961135	0.005811	15.8
845	-0.482491	163.857120	0.006379	15.6
846	-0.582741	163.753282	0.006119	16.1
847	-0.146364	163.649619	0.001679	15.0
848	-0.000063	163.546130	0.000005	17.0
849	-0.759208	163.442816	0.004818	13.6
850	-0.287106	163.339676	0.004854	16.4
851	-0.643304	163.236709	0.004921	13.3
852	-0.650038	163.133915	0.005426	16.9
853	-0.000000	163.031294	0.000000	14.4
854	-0.000000	162.928844	0.000000	15.3
855	-0.000000	162.826566	0.000000	15.8
856	-0.000000	162.724459	0.000000	14.9
857	-0.000000	162.622523	0.000000	17.2
858	-0.756591	162.520757	0.005497	17.2
859	-0.300166	162.419160	0.003961	15.9
860	-0.654035	162.317733	0.007555	15.8
861	-0.811516	162.216474	0.005317	16.4
862	-0.000000	162.115383	0.000000	14.6
863	-0.655668	162.014461	0.004282	16.8
864	-0.000000	161.913705	0.000000	16.1
865	-0.000000	161.813117	0.000000	16.7
866	-0.000000	161.712695	0.000000	17.4
867	-0.440585	161.612439	0.005202	14.6
868	-0.695579	161.512349	0.005664	15.7
869	-0.797432	161.412424	0.006788	16.1
870	-0.000000	161.312663	0.000000	12.8
871	-0.000578	161.213067	0.000144	15.6
872	-0.278793	161.113635	0.004298	14.7
873	-0.528901	161.014366	0.006284	16.6
874	-0.639413	160.915260	0.004361	15.3
875	-0.000000	160.816316	0.000000	16.9
876	-0.860829	160.717535	0.005851	14.7
877	-0.630381	160.618915	0.005514	14.3
878	-0.716420	160.520456	0.006459	15.6
879	-0.438624	160.422158	0.003285	14.4
880	-0.477445	160.324021	0.006419	16.1
881	-0.869886	160.226043	0.007412	15.2
882	-0.832220	160.128225	0.005810	17.9
883	-0.012673	160.030566	0.000133	16.0
884	-0.017127	159.933066	0.001161	17.1
885	-0.125858	159.835723	0.001132	16.9
886	-0.452201	159.738539	0.006519	18.3
887	-0.541312	159.641512	0.004418	15.1
888	-0.702535	159.544642	0.005443	17.0
889	-0.758931	159.447929	0.004821	17.2
890	-0.702943	159.351372	0.004210	16.6
891	-0.363652	159.254971	0.005133	14.6
892	-0.140221	159.158725	0.002183	13.4
893	-0.234732	159.062634	0.002911	17.7
894	-0.332213	158.966697	0.004219	15.7
895	-0.000316	158.870915	0.000007	16.6
896	-0.362182	158.775286	0.002646	15.1
897	-0.451229	158.679811	0.005302	18.5
898	-0.000000	158.584489	0.000000	15.0
899	-0.004159	158.489319	0.000296	16.3
900	-0.796254	158.394302	0.005410	15.3
901	-0.000000	158.299436	0.000000	15.8
902	-0.565321	158.204721	0.005366	14.9
903	-0.661202	158.110158	0.005868	15.6
904	-0.859178	158.015745	0.005608	15.3
905	-0.690734	157.921482	0.006966	16.8
906	-0.118128	157.827369	0.002623	16.2
907	-0.344020	157.733406	0.003800	14.4
908	-0.176793	157.639591	0.002705	16.1
909	-0.544037	157.545925	0.005523	15.6
910	-0.298696	157.452408	0.004201	15.5
911	-0.677299	157.359038	0.007309	15.1
912	-0.512811	157.265816	0.005564	15.9
913	-0.766839	157.172741	0.004184	19.2
914	-0.345874	157.079813	0.004479	15.7
915	-0.000001	156.987031	0.000000	15.8
916	-0.463763	156.894395	0.005107	15.8
917	-0.420830	156.801904	0.004639	16.7
918	-0.327826	156.709559	0.004469	15.5
919	-0.026801	156.617359	0.000499	15.2
920	-0.749589	156.525304	0.003757	17.2
921	-0.790998	156.433392	0.004231	16.5
922	-0.190925	156.341624	0.003963	16.6
923	-0.481162	156.250000	0.004810	14.1
924	-0.276647	156.158519	0.003416	16.5
925	-0.381657	156.067180	0.004067	13.1
926	-0.024012	155.975984	0.000905	17.2
927	-0.000000	155.884930	0.000000	13.1
928	-0.410960	155.794017	0.003666	15.3
929	-0.861824	155.703246	0.006393	14.5
930	-0.394856	155.612615	0.004448	19.4
931	-0.548459	155.522125	0.004978	14.7
932	-0.794662	155.431775	0.004818	14.5
933	-0.822128	155.341565	0.006878	15.9
934	-0.460593	155.251495	0.003929	15.7
935	-0.543810	155.161563	0.006413	16.7
936	-0.915543	155.071771	0.007364	15.3
937	-0.665003	154.982117	0.006157	14.6
938	-0.592079	154.892601	0.006096	17.4
939	-0.824083	154.803222	0.005312	17.8
940	-0.346161	154.713981	0.005152	15.9
941	-0.000000	154.624878	0.000000	15.3
942	-0.793148	154.535910	0.005564	15.8
943	-0.000018	154.447080	0.000007	15.2
944	-0.273781	154.358385	0.002643	16.7
945	-0.420090	154.269826	0.007092	15.3
946	-0.102134	154.181402	0.001541	14.6
947	-0.421337	154.093114	0.003328	16.5
948	-0.688563	154.004960	0.006950	14.3
949	-0.266660	153.916940	0.003782	16.4
950	-0.000000	153.829054	0.000000	13.3
951	-0.000000	153.741303	0.000000	17.0
952	-0.274953	153.653684	0.005117	13.7
953	-0.775067	153.566198	0.005106	15.9
954	-0.064277	153.478846	0.002573	14.3
955	-0.809046	153.391625	0.005977	18.3
956	-0.000000	153.304537	0.000000	14.5
957	-0.608754	153.217580	0.006005	14.4
958	-0.000000	153.130755	0.000000	16.5
959	-0.654138	153.044061	0.004885	15.1
960	-0.000000	152.957498	0.000000	17.9
961	-0.820601	152.871065	0.005835	17.2
962	-0.500384	152.784762	0.005982	17.0
963	-0.650646	152.698589	0.004757	14.4
964	-0.524106	152.612545	0.004558	15.8
965	-0.587421	152.526631	0.006072	18.0
966	-0.703786	152.440845	0.007141	16.1
967	-0.000000	152.355188	0.000000	16.2
968	-0.467489	152.269660	0.003722	15.7
969	-0.329008	152.184259	0.005732	16.4
970	-0.254261	152.098986	0.004299	15.7
971	-0.000000	152.013840	0.000000	17.5
972	-0.462418	151.928821	0.006451	15.3
973	-0.916282	151.843928	0.008090	17.4
974	-0.806640	151.759163	0.007483	15.7
975	-0.000000	151.674523	0.000000	16.5
976	-0.631329	151.590009	0.006044	15.1
977	-0.745281	151.505620	0.005697	16.9
978	-0.022494	151.421357	0.001677	14.1
979	-0.735038	151.337218	0.004843	17.3
980	-0.000000	151.253204	0.000000	13.8
981	-0.289579	151.169314	0.003959	16.4
982	-0.000000	151.085549	0.000000	13.8
983	-0.229919	151.001907	0.002946	16.7
984	-0.609762	150.918388	0.005216	15.0
985	-0.738902	150.834992	0.005542	15.0
986	-0.000000	150.751719	0.000000	16.0
987	-0.640194	150.668569	0.005508	14.7
988	-0.595625	150.585541	0.006706	16.4
989	-0.478401	150.502634	0.005508	16.6
990	-0.537173	150.419849	0.005416	17.1
991	-0.000000	150.337186	0.000000	14.5
992	-0.000000	150.254644	0.000000	16.5
993	-0.000000	150.172222	0.000000	16.0
994	-0.538683	150.089921	0.006440	16.2
995	-0.217268	150.007740	0.002136	15.9
996	-0.318437	149.925679	0.003139	16.2
997	-0.652501	149.843737	0.005503	15.5
998	-0.122932	149.761915	0.001897	16.5
999	-0.001031	149.680212	0.000050	14.4
1000	-0.588253	149.598627	0.005870	17.6
1001	-0.838151	149.517161	0.005269	15.5
1002	-0.000000	149.435814	0.000000	19.1
1003	-0.000000	149.354584	0.000000	16.0
1004	-0.306530	149.273472	0.004717	16.6
1005	-0.724168	149.192477	0.004748	14.0
1006	-0.659252	149.111599	0.006692	17.9
1007	-0.809337	149.030838	0.005584	13.9
1008	-0.511599	148.950194	0.006020	13.1
1009	-0.873662	148.869666	0.005297	14.5
1010	-0.000000	148.789253	0.000000	14.1
1011	-0.526383	148.708957	0.006058	15.7
1012	-0.187935	148.628776	0.003172	15.1
1013	-0.000000	148.548710	0.000000	19.3
1014	-0.797505	148.468759	0.004874	15.3
1015	-0.780257	148.388923	0.005626	17.2
1016	-0.000000	148.309201	0.000000	15.1
1017	-0.619018	148.229594	0.006475	18.1
1018	-0.802427	148.150100	0.004482	15.0
1019	-0.000000	148.070719	0.000000	17.8
1020	-0.045910	147.991452	0.001113	15.5
1021	-0.072150	147.912298	0.000668	16.4
1022	-0.292510	147.833257	0.004146	16.6
1023	-0.523437	147.754329	0.003998	15.0
1024	-0.751834	147.675512	0.004098	15.5
1025	-0.004251	147.596808	0.000066	15.3
1026	-0.536273	147.518216	0.005801	17.0
1027	-0.862729	147.439735	0.007824	16.2
1028	-0.549041	147.361365	0.005348	18.1
1029	-0.864077	147.283106	0.006623	15.9
1030	-0.711949	147.204958	0.005736	16.5
1031	-0.000250	147.126920	0.000030	13.6
1032	-0.000000	147.048993	0.000000	20.3
1033	-0.001648	146.971175	0.000024	30.3
1034	-0.173824	146.893468	0.003685	22.0
1035	-0.000000	146.815869	0.000000	15.9
1036	-0.638386	146.738380	0.004912	21.3
1037	-0.787848	146.661000	0.004760	16.3
1038	-0.250883	146.583729	0.001989	14.7
1039	-0.690862	146.506566	0.005310	19.5
1040	-0.006258	146.429511	0.000342	15.3
1041	-0.459774	146.352565	0.005423	17.0
1042	-0.445951	146.275726	0.005439	14.3
1043	-0.524618	146.198994	0.007021	15.9
1044	-0.779996	146.122370	0.005987	14.3
1045	-0.000000	146.045853	0.000000	16.3
1046	-0.867729	145.969442	0.005738	14.5
1047	-0.491572	145.893139	0.004239	16.1
1048	-0.000000	145.816941	0.000000	14.1
1049	-0.402535	145.740849	0.003643	15.8
1050	-0.208315	145.664863	0.003640	12.7
1051	-0.285703	145.588983	0.003629	17.2
1052	-0.745999	145.513208	0.007124	13.8
1053	-0.963606	145.437538	0.005888	15.5
1054	-0.000000	145.361973	0.000000	13.5
1055	-0.004875	145.286513	0.000056	15.2
1056	-0.000000	145.211157	0.000000	15.3
1057	-0.663908	145.135905	0.005847	14.8
1058	-0.589086	145.060757	0.006204	16.5
1059	-0.000000	144.985712	0.000000	14.1
1060	-0.440426	144.910771	0.003983	15.9
1061	-0.278089	144.835934	0.004251	17.9
1062	-0.028446	144.761199	0.002527	16.5
1063	-0.320947	144.686567	0.002835	15.7
1064	-0.522272	144.612037	0.004979	15.5
1065	-0.602828	144.537610	0.006015	18.6
1066	-0.000000	144.463285	0.000000	15.2
1067	-0.236168	144.389062	0.002435	16.9
1068	-0.483048	144.314940	0.003990	15.7
1069	-0.594630	144.240920	0.006636	16.9
1070	-0.214431	144.167001	0.002321	15.5
1071	-0.000007	144.093182	0.000000	16.1
1072	-0.646659	144.019465	0.006594	15.7
1073	-0.343428	143.945848	0.005495	18.1
1074	-0.000000	143.872331	0.000000	16.2
1075	-0.476693	143.798914	0.004035	15.9
1076	-0.028687	143.725597	0.000654	15.5
1077	-0.791871	143.652380	0.005292	17.5
1078	-0.505572	143.579262	0.002867	15.1
1079	-0.565502	143.506243	0.006261	17.0
1080	-0.751158	143.433323	0.006169	14.8
1081	-0.000000	143.360502	0.000000	16.1
1082	-0.083797	143.287780	0.002608	13.4
1083	-0.362093	143.215155	0.004536	16.4
1084	-0.710987	143.142629	0.005906	13.3
1085	-0.567088	143.070201	0.004940	16.7
1086	-0.517292	142.997870	0.005077	14.1
1087	-0.000000	142.925637	0.000000	16.8
1088	-0.546086	142.853501	0.005731	16.0
1089	-0.701071	142.781462	0.004667	15.9
1090	-0.323239	142.709519	0.002794	14.5
1091	-0.313723	142.637674	0.003401	15.5
1092	-0.000000	142.565924	0.000000	16.0
1093	-0.000000	142.494271	0.000000	18.8
1094	-0.000000	142.422714	0.000000	15.6
1095	-0.217654	142.351252	0.002758	16.8
1096	-0.217991	142.279886	0.004112	15.6
1097	-0.000089	142.208616	0.000006	16.4
1098	-0.801827	142.137440	0.007468	16.8
1099	-0.876835	142.066360	0.006247	17.0
1100	-0.867710	141.995374	0.007144	15.7
1101	-0.493012	141.924483	0.004042	16.0
1102	-0.702188	141.853685	0.004980	16.4
1103	-0.022133	141.782983	0.001310	16.7
1104	-0.854431	141.712373	0.007525	15.6
1105	-0.000000	141.641858	0.000000	15.8
1106	-0.366258	141.571436	0.004310	15.4
1107	-0.000000	141.501108	0.000000	17.9
1108	-0.005995	141.430872	0.000670	14.7
1109	-0.085475	141.360730	0.002541	18.7
1110	-0.001301	141.290680	0.000035	17.1
1111	-0.384290	141.220722	0.005178	17.1
1112	-0.027245	141.150857	0.000475	15.6
1113	-0.558316	141.081084	0.004401	16.8
1114	-0.617891	141.011403	0.005945	16.8
1115	-0.000000	140.941813	0.000000	16.5
1116	-0.000000	140.872315	0.000000	16.8
1117	-0.890880	140.802909	0.005968	16.2
1118	-0.995972	140.733593	0.005641	16.0
1119	-0.109256	140.664369	0.001748	16.2
1120	-0.000000	140.595235	0.000000	15.0
1121	-0.000000	140.526192	0.000000	18.0
1122	-0.000000	140.457239	0.000000	15.4
1123	-0.000000	140.388376	0.000000	18.3
1124	-0.701885	140.319603	0.005445	15.4
1125	-0.364203	140.250920	0.005503	17.3
1126	-0.767084	140.182326	0.006058	15.6
1127	-0.000000	140.113822	0.000000	18.8
1128	-0.000000	140.045407	0.000000	15.8
1129	-0.445337	139.977081	0.005453	18.3
1130	-0.000000	139.908844	0.000000	17.1
1131	-0.492055	139.840696	0.003296	14.9
1132	-0.000000	139.772635	0.000000	15.5
1133	-0.640166	139.704664	0.006542	17.2
1134	-0.000000	139.636780	0.000000	16.9
1135	-0.664415	139.568984	0.005954	16.1
1136	-0.670945	139.501276	0.006441	16.4
1137	-0.476622	139.433655	0.004305	16.6
1138	-0.781036	139.366122	0.007687	16.5
1139	-0.000000	139.298676	0.000000	16.8
1140	-0.387936	139.231317	0.005551	15.5
1141	-0.735581	139.164045	0.004800	16.3
1142	-0.661852	139.096859	0.005270	16.8
1143	-0.592744	139.029760	0.007088	17.3
1144	-0.000000	138.962747	0.000000	16.8
1145	-0.205958	138.895820	0.002168	16.8
1146	-0.833900	138.828978	0.005078	16.7
1147	-0.058399	138.762223	0.001477	16.6
1148	-0.000000	138.695553	0.000000	17.5
1149	-0.000000	138.628969	0.000000	16.8
1150	-0.720740	138.562469	0.005311	16.6
1151	-0.599756	138.496055	0.003213	16.4
1152	-0.764804	138.429725	0.007100	17.1
1153	-0.690459	138.363481	0.005026	16.8
1154	-0.789338	138.297320	0.005562	17.7
1155	-0.859311	138.231244	0.004819	14.1
1156	-0.714679	138.165252	0.006003	16.7
1157	-0.789288	138.099344	0.005921	16.1
1158	-0.528466	138.033520	0.005861	15.7
1159	-0.654894	137.967779	0.005789	14.3
1160	-0.000000	137.902122	0.000000	16.7
1161	-0.410755	137.836548	0.003137	14.6
1162	-0.838349	137.771057	0.005615	18.9
1163	-0.583293	137.705649	0.004981	16.2
1164	-0.528970	137.640324	0.006030	17.8
1165	-0.347832	137.575081	0.002844	16.1
1166	-0.330582	137.509921	0.003336	17.7
1167	-0.000000	137.444842	0.000000	15.8
1168	-0.757550	137.379846	0.004362	16.9
1169	-0.481536	137.314932	0.005747	15.5
1170	-0.472464	137.250100	0.005125	16.9
1171	-0.401263	137.185349	0.002560	18.1
1172	-0.673497	137.120680	0.005017	15.4
1173	-0.000000	137.056092	0.000000	18.2
1174	-0.444730	136.991585	0.004549	14.9
1175	-0.452049	136.927158	0.002553	18.1
1176	-0.291768	136.862813	0.004540	14.4
1177	-0.491348	136.798548	0.004472	16.1
1178	-0.531408	136.734363	0.003687	16.6
1179	-0.910411	136.670259	0.005755	19.2
1180	-0.086101	136.606235	0.001587	14.7
1181	-0.607647	136.542291	0.005523	17.1
1182	-0.055037	136.478426	0.002924	15.3
1183	-0.000515	136.414641	0.000148	19.6
1184	-0.477926	136.350936	0.003632	14.7
1185	-0.621539	136.287310	0.005517	16.9
1186	-0.213941	136.223763	0.002746	14.5
1187	-0.519855	136.160295	0.005018	16.1
1188	-0.218285	136.096905	0.003705	16.2
1189	-0.575461	136.033594	0.003311	16.5
1190	-0.000000	135.970362	0.000000	16.1
1191	-0.695860	135.907208	0.006101	15.1
1192	-0.522949	135.844133	0.004288	17.1
1193	-0.912822	135.781135	0.005288	15.6
1194	-0.455779	135.718215	0.004007	17.5
1195	-0.113738	135.655373	0.001897	15.6
1196	-0.361093	135.592608	0.004298	19.0
1197	-0.057435	135.529921	0.001179	17.4
1198	-0.000000	135.467311	0.000000	19.7
1199	-0.000525	135.404778	0.000017	15.2
1200	-0.816359	135.342322	0.005961	15.8
1201	-0.484253	135.279942	0.003932	16.0
1202	-0.014735	135.217640	0.000248	15.9
1203	-0.279901	135.155413	0.002660	16.4
1204	-0.014525	135.093263	0.000445	15.8
1205	-0.110066	135.031190	0.001121	16.1
1206	-0.557087	134.969192	0.006139	16.5
1207	-0.813585	134.907270	0.005908	16.8
1208	-0.593991	134.845424	0.004719	16.3
1209	-0.105168	134.783653	0.001795	16.6
1210	-0.822664	134.721958	0.004958	16.5
1211	-0.064758	134.660338	0.002171	16.6
1212	-0.730727	134.598793	0.005822	14.6
1213	-0.804031	134.537323	0.006899	17.8
1214	-0.661805	134.475927	0.006466	15.4
1215	-0.521231	134.414607	0.006402	15.4
1216	-0.561577	134.353361	0.006214	16.2
1217	-0.774144	134.292189	0.006234	15.0
1218	-0.825354	134.231092	0.004978	16.5
1219	-0.188518	134.170068	0.001685	15.6
1220	-0.753350	134.109119	0.007738	15.9
1221	-0.509086	134.048243	0.004489	16.4
1222	-0.453829	133.987441	0.004848	16.5
1223	-0.743887	133.926713	0.006315	16.1
1224	-0.408279	133.866057	0.003585	16.8
1225	-0.000885	133.805475	0.000101	16.0
1226	-0.234528	133.744966	0.003779	16.4
1227	-0.000000	133.684530	0.000000	16.5
1228	-0.792798	133.624167	0.006089	17.0
1229	-0.000000	133.563877	0.000000	17.3
1230	-0.529016	133.503658	0.005539	15.0
1231	-0.341985	133.443513	0.004146	18.9
1232	-0.603964	133.383439	0.006357	15.5
1233	-0.581232	133.323437	0.005909	17.4
1234	-0.725033	133.263508	0.006426	14.6
1235	-0.000000	133.203650	0.000000	17.7
1236	-0.524762	133.143864	0.004958	14.4
1237	-0.597696	133.084149	0.005848	16.8
1238	-0.000000	133.024506	0.000000	15.9
1239	-0.696375	132.964934	0.003825	18.6
1240	-0.713867	132.905433	0.006686	14.9
1241	-0.726048	132.846003	0.005147	15.5
1242	-0.000000	132.786643	0.000000	15.1
1243	-0.832473	132.727355	0.005093	18.6
1244	-0.595746	132.668137	0.003910	15.6
1245	-0.173693	132.608989	0.002224	14.9
1246	-0.557093	132.549912	0.005930	15.2
1247	-0.425228	132.490904	0.003760	17.6
1248	-0.541588	132.431967	0.007026	17.3
1249	-0.000000	132.373100	0.000000	13.7
1250	-0.899155	132.314302	0.007143	14.9
1251	-0.528700	132.255574	0.005539	16.6
1252	-0.646570	132.196916	0.003847	16.1
1253	-0.610151	132.138326	0.005093	17.4
1254	-0.634570	132.079806	0.006894	17.3
1255	-0.000000	132.021355	0.000000	14.9
1256	-0.675257	131.962973	0.004334	15.0
1257	-0.510172	131.904660	0.004211	17.4
1258	-0.315683	131.846415	0.005093	19.7
1259	-0.585440	131.788239	0.006371	16.0
1260	-0.541344	131.730131	0.007871	17.8
1261	-0.000480	131.672092	0.000015	15.4
1262	-0.563823	131.614121	0.007128	17.5
1263	-0.880712	131.556217	0.006046	16.6
1264	-0.336541	131.498382	0.002769	15.8
1265	-0.299631	131.440614	0.005550	17.5
1266	-0.757723	131.382914	0.005790	15.8
1267	-0.755569	131.325282	0.005463	15.7
1268	-0.000000	131.267717	0.000000	13.9
1269	-0.756289	131.210219	0.005658	18.1
1270	-0.433329	131.152788	0.006731	14.6
1271	-0.000020	131.095424	0.000001	15.4
1272	-0.030365	131.038127	0.001130	16.4
1273	-0.096486	130.980897	0.000943	19.3
1274	-0.010547	130.923733	0.001279	15.5
1275	-0.655356	130.866636	0.004123	15.3
1276	-0.148539	130.809605	0.001733	15.9
1277	-0.366993	130.752641	0.004909	15.3
1278	-0.000000	130.695742	0.000000	17.7
1279	-0.000000	130.638910	0.000000	14.4
1280	-0.575970	130.582143	0.007068	16.5
1281	-0.846733	130.525442	0.005161	15.3
1282	-0.442240	130.468807	0.003876	18.6
1283	-0.753909	130.412237	0.004885	15.4
1284	-0.000000	130.355733	0.000000	17.9
1285	-0.000000	130.299294	0.000000	14.6
1286	-0.341661	130.242920	0.004408	18.0
1287	-0.990368	130.186611	0.007405	14.9
1288	-0.022695	130.130366	0.001333	16.9
1289	-0.000000	130.074187	0.000000	15.6
1290	-0.000000	130.018072	0.000000	16.0
1291	-0.129967	129.962022	0.001402	15.3
1292	-0.212928	129.906036	0.005160	16.1
1293	-0.000000	129.850114	0.000000	14.1
1294	-0.024966	129.794257	0.001198	16.8
1295	-0.759492	129.738463	0.005512	13.5
1296	-0.768680	129.682734	0.007013	14.4
1297	-0.099533	129.627068	0.002451	14.9
1298	-0.376752	129.571466	0.004197	14.7
1299	-0.292514	129.515927	0.002199	16.4
1300	-0.134584	129.460452	0.002526	17.9
1301	-0.050334	129.405040	0.001462	15.1
1302	-0.578962	129.349692	0.006429	14.5
1303	-0.821606	129.294406	0.005623	16.9
1304	-0.845459	129.239183	0.005284	16.3
1305	-0.652377	129.184024	0.005460	16.2
1306	-0.030171	129.128927	0.000973	15.4
1307	-0.514882	129.073892	0.003185	17.0
1308	-0.492168	129.018921	0.005794	15.5
1309	-0.574387	128.964011	0.006695	16.7
1310	-0.532192	128.909164	0.004927	15.4
1311	-0.725091	128.854379	0.005804	16.3
1312	-0.039183	128.799656	0.001556	15.2
1313	-0.000000	128.744995	0.000000	16.0
1314	-0.000000	128.690396	0.000000	14.3
1315	-0.522067	128.635858	0.004351	15.5
1316	-0.197863	128.581382	0.003754	15.0
1317	-0.684234	128.526968	0.007127	15.0
1318	-0.670556	128.472615	0.004461	16.2
1319	-0.002129	128.418323	0.000045	15.0
1320	-0.654651	128.364092	0.005730	16.5
1321	-0.438442	128.309922	0.004737	16.4
1322	-0.049657	128.255814	0.001306	14.3
1323	-0.599921	128.201766	0.005265	14.8
1324	-0.008072	128.147778	0.000050	16.9
1325	-0.253078	128.093852	0.001905	17.0
1326	-0.645466	128.039985	0.006974	16.5
1327	-0.000000	127.986180	0.000000	14.4
1328	-0.331968	127.932434	0.005197	16.6
1329	-0.537278	127.878749	0.007055	15.2
1330	-0.000140	127.825123	0.000004	17.2
1331	-0.000000	127.771558	0.000000	15.3
1332	-0.000000	127.718052	0.000000	15.8
1333	-0.000000	127.664606	0.000000	15.0
1334	-0.090575	127.611220	0.001888	16.1
1335	-0.408494	127.557893	0.002734	14.0
1336	-0.728208	127.504625	0.006678	18.3
1337	-0.000000	127.451417	0.000000	14.0
1338	-0.710990	127.398268	0.005901	15.7
1339	-0.202625	127.345178	0.001349	14.7
1340	-0.000000	127.292147	0.000000	16.0
1341	-0.354633	127.239175	0.004961	15.7
1342	-0.530853	127.186261	0.006296	14.8
1343	-0.898860	127.133407	0.006439	15.3
1344	-0.000000	127.080610	0.000000	14.7
1345	-0.488412	127.027872	0.004968	18.4
1346	-0.740372	126.975193	0.006572	15.6
1347	-0.633815	126.922572	0.006584	16.6
1348	-0.175790	126.870008	0.003742	14.4
1349	-0.742679	126.817503	0.004944	20.0
1350	-0.923096	126.765056	0.006977	19.1
1351	-0.574217	126.712667	0.004772	16.0
1352	-0.450444	126.660335	0.005179	19.5
1353	-0.418686	126.608061	0.005816	15.6
1354	-0.192802	126.555844	0.003659	17.2
1355	-0.004300	126.503685	0.000000	14.0
1356	-0.100599	126.451583	0.002141	16.4
1357	-0.537864	126.399538	0.004651	14.9
1358	-0.000000	126.347550	0.000000	15.4
1359	-0.434396	126.295619	0.005270	16.0
1360	-0.586098	126.243745	0.006427	14.5
1361	-0.000000	126.191928	0.000000	16.7
1362	-0.000000	126.140168	0.000000	16.0
1363	-0.696457	126.088464	0.006756	16.2
1364	-0.691740	126.036817	0.007120	15.6
1365	-0.000000	125.985226	0.000000	17.3
1366	-0.085056	125.933691	0.001954	15.6
1367	-0.001183	125.882212	0.000022	16.6
1368	-0.006021	125.830790	0.000094	15.1
1369	-0.730160	125.779423	0.004129	15.2
1370	-0.000000	125.728113	0.000000	13.6
1371	-0.000609	125.676858	0.000023	13.0
1372	-0.784614	125.625659	0.005852	14.7
1373	-0.036086	125.574515	0.001575	14.5
1374	-0.608165	125.523427	0.004845	14.3
1375	-0.505634	125.472394	0.004857	15.3
1376	-0.890180	125.421417	0.007652	14.6
1377	-0.560805	125.370495	0.005641	13.9
1378	-0.837179	125.319628	0.005482	13.0
1379	-0.000000	125.268815	0.000000	15.3
1380	-0.133206	125.218058	0.001915	14.2
1381	-0.793376	125.167356	0.005896	14.0
1382	-0.094339	125.116708	0.002725	14.9
1383	-0.403909	125.066115	0.005280	16.2
1384	-0.352752	125.015576	0.002878	15.4
1385	-0.686260	124.965092	0.005478	13.3
1386	-0.731838	124.914662	0.004522	13.8
1387	-0.270041	124.864287	0.002800	12.8
1388	-0.441802	124.813965	0.005255	14.6
1389	-0.014644	124.763698	0.000688	14.2
1390	-0.215330	124.713485	0.001825	14.1
1391	-0.578369	124.663325	0.006139	14.8
1392	-0.000000	124.613219	0.000000	14.1
1393	-0.512785	124.563167	0.006701	12.7
1394	-0.444959	124.513168	0.003757	13.0
1395	-0.545714	124.463223	0.005723	14.0
1396	-0.158607	124.413332	0.002601	17.0
1397	-0.000000	124.363493	0.000000	13.9
1398	-0.441872	124.313708	0.004891	15.4
1399	-0.864091	124.263976	0.007455	14.5
1400	-0.517475	124.214297	0.004175	13.4
1401	-0.000000	124.164671	0.000000	14.9
1402	-0.845504	124.115097	0.005115	12.7
1403	-0.287986	124.065577	0.003484	14.0
1404	-0.000000	124.016109	0.000000	14.3
1405	-0.434896	123.966693	0.004200	16.4
1406	-0.653745	123.917330	0.006520	15.7
1407	-0.436987	123.868020	0.005924	15.0
1408	-0.000000	123.818762	0.000000	13.6
1409	-0.722007	123.769556	0.005468	13.0
1410	-0.510076	123.720402	0.004665	14.1
1411	-0.754765	123.671300	0.006331	14.0
1412	-0.374811	123.622250	0.004444	14.1
1413	-0.000000	123.573252	0.000000	15.6
1414	-0.000000	123.524305	0.000000	14.8
1415	-0.060155	123.475411	0.000810	14.9
1416	-0.432576	123.426568	0.005860	13.1
1417	-0.419405	123.377776	0.005997	12.5
1418	-0.603929	123.329036	0.004372	14.1
1419	-0.363527	123.280347	0.006184	13.8
1420	-0.001601	123.231709	0.000321	14.9
1421	-0.787258	123.183122	0.005682	15.0
1422	-0.000000	123.134587	0.000000	13.8
1423	-0.000000	123.086102	0.000000	12.9
1424	-0.125353	123.037669	0.001255	12.1
1425	-0.644163	122.989286	0.005118	14.1
1426	-0.760023	122.940954	0.006716	13.8
1427	-0.842067	122.892672	0.007301	15.2
1428	-0.762437	122.844441	0.006105	13.6
1429	-0.349218	122.796261	0.003528	12.5
1430	-0.657788	122.748130	0.005313	12.6
1431	-0.742347	122.700050	0.004495	15.1
1432	-0.587789	122.652021	0.006372	13.5
1433	-0.000000	122.604041	0.000000	14.0
1434	-0.457347	122.556111	0.004154	13.5
1435	-0.707847	122.508232	0.004152	12.0
1436	-0.522838	122.460402	0.004104	17.3
1437	-0.201517	122.412622	0.002001	13.6
1438	-0.000000	122.364891	0.000000	13.9
1439	-0.314383	122.317210	0.004554	14.6
1440	-0.000000	122.269579	0.000000	14.3
1441	-0.000000	122.221997	0.000000	13.8
1442	-0.001124	122.174465	0.000036	12.8
1443	-0.359517	122.126981	0.005342	11.9
1444	-0.483398	122.079547	0.005183	14.0
1445	-0.529575	122.032162	0.007009	14.9
1446	-0.053391	121.984826	0.002078	14.3
1447	-0.376478	121.937539	0.005894	12.7
1448	-0.000000	121.890301	0.000000	12.4
1449	-0.001725	121.843112	0.000045	13.9
1450	-0.090057	121.795971	0.002021	14.2
1451	-0.298502	121.748879	0.003448	14.5
1452	-0.594178	121.701835	0.005868	13.8
1453	-0.764156	121.654840	0.006329	12.7
1454	-0.027980	121.607893	0.000206	14.7
1455	-0.062073	121.560994	0.001428	14.9
1456	-0.000000	121.514144	0.000000	13.6
1457	-0.000049	121.467342	0.000004	13.8
1458	-0.763450	121.420588	0.006293	12.3
1459	-0.347975	121.373882	0.005071	12.9
1460	-0.913567	121.327223	0.006966	12.0
1461	-0.528474	121.280613	0.003345	13.8
1462	-0.000000	121.234050	0.000000	14.0
1463	-0.647285	121.187535	0.003740	12.3
1464	-0.000000	121.141067	0.000000	13.4
1465	-0.572099	121.094647	0.006758	11.7
1466	-0.472210	121.048274	0.004886	14.2
1467	-0.469639	121.001949	0.007097	15.0
1468	-0.444558	120.955671	0.003565	14.1
1469	-0.664871	120.909440	0.004409	12.7
1470	-0.000000	120.863256	0.000000	12.1
1471	-0.000000	120.817119	0.000000	13.3
1472	-0.724751	120.771029	0.005862	15.2
1473	-0.840469	120.724986	0.005708	14.7
1474	-0.609859	120.678990	0.005255	12.6
1475	-0.000000	120.633040	0.000000	12.8
1476	-0.421094	120.587137	0.005462	12.1
1477	-0.007046	120.541281	0.000107	13.5
1478	-0.692744	120.495471	0.006062	13.0
1479	-0.876181	120.449707	0.006607	13.7
1480	-0.597594	120.403990	0.005151	12.0
1481	-0.410593	120.358319	0.003717	13.4
1482	-0.323531	120.312694	0.004756	14.2
1483	-0.569707	120.267115	0.004200	14.8
1484	-0.000000	120.221582	0.000000	14.8
1485	-0.740635	120.176096	0.004031	13.0
1486	-0.532023	120.130655	0.004638	14.3
1487	-0.790972	120.085260	0.004935	12.7
1488	-0.770354	120.039910	0.005286	15.1
1489	-0.945216	119.994606	0.006216	14.7
1490	-0.715925	119.949348	0.006552	14.6
1491	-0.124786	119.904135	0.002546	14.7
1492	-0.755455	119.858968	0.006379	13.7
1493	-0.388730	119.813846	0.004026	12.6
1494	-0.654769	119.768769	0.005108	14.2
1495	-0.502971	119.723738	0.003061	13.5
1496	-0.689147	119.678752	0.004601	14.0
1497	-0.272840	119.633810	0.004071	14.7
1498	-0.007277	119.588914	0.000118	13.5
1499	-0.635883	119.544062	0.005648	12.5
1500	-0.470059	119.499256	0.005407	12.8
1501	-0.902305	119.454494	0.006542	14.0
1502	-0.008445	119.409777	0.000079	15.1
1503	-0.805904	119.365104	0.005812	14.7
1504	-0.704747	119.320476	0.006527	13.6
1505	-0.870555	119.275893	0.005512	13.2
1506	-0.424852	119.231353	0.005769	11.7
1507	-0.873252	119.186859	0.006649	13.9
1508	-0.621768	119.142408	0.005590	15.7
1509	-0.317134	119.098002	0.002933	15.2
1510	-0.000000	119.053639	0.000000	14.8
1511	-0.080993	119.009321	0.001287	13.9
1512	-0.797625	118.965047	0.006203	13.7
1513	-0.038163	118.920816	0.002462	13.3
1514	-0.704929	118.876630	0.005686	14.3
1515	-0.812329	118.832487	0.005134	13.9
1516	-0.577050	118.788388	0.003885	15.1
1517	-0.108220	118.744332	0.001985	14.7
1518	-0.124138	118.700320	0.003382	13.7
1519	-0.000000	118.656352	0.000000	12.8
1520	-0.290924	118.612427	0.003573	12.3
1521	-0.000000	118.568545	0.000000	15.5
1522	-0.005913	118.524706	0.000097	14.1
1523	-0.000063	118.480911	0.000002	14.9
1524	-0.675970	118.437159	0.006700	14.4
1525	-0.000000	118.393450	0.000000	13.7
1526	-0.022350	118.349784	0.001423	13.1
1527	-0.883737	118.306160	0.006786	13.9
1528	-0.242462	118.262580	0.002962	13.6
1529	-0.750659	118.219042	0.005311	15.5
1530	-0.000000	118.175548	0.000000	14.9
1531	-0.715085	118.132095	0.005882	14.2
1532	-0.006298	118.088686	0.000073	13.3
1533	-0.002208	118.045319	0.000037	12.4
1534	-0.925001	118.001994	0.006417	13.4
1535	-0.000444	117.958712	0.000044	14.2
1536	-0.466046	117.915472	0.003620	14.6
1537	-0.930823	117.872274	0.006361	14.3
1538	-0.328206	117.829118	0.004959	13.7
1539	-0.000002	117.786005	0.000001	13.9
1540	-0.753581	117.742933	0.005645	12.7
1541	-0.092805	117.699904	0.001696	14.3
1542	-0.852756	117.656916	0.006789	13.4
1543	-0.510272	117.613971	0.003290	14.1
1544	-0.325271	117.571067	0.003636	15.5
1545	-0.000000	117.528205	0.000000	12.8
1546	-0.650532	117.485384	0.006035	12.5
1547	-0.791822	117.442605	0.005915	13.8
1548	-0.351796	117.399867	0.002688	14.2
1549	-0.803835	117.357171	0.004758	14.6
1550	-0.000000	117.314517	0.000000	13.5
1551	-0.006962	117.271903	0.000103	12.5
1552	-0.709188	117.229331	0.007471	13.0
1553	-0.004942	117.186800	0.000214	14.4
1554	-0.794847	117.144311	0.006361	15.8
1555	-0.300464	117.101862	0.005920	14.8
1556	-0.534999	117.059454	0.004429	15.8
1557	-0.000000	117.017087	0.000000	13.8
1558	-0.659037	116.974762	0.004408	13.5
1559	-0.584143	116.932476	0.006200	14.3
1560	-0.731519	116.890232	0.006270	13.7
1561	-0.000000	116.848028	0.000000	13.9
1562	-0.758606	116.805865	0.005247	15.0
1563	-0.004169	116.763743	0.000080	14.8
1564	-0.439991	116.721661	0.005732	13.9
1565	-0.001543	116.679619	0.000140	12.6
1566	-0.637613	116.637618	0.006592	12.4
1567	-0.776766	116.595657	0.004947	13.8
1568	-0.287327	116.553736	0.003679	15.1
1569	-0.780410	116.511855	0.006132	14.5
1570	-0.671650	116.470015	0.006994	13.7
1571	-0.664599	116.428214	0.006263	13.3
1572	-0.000000	116.386454	0.000000	11.7
1573	-0.779302	116.344733	0.006251	13.9
1574	-0.000000	116.303052	0.000000	15.1
1575	-0.630554	116.261412	0.003528	14.8
1576	-0.609441	116.219810	0.004023	14.8
1577	-0.340283	116.178249	0.003679	13.0
1578	-0.922760	116.136727	0.005819	12.3
1579	-0.009515	116.095245	0.000138	14.9
1580	-0.544054	116.053802	0.003690	13.9
1581	-0.519631	116.012398	0.005312	14.1
1582	-0.666312	115.971034	0.006644	14.7
1583	-0.000000	115.929710	0.000000	16.5
1584	-0.000000	115.888424	0.000000	13.8
1585	-0.000000	115.847178	0.000000	12.6
1586	-0.490255	115.805970	0.004826	12.1
1587	-0.130712	115.764802	0.002684	13.7
1588	-0.533111	115.723673	0.005010	13.9
1589	-0.027095	115.682583	0.001966	13.8
1590	-0.243264	115.641532	0.001630	12.3
1591	-0.003455	115.600519	0.000380	14.2
1592	-0.000000	115.559546	0.000000	14.1
1593	-0.706130	115.518610	0.005641	13.9
1594	-0.000000	115.477714	0.000000	14.7
1595	-0.256126	115.436856	0.002818	13.7
1596	-0.173396	115.396037	0.002766	12.6
1597	-0.813804	115.355256	0.005252	14.5
1598	-0.643447	115.314514	0.006509	14.2
1599	-0.389294	115.273810	0.004019	14.0
1600	-0.350252	115.233144	0.004388	15.0
1601	-0.421725	115.192517	0.004860	14.4
1602	-0.841800	115.151927	0.005957	14.4
1603	-0.376201	115.111376	0.005593	12.5
1604	-0.000000	115.070863	0.000000	13.0
1605	-0.645786	115.030388	0.005451	13.6
1606	-0.644393	114.989951	0.006257	15.0
1607	-0.795673	114.949551	0.004685	15.4
1608	-0.190882	114.909190	0.001521	13.2
1609	-0.906986	114.868866	0.006808	12.9
1610	-0.604696	114.828580	0.005972	14.9
1611	-0.703731	114.788332	0.005168	12.8
1612	-0.406637	114.748121	0.002896	13.9
1613	-0.684916	114.707948	0.007007	15.1
1614	-0.602761	114.667812	0.005024	15.8
1615	-0.691551	114.627714	0.006180	14.3
1616	-0.436398	114.587653	0.003935	13.5
1617	-0.693669	114.547629	0.006085	12.0
1618	-0.164934	114.507643	0.002828	13.6
1619	-0.301319	114.467693	0.004092	14.3
1620	-0.771860	114.427781	0.006781	14.7
1621	-0.459835	114.387907	0.004566	14.6
1622	-0.869346	114.348069	0.006058	13.4
1623	-0.850183	114.308268	0.007726	13.9
1624	-0.000000	114.268504	0.000000	13.6
1625	-0.838585	114.228777	0.006172	14.2
1626	-0.816363	114.189086	0.005397	13.9
1627	-0.757508	114.149433	0.004972	15.0
1628	-0.007575	114.109816	0.000306	13.8
1629	-0.843136	114.070235	0.007041	14.1
1630	-0.662430	114.030692	0.005061	14.3
1631	-0.650226	113.991185	0.006036	13.4
1632	-0.892553	113.951714	0.006359	13.5
1633	-0.487583	113.912280	0.004745	15.5
1634	-0.000000	113.872882	0.000000	14.2
1635	-0.380254	113.833521	0.004269	14.3
1636	-0.465407	113.794195	0.005213	13.3
1637	-0.764081	113.754906	0.004904	12.1
1638	-0.000062	113.715653	0.000014	13.8
1639	-0.809527	113.676437	0.006418	13.8
1640	-0.848653	113.637256	0.005403	15.4
1641	-0.871501	113.598111	0.008016	14.5
1642	-0.673227	113.559002	0.006691	12.9
1643	-0.443088	113.519929	0.006015	12.3
1644	-0.622371	113.480892	0.006192	13.6
1645	-0.000524	113.441891	0.000048	15.4
1646	-0.000000	113.402925	0.000000	13.9
1647	-0.722900	113.363995	0.006079	14.5
1648	-0.735474	113.325101	0.005904	13.7
1649	-0.025320	113.286242	0.001846	12.9
1650	-0.433124	113.247419	0.004671	14.3
1651	-0.000000	113.208631	0.000000	13.7
1652	-0.563044	113.169879	0.004211	14.1
1653	-0.786971	113.131162	0.004494	14.6
1654	-0.423903	113.092480	0.003149	13.5
1655	-0.665047	113.053833	0.006258	13.0
1656	-0.000000	113.015222	0.000000	14.1
1657	-0.000000	112.976646	0.000000	13.7
1658	-0.626543	112.938105	0.004365	14.3
1659	-0.026998	112.899599	0.000794	15.0
1660	-0.553513	112.861128	0.005211	14.0
1661	-0.796554	112.822692	0.006128	13.6
1662	-0.000000	112.784291	0.000000	12.4
1663	-0.657166	112.745924	0.007235	14.0
1664	-0.234557	112.707593	0.003568	13.8
1665	-0.471165	112.669296	0.006567	14.7
1666	-0.847242	112.631034	0.003994	14.9
1667	-0.103667	112.592806	0.002043	14.8
1668	-0.505177	112.554613	0.006312	13.3
1669	-0.732400	112.516455	0.006411	13.0
1670	-0.754444	112.478331	0.005757	13.7
1671	-0.548259	112.440241	0.006157	14.2
1672	-0.325672	112.402186	0.005037	14.7
1673	-0.725258	112.364165	0.007744	14.3
1674	-0.349309	112.326179	0.005219	13.7
1675	-0.223612	112.288227	0.004000	12.1
1676	-0.309776	112.250309	0.004599	14.0
1677	-0.710650	112.212425	0.007043	14.0
1678	-0.350602	112.174575	0.003620	15.0
1679	-0.507938	112.136759	0.005060	14.6
1680	-0.000000	112.098977	0.000000	13.2
1681	-0.813435	112.061229	0.004932	14.3
1682	-0.725451	112.023515	0.004562	12.7
1683	-0.377028	111.985834	0.004938	13.7
1684	-0.866440	111.948188	0.005215	13.5
1685	-0.841239	111.910575	0.007131	14.4
1686	-0.088443	111.872996	0.001578	13.5
1687	-0.000000	111.835450	0.000000	12.8
1688	-0.491714	111.797939	0.004513	13.7
1689	-0.467875	111.760460	0.004547	13.9
1690	-0.663396	111.723015	0.006132	15.0
1691	-0.056218	111.685604	0.003875	14.7
1692	-0.000000	111.648226	0.000000	14.4
1693	-0.731322	111.610881	0.003986	13.3
1694	-0.535670	111.573570	0.005226	11.9
1695	-0.543674	111.536292	0.006448	13.7
1696	-0.097217	111.499047	0.001232	15.4
1697	-0.000000	111.461835	0.000000	14.6
1698	-0.727095	111.424656	0.003300	15.3
1699	-0.534332	111.387510	0.003934	13.3
1700	-0.902561	111.350398	0.007124	13.7
1701	-0.481152	111.313318	0.004947	14.3
1702	-0.000000	111.276271	0.000000	13.5
1703	-0.000000	111.239257	0.000000	13.8
1704	-0.681438	111.202276	0.005802	14.6
1705	-0.933910	111.165328	0.006568	13.5
1706	-0.120855	111.128412	0.001541	12.5
1707	-0.040868	111.091529	0.000856	14.0
1708	-0.000000	111.054679	0.000000	13.9
1709	-0.477680	111.017861	0.005962	13.7
1710	-0.683845	110.981076	0.006398	14.6
1711	-0.000001	110.944323	0.000000	14.4
1712	-0.039560	110.907603	0.000841	12.3
1713	-0.700775	110.870915	0.006159	12.3
1714	-0.917645	110.834259	0.005251	13.7
1715	-0.000000	110.797636	0.000000	14.9
1716	-0.773359	110.761045	0.005427	14.8
1717	-0.472480	110.724486	0.004584	13.2
1718	-0.589509	110.687959	0.005418	12.4
1719	-0.839527	110.651465	0.004852	13.6
1720	-0.000000	110.615002	0.000000	13.8
1721	-0.703737	110.578572	0.005337	14.6
1722	-0.693969	110.542173	0.004922	14.5
1723	-0.000000	110.505807	0.000000	13.3
1724	-0.070798	110.469472	0.001528	12.2
1725	-0.562184	110.433169	0.005296	13.4
1726	-0.587316	110.396898	0.004110	14.4
1727	-0.679012	110.360659	0.006545	16.1
1728	-0.010397	110.324451	0.000162	14.8
1729	-0.712876	110.288276	0.004663	13.8
1730	-0.857844	110.252131	0.004683	13.5
1731	-0.570457	110.216019	0.004612	12.2
1732	-0.730516	110.179937	0.006328	14.4
1733	-0.642564	110.143888	0.005696	13.8
1734	-0.832664	110.107869	0.005488	14.7
1735	-0.367573	110.071882	0.002721	14.6
1736	-0.349403	110.035927	0.004536	12.6
1737	-0.805530	110.000003	0.005990	12.3
1738	-0.731741	109.964110	0.006177	13.7
1739	-0.636172	109.928248	0.004056	15.7
1740	-0.818150	109.892417	0.006809	14.5
1741	-0.014353	109.856618	0.000434	14.3
1742	-0.916278	109.820850	0.007830	13.8
1743	-0.793344	109.785112	0.005756	12.2
1744	-0.000000	109.749406	0.000000	13.7
1745	-0.000000	109.713730	0.000000	15.4
1746	-0.000000	109.678086	0.000000	13.7
1747	-0.368933	109.642472	0.003416	14.6
1748	-0.512665	109.606890	0.004406	13.5
1749	-0.302842	109.571337	0.002428	12.9
1750	-0.865085	109.535816	0.004543	11.8
1751	-0.906023	109.500326	0.006411	14.5
1752	-0.405114	109.464866	0.005475	15.6
1753	-0.000000	109.429436	0.000000	15.3
1754	-0.000000	109.394038	0.000000	14.7
1755	-0.918832	109.358669	0.005233	13.0
1756	-0.807365	109.323331	0.005055	12.3
1757	-0.080500	109.288024	0.001560	13.9
1758	-0.105499	109.252747	0.003337	13.9
1759	-0.637031	109.217501	0.004759	15.1
1760	-0.831810	109.182284	0.007947	14.7
1761	-0.000000	109.147098	0.000000	13.7
1762	-0.808733	109.111942	0.005429	12.0
1763	-0.661652	109.076817	0.007916	13.7
1764	-0.000000	109.041721	0.000000	14.1
1765	-0.875501	109.006656	0.006643	13.3
1766	-0.778969	108.971620	0.005509	13.5
1767	-0.091495	108.936615	0.001092	12.8
1768	-0.371426	108.901640	0.003408	14.2
1769	-0.772851	108.866694	0.005122	13.7
1770	-0.500930	108.831779	0.003508	15.4
1771	-0.776678	108.796893	0.006359	13.6
1772	-0.058030	108.762037	0.000876	15.0
1773	-0.006266	108.727211	0.000077	13.6
1774	-0.891038	108.692415	0.006143	12.3
1775	-0.003528	108.657648	0.001118	12.9
1776	-0.551803	108.622911	0.005727	13.8
1777	-0.822905	108.588203	0.005315	14.9
1778	-0.200214	108.553525	0.003195	14.1
1779	-0.000000	108.518877	0.000000	12.7
1780	-0.007361	108.484258	0.000165	12.0
1781	-0.000000	108.449668	0.000000	13.6
1782	-0.611428	108.415108	0.006230	14.5
1783	-0.183703	108.380578	0.002573	14.8
1784	-0.805678	108.346076	0.007432	13.4
1785	-0.000000	108.311604	0.000000	12.9
1786	-0.506339	108.277161	0.006066	12.5
1787	-0.577879	108.242747	0.004000	14.3
1788	-0.155662	108.208363	0.001066	16.9
1789	-0.682157	108.174007	0.003812	14.0
1790	-0.680169	108.139681	0.004287	14.9
1791	-0.343287	108.105383	0.004728	13.4
1792	-0.031187	108.071115	0.001089	12.8
1793	-0.940197	108.036875	0.005961	14.1
1794	-0.588739	108.002665	0.006101	13.5
1795	-0.000014	107.968483	0.000002	13.8
1796	-0.017151	107.934330	0.000186	14.6
1797	-0.002635	107.900206	0.000055	14.9
1798	-0.591238	107.866111	0.005517	13.3
1799	-0.355245	107.832044	0.003270	13.8
1800	-0.907101	107.798007	0.005525	13.6
1801	-0.000000	107.763997	0.000000	13.6
1802	-0.000000	107.730017	0.000000	15.0
1803	-0.877017	107.696065	0.006977	12.4
1804	-0.715924	107.662141	0.003830	12.6
1805	-0.539689	107.628246	0.006145	13.9
1806	-0.353718	107.594379	0.005087	14.1
1807	-0.838326	107.560541	0.005429	13.7
1808	-0.784011	107.526731	0.004203	14.5
1809	-0.000000	107.492949	0.000000	13.8
1810	-0.000000	107.459196	0.000000	13.2
1811	-0.000000	107.425471	0.000000	14.5
1812	-0.000000	107.391774	0.000000	13.6
1813	-0.665045	107.358106	0.005498	13.7
1814	-0.442473	107.324465	0.005452	14.8
1815	-0.215021	107.290853	0.004125	13.7
1816	-0.466010	107.257268	0.004795	12.3
1817	-0.809265	107.223712	0.005053	14.0
1818	-0.698351	107.190184	0.006096	13.6
1819	-0.000000	107.156683	0.000000	14.0
1820	-0.464275	107.123211	0.005622	14.3
1821	-0.000070	107.089766	0.000014	14.6
1822	-0.448191	107.056349	0.003798	12.6
1823	-0.041069	107.022960	0.000870	12.1
1824	-0.390560	106.989599	0.003420	14.4
1825	-0.000000	106.956265	0.000000	14.3
1826	-0.534435	106.922960	0.005942	14.5
1827	-0.606532	106.889681	0.006115	13.6
1828	-0.701949	106.856431	0.005659	12.7
1829	-0.001005	106.823208	0.000038	19.1
1830	-0.468041	106.790012	0.006284	12.9
1831	-0.415283	106.756844	0.005106	15.6
1832	-0.366165	106.723703	0.003845	16.6
1833	-0.529339	106.690590	0.005523	16.5
1834	-0.000000	106.657505	0.000000	16.3
1835	-0.602457	106.624446	0.004232	13.5
1836	-0.528320	106.591415	0.003314	13.7
1837	-0.333724	106.558411	0.004361	14.7
1838	-0.171475	106.525435	0.001739	13.8
1839	-0.021653	106.492485	0.000391	13.5
1840	-0.681548	106.459563	0.005597	12.0
1841	-0.548275	106.426668	0.005759	14.0
1842	-0.511230	106.393800	0.005310	13.9
1843	-0.827046	106.360959	0.007163	15.1
1844	-0.741816	106.328145	0.006546	13.5
1845	-0.694361	106.295358	0.005786	12.2
1846	-0.034217	106.262598	0.000737	13.0
1847	-0.774192	106.229865	0.005910	13.9
1848	-0.015639	106.197158	0.000709	14.9
1849	-0.000000	106.164479	0.000000	14.5
1850	-0.029013	106.131826	0.002148	13.1
1851	-0.483049	106.099201	0.004607	12.4
1852	-0.610801	106.066602	0.005820	13.8
1853	-0.519211	106.034029	0.005950	13.8
1854	-0.488766	106.001483	0.005102	14.9
1855	-0.614536	105.968964	0.004491	14.4
1856	-0.584768	105.936472	0.004717	14.1
1857	-0.684733	105.904006	0.004863	12.2
1858	-0.851499	105.871566	0.005574	13.8
1859	-0.000147	105.839153	0.000009	13.9
1860	-0.000000	105.806767	0.000000	14.8
1861	-0.088736	105.774407	0.001824	14.6
1862	-0.400063	105.742073	0.004656	13.3
1863	-0.000000	105.709766	0.000000	12.6
1864	-0.053711	105.677485	0.002518	14.2
1865	-0.374342	105.645230	0.006645	13.5
1866	-0.143737	105.613001	0.003184	13.7
1867	-0.532179	105.580799	0.004754	14.6
1868	-0.000000	105.548623	0.000000	13.9
1869	-0.500649	105.516473	0.003556	14.8
1870	-0.676107	105.484349	0.006769	14.3
1871	-0.650366	105.452251	0.005082	14.2
1872	-0.777173	105.420179	0.004465	14.2
1873	-0.767546	105.388133	0.005358	13.9
1874	-0.818954	105.356113	0.007185	14.3
1875	-0.009818	105.324119	0.000237	14.1
1876	-0.000152	105.292151	0.000015	12.2
1877	-0.000000	105.260209	0.000000	14.4
1878	-0.177181	105.228293	0.003406	13.5
1879	-0.656291	105.196402	0.005158	12.7
1880	-0.799695	105.164537	0.005870	13.0
1881	-0.770020	105.132698	0.005193	12.6
1882	-0.680616	105.100885	0.004961	14.2
1883	-0.607651	105.069097	0.004663	13.9
1884	-0.515336	105.037335	0.004171	12.5
1885	-0.751051	105.005598	0.004977	12.5
1886	-0.045735	104.973887	0.001510	12.7
1887	-0.669814	104.942202	0.006694	12.1
1888	-0.294836	104.910542	0.003506	15.4
1889	-0.452487	104.878907	0.005518	14.6
1890	-0.000000	104.847298	0.000000	14.7
1891	-0.308170	104.815715	0.003109	14.6
1892	-0.575626	104.784156	0.004495	13.0
1893	-0.528094	104.752623	0.005525	12.3
1894	-0.281992	104.721116	0.002052	13.1
1895	-0.000928	104.689633	0.000064	15.9
1896	-0.753502	104.658176	0.006023	14.3
1897	-0.372417	104.626744	0.004951	12.4
1898	-0.000119	104.595337	0.000004	14.3
1899	-0.714220	104.563955	0.006663	13.2
1900	-0.628970	104.532599	0.005752	13.7
1901	-0.402027	104.501267	0.003615	13.9
1902	-0.685851	104.469960	0.006891	13.4
1903	-0.914769	104.438679	0.005883	12.7
1904	-1.028590	104.407422	0.007071	12.4
1905	-0.415716	104.376191	0.005225	13.3
1906	-0.096859	104.344984	0.001442	15.2
1907	-0.390711	104.313802	0.003263	13.8
1908	-0.600368	104.282645	0.005085	13.9
1909	-0.617346	104.251513	0.005747	12.3
1910	-0.000000	104.220405	0.000000	12.3
1911	-0.000000	104.189323	0.000000	13.7
1912	-0.272920	104.158265	0.004542	13.8
1913	-0.000000	104.127231	0.000000	12.4
1914	-0.000000	104.096222	0.000000	14.2
1915	-0.000000	104.065238	0.000000	12.8
1916	-0.354738	104.034279	0.004480	13.5
1917	-0.356228	104.003344	0.003082	13.5
1918	-0.000000	103.972433	0.000000	13.9
1919	-0.002419	103.941547	0.000062	12.5
1920	-0.036275	103.910686	0.000731	12.2
1921	-0.000000	103.879849	0.000000	13.1
1922	-0.378583	103.849036	0.005477	14.6
1923	-0.582305	103.818248	0.008077	13.6
1924	-0.149950	103.787484	0.001611	12.4
1925	-0.654784	103.756744	0.005531	12.0
1926	-0.000000	103.726029	0.000000	13.2
1927	-0.045756	103.695338	0.000986	14.2
1928	-0.661766	103.664671	0.003450	13.1
1929	-0.763607	103.634028	0.005925	12.4
1930	-0.898717	103.603409	0.007778	13.0
1931	-0.947583	103.572814	0.005459	12.7
1932	-0.007744	103.542244	0.000213	14.7
1933	-0.018741	103.511698	0.000202	13.8
1934	-0.000000	103.481175	0.000000	12.6
1935	-0.240668	103.450677	0.003561	13.1
1936	-0.605211	103.420202	0.004630	12.6
1937	-0.000000	103.389752	0.000000	15.0
1938	-0.350366	103.359325	0.004966	13.7
1939	-0.000000	103.328922	0.000000	12.6
1940	-0.005990	103.298543	0.000197	12.2
1941	-0.818706	103.268188	0.005366	13.2
1942	-0.892470	103.237857	0.005159	13.7
1943	-0.041006	103.207549	0.002246	14.5
1944	-0.862324	103.177265	0.006412	13.1
1945	-0.275128	103.147005	0.002628	12.2
1946	-0.046098	103.116768	0.001178	13.0
1947	-0.003506	103.086556	0.000056	13.8
1948	-0.136238	103.056366	0.001668	12.6
1949	-0.000000	103.026200	0.000000	13.2
1950	-0.575069	102.996058	0.004562	12.2
1951	-0.510664	102.965939	0.004119	13.7
1952	-0.509487	102.935844	0.006224	14.2
1953	-0.000000	102.905772	0.000000	14.4
1954	-0.524266	102.875724	0.003921	13.8
1955	-0.584515	102.845699	0.005412	12.5
1956	-0.478979	102.815697	0.002918	14.0
1957	-0.348848	102.785719	0.004503	14.0
1958	-0.744667	102.755764	0.006357	13.2
1959	-0.000000	102.725832	0.000000	14.1
1960	-0.873386	102.695924	0.005619	13.0
1961	-0.003108	102.666038	0.000062	12.5
1962	-0.897934	102.636176	0.006697	15.3
1963	-0.582939	102.606337	0.005269	14.1
1964	-0.771377	102.576521	0.005603	14.7
1965	-0.048957	102.546728	0.000427	19.1
1966	-0.270608	102.516959	0.003082	16.0
1967	-0.626325	102.487212	0.006044	14.2
1968	-0.000000	102.457488	0.000000	18.9
1969	-0.842545	102.427788	0.004788	14.4
1970	-0.657847	102.398110	0.004685	17.6
1971	-0.000000	102.368455	0.000000	14.2
1972	-0.793806	102.338823	0.003548	17.2
1973	-0.656666	102.309214	0.006688	16.0
1974	-0.626754	102.279628	0.006023	21.1
1975	-0.001917	102.250064	0.000053	15.0
1976	-0.543808	102.220524	0.006420	16.5
1977	-0.585735	102.191006	0.004838	16.2
1978	-0.842253	102.161511	0.005470	17.1
1979	-0.000000	102.132038	0.000000	14.5
1980	-0.000027	102.102588	0.000001	16.6
1981	-0.409019	102.073161	0.005540	16.8
1982	-0.000000	102.043757	0.000000	16.7
1983	-0.897134	102.014375	0.006292	16.3
1984	-0.000000	101.985015	0.000000	15.3
1985	-0.006028	101.955678	0.000144	18.7
1986	-0.755063	101.926364	0.005518	16.9
1987	-0.000000	101.897072	0.000000	16.5
1988	-0.006764	101.867802	0.001129	14.9
1989	-0.158300	101.838555	0.001502	17.5
1990	-0.035117	101.809330	0.000485	16.1
1991	-0.000138	101.780128	0.000008	17.0
1992	-0.966659	101.750948	0.007487	16.4
1993	-0.000000	101.721790	0.000000	17.3
1994	-0.008611	101.692654	0.000703	16.1
1995	-0.532877	101.663541	0.004802	16.4
1996	-0.700244	101.634450	0.006757	14.7
1997	-0.000000	101.605381	0.000000	18.0
1998	-0.708500	101.576335	0.004178	16.4
1999	-0.000000	101.547310	0.000000	17.0
