1:ItNr	2:Metric	3:StepSize	4:||Gradient||	Time[ms]
0	-0.085759	627.201626	0.001920	1344.7
1	-0.909834	623.504937	0.017753	9.1
2	-0.000000	619.865785	0.000000	10.6
3	-0.545902	616.282728	0.012900	9.9
4	-0.000000	612.754375	0.000000	8.5
5	-0.015995	609.279381	0.001306	10.2
6	-1.027452	605.856447	0.004702	8.1
7	-0.419820	602.484317	0.008006	9.0
8	-0.258539	599.161779	0.003834	10.2
9	-0.000000	595.887656	0.000000	7.7
10	-0.624990	592.660813	0.008404	9.9
11	-0.007656	589.480151	0.001136	11.3
12	-0.368298	586.344606	0.006091	9.2
13	-0.521756	583.253145	0.011629	10.4
14	-0.385540	580.204771	0.005491	8.7
15	-0.000000	577.198517	0.000000	11.4
16	-0.752153	574.233444	0.020144	8.4
17	-0.675724	571.308645	0.011910	11.0
18	-0.000027	568.423237	0.000003	10.3
19	-0.590282	565.576365	0.011939	9.1
20	-0.032693	562.767201	0.000824	11.3
21	-0.003674	559.994938	0.000155	10.7
22	-0.976567	557.258797	0.013665	9.6
23	-0.564061	554.558018	0.008574	12.4
24	-0.632561	551.891865	0.008315	8.8
25	-1.002207	549.259621	0.015260	9.9
26	-0.600864	546.660592	0.006628	10.3
27	-0.581764	544.094102	0.008981	10.0
28	-0.051269	541.559494	0.000544	10.8
29	-0.001661	539.056129	0.000184	9.9
30	-0.606572	536.583387	0.009345	9.1
31	-0.370429	534.140663	0.014153	9.0
32	-0.290365	531.727370	0.002957	10.8
33	-1.104460	529.342935	0.013740	11.0
34	-0.970358	526.986802	0.013018	10.7
35	-1.062505	524.658430	0.011995	10.0
36	-0.252251	522.357290	0.008517	11.5
37	-0.423602	520.082868	0.005658	10.3
38	-0.326508	517.834665	0.007830	9.6
39	-0.000000	515.612193	0.000000	11.4
40	-0.927733	513.414976	0.010814	9.1
41	-0.755108	511.242551	0.009688	10.0
42	-0.993211	509.094468	0.015422	10.2
43	-0.729246	506.970285	0.012809	9.5
44	-0.125666	504.869574	0.000730	11.9
45	-0.383281	502.791916	0.007816	9.3
46	-0.036719	500.736903	0.001000	9.5
47	-1.064427	498.704137	0.009084	10.9
48	-0.647296	496.693228	0.004133	8.5
49	-0.697743	494.703798	0.002603	10.4
50	-0.000000	492.735476	0.000000	9.4
51	-0.385274	490.787900	0.007752	9.7
52	-0.874954	488.860718	0.022406	10.7
53	-1.051405	486.953585	0.010713	8.4
54	-0.519198	485.066164	0.007117	11.5
55	-0.590937	483.198126	0.011666	9.7
56	-0.466185	481.349149	0.017336	9.5
57	-0.678382	479.518920	0.020408	8.7
58	-0.350755	477.707132	0.003155	8.2
59	-0.353137	475.913485	0.005964	11.6
60	-0.000468	474.137684	0.000026	8.5
61	-1.123101	472.379445	0.012358	9.0
62	-0.000000	470.638485	0.000000	9.8
63	-0.859117	468.914531	0.011374	9.3
64	-1.061499	467.207315	0.015877	9.1
65	-0.561750	465.516573	0.016555	8.2
66	-0.000000	463.842050	0.000000	11.6
67	-0.468938	462.183494	0.005394	8.4
68	-0.911124	460.540658	0.021576	9.0
69	-0.000150	458.913303	0.000001	9.7
70	-0.813994	457.301192	0.018693	9.4
71	-0.570465	455.704096	0.018643	8.8
72	-0.726860	454.121787	0.004925	8.6
73	-0.000654	452.554045	0.000016	10.8
74	-0.000000	451.000653	0.000000	10.5
75	-0.898054	449.461399	0.008543	9.8
76	-0.000000	447.936075	0.000000	11.2
77	-0.429188	446.424477	0.002553	8.4
78	-0.000000	444.926406	0.000000	11.6
79	-0.291045	443.441666	0.003188	10.6
80	-0.771017	441.970065	0.018239	8.8
81	-0.244906	440.511415	0.001993	11.5
82	-0.831489	439.065533	0.006416	9.4
83	-0.000000	437.632238	0.000000	9.5
84	-0.832277	436.211351	0.003885	10.8
85	-0.276949	434.802701	0.004371	7.8
86	-0.206290	433.406117	0.004656	11.4
87	-0.536411	432.021430	0.011782	8.9
88	-0.860768	430.648479	0.008731	10.5
89	-0.000000	429.287101	0.000000	10.1
90	-0.636354	427.937140	0.016793	9.7
91	-1.132406	426.598440	0.008146	8.1
92	-0.686609	425.270849	0.009252	9.9
93	-1.265618	423.954220	0.015093	9.6
94	-0.624114	422.648404	0.007900	7.9
95	-0.863895	421.353259	0.011763	9.9
96	-0.503085	420.068643	0.007155	8.9
97	-0.507760	418.794419	0.007010	8.3
98	-0.097922	417.530451	0.001262	9.0
99	-0.000000	416.276604	0.000000	9.8
100	-1.057982	415.032748	0.007354	9.7
101	-0.396616	413.798754	0.007403	10.3
102	-0.647184	412.574495	0.008871	11.3
103	-0.844529	411.359849	0.007950	11.0
104	-0.772994	410.154691	0.008451	8.4
105	-1.093820	408.958904	0.009060	9.2
106	-0.634984	407.772368	0.013468	8.6
107	-0.642437	406.594968	0.020254	11.3
108	-0.364766	405.426590	0.012650	8.5
109	-0.773789	404.267122	0.009672	8.9
110	-0.000000	403.116456	0.000000	10.9
111	-0.000000	401.974481	0.000000	8.5
112	-0.237483	400.841093	0.002755	8.8
113	-0.665061	399.716187	0.007645	8.1
114	-1.041227	398.599660	0.006554	9.9
115	-0.643250	397.491411	0.002356	11.2
116	-0.382570	396.391342	0.002211	9.4
117	-0.000000	395.299353	0.000000	9.1
118	-0.999152	394.215350	0.008915	9.1
119	-0.801996	393.139238	0.014256	10.6
120	-0.541130	392.070924	0.010370	10.1
121	-0.000000	391.010316	0.000000	9.3
122	-0.644872	389.957325	0.012137	10.9
123	-0.000000	388.911862	0.000000	8.1
124	-1.049073	387.873839	0.025160	8.7
125	-0.796133	386.843173	0.013239	8.2
126	-0.554721	385.819777	0.008814	9.8
127	-0.765574	384.803569	0.005348	12.0
128	-0.746512	383.794468	0.004613	8.7
129	-0.734587	382.792393	0.008684	10.9
130	-0.107104	381.797264	0.003935	8.4
131	-0.726070	380.809005	0.009478	8.9
132	0.000000	379.827537	0.000000	8.4
133	-0.759542	378.852786	0.009324	10.0
134	-0.796673	377.884678	0.008172	12.2
135	-0.213650	376.923138	0.002672	9.2
136	-0.430222	375.968095	0.003624	11.9
137	-0.039059	375.019479	0.000624	12.6
138	-0.383624	374.077218	0.004379	9.2
139	-0.740320	373.141244	0.004779	11.0
140	-0.000000	372.211489	0.000000	10.1
141	-0.024035	371.287887	0.001255	9.3
142	-0.199952	370.370370	0.004658	11.5
143	-1.152368	369.458876	0.012285	8.2
144	-0.101808	368.553338	0.000995	9.1
145	-0.368183	367.653696	0.007047	8.7
146	-0.044097	366.759885	0.000836	11.3
147	-0.542431	365.871846	0.005336	10.1
148	-0.983484	364.989518	0.005575	7.6
149	-0.415740	364.112841	0.006639	7.8
150	-0.746769	363.241757	0.017136	7.7
151	-0.934717	362.376208	0.007808	8.4
152	-0.003546	361.516137	0.000363	7.4
153	-0.761117	360.661488	0.005865	8.3
154	-0.921278	359.812206	0.015417	7.8
155	-0.067672	358.968236	0.000982	10.7
156	-0.325017	358.129524	0.009364	12.7
157	-0.705477	357.296018	0.010764	12.1
158	-0.232013	356.467665	0.002460	13.3
159	-0.149338	355.644414	0.002634	13.4
160	-0.147226	354.826213	0.001958	13.9
161	-1.152862	354.013012	0.013361	13.1
162	-0.000273	353.204763	0.000030	13.1
163	-0.000000	352.401415	0.000000	10.9
164	-1.019424	351.602922	0.017977	10.5
165	-1.023188	350.809235	0.012818	13.3
166	-0.190608	350.020308	0.001798	13.9
167	-0.882148	349.236095	0.011037	14.0
168	-0.022504	348.456550	0.000318	14.3
169	-1.073010	347.681627	0.010391	14.5
170	-0.000000	346.911283	0.000000	15.9
171	-0.815743	346.145474	0.010500	9.9
172	-1.150797	345.384157	0.005428	10.9
173	-0.389133	344.627288	0.004755	9.7
174	-0.950125	343.874826	0.019802	10.4
175	-1.072889	343.126729	0.013405	12.8
176	-1.011803	342.382957	0.009215	10.6
177	-1.123626	341.643469	0.007246	8.4
178	-0.548930	340.908224	0.003872	9.9
179	-0.515584	340.177184	0.003743	13.7
180	-0.168023	339.450309	0.002016	13.4
181	-0.246699	338.727561	0.002470	10.9
182	-0.852965	338.008902	0.010915	12.4
183	-0.677512	337.294295	0.004306	13.1
184	-1.013531	336.583703	0.012580	13.1
185	-1.056065	335.877089	0.017763	10.2
186	-0.987676	335.174416	0.005913	9.7
187	-0.075567	334.475651	0.001219	12.4
188	-0.488100	333.780756	0.016220	12.0
189	-0.629026	333.089698	0.008162	9.2
190	-0.991234	332.402443	0.005993	8.7
191	-0.000000	331.718955	0.000000	9.2
192	-0.941609	331.039203	0.015707	12.7
193	-0.000000	330.363153	0.000000	11.1
194	-0.210842	329.690771	0.003021	8.3
195	-0.512691	329.022027	0.012349	9.1
196	-0.993942	328.356888	0.019660	10.4
197	-0.001001	327.695322	0.000113	8.9
198	-0.174397	327.037299	0.001962	14.0
199	-1.141130	326.382787	0.010081	12.6
200	-0.408708	325.731758	0.004155	11.4
201	-0.048734	325.084179	0.000912	14.1
202	-0.080614	324.440023	0.001001	14.4
203	-0.000000	323.799258	0.000000	8.1
204	-0.859681	323.161858	0.007082	9.7
205	-0.068696	322.527792	0.000721	9.1
206	-0.513102	321.897034	0.005993	9.3
207	-0.000157	321.269554	0.000041	10.7
208	-0.985932	320.645325	0.017198	11.0
209	-0.523372	320.024320	0.010674	12.8
210	-1.083148	319.406512	0.023792	12.4
211	-0.934400	318.791875	0.014371	12.3
212	-1.124568	318.180381	0.015396	8.2
213	-1.057323	317.572005	0.016532	8.7
214	-0.000000	316.966721	0.000000	8.9
215	-0.045767	316.364504	0.000610	11.2
216	-0.000008	315.765329	0.000000	10.4
217	-0.221928	315.169170	0.002800	9.5
218	-0.012399	314.576003	0.000295	10.2
219	-0.003127	313.985804	0.000022	12.5
220	-1.055707	313.398548	0.008637	13.0
221	-0.634583	312.814213	0.016408	12.2
222	-0.420058	312.232773	0.004073	9.7
223	-1.045468	311.654207	0.010693	10.9
224	-0.187263	311.078491	0.002950	10.9
225	-0.000000	310.505602	0.000000	12.6
226	-0.789871	309.935518	0.008858	10.2
227	-0.000000	309.368217	0.000000	12.3
228	-1.095914	308.803676	0.015774	10.3
229	-0.666141	308.241874	0.019949	10.8
230	-0.104893	307.682789	0.002639	11.8
231	-0.000013	307.126400	0.000002	13.5
232	-0.068529	306.572687	0.001036	9.9
233	-0.633176	306.021627	0.010380	8.5
234	-0.170160	305.473201	0.002571	8.6
235	-0.610995	304.927388	0.006445	11.9
236	-1.141434	304.384168	0.020452	9.1
237	-0.198203	303.843521	0.003389	8.2
238	-0.269380	303.305427	0.005332	10.5
239	-0.386050	302.769867	0.005213	10.9
240	-0.024381	302.236821	0.000845	8.1
241	-0.418845	301.706270	0.010716	10.3
242	-0.882442	301.178196	0.005104	8.1
243	-0.599996	300.652580	0.005867	8.9
244	-0.394302	300.129402	0.002057	8.3
245	-0.631853	299.608645	0.008801	8.8
246	-0.778880	299.090291	0.009691	7.7
247	-1.168638	298.574321	0.015192	10.5
248	-0.000011	298.060718	0.000004	13.2
249	-0.000000	297.549465	0.000000	12.6
250	-0.069801	297.040543	0.000695	10.1
251	-0.525241	296.533936	0.012165	11.3
252	-0.238265	296.029626	0.003291	10.4
253	-0.829437	295.527597	0.004240	12.9
254	-0.000000	295.027832	0.000000	8.4
255	-0.551136	294.530315	0.008882	7.6
256	-0.765841	294.035028	0.007694	10.3
257	-0.662077	293.541956	0.003624	8.6
258	-1.025332	293.051083	0.007857	11.7
259	-1.104370	292.562393	0.008168	11.6
260	-0.000002	292.075870	0.000000	11.6
261	-0.980493	291.591498	0.007880	9.4
262	-0.704729	291.109263	0.011985	11.1
263	-0.118537	290.629149	0.001818	8.0
264	-0.073939	290.151140	0.001681	8.2
265	-0.499045	289.675222	0.009500	8.1
266	-0.862732	289.201380	0.007313	9.5
267	-0.594156	288.729600	0.007319	9.8
268	-0.078467	288.259866	0.002349	9.0
269	-0.902226	287.792165	0.007501	10.8
270	-0.631536	287.326481	0.007673	12.3
271	-0.614596	286.862802	0.008663	13.3
272	-0.198044	286.401113	0.001863	10.3
273	-0.558645	285.941400	0.006151	10.5
274	-0.621409	285.483649	0.005760	8.5
275	-0.002616	285.027847	0.000052	13.0
276	-1.074417	284.573981	0.005415	14.0
277	-0.766904	284.122037	0.005676	12.2
278	-0.460954	283.672002	0.006875	9.4
279	-0.000000	283.223863	0.000000	8.5
280	-0.954888	282.777607	0.010150	14.2
281	-0.000000	282.333221	0.000000	12.4
282	-0.229357	281.890692	0.003600	13.0
283	-0.000000	281.450008	0.000000	13.8
284	-0.666728	281.011157	0.009983	12.6
285	-0.436451	280.574125	0.003074	12.5
286	-0.756290	280.138901	0.008909	13.3
287	-0.374454	279.705473	0.013722	14.0
288	-1.211483	279.273829	0.014351	13.8
289	-0.615765	278.843956	0.007953	9.8
290	-0.264306	278.415844	0.002685	12.3
291	-0.000000	277.989479	0.000000	10.6
292	-0.866728	277.564851	0.009415	12.5
293	-1.136298	277.141949	0.013572	8.5
294	-1.045116	276.720761	0.014260	12.4
295	-1.036365	276.301275	0.010497	10.0
296	-0.000000	275.883480	0.000000	8.3
297	-0.372862	275.467366	0.010013	10.4
298	-0.666063	275.052922	0.014436	8.4
299	-0.988590	274.640136	0.015114	8.2
300	-0.097262	274.228998	0.001071	10.9
301	-1.020994	273.819497	0.014955	11.9
302	-0.616974	273.411623	0.009485	9.4
303	-0.000005	273.005365	0.000001	10.5
304	-0.313621	272.600712	0.003217	7.7
305	-0.000000	272.197655	0.000000	8.7
306	-0.000000	271.796184	0.000000	8.3
307	-0.000510	271.396287	0.000040	8.2
308	-0.003359	270.997956	0.000065	7.7
309	-0.000000	270.601180	0.000000	8.8
310	-0.000000	270.205949	0.000000	8.5
311	-0.465945	269.812254	0.007776	7.7
312	-0.557971	269.420085	0.005523	7.6
313	-0.651086	269.029432	0.005595	8.2
314	-0.000000	268.640287	0.000000	7.7
315	-0.704810	268.252638	0.017370	7.9
316	-0.377874	267.866478	0.004178	9.9
317	-0.102545	267.481796	0.000904	17.8
318	-1.133018	267.098584	0.012600	20.2
319	-0.836640	266.716833	0.006651	14.3
320	-0.190862	266.336533	0.003891	13.3
321	-0.000000	265.957676	0.000000	14.6
322	-1.116457	265.580253	0.006520	14.5
323	-0.223704	265.204254	0.001838	14.5
324	-0.930882	264.829672	0.012215	13.6
325	-0.695633	264.456497	0.007910	12.9
326	-1.120875	264.084721	0.012550	15.2
327	-0.605105	263.714335	0.004327	10.7
328	-0.000000	263.345332	0.000000	11.9
329	-0.001382	262.977702	0.000115	9.8
330	-1.052008	262.611438	0.023231	9.0
331	-0.380664	262.246531	0.002979	9.9
332	-0.698687	261.882973	0.013051	8.2
333	-0.407918	261.520756	0.011296	7.9
334	-0.842172	261.159871	0.009282	8.2
335	-0.264800	260.800312	0.002922	9.8
336	-1.326842	260.442070	0.006585	10.9
337	-0.624294	260.085137	0.008429	13.5
338	-0.217950	259.729505	0.002866	13.8
339	-0.090724	259.375167	0.000722	9.8
340	-0.000000	259.022116	0.000000	11.3
341	-0.000000	258.670343	0.000000	13.5
342	-1.124230	258.319841	0.013039	14.1
343	-0.942491	257.970602	0.012478	11.0
344	-1.064427	257.622620	0.011371	8.3
345	-0.828693	257.275887	0.012375	9.8
346	-1.061426	256.930396	0.006414	12.9
347	-0.824600	256.586139	0.007533	18.7
348	-0.000000	256.243109	0.000000	34.4
349	-0.621584	255.901300	0.007199	20.1
350	-0.095397	255.560703	0.002053	20.4
351	-0.823775	255.221313	0.008316	28.5
352	-0.720848	254.883122	0.011561	19.7
353	-0.766611	254.546124	0.010885	21.6
354	-0.001027	254.210311	0.000173	11.6
355	-0.759601	253.875677	0.007604	11.8
356	-0.523386	253.542215	0.007289	9.0
357	-1.149007	253.209918	0.010730	11.6
358	-0.000222	252.878781	0.000002	23.1
359	-0.204083	252.548795	0.001593	11.8
360	-0.001112	252.219956	0.000014	10.7
361	-0.036046	251.892255	0.000529	13.4
362	-0.956667	251.565688	0.010466	8.4
363	-1.074229	251.240247	0.007277	18.1
364	-1.036068	250.915926	0.011381	12.0
365	-0.926661	250.592720	0.009578	10.1
366	-0.035801	250.270621	0.000442	12.4
367	-0.477282	249.949624	0.009363	9.0
368	-0.038515	249.629723	0.001063	7.9
369	-0.130052	249.310911	0.004598	11.2
370	-0.518359	248.993182	0.005340	10.8
371	-0.683807	248.676531	0.007370	18.0
372	-0.000000	248.360952	0.000000	31.3
373	-0.820445	248.046438	0.009136	34.9
374	-0.000134	247.732984	0.000021	19.3
375	-0.001105	247.420584	0.000034	10.8
376	-1.115629	247.109233	0.022502	8.3
377	-0.772109	246.798924	0.009392	9.2
378	-0.000000	246.489652	0.000000	19.9
379	-0.024086	246.181412	0.000411	23.0
380	-0.000000	245.874197	0.000000	26.1
381	-1.201950	245.568002	0.010704	23.4
382	-0.862175	245.262822	0.008262	21.6
383	-0.013204	244.958652	0.000205	20.4
384	-0.538582	244.655485	0.005156	59.7
385	-0.000000	244.353317	0.000000	15.9
386	-0.486736	244.052142	0.006076	33.0
387	-0.273919	243.751955	0.002781	42.5
388	-0.224999	243.452750	0.003346	21.5
389	-0.115147	243.154523	0.001488	43.1
390	-0.586376	242.857268	0.010281	29.3
391	-1.003130	242.560980	0.011225	15.0
392	-0.205585	242.265654	0.002299	12.7
393	-0.220785	241.971285	0.003716	11.3
394	-0.051791	241.677868	0.000993	12.6
395	-0.767756	241.385397	0.009878	12.1
396	-1.010174	241.093869	0.007486	40.1
397	-0.112868	240.803278	0.001201	15.7
398	-0.441285	240.513619	0.005069	33.6
399	-0.713961	240.224887	0.008293	16.7
400	-1.046316	239.937077	0.019134	18.9
401	-0.706375	239.650186	0.006921	30.5
402	-0.901195	239.364207	0.008683	21.6
403	-0.041777	239.079136	0.001048	14.8
404	-1.006768	238.794969	0.008501	18.4
405	-0.866285	238.511701	0.025815	22.9
406	-0.162696	238.229327	0.001939	12.0
407	-0.016429	237.947843	0.000452	29.4
408	-0.000000	237.667244	0.000000	12.1
409	-0.573032	237.387526	0.001389	11.1
410	-0.695359	237.108684	0.006180	19.3
411	-0.692485	236.830714	0.009710	12.1
412	-0.250195	236.553610	0.001996	13.7
413	-0.958911	236.277370	0.017818	16.4
414	-0.889664	236.001989	0.021002	8.9
415	-0.634461	235.727461	0.008184	13.3
416	-0.867453	235.453784	0.013024	13.8
417	-0.359335	235.180952	0.003636	12.1
418	-0.039532	234.908962	0.000589	15.4
419	-0.723539	234.637809	0.007369	10.5
420	-0.592790	234.367488	0.007968	10.5
421	-0.990967	234.097997	0.013426	10.2
422	-0.246084	233.829331	0.002176	11.3
423	-0.000000	233.561485	0.000000	9.3
424	-0.518333	233.294456	0.006981	10.2
425	-0.869444	233.028239	0.012302	11.4
426	-0.020237	232.762831	0.000154	9.5
427	-0.986340	232.498228	0.010229	10.3
428	-0.610600	232.234425	0.012224	9.5
429	-1.068215	231.971419	0.009023	8.5
430	-0.704917	231.709205	0.004691	12.2
431	-0.157577	231.447781	0.001094	10.7
432	-0.907523	231.187141	0.005375	8.7
433	-0.157000	230.927283	0.001303	11.1
434	-1.038023	230.668202	0.013929	7.7
435	-0.728730	230.409895	0.007188	9.5
436	-1.005252	230.152358	0.020997	10.9
437	-0.034599	229.895587	0.002116	13.7
438	-1.197212	229.639578	0.010080	15.7
439	-0.384971	229.384329	0.005989	15.8
440	-0.059124	229.129834	0.000814	12.6
441	-0.011229	228.876091	0.000086	15.9
442	-0.025416	228.623096	0.000453	12.4
443	-0.341976	228.370846	0.001335	10.6
444	-0.514089	228.119336	0.009974	15.5
445	-0.795215	227.868563	0.008297	12.9
446	-1.093497	227.618525	0.013686	10.5
447	-0.000734	227.369216	0.000155	9.9
448	-0.185344	227.120635	0.002186	16.4
449	-0.000001	226.872777	0.000000	17.4
450	-0.003021	226.625638	0.000122	19.7
451	-0.943910	226.379217	0.006357	13.4
452	-0.341689	226.133509	0.006199	14.5
453	-0.000000	225.888510	0.000000	16.7
454	-0.257680	225.644218	0.004428	14.9
455	-0.674265	225.400630	0.008346	11.2
456	-0.000000	225.157741	0.000000	13.8
457	-0.731895	224.915549	0.013316	15.8
458	-0.618862	224.674051	0.010405	9.7
459	-0.000000	224.433242	0.000000	11.3
460	-0.120546	224.193121	0.003543	11.2
461	-1.046897	223.953684	0.006975	15.3
462	-0.841276	223.714927	0.009510	11.1
463	-0.335840	223.476848	0.005056	13.1
464	-0.000027	223.239444	0.000000	14.9
465	-1.227908	223.002710	0.012828	14.9
466	-0.000000	222.766645	0.000000	9.5
467	-0.139525	222.531245	0.004466	15.7
468	-0.515063	222.296508	0.004301	13.8
469	-1.120070	222.062429	0.011167	16.0
470	-0.487715	221.829007	0.011887	10.0
471	-0.634669	221.596238	0.013298	10.2
472	-0.914852	221.364119	0.008395	20.4
473	-0.804159	221.132647	0.008563	8.4
474	-0.772251	220.901820	0.013500	37.5
475	-1.022983	220.671634	0.018538	20.0
476	-1.046141	220.442086	0.012679	11.3
477	-0.000000	220.213174	0.000000	14.2
478	-0.099696	219.984895	0.001597	11.8
479	-0.181430	219.757246	0.002405	9.9
480	-0.987732	219.530224	0.015003	12.5
481	-0.000000	219.303826	0.000000	11.1
482	-0.000001	219.078050	0.000000	15.4
483	-0.000137	218.852893	0.000049	12.6
484	-0.567631	218.628352	0.006164	11.4
485	-0.757835	218.404424	0.010246	15.9
486	-0.000019	218.181106	0.000001	16.4
487	-0.983194	217.958397	0.008110	13.5
488	-0.685410	217.736292	0.014158	9.9
489	-0.000000	217.514790	0.000000	13.4
490	-0.000000	217.293888	0.000000	11.2
491	-0.261697	217.073584	0.003315	11.0
492	-0.040430	216.853873	0.001585	10.0
493	-0.984864	216.634755	0.004087	16.2
494	-0.000000	216.416227	0.000000	15.0
495	-1.254791	216.198285	0.012405	14.7
496	-0.587535	215.980927	0.010392	10.8
497	-0.967144	215.764151	0.012416	12.8
498	-0.431885	215.547955	0.006091	11.7
499	-0.776753	215.332335	0.005046	12.3
500	-0.272295	215.117289	0.004898	9.5
501	-0.218450	214.902815	0.003120	10.7
502	-0.000047	214.688911	0.000009	9.1
503	-0.995783	214.475573	0.005384	9.8
504	-0.529552	214.262800	0.010719	12.3
505	-0.655219	214.050588	0.007332	11.3
506	-0.462094	213.838936	0.002961	9.9
507	-0.643183	213.627842	0.008153	7.5
508	-0.018776	213.417302	0.000196	8.7
509	-0.679200	213.207314	0.003331	10.0
510	-1.092602	212.997877	0.010579	12.8
511	-0.000271	212.788987	0.000034	12.7
512	-0.606550	212.580642	0.008147	24.1
513	-1.084531	212.372841	0.013058	14.6
514	-0.000000	212.165581	0.000000	12.6
515	-0.851234	211.958859	0.006810	11.4
516	-0.555579	211.752673	0.005022	9.5
517	-0.759453	211.547021	0.008639	9.8
518	-0.599706	211.341902	0.005140	11.4
519	-0.594030	211.137311	0.009917	9.4
520	-0.170506	210.933248	0.001358	8.6
521	-0.059653	210.729710	0.000939	8.6
522	-1.059174	210.526695	0.008057	14.2
523	-0.585218	210.324200	0.007551	14.7
524	-1.147788	210.122224	0.011221	11.0
525	-0.045174	209.920765	0.000645	11.5
526	-0.000000	209.719820	0.000000	11.5
527	-0.586356	209.519387	0.010630	8.2
528	-1.012967	209.319463	0.008106	14.0
529	-0.367977	209.120048	0.003726	22.0
530	-0.944242	208.921139	0.009434	11.5
531	-0.001598	208.722733	0.000174	16.8
532	-0.242386	208.524829	0.002580	15.7
533	-0.609181	208.327425	0.005684	12.3
534	-0.619897	208.130518	0.007023	10.0
535	-0.120311	207.934107	0.001157	17.1
536	-0.793567	207.738189	0.005371	14.2
537	-0.000000	207.542762	0.000000	9.9
538	-0.702931	207.347825	0.014514	9.7
539	-1.137465	207.153376	0.012974	13.1
540	-0.227182	206.959412	0.002232	41.7
541	-0.632248	206.765932	0.008416	27.0
542	-0.000023	206.572933	0.000002	35.9
543	-0.143452	206.380414	0.001117	12.6
544	-0.000000	206.188373	0.000000	10.3
545	-0.198079	205.996807	0.001306	11.0
546	-0.618038	205.805716	0.012422	13.0
547	-0.797577	205.615096	0.008595	16.6
548	-0.477903	205.424946	0.007269	14.4
549	-0.237511	205.235265	0.002530	10.9
550	-0.447612	205.046050	0.015274	13.7
551	-0.612117	204.857299	0.007136	16.8
552	-0.609175	204.669011	0.009726	13.7
553	-0.892659	204.481184	0.008521	12.0
554	-0.880533	204.293816	0.007522	16.9
555	-0.373003	204.106905	0.004170	25.5
556	-0.641051	203.920449	0.009069	16.3
557	-0.597599	203.734447	0.006336	15.9
558	-1.068485	203.548896	0.009235	15.6
559	-0.794351	203.363795	0.009616	15.7
560	-0.154958	203.179143	0.002729	11.6
561	-1.019180	202.994937	0.005649	12.0
562	-0.281911	202.811176	0.003391	19.2
563	-0.929877	202.627857	0.004979	22.7
564	-0.001628	202.444980	0.000036	27.6
565	-1.049890	202.262543	0.009743	13.3
566	-0.646317	202.080543	0.006517	10.4
567	-1.113804	201.898979	0.009721	11.1
568	-0.001718	201.717849	0.000047	15.4
569	-0.119476	201.537153	0.001575	12.2
570	-0.467825	201.356887	0.005222	10.6
571	-0.020300	201.177050	0.000222	14.2
572	-1.105102	200.997642	0.016380	14.2
573	-0.000000	200.818659	0.000000	12.1
574	-1.050239	200.640100	0.012862	7.9
575	-0.530156	200.461965	0.010587	13.7
576	-0.762693	200.284250	0.009576	10.9
577	-0.000000	200.106955	0.000000	8.3
578	-1.100720	199.930078	0.008570	10.0
579	-0.000000	199.753617	0.000000	11.5
580	-0.641263	199.577571	0.002915	8.5
581	-0.000001	199.401938	0.000000	15.0
582	-0.000000	199.226717	0.000000	14.2
583	-0.762456	199.051905	0.005201	20.7
584	-0.855083	198.877502	0.004140	15.6
585	-0.475315	198.703506	0.006617	10.1
586	-0.890013	198.529916	0.008459	10.7
587	-0.000058	198.356729	0.000001	8.5
588	-0.637267	198.183944	0.005506	10.5
589	-0.644329	198.011560	0.006710	15.1
590	-0.919919	197.839576	0.004267	14.8
591	-0.000000	197.667989	0.000000	20.9
592	-0.238335	197.496798	0.004855	13.0
593	-0.001282	197.326002	0.000023	8.8
594	-1.063302	197.155600	0.010214	13.2
595	-0.000000	196.985589	0.000000	11.8
596	-0.017452	196.815969	0.000511	13.9
597	-0.499406	196.646738	0.005695	17.2
598	-0.586819	196.477894	0.003687	10.3
599	-0.001597	196.309436	0.000017	9.4
600	-0.951078	196.141363	0.010759	11.4
601	-1.103627	195.973673	0.004725	9.6
602	-0.168121	195.806365	0.002752	9.8
603	-0.479171	195.639437	0.004680	17.0
604	-0.587646	195.472888	0.005885	13.0
605	-0.755126	195.306717	0.013679	12.6
606	-0.631725	195.140922	0.006295	8.2
607	-0.692618	194.975501	0.008953	12.0
608	-0.733328	194.810454	0.014023	14.0
609	-0.000000	194.645779	0.000000	11.3
610	-0.591173	194.481475	0.009289	14.8
611	-0.377216	194.317540	0.005901	11.3
612	-0.000029	194.153973	0.000001	11.3
613	-0.734845	193.990773	0.008352	12.1
614	-0.775881	193.827938	0.005346	14.5
615	-0.646767	193.665467	0.007132	17.6
616	-0.065537	193.503358	0.002715	16.2
617	-0.438181	193.341611	0.009504	16.0
618	-0.000000	193.180224	0.000000	11.9
619	-0.627856	193.019196	0.007833	11.3
620	-0.544500	192.858525	0.007256	11.6
621	-0.697966	192.698210	0.005106	12.4
622	-1.077348	192.538251	0.005411	10.8
623	-0.749442	192.378644	0.009873	13.5
624	-1.057680	192.219391	0.012746	8.9
625	-0.399045	192.060488	0.004405	11.6
626	-0.556737	191.901935	0.011380	17.0
627	-0.000000	191.743730	0.000000	16.1
628	-0.673410	191.585873	0.008959	15.3
629	-0.000000	191.428362	0.000000	9.8
630	-0.249561	191.271196	0.001172	14.0
631	-0.000000	191.114374	0.000000	17.7
632	-0.907273	190.957893	0.015000	13.1
633	-0.911722	190.801755	0.013499	14.7
634	-1.074554	190.645956	0.010587	10.8
635	-0.402842	190.490495	0.007344	8.9
636	-1.108477	190.335373	0.009106	10.0
637	-1.076616	190.180587	0.007480	16.5
638	-0.000663	190.026136	0.000010	10.8
639	-0.170939	189.872019	0.001168	11.0
640	-0.894652	189.718235	0.012697	12.0
641	-0.533028	189.564782	0.009351	11.1
642	-0.177972	189.411661	0.002289	13.0
643	-0.802143	189.258868	0.009925	9.1
644	-0.988414	189.106404	0.004458	10.0
645	-0.812659	188.954267	0.010486	12.4
646	-0.000000	188.802456	0.000000	9.8
647	-1.043840	188.650969	0.008774	13.3
648	-0.585680	188.499807	0.006286	10.5
649	-0.814029	188.348967	0.006233	12.8
650	-0.000000	188.198448	0.000000	8.9
651	-0.826962	188.048250	0.013441	10.3
652	-0.862844	187.898371	0.010613	12.4
653	-0.000000	187.748810	0.000000	12.5
654	-0.697309	187.599566	0.009916	12.2
655	-0.605380	187.450638	0.009042	10.9
656	-0.300709	187.302025	0.004052	12.0
657	-0.000000	187.153725	0.000000	9.7
658	-0.001524	187.005739	0.000287	9.5
659	-0.927556	186.858064	0.016536	10.0
660	-1.032289	186.710699	0.012970	14.2
661	-1.130345	186.563645	0.005772	20.6
662	-0.542363	186.416898	0.006376	12.3
663	-0.000039	186.270459	0.000011	16.0
664	-0.000000	186.124326	0.000000	11.5
665	-0.807307	185.978499	0.003785	9.0
666	-1.058072	185.832976	0.017596	8.7
667	-0.525172	185.687756	0.002575	9.3
668	-0.968862	185.542838	0.026809	10.3
669	-1.007045	185.398222	0.004750	10.0
670	-0.714468	185.253906	0.007230	10.2
671	-0.714655	185.109889	0.007492	10.2
672	-1.214516	184.966170	0.016909	9.3
673	-0.000000	184.822748	0.000000	11.2
674	-0.516612	184.679623	0.009742	13.2
675	-0.255651	184.536792	0.003457	14.2
676	-0.000000	184.394256	0.000000	12.5
677	-0.030970	184.252013	0.000330	12.3
678	-0.481959	184.110062	0.005843	13.7
679	-0.723415	183.968403	0.004762	12.7
680	-0.772425	183.827034	0.006391	13.3
681	-1.009515	183.685954	0.005615	12.7
682	-0.111742	183.545163	0.001778	13.3
683	-0.521853	183.404658	0.007333	14.1
684	-0.745766	183.264441	0.008098	12.7
685	-0.970169	183.124509	0.006167	13.3
686	-1.061642	182.984861	0.013362	10.4
687	-0.000379	182.845497	0.000023	14.0
688	-0.945585	182.706416	0.007336	12.1
689	-0.566738	182.567616	0.011269	13.7
690	-0.573089	182.429098	0.008157	11.9
691	-0.808181	182.290859	0.003679	11.1
692	-0.944512	182.152899	0.010156	12.4
693	-0.000011	182.015217	0.000000	9.9
694	-0.234820	181.877813	0.005046	11.2
695	-0.000863	181.740684	0.000010	14.2
696	-0.000000	181.603832	0.000000	11.6
697	-0.436280	181.467253	0.004508	10.6
698	-0.000000	181.330948	0.000000	9.3
699	-0.460853	181.194916	0.010975	10.0
700	-0.000000	181.059155	0.000000	11.8
701	-0.196828	180.923666	0.003667	14.2
702	-0.000000	180.788446	0.000000	11.5
703	-0.559464	180.653496	0.009739	9.9
704	-0.765263	180.518814	0.010950	13.9
705	-0.792829	180.384399	0.007099	18.2
706	-0.984252	180.250251	0.017985	16.7
707	-0.000000	180.116369	0.000000	12.1
708	-0.000000	179.982752	0.000000	10.0
709	-0.977981	179.849398	0.007040	8.5
710	-0.083010	179.716308	0.001135	11.7
711	-0.258499	179.583480	0.003168	9.5
712	-0.662975	179.450913	0.007725	12.0
713	-0.209732	179.318607	0.002865	15.4
714	-0.000000	179.186561	0.000000	12.7
715	-0.929920	179.054774	0.009461	16.4
716	-1.155806	178.923245	0.011453	17.4
717	-0.001166	178.791973	0.000051	21.1
718	-0.075642	178.660958	0.001279	30.9
719	-1.044538	178.530199	0.007683	21.7
720	-0.626831	178.399694	0.006965	14.4
721	-0.911901	178.269444	0.012257	12.0
722	-0.926145	178.139447	0.010135	14.2
723	-0.103844	178.009702	0.001462	13.3
724	-0.851064	177.880209	0.010590	8.8
725	-0.630835	177.750967	0.009165	9.9
726	-0.485212	177.621975	0.003327	8.0
727	-0.593935	177.493232	0.011581	9.5
728	-1.205223	177.364738	0.009771	8.9
729	-0.610784	177.236492	0.005908	9.4
730	-1.051184	177.108492	0.012593	8.3
731	-0.021589	176.980739	0.000334	8.2
732	-0.543704	176.853231	0.006425	9.9
733	-0.000000	176.725968	0.000000	13.2
734	-0.675542	176.598949	0.007597	13.8
735	-1.072494	176.472173	0.004022	18.7
736	-1.043490	176.345639	0.012420	17.4
737	-0.000000	176.219348	0.000000	18.6
738	-0.000842	176.093296	0.000063	16.9
739	-0.000000	175.967486	0.000000	13.4
740	-0.925384	175.841914	0.007657	11.0
741	-0.298937	175.716581	0.002485	11.5
742	-1.023991	175.591486	0.005034	12.4
743	-0.951419	175.466629	0.023187	10.8
744	-1.199601	175.342008	0.008947	8.5
745	-0.000960	175.217622	0.000061	8.0
746	-0.002080	175.093472	0.000048	9.7
747	-0.849512	174.969556	0.008363	8.1
748	-1.036168	174.845873	0.006104	10.0
749	-0.449478	174.722423	0.008470	9.0
750	-1.120441	174.599206	0.011990	8.6
751	-0.793614	174.476220	0.007463	8.0
752	-0.402773	174.353464	0.005428	7.7
753	-0.868266	174.230939	0.009429	7.4
754	-0.703241	174.108643	0.003282	9.4
755	-0.480450	173.986576	0.002104	10.6
756	-0.005927	173.864737	0.000342	12.7
757	-0.691276	173.743124	0.007870	11.8
758	-0.000349	173.621739	0.000056	12.3
759	-0.105606	173.500579	0.001098	13.3
760	-0.002121	173.379645	0.000404	13.8
761	-0.751330	173.258935	0.006470	8.6
762	-0.892003	173.138449	0.012198	8.3
763	-0.473207	173.018186	0.004600	7.6
764	-0.524602	172.898146	0.005513	8.8
765	-0.002843	172.778327	0.000053	12.5
766	-0.006781	172.658730	0.000122	18.5
767	-0.983679	172.539353	0.007359	12.2
768	-0.300193	172.420196	0.003039	12.1
769	-0.692498	172.301258	0.006126	15.9
770	-0.344125	172.182539	0.009880	15.7
771	-0.904436	172.064037	0.005503	12.8
772	-0.543547	171.945753	0.009983	12.2
773	-0.932470	171.827686	0.008913	15.7
774	-0.579260	171.709834	0.007983	12.5
775	-0.850842	171.592198	0.008699	12.4
776	-0.636492	171.474776	0.009636	22.0
777	-0.877941	171.357568	0.013428	18.3
778	-0.410873	171.240574	0.004438	8.8
779	-0.000000	171.123793	0.000000	10.9
780	-0.238278	171.007223	0.002582	19.0
781	-0.835817	170.890865	0.012708	10.0
782	-0.673643	170.774718	0.009087	10.2
783	-0.201193	170.658782	0.002599	14.9
784	-0.404514	170.543055	0.004032	16.8
785	-1.064507	170.427537	0.008955	22.2
786	-0.497461	170.312227	0.006480	16.2
787	-1.104391	170.197125	0.010413	12.5
788	-0.766865	170.082231	0.009172	13.4
789	-0.009961	169.967543	0.000187	13.1
790	-0.386387	169.853061	0.004133	13.2
791	-1.205189	169.738784	0.007598	12.3
792	-0.000000	169.624713	0.000000	13.9
793	-0.134892	169.510845	0.002438	17.6
794	-1.215686	169.397181	0.005855	12.6
795	-0.440784	169.283720	0.002220	18.5
796	-1.119130	169.170462	0.022559	16.8
797	-0.071390	169.057405	0.001738	16.8
798	-0.303812	168.944549	0.002481	12.6
799	-0.648059	168.831895	0.011758	14.5
800	-0.859345	168.719440	0.003353	15.1
801	-1.050389	168.607185	0.009919	12.9
802	-0.265255	168.495129	0.004414	12.6
803	-0.392827	168.383271	0.007315	20.4
804	-0.000000	168.271611	0.000000	19.6
805	-0.688638	168.160148	0.006897	16.1
806	-0.198559	168.048882	0.006292	13.7
807	-0.788804	167.937812	0.006418	13.7
808	-0.046737	167.826938	0.000847	11.6
809	-0.833164	167.716258	0.017223	11.2
810	-0.000000	167.605773	0.000000	12.3
811	-0.951455	167.495482	0.016367	11.3
812	-0.400836	167.385384	0.005247	8.6
813	-0.701467	167.275479	0.011103	10.3
814	-0.519507	167.165766	0.005968	9.0
815	-0.000000	167.056245	0.000000	9.9
816	-0.246453	166.946915	0.001363	11.9
817	-0.000000	166.837776	0.000000	13.7
818	-0.002914	166.728826	0.000036	12.6
819	-0.562860	166.620067	0.006941	9.3
820	-0.702666	166.511496	0.009438	14.2
821	-0.000000	166.403113	0.000000	12.7
822	-0.000000	166.294919	0.000000	13.9
823	-0.495299	166.186912	0.006592	12.8
824	-1.098212	166.079091	0.006724	12.4
825	-0.748423	165.971458	0.005945	13.5
826	-1.013647	165.864009	0.017485	10.3
827	-0.724940	165.756747	0.011672	25.6
828	-0.916787	165.649669	0.012819	16.3
829	-0.788227	165.542775	0.012853	20.7
830	-0.001550	165.436065	0.000088	16.5
831	-0.472701	165.329538	0.006766	15.6
832	-0.487168	165.223194	0.006461	20.6
833	-1.164239	165.117032	0.003908	12.3
834	-0.463528	165.011052	0.007061	8.9
835	-0.007370	164.905253	0.000376	8.7
836	-0.670574	164.799635	0.012822	12.6
837	-0.553410	164.694197	0.011328	8.3
838	-0.001244	164.588939	0.000031	8.7
839	-0.573021	164.483859	0.011176	9.5
840	-0.505983	164.378959	0.004499	7.8
841	-1.102657	164.274237	0.005815	8.4
842	-0.077969	164.169692	0.001287	8.3
843	-0.486102	164.065325	0.006710	8.4
844	-0.000004	163.961135	0.000000	9.8
845	-0.898246	163.857120	0.006984	8.1
846	-0.992858	163.753282	0.011236	8.7
847	-1.160605	163.649619	0.005626	11.3
848	-0.115984	163.546130	0.001533	16.7
849	-1.097513	163.442816	0.010652	12.7
850	-0.007731	163.339676	0.000208	13.9
851	-0.805017	163.236709	0.009608	12.3
852	-0.868907	163.133915	0.008597	13.8
853	-0.133453	163.031294	0.002252	9.2
854	-0.968872	162.928844	0.006858	9.4
855	-0.581470	162.826566	0.011116	10.6
856	-0.435016	162.724459	0.007614	10.4
857	-0.781623	162.622523	0.009718	10.4
858	-0.512319	162.520757	0.005529	12.3
859	-0.578474	162.419160	0.005614	10.8
860	-1.081925	162.317733	0.002939	66.9
861	-0.931236	162.216474	0.008825	22.0
862	-0.787721	162.115383	0.004937	25.4
863	-1.025190	162.014461	0.012177	38.4
864	-1.233211	161.913705	0.007054	17.8
865	-0.906952	161.813117	0.007954	16.8
866	-0.000024	161.712695	0.000004	14.9
867	-0.568368	161.612439	0.008270	20.4
868	-0.451343	161.512349	0.008486	22.4
869	-0.785600	161.412424	0.008976	21.2
870	-0.953252	161.312663	0.015028	13.7
871	-0.419411	161.213067	0.003785	13.1
872	-1.040086	161.113635	0.013301	12.1
873	-0.000001	161.014366	0.000000	9.8
874	-1.003590	160.915260	0.007687	11.8
875	-0.000000	160.816316	0.000000	13.4
876	-0.000000	160.717535	0.000000	16.8
877	-1.131837	160.618915	0.019397	12.6
878	-0.831327	160.520456	0.017958	12.6
879	-0.412156	160.422158	0.003422	7.8
880	-0.783535	160.324021	0.005795	8.7
881	-1.062701	160.226043	0.012038	8.5
882	-0.766828	160.128225	0.014431	8.4
883	-0.992134	160.030566	0.011066	8.0
884	-0.000000	159.933066	0.000000	8.2
885	-0.982332	159.835723	0.009828	8.2
886	-0.802846	159.738539	0.007379	8.3
887	-0.737829	159.641512	0.010457	10.6
888	-0.759534	159.544642	0.010598	10.2
889	-0.028121	159.447929	0.000195	10.9
890	-0.631202	159.351372	0.004933	29.5
891	-0.026058	159.254971	0.000381	14.9
892	-0.836050	159.158725	0.007975	14.8
893	-0.565845	159.062634	0.008973	13.7
894	-0.450171	158.966697	0.010993	9.6
895	-0.388675	158.870915	0.005624	12.4
896	-0.429655	158.775286	0.008238	8.4
897	-0.000000	158.679811	0.000000	10.1
898	-1.017940	158.584489	0.007781	10.4
899	-0.654898	158.489319	0.008418	14.0
900	-0.000014	158.394302	0.000003	18.2
901	-0.595976	158.299436	0.007330	16.1
902	-0.233920	158.204721	0.004287	14.9
903	-0.390390	158.110158	0.003184	13.2
904	-0.000000	158.015745	0.000000	22.1
905	-0.628941	157.921482	0.008103	15.3
906	-0.962036	157.827369	0.004704	13.0
907	-0.668466	157.733406	0.007713	14.0
908	-1.013547	157.639591	0.005631	10.4
909	-0.447706	157.545925	0.006878	9.9
910	-0.000011	157.452408	0.000001	11.1
911	-0.725303	157.359038	0.014476	8.4
912	-0.000000	157.265816	0.000000	8.9
913	-0.951069	157.172741	0.010243	8.2
914	-0.554488	157.079813	0.003105	8.5
915	-0.339921	156.987031	0.004057	8.2
916	-0.698405	156.894395	0.008065	8.6
917	-0.182968	156.801904	0.001439	10.8
918	-1.078921	156.709559	0.006599	12.5
919	-1.284118	156.617359	0.010510	12.9
920	-0.290113	156.525304	0.005497	12.2
921	-0.667123	156.433392	0.003915	16.0
922	-0.449758	156.341624	0.006834	12.8
923	-0.769811	156.250000	0.010964	8.4
924	-0.993348	156.158519	0.008385	8.4
925	-0.000000	156.067180	0.000000	7.9
926	-1.036481	155.975984	0.009503	8.8
927	-0.031432	155.884930	0.000353	8.8
928	-0.924339	155.794017	0.020035	12.4
929	-0.695988	155.703246	0.011681	14.4
930	-0.496441	155.612615	0.008360	19.0
931	-0.258045	155.522125	0.004076	15.8
932	-0.805553	155.431775	0.008718	11.3
933	-0.341462	155.341565	0.003476	11.1
934	-1.163459	155.251495	0.006424	10.0
935	-0.793177	155.161563	0.007849	8.8
936	-0.970842	155.071771	0.009415	12.2
937	-0.507232	154.982117	0.006443	15.3
938	-0.795295	154.892601	0.009883	15.5
939	-0.364923	154.803222	0.005098	13.8
940	-0.605927	154.713981	0.005399	11.0
941	-0.446341	154.624878	0.006516	11.5
942	-0.000000	154.535910	0.000000	11.1
943	-0.634869	154.447080	0.005662	10.3
944	-0.000000	154.358385	0.000000	13.0
945	-0.499929	154.269826	0.004349	11.5
946	-0.894639	154.181402	0.006486	8.0
947	-0.885376	154.093114	0.011737	8.1
948	-0.742346	154.004960	0.010058	8.4
949	-1.029365	153.916940	0.007300	12.9
950	-0.401307	153.829054	0.005845	9.2
951	-0.549969	153.741303	0.008628	18.0
952	-0.427724	153.653684	0.004139	14.2
953	-0.735785	153.566198	0.010985	11.2
954	-0.178034	153.478846	0.002694	14.8
955	-0.847439	153.391625	0.006213	13.8
956	-1.020241	153.304537	0.004294	18.7
957	-1.074269	153.217580	0.008033	14.5
958	-0.015675	153.130755	0.000213	16.6
959	-0.308226	153.044061	0.002462	11.2
960	-1.094166	152.957498	0.005848	12.5
961	-0.514713	152.871065	0.008089	14.5
962	-0.084223	152.784762	0.001344	9.4
963	-0.724940	152.698589	0.008382	9.0
964	-0.716307	152.612545	0.014656	15.0
965	-0.905868	152.526631	0.004353	19.5
966	-0.000000	152.440845	0.000000	13.7
967	-0.000000	152.355188	0.000000	12.6
968	-1.046963	152.269660	0.014911	9.9
969	-0.501504	152.184259	0.008117	16.4
970	-0.815857	152.098986	0.006068	17.3
971	-0.633668	152.013840	0.008314	11.6
972	-0.675853	151.928821	0.007019	9.6
973	-1.200292	151.843928	0.020674	19.4
974	-0.000000	151.759163	0.000000	20.2
975	-0.361453	151.674523	0.003267	8.9
976	-1.201758	151.590009	0.009786	11.3
977	-0.527099	151.505620	0.003272	12.4
978	-0.537362	151.421357	0.005147	9.0
979	-0.750824	151.337218	0.009502	13.9
980	-0.000006	151.253204	0.000002	12.1
981	-1.167965	151.169314	0.007031	10.4
982	-0.535855	151.085549	0.012025	11.0
983	-0.528820	151.001907	0.004070	9.7
984	-0.000000	150.918388	0.000000	15.3
985	-0.751912	150.834992	0.009333	11.2
986	-0.000000	150.751719	0.000000	8.8
987	-0.315262	150.668569	0.002985	15.9
988	-0.055836	150.585541	0.001957	13.1
989	-0.175654	150.502634	0.001335	11.6
990	-0.922267	150.419849	0.008986	18.9
991	-0.000172	150.337186	0.000062	12.4
992	-0.916865	150.254644	0.009123	10.0
993	-0.103814	150.172222	0.001776	10.3
994	-1.050096	150.089921	0.004333	11.6
995	-1.075515	150.007740	0.010765	8.7
996	-0.514845	149.925679	0.005121	8.7
997	-1.097724	149.843737	0.005677	8.1
998	-0.013501	149.761915	0.000357	11.7
999	-0.549402	149.680212	0.004759	8.4
1000	-1.042149	149.598627	0.006222	10.3
1001	-1.097960	149.517161	0.007161	11.0
1002	-0.904344	149.435814	0.014642	8.5
1003	-0.576011	149.354584	0.006438	10.4
1004	-1.093091	149.273472	0.005663	8.1
1005	0.000000	149.192477	0.000000	18.3
1006	-0.948472	149.111599	0.006249	12.9
1007	-0.000000	149.030838	0.000000	12.5
1008	-0.953181	148.950194	0.005395	9.3
1009	-1.169845	148.869666	0.003576	11.2
1010	-0.000000	148.789253	0.000000	8.6
1011	-0.740092	148.708957	0.006810	10.9
1012	-0.449251	148.628776	0.010689	10.5
1013	-0.969071	148.548710	0.005991	13.0
1014	-0.751256	148.468759	0.008913	16.0
1015	-0.000000	148.388923	0.000000	12.6
1016	-0.589573	148.309201	0.005475	11.6
1017	-0.749463	148.229594	0.005174	7.7
1018	-0.580345	148.150100	0.006508	11.4
1019	-0.975106	148.070719	0.009351	14.1
1020	-0.739082	147.991452	0.005180	10.2
1021	-0.990130	147.912298	0.007383	11.0
1022	-0.788169	147.833257	0.007221	11.0
1023	-0.000006	147.754329	0.000000	13.7
1024	-0.993754	147.675512	0.005591	17.9
1025	-0.000000	147.596808	0.000000	17.9
1026	-0.095743	147.518216	0.001318	12.2
1027	-0.543859	147.439735	0.008127	15.1
1028	-0.924652	147.361365	0.010523	16.6
1029	-0.634818	147.283106	0.007281	13.6
1030	-0.583006	147.204958	0.008143	13.2
1031	-0.890005	147.126920	0.005908	14.4
1032	-1.128514	147.048993	0.015824	11.3
1033	-0.672563	146.971175	0.009682	12.2
1034	-0.749646	146.893468	0.007718	14.0
1035	-0.936852	146.815869	0.006983	11.9
1036	-0.591588	146.738380	0.007413	11.1
1037	-0.782400	146.661000	0.007350	11.8
1038	-0.000054	146.583729	0.000002	13.5
1039	-0.000000	146.506566	0.000000	13.0
1040	-0.755693	146.429511	0.010081	12.7
1041	-0.257466	146.352565	0.001803	17.3
1042	-0.575570	146.275726	0.010648	14.8
1043	-0.525307	146.198994	0.007770	12.8
1044	-0.000011	146.122370	0.000003	9.4
1045	-1.018196	146.045853	0.007317	8.2
1046	-0.621593	145.969442	0.007543	8.5
1047	-0.766053	145.893139	0.008900	8.5
1048	-0.000000	145.816941	0.000000	8.5
1049	-0.000000	145.740849	0.000000	8.3
1050	-0.051376	145.664863	0.000751	8.3
1051	-0.748960	145.588983	0.008317	8.4
1052	-0.970382	145.513208	0.003816	9.3
1053	-0.000002	145.437538	0.000000	12.9
1054	-0.000000	145.361973	0.000000	12.4
1055	-1.103767	145.286513	0.012902	15.0
1056	-1.150711	145.211157	0.010565	18.6
1057	-0.623209	145.135905	0.006461	12.7
1058	-0.795084	145.060757	0.010724	13.1
1059	-0.065718	144.985712	0.000684	12.6
1060	-0.509244	144.910771	0.006260	13.3
1061	-0.950139	144.835934	0.013122	12.9
1062	-1.159797	144.761199	0.005683	12.5
1063	-0.868892	144.686567	0.008875	12.9
1064	-0.320256	144.612037	0.003828	12.0
1065	-0.276149	144.537610	0.002567	13.4
1066	-0.040579	144.463285	0.000534	25.1
1067	0.000000	144.389062	0.000000	25.3
1068	-0.354414	144.314940	0.005133	8.6
1069	-0.117719	144.240920	0.003016	12.4
1070	-0.467134	144.167001	0.005369	12.0
1071	-0.808086	144.093182	0.006513	11.0
1072	-0.000000	144.019465	0.000000	8.9
1073	-0.542223	143.945848	0.008067	9.1
1074	-0.386689	143.872331	0.001672	13.3
1075	-0.063184	143.798914	0.000622	14.9
1076	-0.006342	143.725597	0.000057	11.2
1077	-0.974554	143.652380	0.009450	9.4
1078	-0.671205	143.579262	0.008995	9.0
1079	-0.732269	143.506243	0.010074	9.9
1080	-0.050516	143.433323	0.001114	9.7
1081	-0.773957	143.360502	0.001873	8.6
1082	-0.682350	143.287780	0.005552	12.9
1083	-1.089056	143.215155	0.011150	17.1
1084	-1.035852	143.142629	0.009686	14.7
1085	-1.035118	143.070201	0.012735	12.6
1086	-0.009079	142.997870	0.000096	13.4
1087	-0.536523	142.925637	0.007828	16.5
1088	-0.036420	142.853501	0.002086	13.2
1089	-1.198232	142.781462	0.008515	12.6
1090	-1.180908	142.709519	0.011247	14.1
1091	-0.000000	142.637674	0.000000	14.7
1092	-0.634062	142.565924	0.011706	13.4
1093	-0.678071	142.494271	0.005624	13.8
1094	-0.967341	142.422714	0.007923	14.2
1095	-1.194896	142.351252	0.010733	16.6
1096	-1.093381	142.279886	0.013311	12.4
1097	-0.899709	142.208616	0.012990	14.0
1098	-0.468374	142.137440	0.006999	19.2
1099	-0.435381	142.066360	0.003685	13.7
1100	-0.000000	141.995374	0.000000	13.1
1101	-1.184153	141.924483	0.025245	12.4
1102	-1.133618	141.853685	0.012757	12.9
1103	-0.000000	141.782983	0.000000	13.7
1104	-0.930856	141.712373	0.007933	13.6
1105	-0.061155	141.641858	0.000427	13.0
1106	-1.090793	141.571436	0.011487	13.9
1107	-0.467748	141.501108	0.005044	14.5
1108	-0.616900	141.430872	0.009313	13.6
1109	-0.855158	141.360730	0.015220	14.9
1110	-1.115368	141.290680	0.009096	13.5
1111	-0.783026	141.220722	0.010025	14.5
1112	-0.000000	141.150857	0.000000	14.4
1113	-0.696857	141.081084	0.009037	11.1
1114	-0.479998	141.011403	0.004041	14.0
1115	-0.700414	140.941813	0.010301	11.7
1116	-0.086433	140.872315	0.001085	14.0
1117	-0.479663	140.802909	0.004872	12.1
1118	-0.192029	140.733593	0.001660	12.3
1119	-1.096554	140.664369	0.009100	10.5
1120	-0.035066	140.595235	0.000422	10.8
1121	-1.210776	140.526192	0.008444	9.8
1122	-0.810199	140.457239	0.005292	9.3
1123	-0.989762	140.388376	0.009141	10.2
1124	-0.951235	140.319603	0.006626	19.0
1125	-0.718965	140.250920	0.009290	13.4
1126	-0.006319	140.182326	0.000186	13.5
1127	-1.152973	140.113822	0.008067	13.0
1128	-0.648363	140.045407	0.008892	14.4
1129	-0.807743	139.977081	0.012004	13.3
1130	-0.000028	139.908844	0.000008	9.4
1131	-1.244304	139.840696	0.006747	9.3
1132	-0.000000	139.772635	0.000000	9.9
1133	-0.000000	139.704664	0.000000	9.2
1134	-1.010429	139.636780	0.011412	12.7
1135	-0.000000	139.568984	0.000000	12.8
1136	-1.173773	139.501276	0.006739	17.4
1137	-1.087413	139.433655	0.005885	12.7
1138	-0.825309	139.366122	0.004998	12.7
1139	-1.223529	139.298676	0.012022	13.1
1140	-0.676541	139.231317	0.010996	10.4
1141	-0.000000	139.164045	0.000000	8.5
1142	-0.000000	139.096859	0.000000	11.8
1143	-0.047961	139.029760	0.001287	10.6
1144	-0.668501	138.962747	0.009250	11.0
1145	-1.027190	138.895820	0.007767	10.0
1146	-0.864630	138.828978	0.010795	8.6
1147	-0.000000	138.762223	0.000000	9.1
1148	-0.000000	138.695553	0.000000	13.8
1149	-0.000000	138.628969	0.000000	13.0
1150	-0.021274	138.562469	0.000854	13.3
1151	-0.117533	138.496055	0.001761	12.6
1152	-0.056781	138.429725	0.000415	12.4
1153	-0.201571	138.363481	0.002836	12.4
1154	-0.805399	138.297320	0.006891	12.4
1155	-0.000113	138.231244	0.000018	10.3
1156	-0.309280	138.165252	0.002458	12.6
1157	-0.836681	138.099344	0.008851	12.7
1158	-0.162657	138.033520	0.002606	13.7
1159	-0.527480	137.967779	0.008000	12.5
1160	-0.425074	137.902122	0.003785	14.1
1161	-0.000003	137.836548	0.000001	12.1
1162	-0.848999	137.771057	0.007800	8.6
1163	-0.721096	137.705649	0.011313	12.0
1164	-0.886581	137.640324	0.021383	10.6
1165	-0.849448	137.575081	0.013984	10.7
1166	-0.000000	137.509921	0.000000	9.2
1167	-0.587271	137.444842	0.005759	11.1
1168	-0.623326	137.379846	0.007018	13.3
1169	-0.507912	137.314932	0.004804	9.9
1170	-0.000000	137.250100	0.000000	10.2
1171	-0.000000	137.185349	0.000000	13.5
1172	-0.079242	137.120680	0.001002	17.2
1173	-0.487146	137.056092	0.009459	16.6
1174	-0.997482	136.991585	0.006321	12.3
1175	-0.663752	136.927158	0.006372	12.9
1176	-0.768903	136.862813	0.009417	10.4
1177	-0.041478	136.798548	0.001180	9.5
1178	-0.231134	136.734363	0.003051	10.9
1179	-0.782856	136.670259	0.010827	11.4
1180	-0.217880	136.606235	0.002620	13.7
1181	-1.151831	136.542291	0.006410	12.6
1182	-0.093619	136.478426	0.001044	12.7
1183	-0.000000	136.414641	0.000000	11.4
1184	-0.902610	136.350936	0.011906	9.1
1185	-0.000001	136.287310	0.000000	11.7
1186	-1.072427	136.223763	0.012326	12.0
1187	-1.023753	136.160295	0.015315	13.5
1188	-0.550035	136.096905	0.009566	10.2
1189	-0.000000	136.033594	0.000000	11.7
1190	-1.229187	135.970362	0.016346	20.0
1191	-0.425634	135.907208	0.006758	11.2
1192	-0.872630	135.844133	0.009764	8.6
1193	-0.029223	135.781135	0.000723	9.3
1194	-1.172185	135.718215	0.010354	8.3
1195	-0.000201	135.655373	0.000007	7.9
1196	-0.194013	135.592608	0.002141	9.0
1197	-0.187839	135.529921	0.002737	8.2
1198	-0.000000	135.467311	0.000000	7.9
1199	-0.654506	135.404778	0.009843	9.6
1200	-0.409035	135.342322	0.004388	8.3
1201	-0.323032	135.279942	0.003395	11.0
1202	-0.687374	135.217640	0.008206	11.7
1203	-1.071429	135.155413	0.024309	16.1
1204	-0.757676	135.093263	0.009639	16.4
1205	-1.077646	135.031190	0.009759	14.5
1206	-0.724596	134.969192	0.009109	18.2
1207	-0.028456	134.907270	0.000500	14.0
1208	-1.128751	134.845424	0.006612	12.7
1209	-0.495516	134.783653	0.010107	12.5
1210	-0.765349	134.721958	0.006567	12.4
1211	-1.337711	134.660338	0.006337	12.1
1212	-0.001538	134.598793	0.000231	12.7
1213	-0.790579	134.537323	0.005026	9.3
1214	-0.464459	134.475927	0.009482	9.6
1215	-0.903019	134.414607	0.006627	12.0
1216	-0.000465	134.353361	0.000043	12.6
1217	-0.552612	134.292189	0.007921	13.3
1218	-1.067610	134.231092	0.008691	12.8
1219	-0.564839	134.170068	0.005002	10.0
1220	-1.004058	134.109119	0.009979	12.1
1221	-0.999244	134.048243	0.010146	10.6
1222	-1.023531	133.987441	0.007078	8.7
1223	-0.452447	133.926713	0.006722	8.4
1224	-0.603921	133.866057	0.004135	8.5
1225	-1.021091	133.805475	0.009629	8.2
1226	-0.355375	133.744966	0.003285	8.2
1227	-1.155082	133.684530	0.007650	8.0
1228	-0.700820	133.624167	0.007209	8.1
1229	-1.157531	133.563877	0.006899	8.9
1230	-0.000000	133.503658	0.000000	7.5
1231	-0.683993	133.443513	0.007447	8.4
1232	-0.781357	133.383439	0.006862	8.1
1233	-0.702042	133.323437	0.006425	8.4
1234	-0.479928	133.263508	0.004580	7.5
1235	-1.276423	133.203650	0.012344	8.7
1236	-0.000000	133.143864	0.000000	9.8
1237	-0.000000	133.084149	0.000000	15.5
1238	-1.058502	133.024506	0.009037	13.1
1239	-0.302761	132.964934	0.003713	12.1
1240	-0.000467	132.905433	0.000056	12.7
1241	-0.169190	132.846003	0.003307	12.4
1242	-1.083794	132.786643	0.008977	12.6
1243	-0.000000	132.727355	0.000000	8.9
1244	-0.603234	132.668137	0.008321	8.4
1245	-0.869626	132.608989	0.008094	13.5
1246	-1.161371	132.549912	0.004950	12.1
1247	-1.076359	132.490904	0.006922	16.1
1248	-0.000000	132.431967	0.000000	8.8
1249	-1.131617	132.373100	0.007020	10.5
1250	-0.000000	132.314302	0.000000	11.2
1251	-1.072354	132.255574	0.007682	11.9
1252	-0.667467	132.196916	0.005707	11.2
1253	-0.056237	132.138326	0.000514	11.8
1254	-0.000000	132.079806	0.000000	9.8
1255	-0.272281	132.021355	0.002589	8.2
1256	-0.889325	131.962973	0.007277	8.0
1257	-0.458211	131.904660	0.003365	8.9
1258	-1.056334	131.846415	0.004673	7.6
1259	-0.034204	131.788239	0.000533	12.1
1260	-0.858693	131.730131	0.004095	11.1
1261	-0.075266	131.672092	0.001514	12.0
1262	-0.177713	131.614121	0.000806	11.2
1263	-0.870475	131.556217	0.012471	13.2
1264	-0.000000	131.498382	0.000000	8.5
1265	-0.528657	131.440614	0.008138	10.5
1266	-0.000128	131.382914	0.000006	11.7
1267	-0.775021	131.325282	0.009380	9.6
1268	-0.751852	131.267717	0.008891	12.2
1269	-0.798420	131.210219	0.006956	7.6
1270	-0.830455	131.152788	0.005086	7.9
1271	-1.040429	131.095424	0.017216	10.9
1272	-0.003534	131.038127	0.000400	13.6
1273	-0.771301	130.980897	0.017410	10.5
1274	-0.034354	130.923733	0.000860	9.0
1275	-1.062280	130.866636	0.018161	10.6
1276	-0.908478	130.809605	0.010669	8.3
1277	-0.729011	130.752641	0.009391	8.8
1278	-0.620055	130.695742	0.006705	10.7
1279	-0.928216	130.638910	0.012288	13.2
1280	-0.493600	130.582143	0.010666	11.2
1281	-0.871820	130.525442	0.007416	14.4
1282	-1.141467	130.468807	0.005789	14.1
1283	-0.528820	130.412237	0.008866	8.9
1284	-0.593527	130.355733	0.005016	12.9
1285	-0.134585	130.299294	0.001603	9.3
1286	-0.629062	130.242920	0.005837	9.4
1287	-0.626816	130.186611	0.009591	12.5
1288	-0.602823	130.130366	0.010462	11.6
1289	-0.781287	130.074187	0.008673	13.3
1290	-1.061538	130.018072	0.006264	12.8
1291	-0.102378	129.962022	0.001444	16.8
1292	-0.122989	129.906036	0.002476	12.1
1293	-0.000000	129.850114	0.000000	12.1
1294	-1.066799	129.794257	0.006839	11.4
1295	-0.971413	129.738463	0.005776	11.2
1296	-0.846385	129.682734	0.011014	12.2
1297	-0.103822	129.627068	0.001183	9.0
1298	-1.095166	129.571466	0.011728	8.7
1299	-0.803266	129.515927	0.007290	13.7
1300	-0.011047	129.460452	0.000291	8.4
1301	-0.445244	129.405040	0.005315	9.8
1302	-0.781553	129.349692	0.008612	11.9
1303	-0.435772	129.294406	0.003267	14.3
1304	-0.342294	129.239183	0.003330	10.0
1305	-0.408522	129.184024	0.002636	10.2
1306	-0.040291	129.128927	0.000705	12.7
1307	-0.296600	129.073892	0.004861	21.3
1308	-1.036264	129.018921	0.005213	11.5
1309	-0.800118	128.964011	0.005866	12.1
1310	-1.024674	128.909164	0.005684	12.1
1311	-0.771215	128.854379	0.013793	12.0
1312	-1.088426	128.799656	0.007721	12.6
1313	-1.102915	128.744995	0.020269	11.5
1314	-0.979735	128.690396	0.007956	13.0
1315	-0.580623	128.635858	0.007121	14.2
1316	-0.829538	128.581382	0.009370	13.6
1317	-0.539002	128.526968	0.005306	17.3
1318	-0.359527	128.472615	0.006220	8.8
1319	-1.041443	128.418323	0.003721	9.8
1320	-0.000676	128.364092	0.000124	12.3
1321	-1.077556	128.309922	0.004884	8.7
1322	-0.000000	128.255814	0.000000	7.7
1323	-1.032477	128.201766	0.025232	8.3
1324	-0.356610	128.147778	0.004883	11.9
1325	-0.263192	128.093852	0.002267	11.8
1326	-1.040972	128.039985	0.008849	8.8
1327	-0.576974	127.986180	0.007799	12.8
1328	-0.095126	127.932434	0.001844	9.3
1329	-0.159539	127.878749	0.001855	13.5
1330	-0.278054	127.825123	0.001125	11.3
1331	-0.391229	127.771558	0.006535	8.9
1332	-0.670508	127.718052	0.006865	10.4
1333	-0.000000	127.664606	0.000000	12.3
1334	-1.071712	127.611220	0.004647	10.1
1335	-0.000000	127.557893	0.000000	8.0
1336	-0.000000	127.504625	0.000000	12.3
1337	-0.000003	127.451417	0.000000	8.7
1338	-0.082724	127.398268	0.000615	12.9
1339	-0.777134	127.345178	0.005162	11.5
1340	-0.113476	127.292147	0.001211	9.9
1341	-0.044312	127.239175	0.000182	8.1
1342	-1.162171	127.186261	0.007594	8.9
1343	-0.152064	127.133407	0.002317	8.4
1344	-0.731792	127.080610	0.005399	8.5
1345	-0.732221	127.027872	0.008337	7.7
1346	-0.423450	126.975193	0.004856	9.2
1347	-0.237778	126.922572	0.001672	8.1
1348	-0.597884	126.870008	0.007690	14.7
1349	-0.000000	126.817503	0.000000	12.5
1350	-0.000006	126.765056	0.000000	10.4
1351	-1.085977	126.712667	0.007795	8.1
1352	-0.690301	126.660335	0.009536	7.9
1353	-0.588536	126.608061	0.006657	11.8
1354	-0.801042	126.555844	0.011086	10.0
1355	-0.475070	126.503685	0.004829	8.5
1356	-0.187534	126.451583	0.003237	9.9
1357	-1.050228	126.399538	0.009197	8.1
1358	-0.928270	126.347550	0.012079	8.4
1359	-0.703463	126.295619	0.008845	8.1
1360	-0.990982	126.243745	0.004739	9.1
1361	-0.210023	126.191928	0.003259	12.0
1362	-0.499950	126.140168	0.006589	12.6
1363	-0.018877	126.088464	0.000471	14.1
1364	-0.021099	126.036817	0.000277	12.3
1365	-0.746044	125.985226	0.010593	13.0
1366	-1.308503	125.933691	0.011254	12.8
1367	-0.525496	125.882212	0.005964	12.0
1368	-1.123381	125.830790	0.012184	9.6
1369	-0.352781	125.779423	0.003580	8.2
1370	-0.000000	125.728113	0.000000	13.9
1371	-0.214822	125.676858	0.002469	12.1
1372	-1.121539	125.625659	0.018492	13.6
1373	-1.134717	125.574515	0.009036	8.9
1374	-1.209009	125.523427	0.004422	9.0
1375	-0.118548	125.472394	0.001202	11.2
1376	-0.000000	125.421417	0.000000	10.9
1377	-1.015861	125.370495	0.007423	15.0
1378	-0.607392	125.319628	0.008635	11.2
1379	-0.000000	125.268815	0.000000	10.9
1380	-1.080194	125.218058	0.021480	10.8
1381	-0.664374	125.167356	0.007917	8.4
1382	-0.832220	125.116708	0.008125	8.0
1383	-0.656992	125.066115	0.008360	11.8
1384	-1.311601	125.015576	0.010370	16.3
1385	-0.021727	124.965092	0.000829	8.6
1386	-0.556514	124.914662	0.007525	15.7
1387	-0.880111	124.864287	0.004620	11.1
1388	-0.845831	124.813965	0.011338	10.8
1389	-0.784876	124.763698	0.005515	13.1
1390	-0.010401	124.713485	0.000078	12.3
1391	-0.768713	124.663325	0.004898	9.6
1392	-1.022896	124.613219	0.010224	15.0
1393	-1.078771	124.563167	0.007696	10.7
1394	-0.287051	124.513168	0.003068	10.3
1395	-0.276194	124.463223	0.004439	10.4
1396	-0.927825	124.413332	0.005773	11.1
1397	-0.000033	124.363493	0.000001	15.0
1398	-0.700572	124.313708	0.005256	12.7
1399	-0.251399	124.263976	0.003887	13.6
1400	-1.010044	124.214297	0.012691	10.4
1401	-0.840384	124.164671	0.003477	8.3
1402	-0.098607	124.115097	0.000693	9.4
1403	-0.838419	124.065577	0.012999	9.2
1404	-0.737558	124.016109	0.009930	12.5
1405	-0.491354	123.966693	0.011206	10.2
1406	-0.000000	123.917330	0.000000	10.4
1407	-0.606600	123.868020	0.008004	9.0
1408	-0.330920	123.818762	0.003638	8.9
1409	-0.209057	123.769556	0.003916	9.3
1410	-0.658895	123.720402	0.005345	13.5
1411	-0.001368	123.671300	0.000244	11.7
1412	-1.123439	123.622250	0.009168	9.6
1413	-1.114121	123.573252	0.005598	8.9
1414	-0.000000	123.524305	0.000000	9.3
1415	-0.573349	123.475411	0.006243	9.5
1416	-0.000000	123.426568	0.000000	15.7
1417	-0.891593	123.377776	0.010041	12.6
1418	-1.167314	123.329036	0.009288	15.6
1419	-1.080645	123.280347	0.006910	12.9
1420	-0.005240	123.231709	0.000556	11.7
1421	-1.012002	123.183122	0.010361	8.9
1422	-1.135711	123.134587	0.007565	8.9
1423	-0.000000	123.086102	0.000000	9.4
1424	-0.826127	123.037669	0.017026	9.5
1425	-0.554240	122.989286	0.004732	13.8
1426	-0.250806	122.940954	0.005109	13.0
1427	-0.406752	122.892672	0.009885	10.2
1428	-0.497614	122.844441	0.008588	10.4
1429	-0.000000	122.796261	0.000000	14.8
1430	-0.000000	122.748130	0.000000	7.9
1431	-0.790402	122.700050	0.007529	11.9
1432	-0.000000	122.652021	0.000000	15.4
1433	-0.417567	122.604041	0.006985	9.6
1434	-0.685425	122.556111	0.007259	13.1
1435	-0.926275	122.508232	0.012314	12.0
1436	-0.961424	122.460402	0.006407	9.7
1437	-1.209151	122.412622	0.008263	12.5
1438	-0.877782	122.364891	0.005022	12.5
1439	-0.000000	122.317210	0.000000	11.8
1440	-0.872465	122.269579	0.012499	12.9
1441	-0.615492	122.221997	0.004229	12.2
1442	-0.000000	122.174465	0.000000	12.6
1443	-1.160504	122.126981	0.007436	15.8
1444	-0.828143	122.079547	0.003488	13.0
1445	-1.045049	122.032162	0.010536	17.3
1446	-0.000000	121.984826	0.000000	13.7
1447	-0.000000	121.937539	0.000000	9.1
1448	-0.672861	121.890301	0.008293	9.5
1449	-0.000149	121.843112	0.000002	12.7
1450	-0.000000	121.795971	0.000000	12.2
1451	-0.958415	121.748879	0.009056	8.4
1452	-0.000000	121.701835	0.000000	10.5
1453	-0.636270	121.654840	0.007391	8.1
1454	-0.893619	121.607893	0.008149	9.7
1455	-0.527783	121.560994	0.008400	10.9
1456	-0.651300	121.514144	0.015192	8.5
1457	-0.245143	121.467342	0.004117	8.7
1458	-0.403764	121.420588	0.003219	9.6
1459	-0.496322	121.373882	0.001937	12.4
1460	-0.000000	121.327223	0.000000	18.3
1461	-0.937202	121.280613	0.004755	12.6
1462	-0.387457	121.234050	0.004482	9.2
1463	-0.000000	121.187535	0.000000	8.2
1464	-1.182051	121.141067	0.014526	10.7
1465	-0.088077	121.094647	0.002043	9.0
1466	-0.244928	121.048274	0.002988	8.2
1467	-1.060514	121.001949	0.004273	9.1
1468	-0.659502	120.955671	0.006651	7.6
1469	-0.825850	120.909440	0.008870	8.1
1470	-0.647299	120.863256	0.006797	9.9
1471	-0.783919	120.817119	0.006338	12.3
1472	-0.770552	120.771029	0.013106	14.7
1473	-0.959348	120.724986	0.004866	12.8
1474	-1.057581	120.678990	0.010251	10.3
1475	-1.125554	120.633040	0.005623	10.4
1476	-1.068326	120.587137	0.006586	10.4
1477	-1.078588	120.541281	0.012556	8.6
1478	-0.385832	120.495471	0.002230	8.6
1479	-0.035751	120.449707	0.000735	8.2
1480	-0.744982	120.403990	0.009345	8.3
1481	-0.871455	120.358319	0.004882	10.2
1482	-1.028885	120.312694	0.004558	12.8
1483	-0.296100	120.267115	0.001283	12.7
1484	-0.903708	120.221582	0.010846	15.3
1485	-1.025506	120.176096	0.005803	16.2
1486	-0.437268	120.130655	0.007254	11.0
1487	-0.606700	120.085260	0.013843	8.4
1488	-0.971367	120.039910	0.003407	10.0
1489	-0.009764	119.994606	0.000206	8.3
1490	-0.804230	119.949348	0.005837	9.8
1491	-0.790232	119.904135	0.008138	9.4
1492	-1.045624	119.858968	0.007714	8.4
1493	-0.656908	119.813846	0.012808	8.7
1494	-0.626361	119.768769	0.012517	12.8
1495	-0.909149	119.723738	0.005725	13.5
1496	-0.142628	119.678752	0.001208	8.3
1497	-0.007531	119.633810	0.000251	8.3
1498	-0.027727	119.588914	0.000357	8.1
1499	-0.314882	119.544062	0.003595	8.7
1500	-0.304555	119.499256	0.002745	10.1
1501	-0.901724	119.454494	0.013049	9.0
1502	-1.002053	119.409777	0.007403	11.8
1503	-0.495719	119.365104	0.006581	15.6
1504	-0.732322	119.320476	0.007850	12.8
1505	-0.000000	119.275893	0.000000	16.5
1506	-0.000000	119.231353	0.000000	12.9
1507	-0.543390	119.186859	0.001731	11.3
1508	0.000000	119.142408	0.000000	12.4
1509	-0.733035	119.098002	0.007688	12.0
1510	-1.180805	119.053639	0.011709	10.9
1511	-0.000000	119.009321	0.000000	11.8
1512	-0.484981	118.965047	0.003781	8.7
1513	-0.856070	118.920816	0.015167	9.4
1514	-0.000000	118.876630	0.000000	11.4
1515	-0.000000	118.832487	0.000000	14.4
1516	-0.017921	118.788388	0.001004	12.4
1517	-1.088103	118.744332	0.008468	8.2
1518	-0.656282	118.700320	0.008303	10.1
1519	-0.000000	118.656352	0.000000	11.1
1520	-0.520210	118.612427	0.008994	9.7
1521	-0.746246	118.568545	0.008816	11.2
1522	-0.867178	118.524706	0.009744	12.2
1523	-0.368427	118.480911	0.007120	8.2
1524	-0.000000	118.437159	0.000000	7.9
1525	-0.000000	118.393450	0.000000	8.3
1526	-0.586377	118.349784	0.006412	10.4
1527	-0.717900	118.306160	0.008632	10.6
1528	-0.512806	118.262580	0.008381	7.5
1529	-0.643883	118.219042	0.006996	8.3
1530	-0.926555	118.175548	0.008446	8.7
1531	-1.128311	118.132095	0.008748	7.9
1532	-0.000000	118.088686	0.000000	7.9
1533	-0.051190	118.045319	0.002158	8.8
1534	-0.488911	118.001994	0.008366	12.0
1535	-1.026464	117.958712	0.004090	9.8
1536	-0.713569	117.915472	0.004115	8.6
1537	-0.854783	117.872274	0.002834	7.5
1538	-0.000000	117.829118	0.000000	9.2
1539	-0.000000	117.786005	0.000000	8.0
1540	-0.866424	117.742933	0.007692	8.5
1541	-0.000000	117.699904	0.000000	7.6
1542	-0.000230	117.656916	0.000025	8.1
1543	-0.565298	117.613971	0.003514	10.5
1544	-0.673926	117.571067	0.008343	11.1
1545	-0.743858	117.528205	0.006717	12.9
1546	-0.226013	117.485384	0.003331	8.1
1547	-0.546660	117.442605	0.011752	8.7
1548	-0.037438	117.399867	0.000538	9.7
1549	-0.000000	117.357171	0.000000	8.8
1550	-0.990203	117.314517	0.007762	10.5
1551	-1.175352	117.271903	0.009119	8.9
1552	-0.729532	117.229331	0.011649	13.1
1553	-0.056036	117.186800	0.000508	10.3
1554	-0.000241	117.144311	0.000007	12.0
1555	-0.961270	117.101862	0.007450	13.6
1556	-0.730477	117.059454	0.006950	11.5
1557	-0.493995	117.017087	0.007467	8.7
1558	-0.666920	116.974762	0.012340	12.3
1559	-1.067285	116.932476	0.006013	12.5
1560	-0.387474	116.890232	0.003809	11.9
1561	-0.966777	116.848028	0.008222	8.1
1562	-0.968182	116.805865	0.010741	9.6
1563	-0.591276	116.763743	0.005311	10.9
1564	-1.047673	116.721661	0.007344	12.5
1565	-0.875935	116.679619	0.006153	14.7
1566	-0.000103	116.637618	0.000001	9.3
1567	-1.012151	116.595657	0.009395	11.4
1568	-0.985910	116.553736	0.008775	11.3
1569	-1.039165	116.511855	0.014573	17.2
1570	-1.264215	116.470015	0.011584	8.6
1571	-0.000000	116.428214	0.000000	13.1
1572	-0.923122	116.386454	0.009702	10.4
1573	-0.076283	116.344733	0.000617	10.2
1574	-0.754187	116.303052	0.009251	11.3
1575	-0.178619	116.261412	0.002684	13.5
1576	-0.000000	116.219810	0.000000	12.4
1577	-0.164409	116.178249	0.001982	11.6
1578	-1.353935	116.136727	0.006863	10.7
1579	-0.138863	116.095245	0.001802	9.8
1580	-0.806226	116.053802	0.006072	11.2
1581	-0.789620	116.012398	0.012313	9.6
1582	-1.206118	115.971034	0.009559	9.6
1583	-0.861644	115.929710	0.019618	8.8
1584	-1.077342	115.888424	0.010751	12.7
1585	-0.908423	115.847178	0.015661	15.4
1586	-0.255951	115.805970	0.003228	13.3
1587	-0.694264	115.764802	0.006105	11.2
1588	-0.500297	115.723673	0.003602	9.7
1589	-0.588052	115.682583	0.009282	11.5
1590	-0.847031	115.641532	0.008535	12.2
1591	-0.001833	115.600519	0.000354	12.7
1592	-0.750274	115.559546	0.005204	8.7
1593	-0.000001	115.518610	0.000000	10.0
1594	-0.658072	115.477714	0.010091	7.8
1595	-0.653116	115.436856	0.009028	9.6
1596	-0.000000	115.396037	0.000000	8.1
1597	-0.926048	115.355256	0.007396	8.1
1598	-0.037184	115.314514	0.000670	9.7
1599	-0.099857	115.273810	0.001948	8.3
1600	-0.891624	115.233144	0.013056	12.1
1601	-0.630922	115.192517	0.009312	13.9
1602	-0.509741	115.151927	0.005155	10.1
1603	-0.611209	115.111376	0.002314	8.6
1604	-0.705024	115.070863	0.009867	11.2
1605	-0.621776	115.030388	0.007033	7.5
1606	-0.563864	114.989951	0.006355	12.7
1607	-0.000006	114.949551	0.000002	14.2
1608	-0.002249	114.909190	0.000021	8.2
1609	-0.733609	114.868866	0.005793	8.8
1610	-0.000000	114.828580	0.000000	12.7
1611	-0.475797	114.788332	0.004874	10.7
1612	-0.045693	114.748121	0.000997	12.7
1613	-0.246306	114.707948	0.003065	8.0
1614	-0.001403	114.667812	0.000141	7.7
1615	-0.594060	114.627714	0.008320	9.2
1616	-0.882790	114.587653	0.012877	9.9
1617	-0.772881	114.547629	0.009882	8.0
1618	-0.865936	114.507643	0.009777	8.2
1619	-0.701615	114.467693	0.005910	8.9
1620	-0.400865	114.427781	0.004379	9.1
1621	-0.667917	114.387907	0.005357	8.8
1622	-0.997141	114.348069	0.009675	8.0
1623	-0.587086	114.308268	0.009667	8.7
1624	-1.194125	114.268504	0.004698	10.8
1625	-0.668067	114.228777	0.008465	12.8
1626	-0.581135	114.189086	0.006926	13.0
1627	-0.216170	114.149433	0.002086	12.5
1628	-0.000000	114.109816	0.000000	12.9
1629	-0.002612	114.070235	0.000540	11.5
1630	-0.571745	114.030692	0.011272	14.7
1631	-0.984688	113.991185	0.007298	10.4
1632	-1.022113	113.951714	0.009066	10.9
1633	-1.163580	113.912280	0.005222	11.6
1634	-0.000001	113.872882	0.000000	7.9
1635	-0.985481	113.833521	0.013647	14.2
1636	-0.852514	113.794195	0.012630	11.4
1637	-0.000000	113.754906	0.000000	11.8
1638	-0.571085	113.715653	0.007630	7.9
1639	-1.108955	113.676437	0.005837	10.0
1640	-0.000000	113.637256	0.000000	11.6
1641	-0.000207	113.598111	0.000006	12.3
1642	-0.000000	113.559002	0.000000	10.5
1643	-1.089074	113.519929	0.015587	9.2
1644	-0.517222	113.480892	0.002523	11.4
1645	-0.000000	113.441891	0.000000	13.5
1646	-0.963212	113.402925	0.007000	12.0
1647	-0.719940	113.363995	0.008766	11.0
1648	-1.052342	113.325101	0.010515	16.3
1649	-0.545360	113.286242	0.009234	13.0
1650	-0.000000	113.247419	0.000000	11.1
1651	-0.193892	113.208631	0.002702	10.5
1652	-0.694563	113.169879	0.014149	7.9
1653	-0.002794	113.131162	0.000250	13.4
1654	-0.231228	113.092480	0.001354	8.4
1655	-0.000000	113.053833	0.000000	10.6
1656	-0.781033	113.015222	0.010086	10.4
1657	-0.786256	112.976646	0.006449	10.1
1658	-1.061731	112.938105	0.007496	8.7
1659	-0.497774	112.899599	0.008115	8.5
1660	-0.363944	112.861128	0.004338	12.4
1661	-0.766486	112.822692	0.014442	10.0
1662	-0.551850	112.784291	0.011047	10.4
1663	-0.000000	112.745924	0.000000	12.4
1664	-0.676742	112.707593	0.010417	13.1
1665	-0.057982	112.669296	0.001040	8.4
1666	-1.028475	112.631034	0.016381	9.5
1667	-0.000000	112.592806	0.000000	9.1
1668	-0.000000	112.554613	0.000000	8.0
1669	-0.993145	112.516455	0.008601	11.6
1670	-0.535292	112.478331	0.005520	13.1
1671	-0.000001	112.440241	0.000000	12.5
1672	-0.497885	112.402186	0.011000	13.1
1673	-0.000004	112.364165	0.000001	11.7
1674	-0.000300	112.326179	0.000018	8.8
1675	-0.835826	112.288227	0.008333	12.7
1676	-0.731516	112.250309	0.007615	13.7
1677	-1.136412	112.212425	0.007737	12.5
1678	-0.722137	112.174575	0.006215	9.5
1679	-0.000037	112.136759	0.000003	16.5
1680	-0.658440	112.098977	0.005758	13.5
1681	-0.062881	112.061229	0.000830	13.9
1682	-1.222788	112.023515	0.007046	14.4
1683	-0.963813	111.985834	0.006939	15.2
1684	-0.783000	111.948188	0.008419	8.6
1685	-0.718055	111.910575	0.010456	16.0
1686	-0.000000	111.872996	0.000000	12.4
1687	-0.039397	111.835450	0.000916	13.2
1688	-0.465909	111.797939	0.009060	16.3
1689	-0.000000	111.760460	0.000000	7.9
1690	-0.906904	111.723015	0.003157	13.2
1691	-0.000000	111.685604	0.000000	10.7
1692	-0.228093	111.648226	0.003651	8.0
1693	-1.128859	111.610881	0.006958	13.3
1694	-0.000000	111.573570	0.000000	9.4
1695	-0.892429	111.536292	0.010433	13.3
1696	-0.000000	111.499047	0.000000	12.7
1697	-0.000000	111.461835	0.000000	10.5
1698	-0.000000	111.424656	0.000000	11.1
1699	-0.000000	111.387510	0.000000	8.3
1700	-0.000000	111.350398	0.000000	10.5
1701	-0.874684	111.313318	0.018514	9.5
1702	-0.334021	111.276271	0.004905	8.4
1703	-0.012344	111.239257	0.000081	13.1
1704	-0.479405	111.202276	0.004716	11.1
1705	-0.715103	111.165328	0.008935	10.2
1706	-0.765580	111.128412	0.008169	8.3
1707	-0.971526	111.091529	0.012148	11.8
1708	-0.099781	111.054679	0.002786	8.2
1709	-0.000000	111.017861	0.000000	8.1
1710	-0.371739	110.981076	0.002449	8.8
1711	-0.163649	110.944323	0.001321	7.9
1712	-0.685902	110.907603	0.007527	8.8
1713	-0.000000	110.870915	0.000000	12.1
1714	-1.102243	110.834259	0.009220	12.3
1715	-0.437694	110.797636	0.003738	11.8
1716	-0.946856	110.761045	0.010378	14.3
1717	-0.051845	110.724486	0.000454	10.5
1718	-1.020775	110.687959	0.010608	9.8
1719	-0.659654	110.651465	0.009710	12.3
1720	-0.949235	110.615002	0.012997	10.6
1721	-0.782936	110.578572	0.005869	12.8
1722	-0.000000	110.542173	0.000000	11.6
1723	-0.709688	110.505807	0.007013	10.5
1724	-0.011851	110.469472	0.000239	9.1
1725	-0.626204	110.433169	0.004685	12.7
1726	-0.823863	110.396898	0.005605	11.1
1727	-0.000000	110.360659	0.000000	9.3
1728	-0.000000	110.324451	0.000000	10.6
1729	-0.882181	110.288276	0.006171	9.5
1730	-0.539419	110.252131	0.004733	10.4
1731	-0.461120	110.216019	0.005267	12.6
1732	-0.849857	110.179937	0.005644	8.0
1733	-1.015154	110.143888	0.009100	8.9
1734	-0.428780	110.107869	0.003777	10.0
1735	-0.918995	110.071882	0.010239	14.5
1736	-0.729004	110.035927	0.006242	10.4
1737	-0.794392	110.000003	0.007758	8.3
1738	-0.700842	109.964110	0.008082	8.5
1739	-0.919558	109.928248	0.013777	8.3
1740	-0.456518	109.892417	0.007933	8.1
1741	-0.450153	109.856618	0.005647	8.3
1742	-0.497626	109.820850	0.004632	8.2
1743	-0.000000	109.785112	0.000000	8.7
1744	-0.599792	109.749406	0.012214	8.4
1745	-1.184995	109.713730	0.008781	8.1
1746	-0.628087	109.678086	0.006053	10.4
1747	-0.486121	109.642472	0.003001	11.0
1748	-0.799304	109.606890	0.004758	12.4
1749	-0.000000	109.571337	0.000000	13.2
1750	-0.678649	109.535816	0.007923	14.7
1751	-0.724421	109.500326	0.008773	13.2
1752	-0.361813	109.464866	0.004745	13.0
1753	-0.684297	109.429436	0.009995	10.0
1754	-0.131813	109.394038	0.002786	12.6
1755	-0.967280	109.358669	0.009605	12.7
1756	-0.033581	109.323331	0.000718	10.1
1757	-0.380453	109.288024	0.002686	12.5
1758	-1.146381	109.252747	0.008884	9.1
1759	-0.909871	109.217501	0.008665	9.5
1760	-0.000000	109.182284	0.000000	12.4
1761	-0.564343	109.147098	0.005250	9.0
1762	-1.053544	109.111942	0.014887	11.0
1763	-0.936251	109.076817	0.014273	13.8
1764	-0.561841	109.041721	0.003173	11.0
1765	-0.000000	109.006656	0.000000	10.7
1766	-1.235957	108.971620	0.004234	10.9
1767	-0.698017	108.936615	0.006950	10.2
1768	-0.488238	108.901640	0.007274	12.3
1769	-0.000872	108.866694	0.000036	12.1
1770	-0.421399	108.831779	0.004498	12.4
1771	-0.826217	108.796893	0.012594	13.0
1772	-0.000000	108.762037	0.000000	10.1
1773	-0.961315	108.727211	0.023682	9.2
1774	-0.756807	108.692415	0.007984	9.0
1775	-0.000000	108.657648	0.000000	8.7
1776	-0.794754	108.622911	0.014339	9.6
1777	-0.018093	108.588203	0.000241	8.5
1778	-0.587237	108.553525	0.009056	9.2
1779	-0.000000	108.518877	0.000000	9.2
1780	-0.144421	108.484258	0.000943	8.8
1781	-0.514871	108.449668	0.004835	8.4
1782	-0.998051	108.415108	0.010107	13.9
1783	-0.638737	108.380578	0.004855	11.8
1784	-0.855048	108.346076	0.005439	12.8
1785	-1.047446	108.311604	0.009423	8.9
1786	-0.116802	108.277161	0.002473	8.7
1787	-0.775248	108.242747	0.012980	9.1
1788	-0.490249	108.208363	0.007057	10.4
1789	-0.627958	108.174007	0.010045	10.3
1790	-1.068072	108.139681	0.008969	9.5
1791	-0.648854	108.105383	0.008503	9.3
1792	-0.872705	108.071115	0.009420	9.3
1793	-0.819962	108.036875	0.007454	9.9
1794	-0.452748	108.002665	0.007219	8.8
1795	-0.155773	107.968483	0.003927	9.9
1796	-0.423043	107.934330	0.005067	9.2
1797	-1.087004	107.900206	0.012406	8.6
1798	-0.654671	107.866111	0.011356	11.0
1799	-0.884491	107.832044	0.009249	9.3
1800	-0.767973	107.798007	0.007585	9.1
1801	-0.954634	107.763997	0.021673	8.7
1802	-0.000000	107.730017	0.000000	9.3
1803	-0.848006	107.696065	0.009114	8.8
1804	-0.891036	107.662141	0.003893	9.0
1805	-0.634438	107.628246	0.007120	10.0
1806	-0.513975	107.594379	0.008007	9.0
1807	-1.043863	107.560541	0.006711	8.5
1808	-0.499715	107.526731	0.008351	8.9
1809	-0.384294	107.492949	0.004896	9.2
1810	-0.000000	107.459196	0.000000	10.3
1811	-0.650638	107.425471	0.006848	10.7
1812	-0.142070	107.391774	0.001839	13.3
1813	-0.002122	107.358106	0.000106	13.5
1814	-0.492837	107.324465	0.001951	11.3
1815	-0.010762	107.290853	0.000508	9.4
1816	-0.859708	107.257268	0.011513	9.7
1817	-0.912988	107.223712	0.011205	10.6
1818	-1.041376	107.190184	0.008722	13.5
1819	-0.623041	107.156683	0.010088	11.6
1820	-1.061527	107.123211	0.005059	12.7
1821	-0.000000	107.089766	0.000000	11.9
1822	-0.000000	107.056349	0.000000	11.2
1823	-0.990212	107.022960	0.008556	8.9
1824	-0.313040	106.989599	0.003485	9.6
1825	-0.203510	106.956265	0.002400	8.7
1826	-0.474545	106.922960	0.006191	8.6
1827	-0.557804	106.889681	0.004020	9.7
1828	-0.041222	106.856431	0.001192	9.9
1829	-0.137308	106.823208	0.001460	10.8
1830	-0.680372	106.790012	0.012117	10.9
1831	-0.968888	106.756844	0.008841	12.3
1832	-0.000000	106.723703	0.000000	11.9
1833	-0.001121	106.690590	0.000017	11.6
1834	-0.020757	106.657505	0.000625	12.3
1835	-0.802901	106.624446	0.006350	12.9
1836	-0.021324	106.591415	0.001081	12.9
1837	-0.674937	106.558411	0.006485	11.4
1838	-0.599094	106.525435	0.008176	10.4
1839	-0.898975	106.492485	0.008250	9.4
1840	-0.532694	106.459563	0.008715	11.3
1841	-0.041544	106.426668	0.001046	14.0
1842	-0.529399	106.393800	0.006806	10.8
1843	-1.039062	106.360959	0.009921	8.5
1844	-0.743406	106.328145	0.007188	8.2
1845	-0.000000	106.295358	0.000000	8.7
1846	-0.820738	106.262598	0.006925	10.6
1847	-0.142872	106.229865	0.003192	12.3
1848	-0.515455	106.197158	0.008339	12.2
1849	-0.412666	106.164479	0.004177	11.6
1850	-0.779914	106.131826	0.007703	9.0
1851	-0.615265	106.099201	0.003213	14.5
1852	-0.110703	106.066602	0.001011	13.1
1853	-0.055350	106.034029	0.000675	12.1
1854	-0.987545	106.001483	0.008618	10.5
1855	-0.000000	105.968964	0.000000	14.1
1856	-1.231804	105.936472	0.010486	12.4
1857	-0.136810	105.904006	0.001865	13.6
1858	-1.049158	105.871566	0.007223	12.4
1859	-0.000000	105.839153	0.000000	12.3
1860	-0.762333	105.806767	0.008768	13.6
1861	-0.001057	105.774407	0.000053	13.0
1862	-0.772787	105.742073	0.017570	13.5
1863	-0.945892	105.709766	0.015281	9.4
1864	-0.969441	105.677485	0.005303	10.1
1865	-0.900354	105.645230	0.008741	8.1
1866	-0.009917	105.613001	0.000102	13.6
1867	-0.000001	105.580799	0.000000	11.9
1868	-0.368524	105.548623	0.005713	9.1
1869	-0.675122	105.516473	0.005160	9.7
1870	-0.522296	105.484349	0.007508	10.2
1871	-0.162174	105.452251	0.002764	12.4
1872	-0.644486	105.420179	0.011229	15.5
1873	-0.000274	105.388133	0.000003	12.8
1874	-0.000071	105.356113	0.000007	15.9
1875	-1.075047	105.324119	0.006583	12.3
1876	-0.000000	105.292151	0.000000	13.7
1877	-0.943197	105.260209	0.011916	12.5
1878	-0.000000	105.228293	0.000000	13.3
1879	-0.511691	105.196402	0.007814	14.2
1880	-0.000006	105.164537	0.000001	12.8
1881	-0.644268	105.132698	0.008536	13.6
1882	-0.029039	105.100885	0.000318	12.9
1883	-0.881121	105.069097	0.012374	12.3
1884	-0.000000	105.037335	0.000000	13.2
1885	-0.440200	105.005598	0.004908	12.5
1886	-0.000000	104.973887	0.000000	17.3
1887	-0.593209	104.942202	0.009940	13.3
1888	-0.000152	104.910542	0.000028	12.9
1889	-1.020885	104.878907	0.010482	10.8
1890	-0.598794	104.847298	0.007625	13.5
1891	-1.259921	104.815715	0.008472	14.0
1892	-0.000000	104.784156	0.000000	8.1
1893	-0.600010	104.752623	0.008451	12.9
1894	-0.000000	104.721116	0.000000	10.9
1895	-1.119410	104.689633	0.012920	10.3
1896	-0.004737	104.658176	0.000137	13.0
1897	-0.755513	104.626744	0.008424	11.3
1898	-0.000000	104.595337	0.000000	9.7
1899	-0.539373	104.563955	0.006823	9.2
1900	-0.000000	104.532599	0.000000	11.4
1901	-0.574092	104.501267	0.005311	8.9
1902	-1.088727	104.469960	0.020594	8.8
1903	-0.904914	104.438679	0.006615	11.7
1904	-0.836739	104.407422	0.006165	13.0
1905	-0.629775	104.376191	0.013022	12.1
1906	-0.000000	104.344984	0.000000	9.4
1907	-1.144443	104.313802	0.008253	9.8
1908	-0.951418	104.282645	0.005965	14.0
1909	-1.007889	104.251513	0.003803	13.2
1910	-0.410985	104.220405	0.004696	12.0
1911	-0.556974	104.189323	0.005741	8.9
1912	-0.000000	104.158265	0.000000	9.0
1913	-1.050628	104.127231	0.006619	10.1
1914	-0.000000	104.096222	0.000000	12.8
1915	-1.084150	104.065238	0.006183	14.5
1916	-0.422789	104.034279	0.006556	14.7
1917	-0.752622	104.003344	0.011025	13.8
1918	-0.687506	103.972433	0.006281	10.5
1919	-0.117846	103.941547	0.001604	10.4
1920	-0.523230	103.910686	0.009461	10.3
1921	-0.635621	103.879849	0.007015	10.4
1922	-1.033868	103.849036	0.009055	12.2
1923	-0.000001	103.818248	0.000000	12.3
1924	-0.438471	103.787484	0.003972	9.0
1925	-0.093472	103.756744	0.001139	10.9
1926	-0.000001	103.726029	0.000000	10.4
1927	-0.869172	103.695338	0.006139	7.7
1928	-1.179783	103.664671	0.010124	9.1
1929	-1.071071	103.634028	0.007496	9.6
1930	-0.000000	103.603409	0.000000	8.6
1931	-0.869565	103.572814	0.010893	9.1
1932	-0.724966	103.542244	0.007864	8.7
1933	-0.000000	103.511698	0.000000	12.0
1934	-1.120714	103.481175	0.011320	14.5
1935	-0.000000	103.450677	0.000000	12.4
1936	-0.023801	103.420202	0.000315	12.7
1937	-0.665173	103.389752	0.003687	13.0
1938	-0.000068	103.359325	0.000004	13.0
1939	-0.000000	103.328922	0.000000	10.3
1940	-0.527611	103.298543	0.006336	9.8
1941	-0.637462	103.268188	0.002461	11.3
1942	-0.611918	103.237857	0.008325	12.9
1943	-0.000000	103.207549	0.000000	10.5
1944	-0.000000	103.177265	0.000000	11.2
1945	-0.471262	103.147005	0.004027	14.4
1946	-0.176393	103.116768	0.001925	12.8
1947	-0.807750	103.086556	0.005490	13.3
1948	-0.585412	103.056366	0.008249	10.1
1949	-0.557751	103.026200	0.006165	9.6
1950	-0.000000	102.996058	0.000000	9.9
1951	-0.071494	102.965939	0.000425	11.8
1952	-1.095919	102.935844	0.005941	9.6
1953	-0.000000	102.905772	0.000000	12.1
1954	-0.565510	102.875724	0.008508	12.5
1955	-0.819991	102.845699	0.010918	10.0
1956	-0.291917	102.815697	0.006042	11.5
1957	-0.700474	102.785719	0.006162	11.1
1958	-0.358946	102.755764	0.004333	13.8
1959	-0.859217	102.725832	0.006720	9.2
1960	-0.703931	102.695924	0.008020	10.6
1961	-0.948019	102.666038	0.004904	10.6
1962	-0.823667	102.636176	0.010142	9.8
1963	-0.991931	102.606337	0.006776	10.2
1964	-0.215324	102.576521	0.002466	12.2
1965	-0.428434	102.546728	0.005199	11.0
1966	-0.550762	102.516959	0.006865	10.1
1967	-0.807621	102.487212	0.019169	8.1
1968	-1.004934	102.457488	0.007866	11.1
1969	-1.009838	102.427788	0.008274	8.8
1970	-0.745720	102.398110	0.004160	12.2
1971	-1.102217	102.368455	0.006830	17.8
1972	-0.747572	102.338823	0.004605	14.5
1973	-1.200527	102.309214	0.006392	11.2
1974	-0.190019	102.279628	0.002738	10.4
1975	-0.000000	102.250064	0.000000	8.5
1976	-0.646999	102.220524	0.006694	8.3
1977	-0.491311	102.191006	0.006149	9.0
1978	-0.414759	102.161511	0.003093	8.6
1979	-0.983080	102.132038	0.005782	8.6
1980	-1.231032	102.102588	0.014775	7.6
1981	-0.000000	102.073161	0.000000	8.4
1982	-0.000000	102.043757	0.000000	8.0
1983	-0.618873	102.014375	0.009138	10.1
1984	-0.987051	101.985015	0.007511	11.9
1985	-0.912533	101.955678	0.008871	11.7
1986	-0.000000	101.926364	0.000000	11.7
1987	-1.054342	101.897072	0.009773	10.8
1988	-1.001713	101.867802	0.009656	11.7
1989	-0.360672	101.838555	0.003882	9.4
1990	-0.928139	101.809330	0.007536	14.8
1991	-0.638658	101.780128	0.008613	7.7
1992	-0.000000	101.750948	0.000000	9.2
1993	-1.024169	101.721790	0.006938	8.5
1994	-0.977630	101.692654	0.012621	10.9
1995	-0.791181	101.663541	0.008218	10.4
1996	-0.441314	101.634450	0.004706	7.8
1997	-0.727442	101.605381	0.005427	9.9
1998	-0.006080	101.576335	0.000208	7.6
1999	-0.246649	101.547310	0.000976	8.8
