1:ItNr	2:Metric	3:StepSize	4:||Gradient||	Time[ms]
0	-0.681055	627.201626	0.013434	1527.1
1	-0.916827	623.504937	0.022372	10.4
2	-0.948145	619.865785	0.031300	7.7
3	-0.573892	616.282728	0.017756	10.1
4	0.000000	612.754375	0.000000	8.0
5	-0.318709	609.279381	0.007556	10.0
6	-0.504822	605.856447	0.018278	7.6
7	0.000000	602.484317	0.000000	13.0
8	-0.000000	599.161779	0.000000	11.9
9	-0.452864	595.887656	0.012961	11.2
10	-0.000000	592.660813	0.000000	9.6
11	-0.320931	589.480151	0.009524	12.2
12	-0.821463	586.344606	0.010832	12.3
13	-0.201238	583.253145	0.002946	12.3
14	0.000000	580.204771	0.000000	10.9
15	-0.650579	577.198517	0.015222	12.7
16	-0.728313	574.233444	0.020849	12.0
17	-0.877834	571.308645	0.019390	7.7
18	-0.848250	568.423237	0.015006	15.6
19	-0.371654	565.576365	0.011094	11.2
20	0.000000	562.767201	0.000000	16.2
21	-0.806493	559.994938	0.010661	13.3
22	-0.497539	557.258797	0.010975	11.4
23	-0.021757	554.558018	0.000633	12.4
24	-0.993747	551.891865	0.012824	15.5
25	-0.934722	549.259621	0.021410	12.7
26	-0.654190	546.660592	0.020003	12.4
27	-0.688431	544.094102	0.010320	12.1
28	-0.512032	541.559494	0.008404	15.9
29	-0.377160	539.056129	0.009566	14.5
30	-0.000000	536.583387	0.000000	12.6
31	-0.654027	534.140663	0.008977	13.5
32	0.000000	531.727370	0.000000	10.9
33	-0.108524	529.342935	0.002380	12.4
34	-0.935940	526.986802	0.010532	12.8
35	-0.175047	524.658430	0.003500	14.0
36	-0.191258	522.357290	0.002771	10.5
37	0.000000	520.082868	0.000000	15.3
38	-0.010356	517.834665	0.000433	23.4
39	-0.979753	515.612193	0.019447	13.7
40	-0.802863	513.414976	0.010940	16.6
41	-0.264154	511.242551	0.007669	14.4
42	-0.967928	509.094468	0.014768	14.4
43	-0.782134	506.970285	0.016498	14.0
44	0.000000	504.869574	0.000000	16.1
45	-0.500970	502.791916	0.009894	13.1
46	-0.308708	500.736903	0.003558	13.1
47	-0.937882	498.704137	0.015429	15.3
48	-0.102670	496.693228	0.001701	13.0
49	0.000000	494.703798	0.000000	19.7
50	-0.000000	492.735476	0.000000	13.8
51	0.000000	490.787900	0.000000	12.6
52	-0.543159	488.860718	0.016061	14.4
53	-0.358941	486.953585	0.008710	13.7
54	-0.853695	485.066164	0.012380	14.5
55	-0.206709	483.198126	0.002525	13.5
56	-0.670149	481.349149	0.007361	12.8
57	-0.313143	479.518920	0.010882	16.7
58	-0.687299	477.707132	0.026443	14.0
59	-0.472312	475.913485	0.003907	16.7
60	-0.894724	474.137684	0.014831	16.2
61	-0.373998	472.379445	0.011970	14.6
62	0.000000	470.638485	0.000000	11.4
63	-0.245359	468.914531	0.003437	10.0
64	-0.609969	467.207315	0.010133	9.1
65	-0.876269	465.516573	0.021382	9.5
66	0.000000	463.842050	0.000000	9.4
67	-0.912611	462.183494	0.011303	9.7
68	-0.554970	460.540658	0.010911	13.8
69	-0.467862	458.913303	0.007975	14.7
70	-0.385090	457.301192	0.005991	19.5
71	-0.285942	455.704096	0.006838	13.9
72	0.000000	454.121787	0.000000	12.1
73	-1.003865	452.554045	0.020701	10.5
74	-0.513355	451.000653	0.013107	13.2
75	-0.819335	449.461399	0.010800	15.3
76	-0.000030	447.936075	0.000002	11.4
77	-0.823441	446.424477	0.013723	8.9
78	-0.017262	444.926406	0.000248	11.8
79	-0.430208	443.441666	0.005934	13.2
80	-0.850169	441.970065	0.010857	13.1
81	-0.605586	440.511415	0.018968	10.8
82	-0.624619	439.065533	0.015869	16.1
83	-0.635323	437.632238	0.010377	10.6
84	-0.392999	436.211351	0.003391	13.7
85	-0.000000	434.802701	0.000000	9.4
86	-0.552318	433.406117	0.008987	14.1
87	-0.066470	432.021430	0.001010	8.6
88	-0.003937	430.648479	0.000107	9.4
89	0.000000	429.287101	0.000000	9.0
90	-0.834511	427.937140	0.023719	9.5
91	-0.157526	426.598440	0.002490	9.4
92	-0.511769	425.270849	0.009116	10.3
93	-0.088479	423.954220	0.001873	10.5
94	-0.531284	422.648404	0.009877	11.0
95	-0.080716	421.353259	0.002035	12.9
96	-0.040871	420.068643	0.000865	13.5
97	-0.030056	418.794419	0.000852	12.7
98	-0.000000	417.530451	0.000000	11.3
99	-0.494573	416.276604	0.006772	8.8
100	-0.877554	415.032748	0.013131	8.6
101	-0.931877	413.798754	0.020643	7.7
102	0.000000	412.574495	0.000000	8.2
103	-0.623795	411.359849	0.015891	7.9
104	-0.899567	410.154691	0.025833	10.6
105	-0.518569	408.958904	0.009370	12.1
106	-0.533847	407.772368	0.010360	12.4
107	-0.643970	406.594968	0.008236	10.4
108	-0.705187	405.426590	0.011899	8.3
109	-0.000009	404.267122	0.000001	8.3
110	-0.560255	403.116456	0.008308	10.6
111	-0.792044	401.974481	0.014037	8.7
112	0.000000	400.841093	0.000000	11.2
113	-0.883057	399.716187	0.008155	12.6
114	-0.067283	398.599660	0.002391	15.2
115	0.000000	397.491411	0.000000	12.4
116	0.000000	396.391342	0.000000	10.7
117	-0.226930	395.299353	0.003968	9.7
118	-0.741886	394.215350	0.009556	11.0
119	-0.134475	393.139238	0.003491	10.2
120	-0.761198	392.070924	0.014309	9.9
121	-0.743050	391.010316	0.014246	9.0
122	-0.000768	389.957325	0.000020	10.6
123	-0.756215	388.911862	0.019356	9.9
124	-0.521088	387.873839	0.008497	11.1
125	-0.872662	386.843173	0.007925	11.6
126	-0.000001	385.819777	0.000000	12.6
127	-0.744382	384.803569	0.019110	10.2
128	-0.718323	383.794468	0.007542	8.5
129	-0.418682	382.792393	0.005155	8.4
130	-0.864598	381.797264	0.032885	13.9
131	-0.238265	380.809005	0.004656	11.8
132	-0.819208	379.827537	0.010903	13.2
133	-0.011317	378.852786	0.000187	12.2
134	-0.907168	377.884678	0.025381	8.0
135	-0.575557	376.923138	0.007018	9.1
136	-0.462010	375.968095	0.005258	12.1
137	-0.488957	375.019479	0.006765	7.9
138	-0.579108	374.077218	0.013869	8.8
139	-0.686659	373.141244	0.007000	11.8
140	-0.088426	372.211489	0.001865	10.3
141	-0.863097	371.287887	0.021874	12.7
142	-0.602313	370.370370	0.016002	9.4
143	-0.313036	369.458876	0.005865	8.2
144	0.000000	368.553338	0.000000	8.4
145	-0.879447	367.653696	0.022336	10.2
146	-0.826222	366.759885	0.006474	12.4
147	-0.565401	365.871846	0.010175	13.0
148	-0.000561	364.989518	0.000018	12.8
149	-0.444604	364.112841	0.027514	12.1
150	0.000000	363.241757	0.000000	10.6
151	-0.423917	362.376208	0.005443	8.1
152	-0.016833	361.516137	0.000270	8.1
153	-0.520010	360.661488	0.009534	10.6
154	-0.631689	359.812206	0.009580	14.0
155	-0.102691	358.968236	0.001251	15.4
156	-0.548588	358.129524	0.006040	10.8
157	-0.465720	357.296018	0.009496	8.8
158	0.000000	356.467665	0.000000	12.5
159	-0.677708	355.644414	0.011483	16.0
160	-0.915154	354.826213	0.009514	15.2
161	-0.965350	354.013012	0.022061	15.3
162	0.000000	353.204763	0.000000	14.0
163	-0.649976	352.401415	0.007843	14.7
164	0.000000	351.602922	0.000000	16.6
165	-0.000000	350.809235	0.000000	15.4
166	-0.438822	350.020308	0.011967	10.8
167	-0.964762	349.236095	0.012340	8.8
168	-0.727389	348.456550	0.010337	7.9
169	-0.000000	347.681627	0.000000	7.9
170	-0.732967	346.911283	0.027953	7.9
171	-0.798183	346.145474	0.010427	8.0
172	-0.360445	345.384157	0.004633	7.7
173	-0.980530	344.627288	0.033488	8.1
174	-0.960292	343.874826	0.007713	8.0
175	-0.003587	343.126729	0.000190	12.8
176	-0.906797	342.382957	0.015846	12.6
177	0.000000	341.643469	0.000000	13.6
178	-0.164018	340.908224	0.002435	12.5
179	-0.496160	340.177184	0.009915	11.8
180	-0.667993	339.450309	0.009595	12.7
181	0.000000	338.727561	0.000000	9.8
182	-0.087456	338.008902	0.003646	9.7
183	-0.575206	337.294295	0.008671	12.6
184	-0.368312	336.583703	0.009272	10.7
185	-0.937881	335.877089	0.009025	7.9
186	-0.276587	335.174416	0.005154	8.7
187	-0.936659	334.475651	0.007406	7.9
188	-0.423352	333.780756	0.004838	7.5
189	-0.000178	333.089698	0.000042	8.4
190	0.000000	332.402443	0.000000	8.8
191	-0.695255	331.718955	0.017701	12.3
192	-0.558007	331.039203	0.006166	9.2
193	-0.607391	330.363153	0.008372	13.4
194	-0.349169	329.690771	0.003759	12.2
195	0.000000	329.022027	0.000000	12.9
196	-0.977296	328.356888	0.019870	13.4
197	0.000000	327.695322	0.000000	13.8
198	-0.365211	327.037299	0.003927	12.2
199	0.000000	326.382787	0.000000	10.4
200	-0.311702	325.731758	0.003064	9.5
201	0.000000	325.084179	0.000000	9.4
202	-0.950867	324.440023	0.031032	11.9
203	-0.861991	323.799258	0.027914	10.7
204	-0.804437	323.161858	0.014014	9.8
205	-0.000686	322.527792	0.000087	13.9
206	-0.462126	321.897034	0.005418	9.9
207	-0.013463	321.269554	0.000451	12.5
208	-0.287566	320.645325	0.004311	16.1
209	-0.063809	320.024320	0.001382	12.2
210	-0.420588	319.406512	0.010318	8.7
211	-0.752946	318.791875	0.014229	10.1
212	-0.690606	318.180381	0.018739	10.5
213	-0.000000	317.572005	0.000000	12.6
214	-0.558576	316.966721	0.016906	10.5
215	0.000000	316.364504	0.000000	13.5
216	0.000000	315.765329	0.000000	8.5
217	0.000000	315.169170	0.000000	11.8
218	-0.790947	314.576003	0.009208	13.7
219	-0.947838	313.985804	0.020855	14.1
220	-0.839231	313.398548	0.007803	9.8
221	0.000000	312.814213	0.000000	13.3
222	-0.350339	312.232773	0.004270	13.7
223	-0.900657	311.654207	0.009874	11.1
224	-0.365031	311.078491	0.005557	9.1
225	0.000000	310.505602	0.000000	12.9
226	0.000000	309.935518	0.000000	9.7
227	-0.454270	309.368217	0.010117	8.4
228	-0.849610	308.803676	0.019722	8.7
229	0.000000	308.241874	0.000000	9.8
230	-0.510527	307.682789	0.006692	9.7
231	-0.104462	307.126400	0.001344	9.6
232	0.000000	306.572687	0.000000	13.4
233	0.000000	306.021627	0.000000	12.1
234	-0.389833	305.473201	0.011775	13.3
235	-0.341888	304.927388	0.005487	11.5
236	-0.516044	304.384168	0.008008	12.9
237	0.000000	303.843521	0.000000	14.1
238	-0.659891	303.305427	0.007134	12.9
239	-0.709872	302.769867	0.009432	13.1
240	-0.904450	302.236821	0.017613	13.1
241	-0.000000	301.706270	0.000000	12.8
242	-0.912862	301.178196	0.020798	12.8
243	-0.000000	300.652580	0.000000	12.8
244	-0.642749	300.129402	0.010740	12.8
245	-0.905456	299.608645	0.016878	9.7
246	-0.120931	299.090291	0.002483	12.3
247	-0.459060	298.574321	0.010426	13.2
248	-0.909992	298.060718	0.007834	12.5
249	-0.821459	297.549465	0.024471	12.5
250	-0.656130	297.040543	0.009144	12.7
251	-0.471212	296.533936	0.006778	12.8
252	-0.000000	296.029626	0.000000	12.5
253	-0.693843	295.527597	0.004753	13.4
254	-0.375144	295.027832	0.012075	11.7
255	-0.054927	294.530315	0.001747	8.1
256	-0.244335	294.035028	0.003298	10.4
257	-0.827452	293.541956	0.009562	12.1
258	0.000000	293.051083	0.000000	10.1
259	-0.453005	292.562393	0.009608	8.9
260	0.000000	292.075870	0.000000	13.1
261	-0.903380	291.591498	0.007591	8.1
262	-0.000000	291.109263	0.000000	12.5
263	-0.978183	290.629149	0.016695	9.4
264	-0.000416	290.151140	0.000020	15.0
265	-0.472952	289.675222	0.011228	12.4
266	-0.060811	289.201380	0.002768	10.3
267	0.000000	288.729600	0.000000	11.6
268	0.000000	288.259866	0.000000	12.5
269	-0.841371	287.792165	0.008020	10.1
270	-0.000000	287.326481	0.000000	8.5
271	-0.679591	286.862802	0.008829	12.5
272	-0.002852	286.401113	0.000117	8.0
273	-0.149835	285.941400	0.003906	12.4
274	0.000000	285.483649	0.000000	10.7
275	-0.704035	285.027847	0.004903	7.7
276	-0.676661	284.573981	0.007567	11.6
277	-0.533671	284.122037	0.004664	8.1
278	-0.918581	283.672002	0.010376	13.6
279	-0.272919	283.223863	0.002487	8.1
280	-0.866934	282.777607	0.011400	11.1
281	0.000000	282.333221	0.000000	12.6
282	-0.480525	281.890692	0.006709	11.5
283	-0.403717	281.450008	0.006624	8.4
284	-0.943832	281.011157	0.011719	13.1
285	-0.910501	280.574125	0.019883	12.5
286	-0.365988	280.138901	0.003911	11.0
287	-0.275686	279.705473	0.002568	10.5
288	-0.362518	279.273829	0.003402	10.1
289	0.000000	278.843956	0.000000	11.2
290	-0.839777	278.415844	0.008557	8.3
291	-0.177303	277.989479	0.004052	10.3
292	-0.158516	277.564851	0.006190	9.1
293	-0.246757	277.141949	0.005800	8.7
294	-0.892507	276.720761	0.024764	13.2
295	-0.734783	276.301275	0.012820	10.9
296	-0.968918	275.883480	0.020156	8.7
297	-0.026028	275.467366	0.000246	12.7
298	-0.000000	275.052922	0.000000	10.5
299	-0.229690	274.640136	0.002277	11.5
300	-0.684329	274.228998	0.009430	10.3
301	-0.419681	273.819497	0.005872	10.7
302	0.000000	273.411623	0.000000	11.7
303	-0.542324	273.005365	0.008160	12.6
304	-0.494890	272.600712	0.007394	12.7
305	0.000000	272.197655	0.000000	10.0
306	-0.006801	271.796184	0.000418	8.3
307	-0.413181	271.396287	0.008497	10.7
308	-0.466910	270.997956	0.005242	8.8
309	-0.735656	270.601180	0.017117	10.4
310	-0.000256	270.205949	0.000003	8.3
311	-0.596424	269.812254	0.008770	13.0
312	-0.782752	269.420085	0.010170	8.3
313	-0.855133	269.029432	0.009082	13.7
314	-0.457248	268.640287	0.007423	8.2
315	-0.800200	268.252638	0.006932	8.7
316	0.000000	267.866478	0.000000	10.6
317	-0.168971	267.481796	0.002248	8.4
318	-0.000364	267.098584	0.000037	17.9
319	0.000000	266.716833	0.000000	8.7
320	-0.601945	266.336533	0.007072	11.4
321	-0.570405	265.957676	0.007672	15.3
322	-0.000000	265.580253	0.000000	13.9
323	-0.667909	265.204254	0.008003	15.9
324	-0.230122	264.829672	0.002877	8.5
325	-0.863379	264.456497	0.010578	11.3
326	-0.236269	264.084721	0.002258	14.0
327	-0.186861	263.714335	0.002161	15.9
328	-0.669763	263.345332	0.009461	9.5
329	-0.530925	262.977702	0.007672	12.0
330	-0.535113	262.611438	0.007695	14.6
331	-0.547962	262.246531	0.006383	12.3
332	-0.495831	261.882973	0.006528	13.7
333	-1.014513	261.520756	0.010614	11.4
334	-0.652451	261.159871	0.005260	10.7
335	-0.582506	260.800312	0.019452	12.4
336	-0.000000	260.442070	0.000000	9.3
337	-0.402823	260.085137	0.005428	8.7
338	-0.937797	259.729505	0.009826	8.1
339	-0.000000	259.375167	0.000000	8.3
340	-0.255369	259.022116	0.003346	8.2
341	-0.802268	258.670343	0.007321	8.4
342	-0.025748	258.319841	0.000417	8.8
343	-0.604347	257.970602	0.011382	8.3
344	-0.809548	257.622620	0.029563	7.6
345	-0.031791	257.275887	0.000727	9.8
346	-0.972146	256.930396	0.008420	10.6
347	-0.348977	256.586139	0.006847	16.5
348	-0.944029	256.243109	0.025289	13.5
349	-0.298047	255.901300	0.003236	14.9
350	-0.628799	255.560703	0.013716	13.4
351	-0.554994	255.221313	0.009234	13.6
352	-0.509687	254.883122	0.009522	13.0
353	-0.585659	254.546124	0.007861	15.1
354	-0.638837	254.210311	0.011406	15.0
355	-0.582510	253.875677	0.007511	17.3
356	-0.102032	253.542215	0.001404	14.2
357	-0.831730	253.209918	0.012076	13.8
358	-0.001095	252.878781	0.000031	15.2
359	-0.546712	252.548795	0.016078	11.6
360	-0.448608	252.219956	0.007030	19.0
361	-0.571945	251.892255	0.014252	13.2
362	-0.642155	251.565688	0.007983	14.3
363	0.000000	251.240247	0.000000	14.1
364	-0.066731	250.915926	0.001053	9.6
365	-0.000005	250.592720	0.000003	12.2
366	-0.894530	250.270621	0.017585	13.4
367	-0.385984	249.949624	0.007760	11.9
368	-0.401080	249.629723	0.006523	9.4
369	-0.000352	249.310911	0.000016	10.3
370	0.000000	248.993182	0.000000	13.5
371	-1.040570	248.676531	0.017001	14.0
372	-0.561616	248.360952	0.008357	9.6
373	0.000000	248.046438	0.000000	9.0
374	-0.000146	247.732984	0.000013	8.3
375	-0.797620	247.420584	0.014763	12.2
376	-0.561387	247.109233	0.009276	11.3
377	-0.024904	246.798924	0.000284	9.1
378	0.000000	246.489652	0.000000	12.0
379	0.000000	246.181412	0.000000	12.9
380	0.000000	245.874197	0.000000	8.5
381	-0.125871	245.568002	0.001944	8.1
382	-0.001186	245.262822	0.000027	9.1
383	-0.613172	244.958652	0.005719	12.4
384	-0.229697	244.655485	0.003810	12.6
385	-0.161470	244.353317	0.001508	8.4
386	-0.013059	244.052142	0.000218	8.3
387	-0.197317	243.751955	0.003044	10.4
388	-0.494002	243.452750	0.005311	10.4
389	-0.333980	243.154523	0.002970	9.2
390	-0.943960	242.857268	0.013190	8.6
391	-0.910505	242.560980	0.019469	8.1
392	-0.463763	242.265654	0.003493	8.6
393	0.000000	241.971285	0.000000	7.8
394	-0.523711	241.677868	0.006295	21.1
395	-0.695357	241.385397	0.018304	10.9
396	-0.401303	241.093869	0.005738	9.5
397	-0.984642	240.803278	0.011628	10.2
398	-0.001026	240.513619	0.000179	10.1
399	-0.354331	240.224887	0.005985	13.0
400	-0.000000	239.937077	0.000000	11.6
401	-0.459556	239.650186	0.007856	11.5
402	0.000000	239.364207	0.000000	8.8
403	-0.793092	239.079136	0.005366	8.7
404	-0.600221	238.794969	0.006985	11.9
405	-0.000037	238.511701	0.000009	13.7
406	-0.913113	238.229327	0.009180	12.5
407	-0.967705	237.947843	0.009748	13.2
408	-0.970294	237.667244	0.006043	10.7
409	-0.009736	237.387526	0.000126	7.6
410	-0.000003	237.108684	0.000001	12.6
411	-0.725147	236.830714	0.007621	10.6
412	-0.155112	236.553610	0.003317	11.1
413	0.000000	236.277370	0.000000	10.0
414	0.000000	236.001989	0.000000	9.8
415	-0.000002	235.727461	0.000000	12.2
416	-0.512702	235.453784	0.016515	11.2
417	-0.625221	235.180952	0.009080	11.2
418	-0.343178	234.908962	0.005838	10.8
419	-0.491425	234.637809	0.007549	9.3
420	-0.195856	234.367488	0.004628	8.7
421	-0.000000	234.097997	0.000000	8.5
422	-0.637223	233.829331	0.009496	8.5
423	-0.977181	233.561485	0.029069	11.8
424	-0.076221	233.294456	0.001461	12.4
425	-0.242713	233.028239	0.004903	11.0
426	-0.732635	232.762831	0.008044	12.3
427	-0.886109	232.498228	0.009069	9.5
428	-0.120638	232.234425	0.002369	8.3
429	-0.376822	231.971419	0.004254	9.6
430	-0.582226	231.709205	0.010025	9.1
431	-0.693398	231.447781	0.007723	8.1
432	-0.881086	231.187141	0.035000	8.4
433	-0.785002	230.927283	0.009535	9.2
434	-0.000000	230.668202	0.000000	12.3
435	-0.000000	230.409895	0.000000	8.7
436	0.000000	230.152358	0.000000	10.1
437	0.000000	229.895587	0.000000	10.5
438	-0.089858	229.639578	0.002326	11.8
439	-0.661306	229.384329	0.008051	12.0
440	-0.728892	229.129834	0.011044	16.6
441	-1.000559	228.876091	0.009697	9.6
442	-0.966819	228.623096	0.006142	13.0
443	-0.993606	228.370846	0.010895	10.8
444	-0.352209	228.119336	0.002353	12.2
445	-0.000000	227.868563	0.000000	8.4
446	-0.019097	227.618525	0.000638	10.8
447	-0.984859	227.369216	0.014629	8.8
448	-0.882074	227.120635	0.012402	8.8
449	-1.028042	226.872777	0.013555	12.8
450	-0.213406	226.625638	0.003552	11.9
451	-0.247033	226.379217	0.003567	13.1
452	-0.332112	226.133509	0.006935	13.4
453	-0.654736	225.888510	0.013383	14.3
454	-0.921320	225.644218	0.015867	9.6
455	0.000000	225.400630	0.000000	11.4
456	-0.674320	225.157741	0.007828	12.5
457	-0.379935	224.915549	0.006967	11.0
458	0.000000	224.674051	0.000000	10.1
459	0.000000	224.433242	0.000000	9.8
460	-0.026882	224.193121	0.000479	11.2
461	-0.000000	223.953684	0.000000	10.1
462	-0.644503	223.714927	0.007932	8.4
463	-0.013374	223.476848	0.000473	13.6
464	-0.144167	223.239444	0.002213	7.4
465	-0.661949	223.002710	0.015965	10.0
466	-0.140494	222.766645	0.002574	10.8
467	-0.271885	222.531245	0.003933	9.0
468	-0.589173	222.296508	0.010376	12.8
469	-0.961651	222.062429	0.012540	13.8
470	-0.000000	221.829007	0.000000	13.0
471	-0.267105	221.596238	0.002784	10.8
472	-0.995274	221.364119	0.008237	7.9
473	-0.172085	221.132647	0.002760	11.7
474	-0.243970	220.901820	0.003275	15.8
475	-1.062246	220.671634	0.012459	12.8
476	-1.049647	220.442086	0.012234	17.4
477	-0.211852	220.213174	0.006579	9.8
478	-0.142794	219.984895	0.002015	18.4
479	-0.343877	219.757246	0.005951	8.6
480	-0.269976	219.530224	0.002979	15.5
481	-0.355507	219.303826	0.001946	12.3
482	-0.298958	219.078050	0.003954	14.0
483	-0.000000	218.852893	0.000000	16.9
484	-0.700167	218.628352	0.006392	15.6
485	-1.026424	218.404424	0.006534	14.9
486	-0.065352	218.181106	0.001540	15.6
487	-0.609546	217.958397	0.008773	14.5
488	-0.000000	217.736292	0.000000	12.2
489	-0.000029	217.514790	0.000008	16.1
490	0.000000	217.293888	0.000000	14.2
491	0.000000	217.073584	0.000000	15.5
492	-0.014050	216.853873	0.000392	12.8
493	-0.445124	216.634755	0.006357	12.9
494	-0.873183	216.416227	0.006101	13.1
495	-0.637330	216.198285	0.005740	11.1
496	0.000000	215.980927	0.000000	13.1
497	-0.062229	215.764151	0.000854	11.6
498	-0.459886	215.547955	0.007247	12.0
499	-0.706387	215.332335	0.007212	10.3
500	-0.000000	215.117289	0.000000	13.0
501	-0.000000	214.902815	0.000000	8.4
502	-0.892255	214.688911	0.010168	10.8
503	-0.880071	214.475573	0.015051	7.9
504	-0.556713	214.262800	0.006085	8.0
505	-0.686703	214.050588	0.007518	8.0
506	-0.299519	213.838936	0.004287	10.1
507	-0.326434	213.627842	0.004050	13.2
508	-0.063902	213.417302	0.000460	12.7
509	0.000000	213.207314	0.000000	9.8
510	-0.040811	212.997877	0.001133	9.5
511	-0.963997	212.788987	0.009900	9.4
512	-0.039056	212.580642	0.000507	13.4
513	0.000000	212.372841	0.000000	12.6
514	-0.507346	212.165581	0.006677	11.5
515	-0.322535	211.958859	0.003927	11.4
516	-0.000381	211.752673	0.000075	12.3
517	-0.943218	211.547021	0.008031	10.6
518	-0.554892	211.341902	0.006676	8.8
519	-1.148550	211.137311	0.013693	8.4
520	-0.868966	210.933248	0.006498	7.6
521	-0.633169	210.729710	0.007629	8.8
522	-0.441584	210.526695	0.005441	8.3
523	-0.967852	210.324200	0.010598	8.3
524	-0.000015	210.122224	0.000000	7.8
525	0.000000	209.920765	0.000000	8.5
526	0.000000	209.719820	0.000000	8.0
527	-0.412891	209.519387	0.005072	8.6
528	-0.593154	209.319463	0.007435	8.8
529	-1.051215	209.120048	0.013079	9.0
530	-0.586419	208.921139	0.009189	11.6
531	-0.729228	208.722733	0.008378	12.9
532	-0.666226	208.524829	0.010086	24.5
533	-0.980969	208.327425	0.009683	13.5
534	0.000000	208.130518	0.000000	13.1
535	-0.957209	207.934107	0.011086	15.0
536	-0.860799	207.738189	0.010960	12.9
537	-0.987838	207.542762	0.020703	16.0
538	-0.918993	207.347825	0.010370	13.5
539	-0.576582	207.153376	0.006515	13.5
540	-0.003279	206.959412	0.000050	13.2
541	-0.336567	206.765932	0.006185	13.4
542	-0.695081	206.572933	0.010516	13.9
543	-0.960914	206.380414	0.011634	11.9
544	-0.397084	206.188373	0.006041	13.6
545	-0.009921	205.996807	0.000560	13.7
546	-0.007044	205.805716	0.000517	10.6
547	-0.691060	205.615096	0.011428	11.2
548	-0.959820	205.424946	0.010141	9.5
549	-0.030625	205.235265	0.000344	15.1
550	-0.694440	205.046050	0.008014	9.6
551	-0.482707	204.857299	0.006848	11.2
552	-0.700698	204.669011	0.006988	11.7
553	-0.405796	204.481184	0.005158	7.8
554	-0.000001	204.293816	0.000000	9.0
555	-0.816782	204.106905	0.011711	9.0
556	-0.500151	203.920449	0.004182	8.5
557	-0.744724	203.734447	0.007254	8.6
558	-1.038343	203.548896	0.028477	9.0
559	-0.665086	203.363795	0.006135	9.2
560	-0.190206	203.179143	0.002552	12.2
561	-0.121552	202.994937	0.005787	15.2
562	-0.874059	202.811176	0.009679	16.3
563	0.000000	202.627857	0.000000	15.5
564	-0.416337	202.444980	0.004112	11.8
565	-0.491208	202.262543	0.014942	14.1
566	0.000000	202.080543	0.000000	12.4
567	-0.876537	201.898979	0.026860	12.1
568	-0.564079	201.717849	0.005320	7.7
569	-0.874072	201.537153	0.011231	8.7
570	-0.579706	201.356887	0.009038	18.5
571	-0.571855	201.177050	0.008846	20.0
572	-0.225581	200.997642	0.001997	16.1
573	-0.123067	200.818659	0.002087	17.4
574	-0.621499	200.640100	0.008057	18.6
575	0.000000	200.461965	0.000000	17.5
576	-0.609810	200.284250	0.018429	12.4
577	-0.820751	200.106955	0.008921	12.1
578	-0.466418	199.930078	0.007728	11.4
579	-0.467461	199.753617	0.006193	13.9
580	-0.674008	199.577571	0.005617	13.0
581	-0.769254	199.401938	0.007906	10.0
582	-0.531302	199.226717	0.007685	12.1
583	-0.357449	199.051905	0.009679	8.6
584	-0.740613	198.877502	0.009832	16.6
585	-0.376286	198.703506	0.008311	14.8
586	-0.480294	198.529916	0.002814	11.9
587	-0.018851	198.356729	0.000767	12.3
588	-1.029959	198.183944	0.016867	15.0
589	0.000000	198.011560	0.000000	14.0
590	0.000000	197.839576	0.000000	10.8
591	-0.602750	197.667989	0.008763	8.6
592	-1.014419	197.496798	0.008693	10.9
593	-0.000015	197.326002	0.000001	11.9
594	-0.888015	197.155600	0.010711	11.5
595	-0.398567	196.985589	0.005290	11.4
596	-1.037404	196.815969	0.038412	9.1
597	-0.000000	196.646738	0.000000	11.9
598	0.000000	196.477894	0.000000	11.1
599	-0.558548	196.309436	0.004961	14.5
600	0.000000	196.141363	0.000000	13.3
601	0.000000	195.973673	0.000000	12.7
602	-0.000617	195.806365	0.000007	12.9
603	-0.000000	195.639437	0.000000	16.5
604	-0.750387	195.472888	0.023727	9.2
605	-0.002716	195.306717	0.000060	9.7
606	-0.152192	195.140922	0.001994	8.2
607	-0.954875	194.975501	0.021619	9.2
608	0.000000	194.810454	0.000000	10.5
609	-0.845156	194.645779	0.008238	11.9
610	-0.002059	194.481475	0.000055	11.6
611	-0.003758	194.317540	0.000518	7.8
612	-1.086705	194.153973	0.013421	7.8
613	-0.385534	193.990773	0.005049	8.2
614	-0.619382	193.827938	0.007111	8.8
615	-0.001931	193.665467	0.000090	12.3
616	-0.630051	193.503358	0.007540	12.5
617	-1.030416	193.341611	0.005818	12.2
618	-0.000000	193.180224	0.000000	11.7
619	-0.000073	193.019196	0.000012	10.8
620	-0.481193	192.858525	0.006371	10.3
621	-0.739215	192.698210	0.007553	10.5
622	-0.000001	192.538251	0.000000	10.8
623	-0.882112	192.378644	0.012569	10.7
624	-0.124991	192.219391	0.002574	8.2
625	-0.890571	192.060488	0.014079	8.0
626	-0.676449	191.901935	0.015240	8.3
627	-0.591464	191.743730	0.004861	8.8
628	-0.420701	191.585873	0.011509	10.7
629	-0.731936	191.428362	0.005279	11.9
630	-0.136357	191.271196	0.004659	12.8
631	-0.988105	191.114374	0.029983	12.6
632	-0.000478	190.957893	0.000011	12.1
633	-0.691994	190.801755	0.007584	7.8
634	-1.083548	190.645956	0.012635	9.6
635	-0.892077	190.490495	0.007177	9.6
636	-0.883997	190.335373	0.004478	8.6
637	0.000000	190.180587	0.000000	7.6
638	-1.004197	190.026136	0.011411	7.9
639	-0.672813	189.872019	0.011865	8.0
640	-0.609037	189.718235	0.006396	9.1
641	-0.851342	189.564782	0.016276	12.1
642	-0.653496	189.411661	0.006880	11.7
643	-0.977563	189.258868	0.017015	11.7
644	-0.802604	189.106404	0.006694	11.9
645	-0.967787	188.954267	0.005839	12.2
646	-0.089201	188.802456	0.003192	14.2
647	-0.397623	188.650969	0.006040	12.4
648	-0.951459	188.499807	0.005776	12.2
649	-0.775001	188.348967	0.008536	12.6
650	-0.327115	188.198448	0.005636	14.9
651	-0.074048	188.048250	0.001897	12.2
652	-0.980840	187.898371	0.007708	12.0
653	-0.000003	187.748810	0.000000	19.4
654	-0.946809	187.599566	0.004822	14.2
655	-0.615160	187.450638	0.004531	12.7
656	-0.725029	187.302025	0.016376	9.9
657	-0.725137	187.153725	0.011103	7.9
658	-0.380872	187.005739	0.004195	10.2
659	-0.021688	186.858064	0.000682	10.9
660	-0.405413	186.710699	0.007515	11.9
661	-0.002356	186.563645	0.000048	9.8
662	0.000000	186.416898	0.000000	10.3
663	-0.308080	186.270459	0.002739	8.8
664	-0.693627	186.124326	0.006600	8.2
665	-0.036232	185.978499	0.001478	8.1
666	-0.826854	185.832976	0.007592	7.5
667	-0.468561	185.687756	0.007805	9.9
668	-0.875196	185.542838	0.019469	12.4
669	-0.000042	185.398222	0.000004	12.5
670	-0.837816	185.253906	0.011321	13.8
671	-0.335526	185.109889	0.005461	14.5
672	-0.264122	184.966170	0.005260	12.2
673	-0.531229	184.822748	0.009611	12.0
674	0.000000	184.679623	0.000000	12.4
675	-0.000002	184.536792	0.000000	12.3
676	-0.806034	184.394256	0.010033	8.4
677	-0.705446	184.252013	0.006915	12.1
678	-0.855712	184.110062	0.010235	12.2
679	0.000000	183.968403	0.000000	11.3
680	0.000000	183.827034	0.000000	12.2
681	-0.832804	183.685954	0.004892	12.1
682	0.000000	183.545163	0.000000	12.3
683	-0.787489	183.404658	0.008904	11.8
684	-0.266124	183.264441	0.003402	12.7
685	0.000000	183.124509	0.000000	11.4
686	-0.496573	182.984861	0.008008	11.0
687	-0.664730	182.845497	0.006992	12.2
688	-0.648515	182.706416	0.006774	12.9
689	-0.300790	182.567616	0.003315	10.4
690	0.000000	182.429098	0.000000	8.6
691	-0.000076	182.290859	0.000002	13.7
692	-0.345049	182.152899	0.003397	15.4
693	-0.608737	182.015217	0.007359	18.2
694	-0.715252	181.877813	0.006717	11.4
695	-0.562966	181.740684	0.005695	10.9
696	-0.900672	181.603832	0.018094	12.4
697	-0.245629	181.467253	0.005554	11.9
698	-0.609358	181.330948	0.008727	10.0
699	-0.466536	181.194916	0.004613	9.1
700	-0.000000	181.059155	0.000000	9.3
701	0.000000	180.923666	0.000000	8.6
702	-0.348709	180.788446	0.005874	9.8
703	-0.074622	180.653496	0.002173	8.9
704	-1.096322	180.518814	0.012915	8.7
705	-0.667701	180.384399	0.007132	9.3
706	-0.707246	180.250251	0.008852	12.0
707	-0.116383	180.116369	0.001857	16.4
708	-0.000000	179.982752	0.000000	14.4
709	-0.762754	179.849398	0.009184	11.2
710	-0.000000	179.716308	0.000000	12.4
711	0.000000	179.583480	0.000000	13.1
712	-0.000000	179.450913	0.000000	12.6
713	-0.827524	179.318607	0.008683	13.5
714	-0.236618	179.186561	0.003257	19.3
715	-0.000044	179.054774	0.000004	13.4
716	-0.931917	178.923245	0.012683	14.9
717	-0.511593	178.791973	0.005989	12.8
718	0.000000	178.660958	0.000000	11.1
719	-0.557414	178.530199	0.008028	12.1
720	-0.636014	178.399694	0.010862	11.8
721	-0.967929	178.269444	0.014458	10.6
722	-0.600666	178.139447	0.005977	13.0
723	0.000000	178.009702	0.000000	9.9
724	-1.053301	177.880209	0.007474	9.1
725	-0.487758	177.750967	0.006107	13.9
726	-0.608852	177.621975	0.008110	9.3
727	0.000000	177.493232	0.000000	9.8
728	-0.562578	177.364738	0.008694	13.0
729	-0.733507	177.236492	0.007654	13.0
730	-0.929300	177.108492	0.008979	10.1
731	-0.371989	176.980739	0.009039	10.0
732	-0.482799	176.853231	0.008690	10.8
733	-0.836104	176.725968	0.013742	11.0
734	-0.338090	176.598949	0.004156	11.7
735	-0.562488	176.472173	0.009544	8.7
736	-0.510426	176.345639	0.006483	8.4
737	-1.022150	176.219348	0.009475	8.6
738	-0.541502	176.093296	0.002411	10.3
739	-0.337475	175.967486	0.006045	8.4
740	-0.401481	175.841914	0.010022	11.0
741	-0.802845	175.716581	0.011353	11.3
742	-0.394204	175.591486	0.005391	12.3
743	-0.551068	175.466629	0.006635	13.5
744	-0.000000	175.342008	0.000000	12.5
745	-0.000000	175.217622	0.000000	8.2
746	-0.002304	175.093472	0.000205	8.2
747	-0.609833	174.969556	0.007569	8.3
748	-1.061871	174.845873	0.011503	8.3
749	-0.444690	174.722423	0.005761	8.8
750	-0.328190	174.599206	0.001986	8.5
751	0.000000	174.476220	0.000000	8.0
752	-1.023907	174.353464	0.013290	9.5
753	-0.284519	174.230939	0.004225	9.4
754	-0.555713	174.108643	0.006270	13.1
755	-0.116459	173.986576	0.001441	12.3
756	-0.938242	173.864737	0.004854	9.5
757	-0.747939	173.743124	0.005912	12.4
758	-0.723453	173.621739	0.006481	10.5
759	-0.000009	173.500579	0.000002	9.1
760	-0.549593	173.379645	0.006733	12.0
761	-0.524587	173.258935	0.009438	12.4
762	-1.008864	173.138449	0.013225	12.9
763	0.000000	173.018186	0.000000	13.6
764	-0.820203	172.898146	0.005085	9.3
765	-0.722273	172.778327	0.011216	10.2
766	-0.003127	172.658730	0.000664	10.6
767	-0.797268	172.539353	0.004839	12.9
768	-0.847700	172.420196	0.007258	10.4
769	-0.223524	172.301258	0.002726	9.6
770	-0.049255	172.182539	0.001065	10.9
771	-0.220809	172.064037	0.002352	8.9
772	-0.880323	171.945753	0.010657	9.1
773	-0.060608	171.827686	0.000751	12.8
774	-1.030340	171.709834	0.024245	11.9
775	-0.136699	171.592198	0.003133	12.8
776	-0.560077	171.474776	0.006337	10.2
777	-0.924355	171.357568	0.006714	13.0
778	-0.780891	171.240574	0.008743	13.8
779	-0.000000	171.123793	0.000000	12.3
780	-0.035985	171.007223	0.002063	13.0
781	-0.520243	170.890865	0.006650	12.7
782	-0.488642	170.774718	0.006345	13.1
783	-0.334868	170.658782	0.003975	13.8
784	-0.000000	170.543055	0.000000	13.5
785	-0.924823	170.427537	0.006403	12.3
786	0.000000	170.312227	0.000000	11.0
787	0.000000	170.197125	0.000000	11.2
788	-0.826185	170.082231	0.004744	9.8
789	-0.000000	169.967543	0.000000	11.8
790	-0.983609	169.853061	0.006050	8.7
791	-0.050838	169.738784	0.001561	9.4
792	-0.256970	169.624713	0.003145	10.2
793	-0.000000	169.510845	0.000000	12.7
794	-0.719987	169.397181	0.008921	12.6
795	-0.995152	169.283720	0.008481	11.7
796	-0.416429	169.170462	0.005554	12.8
797	-0.623985	169.057405	0.006449	8.8
798	-0.863247	168.944549	0.008189	12.3
799	-0.000000	168.831895	0.000000	8.5
800	-0.462057	168.719440	0.002575	8.9
801	-0.895318	168.607185	0.010689	8.0
802	-0.573705	168.495129	0.009413	9.0
803	-0.907431	168.383271	0.003991	12.3
804	-0.566166	168.271611	0.014838	12.2
805	-0.617556	168.160148	0.007249	10.7
806	-0.000000	168.048882	0.000000	12.3
807	-0.000032	167.937812	0.000003	12.3
808	-0.998358	167.826938	0.005779	10.2
809	-0.688720	167.716258	0.009372	10.3
810	-0.000000	167.605773	0.000000	8.3
811	-1.081526	167.495482	0.008410	9.2
812	-0.943958	167.385384	0.005375	7.8
813	0.000000	167.275479	0.000000	8.5
814	-0.435734	167.165766	0.008173	7.9
815	-0.811618	167.056245	0.006347	8.2
816	-0.414765	166.946915	0.005141	7.9
817	-0.000000	166.837776	0.000000	8.3
818	-0.000007	166.728826	0.000001	8.0
819	-0.451152	166.620067	0.007288	9.0
820	-0.149680	166.511496	0.003232	8.0
821	0.000000	166.403113	0.000000	9.9
822	-0.300899	166.294919	0.003610	8.3
823	-0.822832	166.186912	0.005364	9.5
824	-1.013662	166.079091	0.025047	11.0
825	-0.326176	165.971458	0.005764	8.7
826	-0.458954	165.864009	0.005992	9.8
827	-0.661994	165.756747	0.008645	8.5
828	-0.487504	165.649669	0.006776	9.1
829	-0.411399	165.542775	0.004181	8.4
830	-0.824137	165.436065	0.010745	9.7
831	-0.581265	165.329538	0.004989	9.0
832	-0.727645	165.223194	0.006977	9.8
833	-0.094005	165.117032	0.004840	12.4
834	-0.932252	165.011052	0.008601	13.1
835	-0.670553	164.905253	0.006393	12.2
836	-0.951385	164.799635	0.010890	12.1
837	-0.154276	164.694197	0.002650	14.3
838	-0.708498	164.588939	0.008818	8.1
839	-0.139543	164.483859	0.002895	10.4
840	0.000000	164.378959	0.000000	13.4
841	-0.000000	164.274237	0.000000	12.6
842	-0.433786	164.169692	0.006212	12.1
843	-0.634219	164.065325	0.007871	12.7
844	-0.896989	163.961135	0.022931	9.2
845	-0.000008	163.857120	0.000001	12.0
846	-0.435252	163.753282	0.004417	11.9
847	-0.478454	163.649619	0.004224	10.2
848	-0.043401	163.546130	0.002128	12.0
849	-0.155381	163.442816	0.002109	11.9
850	0.000000	163.339676	0.000000	9.8
851	-1.061228	163.236709	0.018083	12.6
852	-0.000000	163.133915	0.000000	11.9
853	0.000000	163.031294	0.000000	12.1
854	0.000000	162.928844	0.000000	13.8
855	-0.016131	162.826566	0.000408	14.1
856	-0.974869	162.724459	0.022974	12.9
857	-0.624866	162.622523	0.006123	12.3
858	-0.616108	162.520757	0.007039	11.6
859	-0.000059	162.419160	0.000008	13.1
860	-0.932687	162.317733	0.007296	13.7
861	-0.001963	162.216474	0.000100	12.0
862	-0.414268	162.115383	0.005767	10.0
863	-0.524627	162.014461	0.003816	12.7
864	-0.000103	161.913705	0.000003	10.8
865	-0.703014	161.813117	0.025755	10.7
866	0.000000	161.712695	0.000000	12.9
867	-0.963833	161.612439	0.005850	14.8
868	-0.923601	161.512349	0.004738	12.3
869	-0.000000	161.412424	0.000000	12.1
870	-0.168098	161.312663	0.002145	12.5
871	0.000000	161.213067	0.000000	13.5
872	-0.000000	161.113635	0.000000	12.3
873	-0.011912	161.014366	0.000536	12.0
874	-0.000000	160.915260	0.000000	12.8
875	-0.301923	160.816316	0.004701	13.7
876	-0.966878	160.717535	0.008025	10.1
877	-0.546756	160.618915	0.004265	11.6
878	-0.002298	160.520456	0.000033	8.9
879	-1.059225	160.422158	0.017744	10.2
880	0.000000	160.324021	0.000000	8.9
881	-0.001098	160.226043	0.000068	11.6
882	0.000000	160.128225	0.000000	9.5
883	-0.513299	160.030566	0.007835	8.0
884	0.000000	159.933066	0.000000	11.8
885	-0.000005	159.835723	0.000003	9.4
886	-0.768364	159.738539	0.011720	10.7
887	-0.110197	159.641512	0.003269	12.4
888	-0.825112	159.544642	0.006701	8.9
889	-0.400671	159.447929	0.005384	12.0
890	-1.024871	159.351372	0.010655	12.5
891	-0.268795	159.254971	0.004472	8.7
892	0.000000	159.158725	0.000000	8.3
893	-0.409718	159.062634	0.006876	7.9
894	-0.884014	158.966697	0.007193	7.7
895	-0.636264	158.870915	0.006400	8.9
896	-0.823405	158.775286	0.007609	7.9
897	-0.873483	158.679811	0.010317	8.1
898	-0.525643	158.584489	0.005251	8.8
899	-0.299479	158.489319	0.005061	9.5
900	-0.000000	158.394302	0.000000	9.9
901	-0.654218	158.299436	0.006402	7.6
902	-0.708996	158.204721	0.005213	8.6
903	-0.000006	158.110158	0.000000	12.0
904	0.000000	158.015745	0.000000	13.3
905	-0.863974	157.921482	0.008272	10.5
906	0.000000	157.827369	0.000000	9.7
907	0.000000	157.733406	0.000000	11.5
908	-0.191785	157.639591	0.002729	12.3
909	-0.876388	157.545925	0.009411	11.0
910	-0.160242	157.452408	0.002502	11.6
911	-0.933583	157.359038	0.007878	11.2
912	-0.463501	157.265816	0.005252	11.0
913	-1.071345	157.172741	0.017239	11.9
914	-0.901291	157.079813	0.018121	11.7
915	-0.527714	156.987031	0.009537	12.6
916	-0.000470	156.894395	0.000017	9.9
917	-0.881778	156.801904	0.008249	12.4
918	-0.968202	156.709559	0.009665	13.0
919	-0.251078	156.617359	0.003921	12.7
920	-0.674773	156.525304	0.008320	12.2
921	-0.825329	156.433392	0.007238	12.1
922	-1.088952	156.341624	0.008247	10.8
923	-1.008199	156.250000	0.006053	9.8
924	-0.962981	156.158519	0.008628	11.0
925	-0.691288	156.067180	0.007263	12.5
926	-1.094732	155.975984	0.008291	10.4
927	-0.551548	155.884930	0.006694	12.3
928	-0.494968	155.794017	0.005868	12.3
929	-0.855657	155.703246	0.007350	11.2
930	-0.364532	155.612615	0.004712	12.5
931	-0.396699	155.522125	0.003324	12.1
932	-0.000000	155.431775	0.000000	10.0
933	-0.821490	155.341565	0.009687	12.2
934	-0.863251	155.251495	0.009717	12.3
935	-0.367549	155.161563	0.005249	12.0
936	0.000000	155.071771	0.000000	9.6
937	-0.030834	154.982117	0.000169	10.8
938	-0.000167	154.892601	0.000025	9.4
939	-0.687026	154.803222	0.007803	8.0
940	0.000000	154.713981	0.000000	9.2
941	-0.316531	154.624878	0.004927	12.2
942	-0.867700	154.535910	0.011500	11.8
943	-0.596218	154.447080	0.005991	12.3
944	-1.079049	154.358385	0.007276	8.4
945	-0.006891	154.269826	0.000191	8.0
946	0.000000	154.181402	0.000000	11.1
947	-0.576717	154.093114	0.007442	12.3
948	-0.936803	154.004960	0.008500	7.7
949	-0.903062	153.916940	0.007086	9.1
950	-0.014697	153.829054	0.000291	12.0
951	-0.887041	153.741303	0.012163	10.9
952	-0.936274	153.653684	0.007737	12.2
953	-0.673448	153.566198	0.008092	11.5
954	-0.042513	153.478846	0.001707	9.1
955	-0.036636	153.391625	0.000391	10.3
956	-0.921328	153.304537	0.007067	8.6
957	-0.818829	153.217580	0.009220	9.5
958	-0.733949	153.130755	0.009427	7.5
959	-0.252731	153.044061	0.002269	8.3
960	-0.004226	152.957498	0.000228	9.9
961	-0.642547	152.871065	0.007291	12.4
962	-1.103418	152.784762	0.010516	12.9
963	-0.872272	152.698589	0.005901	12.8
964	-1.031165	152.612545	0.007015	9.0
965	-0.048654	152.526631	0.001008	13.9
966	-0.671802	152.440845	0.015477	13.0
967	-0.439770	152.355188	0.004798	10.7
968	-0.416116	152.269660	0.007589	13.6
969	-1.010244	152.184259	0.006341	10.6
970	-0.379272	152.098986	0.003888	12.3
971	-0.708876	152.013840	0.005797	12.7
972	-0.000000	151.928821	0.000000	12.1
973	-0.773006	151.843928	0.004759	13.7
974	-0.951652	151.759163	0.010833	11.1
975	-0.513830	151.674523	0.003704	8.6
976	-0.618457	151.590009	0.009360	9.2
977	-0.945247	151.505620	0.005258	8.6
978	-0.518997	151.421357	0.006311	9.9
979	0.000000	151.337218	0.000000	8.4
980	-0.456851	151.253204	0.006013	10.2
981	-0.452364	151.169314	0.004515	10.2
982	-0.413029	151.085549	0.005661	13.0
983	-0.895788	151.001907	0.014020	12.3
984	-0.586977	150.918388	0.007324	9.8
985	-0.404948	150.834992	0.010772	8.6
986	-0.001782	150.751719	0.000600	8.7
987	-0.531701	150.668569	0.005080	11.0
988	-0.916370	150.585541	0.009600	12.2
989	-0.600461	150.502634	0.007239	18.3
990	-0.685549	150.419849	0.004912	14.1
991	-0.604686	150.337186	0.002920	18.3
992	-0.122238	150.254644	0.002124	25.8
993	-0.356030	150.172222	0.004300	19.8
994	-0.839022	150.089921	0.009474	18.6
995	-0.008251	150.007740	0.000309	17.2
996	-0.963266	149.925679	0.006658	13.3
997	-0.000000	149.843737	0.000000	15.2
998	-1.016033	149.761915	0.013208	18.4
999	-0.752444	149.680212	0.006351	15.4
1000	-1.070848	149.598627	0.009460	15.6
1001	-0.003685	149.517161	0.000085	15.2
1002	-0.445209	149.435814	0.007026	17.7
1003	-0.721587	149.354584	0.004637	14.7
1004	-0.753026	149.273472	0.006943	17.8
1005	-0.792750	149.192477	0.007205	17.7
1006	-1.063514	149.111599	0.008175	14.2
1007	-0.000000	149.030838	0.000000	12.6
1008	-0.570096	148.950194	0.006104	14.3
1009	-0.000000	148.869666	0.000000	13.5
1010	-0.716450	148.789253	0.007126	21.3
1011	-0.832565	148.708957	0.008374	13.6
1012	-0.576206	148.628776	0.005966	14.8
1013	-0.302130	148.548710	0.004210	12.3
1014	0.000000	148.468759	0.000000	15.4
1015	0.000000	148.388923	0.000000	11.6
1016	-1.082220	148.309201	0.007420	9.3
1017	-0.726919	148.229594	0.003550	8.5
1018	-0.719815	148.150100	0.005795	11.1
1019	-0.410672	148.070719	0.005258	10.3
1020	-0.652516	147.991452	0.006380	12.3
1021	-0.976946	147.912298	0.011533	10.5
1022	0.000000	147.833257	0.000000	8.5
1023	-0.664527	147.754329	0.005051	12.5
1024	-1.006188	147.675512	0.007748	9.5
1025	-0.754691	147.596808	0.006954	10.7
1026	-0.116420	147.518216	0.002187	11.0
1027	-0.488075	147.439735	0.008336	9.0
1028	0.000000	147.361365	0.000000	12.2
1029	-0.704013	147.283106	0.007271	16.0
1030	-0.769027	147.204958	0.007739	21.1
1031	-0.398275	147.126920	0.006118	16.2
1032	-0.236269	147.048993	0.003545	23.5
1033	-0.966753	146.971175	0.007059	14.0
1034	-0.531430	146.893468	0.009084	15.8
1035	-0.760604	146.815869	0.009075	22.2
1036	-1.089414	146.738380	0.017769	15.8
1037	-0.704673	146.661000	0.005581	13.8
1038	-1.024168	146.583729	0.009768	9.9
1039	-0.570288	146.506566	0.005752	12.8
1040	0.000000	146.429511	0.000000	16.8
1041	-0.249170	146.352565	0.004840	14.7
1042	-0.403095	146.275726	0.005348	15.1
1043	-0.000008	146.198994	0.000001	15.5
1044	0.000000	146.122370	0.000000	14.9
1045	-0.528557	146.045853	0.006633	13.0
1046	-0.020810	145.969442	0.000416	12.9
1047	-0.000159	145.893139	0.000024	13.3
1048	-0.001612	145.816941	0.000042	18.6
1049	-0.524831	145.740849	0.006303	13.1
1050	-0.365606	145.664863	0.004515	13.4
1051	-0.668524	145.588983	0.009781	11.9
1052	-0.732490	145.513208	0.005475	9.1
1053	-0.752320	145.437538	0.006940	13.1
1054	-0.589091	145.361973	0.005484	12.5
1055	-0.000000	145.286513	0.000000	10.3
1056	0.000000	145.211157	0.000000	8.0
1057	0.000000	145.135905	0.000000	11.8
1058	-0.779800	145.060757	0.006476	7.4
1059	-0.000000	144.985712	0.000000	11.1
1060	-0.604155	144.910771	0.010626	12.7
1061	-0.421841	144.835934	0.006712	7.7
1062	-0.382248	144.761199	0.004706	12.4
1063	-0.000000	144.686567	0.000000	8.6
1064	0.000000	144.612037	0.000000	8.4
1065	0.000000	144.537610	0.000000	10.3
1066	-0.526443	144.463285	0.006370	8.9
1067	-0.768802	144.389062	0.008900	12.4
1068	-0.707928	144.314940	0.004915	13.5
1069	-0.318739	144.240920	0.002691	11.4
1070	-0.663979	144.167001	0.015573	10.8
1071	-0.637601	144.093182	0.004862	19.8
1072	-0.644322	144.019465	0.005884	15.9
1073	-0.544445	143.945848	0.007982	17.4
1074	-0.928988	143.872331	0.009415	15.4
1075	-0.630523	143.798914	0.007352	13.8
1076	-0.268258	143.725597	0.002354	9.2
1077	-0.887055	143.652380	0.007695	14.4
1078	-0.975944	143.579262	0.010154	14.2
1079	-0.977893	143.506243	0.009063	14.1
1080	-1.054686	143.433323	0.011310	12.1
1081	-0.787111	143.360502	0.008083	16.8
1082	-0.992392	143.287780	0.010475	15.9
1083	-0.293025	143.215155	0.002718	18.1
1084	-0.253991	143.142629	0.002418	21.0
1085	-0.621829	143.070201	0.011284	12.8
1086	0.000000	142.997870	0.000000	13.3
1087	-0.599571	142.925637	0.006765	10.4
1088	-0.954386	142.853501	0.006888	11.3
1089	-0.562964	142.781462	0.004101	14.1
1090	-0.181621	142.709519	0.001862	16.7
1091	-0.480624	142.637674	0.006534	8.4
1092	-0.737830	142.565924	0.008817	14.2
1093	-0.867331	142.494271	0.008927	15.5
1094	-0.557787	142.422714	0.009158	14.8
1095	-0.351736	142.351252	0.003412	13.4
1096	-0.768820	142.279886	0.006622	15.4
1097	-0.528242	142.208616	0.008122	11.8
1098	0.000000	142.137440	0.000000	8.6
1099	-0.118018	142.066360	0.002878	9.7
1100	-0.851164	141.995374	0.007130	10.8
1101	0.000000	141.924483	0.000000	14.0
1102	-0.957713	141.853685	0.011737	8.0
1103	-0.686036	141.782983	0.008102	7.6
1104	-0.208296	141.712373	0.001274	8.3
1105	-0.257071	141.641858	0.003067	7.5
1106	-0.954832	141.571436	0.006969	8.2
1107	-0.404693	141.501108	0.004948	7.9
1108	-1.074865	141.430872	0.011933	9.2
1109	-0.335391	141.360730	0.002871	7.8
1110	0.000000	141.290680	0.000000	9.0
1111	-0.384415	141.220722	0.005633	8.2
1112	-0.752005	141.150857	0.005818	9.4
1113	-0.509518	141.081084	0.005928	12.9
1114	-0.251460	141.011403	0.001884	12.2
1115	0.000000	140.941813	0.000000	14.6
1116	-0.130024	140.872315	0.004621	14.1
1117	0.000000	140.802909	0.000000	15.8
1118	-0.036522	140.733593	0.000690	18.8
1119	0.000000	140.664369	0.000000	32.6
1120	0.000000	140.595235	0.000000	32.1
1121	-0.000000	140.526192	0.000000	16.5
1122	-1.050524	140.457239	0.015334	16.2
1123	-0.599464	140.388376	0.010892	16.0
1124	0.000000	140.319603	0.000000	16.8
1125	-0.785949	140.250920	0.006383	15.6
1126	-0.862980	140.182326	0.008978	16.8
1127	-0.150990	140.113822	0.002746	20.0
1128	-0.097976	140.045407	0.001819	30.3
1129	-0.198368	139.977081	0.002635	14.4
1130	0.000000	139.908844	0.000000	12.5
1131	-0.035571	139.840696	0.000755	20.7
1132	-0.104809	139.772635	0.001206	17.4
1133	-0.098725	139.704664	0.002713	16.6
1134	-0.875201	139.636780	0.005830	17.7
1135	-0.193128	139.568984	0.006228	19.1
1136	0.000000	139.501276	0.000000	18.2
1137	0.000000	139.433655	0.000000	13.1
1138	-0.044442	139.366122	0.001171	13.1
1139	0.000000	139.298676	0.000000	9.9
1140	-0.626229	139.231317	0.005134	10.8
1141	-0.193583	139.164045	0.003631	10.7
1142	-0.408394	139.096859	0.005426	11.1
1143	-0.473279	139.029760	0.005715	10.4
1144	-1.022209	138.962747	0.019584	10.2
1145	-0.781576	138.895820	0.008257	9.7
1146	0.000000	138.828978	0.000000	12.9
1147	-1.039243	138.762223	0.014763	13.0
1148	-0.980399	138.695553	0.006022	11.1
1149	-0.641151	138.628969	0.004117	18.8
1150	-0.001011	138.562469	0.000055	12.4
1151	0.000000	138.496055	0.000000	23.3
1152	-0.006197	138.429725	0.000224	29.2
1153	-0.922905	138.363481	0.005615	20.0
1154	-0.067221	138.297320	0.001334	16.2
1155	-0.342816	138.231244	0.004215	17.0
1156	-0.702367	138.165252	0.010927	13.7
1157	-0.000084	138.099344	0.000055	12.2
1158	-0.320629	138.033520	0.002101	11.0
1159	-0.404403	137.967779	0.006351	12.5
1160	0.000000	137.902122	0.000000	12.1
1161	-0.712928	137.836548	0.005850	13.2
1162	-0.223992	137.771057	0.004156	10.3
1163	-0.481119	137.705649	0.006235	10.1
1164	-0.823662	137.640324	0.007217	10.9
1165	-0.778583	137.575081	0.016779	9.3
1166	-0.878048	137.509921	0.010152	8.7
1167	-0.353482	137.444842	0.003860	15.1
1168	-0.758756	137.379846	0.008765	9.9
1169	-0.028979	137.314932	0.000784	8.4
1170	0.000000	137.250100	0.000000	13.2
1171	-1.084219	137.185349	0.009578	15.3
1172	-1.001428	137.120680	0.007026	18.2
1173	-0.000000	137.056092	0.000000	8.9
1174	-0.911011	136.991585	0.005268	14.7
1175	-0.921485	136.927158	0.005826	11.9
1176	-0.933215	136.862813	0.007276	9.3
1177	-0.529889	136.798548	0.006107	10.6
1178	-0.722643	136.734363	0.005071	8.2
1179	-0.754793	136.670259	0.008681	10.2
1180	-0.441634	136.606235	0.005729	12.7
1181	0.000000	136.542291	0.000000	12.1
1182	-1.040371	136.478426	0.011184	7.7
1183	-0.204065	136.414641	0.003607	9.5
1184	-0.471177	136.350936	0.008546	10.4
1185	-0.089006	136.287310	0.003501	8.0
1186	-0.005790	136.223763	0.000202	7.5
1187	-0.382051	136.160295	0.004901	9.3
1188	-0.806254	136.096905	0.011053	11.2
1189	-0.038855	136.033594	0.000904	7.6
1190	-0.220029	135.970362	0.004162	10.2
1191	-0.468301	135.907208	0.002378	12.3
1192	-0.345705	135.844133	0.004666	14.3
1193	-0.814283	135.781135	0.004845	13.1
1194	-0.000000	135.718215	0.000000	10.3
1195	-0.299709	135.655373	0.005685	7.5
1196	-0.730191	135.592608	0.007981	11.3
1197	0.000000	135.529921	0.000000	10.1
1198	-0.022956	135.467311	0.001348	10.0
1199	-1.003607	135.404778	0.007853	10.3
1200	-0.746162	135.342322	0.006686	8.2
1201	-0.630183	135.279942	0.004758	11.6
1202	-0.017695	135.217640	0.000706	8.6
1203	-0.143864	135.155413	0.003666	9.7
1204	-0.617003	135.093263	0.005722	12.5
1205	-0.290807	135.031190	0.005555	10.4
1206	-0.358160	134.969192	0.005222	14.5
1207	-0.637522	134.907270	0.009098	17.8
1208	-0.209815	134.845424	0.001381	24.1
1209	-0.561010	134.783653	0.004081	19.5
1210	0.000000	134.721958	0.000000	17.8
1211	0.000000	134.660338	0.000000	17.1
1212	-0.616404	134.598793	0.006241	15.7
1213	-0.567006	134.537323	0.005196	26.4
1214	-0.819850	134.475927	0.007165	16.5
1215	-0.290097	134.414607	0.005144	19.1
1216	0.000000	134.353361	0.000000	15.3
1217	-0.897248	134.292189	0.003784	19.0
1218	-0.730310	134.231092	0.007285	20.4
1219	-0.641451	134.170068	0.005730	22.0
1220	0.000000	134.109119	0.000000	15.9
1221	-0.654350	134.048243	0.008317	19.5
1222	0.000000	133.987441	0.000000	13.2
1223	-0.650057	133.926713	0.004691	12.3
1224	-0.750349	133.866057	0.003578	12.7
1225	-0.676841	133.805475	0.006257	11.4
1226	-1.068770	133.744966	0.018748	13.1
1227	-0.027550	133.684530	0.000314	8.3
1228	-0.865499	133.624167	0.005402	12.0
1229	-0.576794	133.563877	0.004747	13.5
1230	-0.000000	133.503658	0.000000	14.8
1231	-0.599564	133.443513	0.006822	11.8
1232	-0.499225	133.383439	0.005112	12.8
1233	-0.649719	133.323437	0.006235	15.1
1234	-0.385519	133.263508	0.005361	12.7
1235	-0.974435	133.203650	0.008364	12.3
1236	-0.739156	133.143864	0.007452	11.1
1237	-0.845159	133.084149	0.005406	12.4
1238	-0.528828	133.024506	0.002751	16.2
1239	-0.780620	132.964934	0.007293	13.6
1240	-0.671225	132.905433	0.009567	10.8
1241	-1.020333	132.846003	0.025372	11.6
1242	-0.182208	132.786643	0.002867	10.9
1243	-0.860655	132.727355	0.008949	19.5
1244	-0.000000	132.668137	0.000000	9.4
1245	-0.772799	132.608989	0.005130	15.2
1246	-0.000000	132.549912	0.000000	13.2
1247	-0.966636	132.490904	0.012221	14.5
1248	-0.000003	132.431967	0.000000	13.3
1249	-0.374071	132.373100	0.004941	10.9
1250	-0.000000	132.314302	0.000000	22.7
1251	-0.869367	132.255574	0.007933	10.0
1252	-0.015405	132.196916	0.000408	10.0
1253	-0.783610	132.138326	0.024575	15.8
1254	-0.340719	132.079806	0.003923	15.9
1255	0.000000	132.021355	0.000000	11.5
1256	-0.000000	131.962973	0.000000	8.5
1257	-0.072750	131.904660	0.001726	16.0
1258	-0.583283	131.846415	0.007103	14.7
1259	-0.252748	131.788239	0.002561	11.2
1260	-0.645239	131.730131	0.007497	10.5
1261	-0.648711	131.672092	0.005141	10.8
1262	-0.098953	131.614121	0.001745	10.9
1263	-0.246131	131.556217	0.004869	9.0
1264	-0.689269	131.498382	0.006133	15.3
1265	-0.260886	131.440614	0.003738	23.2
1266	-1.015282	131.382914	0.011910	17.6
1267	-0.593143	131.325282	0.008319	15.3
1268	0.000000	131.267717	0.000000	9.7
1269	-0.243502	131.210219	0.003597	12.3
1270	-0.405701	131.152788	0.005028	11.9
1271	-0.456016	131.095424	0.005580	8.7
1272	-0.376807	131.038127	0.005050	10.0
1273	-0.083940	130.980897	0.001578	13.1
1274	-0.786922	130.923733	0.008444	13.5
1275	-0.664900	130.866636	0.009221	8.1
1276	-0.355314	130.809605	0.003350	8.0
1277	-0.719662	130.752641	0.010814	8.6
1278	-0.160743	130.695742	0.002609	8.8
1279	-0.269809	130.638910	0.002274	8.2
1280	-0.971137	130.582143	0.007253	10.5
1281	0.000000	130.525442	0.000000	13.6
1282	-0.457869	130.468807	0.004687	13.3
1283	0.000000	130.412237	0.000000	11.9
1284	-0.934488	130.355733	0.008676	10.5
1285	-0.052403	130.299294	0.002331	8.3
1286	0.000000	130.242920	0.000000	10.7
1287	-0.000000	130.186611	0.000000	10.3
1288	-0.898418	130.130366	0.008522	7.9
1289	-0.998905	130.074187	0.010461	10.1
1290	-0.996534	130.018072	0.004796	9.1
1291	-0.935249	129.962022	0.009166	12.1
1292	0.000000	129.906036	0.000000	10.3
1293	-0.521390	129.850114	0.007582	16.0
1294	0.000000	129.794257	0.000000	10.5
1295	-0.924401	129.738463	0.012438	10.8
1296	0.000000	129.682734	0.000000	8.1
1297	-1.049877	129.627068	0.012733	9.8
1298	-0.309828	129.571466	0.002362	12.0
1299	-0.278808	129.515927	0.004863	7.9
1300	-0.000040	129.460452	0.000002	12.3
1301	-0.000000	129.405040	0.000000	8.8
1302	-0.683570	129.349692	0.011927	9.6
1303	-0.790048	129.294406	0.007820	9.0
1304	-0.162509	129.239183	0.004172	8.1
1305	-0.880994	129.184024	0.008571	11.8
1306	-0.609550	129.128927	0.007675	8.3
1307	-0.905251	129.073892	0.010107	9.7
1308	0.000000	129.018921	0.000000	9.6
1309	-0.000000	128.964011	0.000000	9.2
1310	-0.002458	128.909164	0.000104	10.2
1311	-0.007896	128.854379	0.000548	9.1
1312	-0.304562	128.799656	0.006635	11.4
1313	-0.086756	128.744995	0.001271	10.1
1314	-0.875344	128.690396	0.010687	16.2
1315	-0.960920	128.635858	0.009358	12.1
1316	-0.886863	128.581382	0.005657	15.6
1317	-0.963017	128.526968	0.005671	14.1
1318	-0.000000	128.472615	0.000000	14.4
1319	-0.923965	128.418323	0.014970	13.1
1320	-0.906919	128.364092	0.009700	10.2
1321	-0.663808	128.309922	0.008423	14.1
1322	-0.484219	128.255814	0.004712	16.9
1323	-0.995038	128.201766	0.010988	13.8
1324	-0.798838	128.147778	0.013547	12.5
1325	-0.004873	128.093852	0.000320	11.4
1326	-0.472703	128.039985	0.004762	16.5
1327	-0.631127	127.986180	0.005270	10.6
1328	-0.871727	127.932434	0.004223	15.3
1329	-0.104775	127.878749	0.003231	15.6
1330	-0.000005	127.825123	0.000001	15.0
1331	0.000000	127.771558	0.000000	11.0
1332	0.000000	127.718052	0.000000	14.3
1333	-0.989252	127.664606	0.007969	13.0
1334	-0.172157	127.611220	0.002030	16.8
1335	-0.609585	127.557893	0.006105	15.1
1336	-0.000932	127.504625	0.000068	17.4
1337	-0.769764	127.451417	0.009711	13.5
1338	0.000000	127.398268	0.000000	14.0
1339	-0.729504	127.345178	0.007323	14.5
1340	-0.021480	127.292147	0.000745	11.9
1341	-0.684168	127.239175	0.007219	16.4
1342	-0.224959	127.186261	0.003648	9.5
1343	-0.966957	127.133407	0.005640	15.7
1344	-0.816804	127.080610	0.008411	13.2
1345	-0.898911	127.027872	0.007932	15.6
1346	-0.987610	126.975193	0.014944	12.2
1347	-0.519521	126.922572	0.008124	8.6
1348	-0.538254	126.870008	0.006109	11.6
1349	-0.028517	126.817503	0.000944	10.4
1350	-0.722407	126.765056	0.006341	8.7
1351	-0.425897	126.712667	0.006375	9.9
1352	-0.461999	126.660335	0.003815	9.9
1353	0.000000	126.608061	0.000000	10.5
1354	-0.031632	126.555844	0.000471	9.9
1355	-0.740029	126.503685	0.009845	11.1
1356	0.000000	126.451583	0.000000	12.4
1357	-0.667656	126.399538	0.009835	10.8
1358	-0.555615	126.347550	0.010995	14.7
1359	-0.219793	126.295619	0.004171	13.0
1360	-0.353348	126.243745	0.002982	13.0
1361	-0.030009	126.191928	0.000326	11.7
1362	-0.317507	126.140168	0.004772	15.0
1363	-0.563890	126.088464	0.005244	14.5
1364	0.000000	126.036817	0.000000	10.9
1365	0.000000	125.985226	0.000000	13.9
1366	-0.703166	125.933691	0.005132	9.8
1367	-0.115611	125.882212	0.002328	13.4
1368	-0.781776	125.830790	0.005930	15.8
1369	-0.748760	125.779423	0.005605	10.4
1370	-0.111391	125.728113	0.002062	11.4
1371	-0.304169	125.676858	0.006622	10.5
1372	-0.506960	125.625659	0.006137	11.7
1373	-0.994462	125.574515	0.006287	15.2
1374	-0.312408	125.523427	0.002168	10.7
1375	-0.573089	125.472394	0.004715	10.6
1376	-0.003926	125.421417	0.000606	13.1
1377	-0.005958	125.370495	0.000323	11.5
1378	-1.052821	125.319628	0.006662	9.0
1379	-0.925953	125.268815	0.020198	12.3
1380	-0.956899	125.218058	0.006724	12.8
1381	-0.612747	125.167356	0.006232	10.3
1382	-0.369118	125.116708	0.005201	10.6
1383	-0.421965	125.066115	0.005603	11.8
1384	-0.145638	125.015576	0.005062	10.9
1385	0.000000	124.965092	0.000000	10.7
1386	-0.722417	124.914662	0.007838	11.1
1387	-0.142908	124.864287	0.001911	9.7
1388	-0.532900	124.813965	0.006586	10.3
1389	-0.946053	124.763698	0.005480	12.5
1390	-0.573077	124.713485	0.007710	12.3
1391	-0.875183	124.663325	0.009499	9.0
1392	-0.512549	124.613219	0.004674	11.4
1393	-0.000000	124.563167	0.000000	11.9
1394	0.000000	124.513168	0.000000	9.5
1395	-0.850741	124.463223	0.010914	12.0
1396	-0.000002	124.413332	0.000000	8.1
1397	-0.744546	124.363493	0.005020	10.4
1398	-0.811631	124.313708	0.006559	10.7
1399	-0.578106	124.263976	0.007188	8.7
1400	-0.690513	124.214297	0.008510	12.4
1401	-0.314205	124.164671	0.002718	10.2
1402	-0.000000	124.115097	0.000000	10.9
1403	-0.545746	124.065577	0.005382	11.8
1404	-0.584480	124.016109	0.007424	11.9
1405	-0.643177	123.966693	0.010199	8.2
1406	-0.965918	123.917330	0.004686	11.1
1407	-0.049369	123.868020	0.000590	9.2
1408	-0.000000	123.818762	0.000000	11.8
1409	-0.720744	123.769556	0.004590	10.9
1410	-0.833504	123.720402	0.006842	8.6
1411	-0.792834	123.671300	0.006548	11.0
1412	-0.650498	123.622250	0.006160	9.6
1413	-0.009001	123.573252	0.000518	15.4
1414	-0.863191	123.524305	0.006750	12.6
1415	-1.040144	123.475411	0.006826	12.9
1416	-0.926063	123.426568	0.008065	10.3
1417	-0.000000	123.377776	0.000000	10.8
1418	-0.075974	123.329036	0.002999	10.5
1419	-0.101486	123.280347	0.001330	10.7
1420	-0.087540	123.231709	0.000664	8.5
1421	-0.465991	123.183122	0.005212	12.3
1422	-0.000000	123.134587	0.000000	10.7
1423	-0.624916	123.086102	0.006370	10.5
1424	-0.969185	123.037669	0.008777	11.1
1425	-0.884884	122.989286	0.008475	11.5
1426	0.000000	122.940954	0.000000	9.1
1427	-0.709762	122.892672	0.003776	10.8
1428	-0.626442	122.844441	0.006738	8.7
1429	-0.637655	122.796261	0.009010	10.6
1430	0.000000	122.748130	0.000000	10.1
1431	-0.363151	122.700050	0.002587	11.2
1432	-0.951107	122.652021	0.007246	12.7
1433	-0.585948	122.604041	0.004381	9.8
1434	-0.665578	122.556111	0.006924	9.8
1435	0.000000	122.508232	0.000000	12.3
1436	-0.375976	122.460402	0.006754	10.1
1437	-0.429233	122.412622	0.005764	10.1
1438	-0.899473	122.364891	0.008123	12.3
1439	-0.966211	122.317210	0.007505	10.3
1440	-0.001900	122.269579	0.000037	9.7
1441	-0.563673	122.221997	0.002913	12.5
1442	0.000000	122.174465	0.000000	9.5
1443	0.000000	122.126981	0.000000	10.0
1444	-0.696385	122.079547	0.008923	10.9
1445	-0.092962	122.032162	0.003006	8.9
1446	-0.488138	121.984826	0.005507	10.9
1447	-0.791844	121.937539	0.007376	10.7
1448	-0.696703	121.890301	0.006469	11.0
1449	-0.009991	121.843112	0.000133	10.8
1450	-0.959617	121.795971	0.006253	10.5
1451	-0.723560	121.748879	0.005207	11.0
1452	-0.626813	121.701835	0.005879	12.1
1453	-0.657285	121.654840	0.006207	9.0
1454	-0.010075	121.607893	0.000501	12.6
1455	-0.795878	121.560994	0.008642	11.9
1456	-0.780833	121.514144	0.013301	10.8
1457	-0.982880	121.467342	0.006254	10.3
1458	-0.000000	121.420588	0.000000	13.3
1459	-0.548632	121.373882	0.009937	14.3
1460	-0.577088	121.327223	0.003922	9.9
1461	-0.749381	121.280613	0.011613	9.8
1462	-0.000134	121.234050	0.000014	11.7
1463	-0.000050	121.187535	0.000008	9.3
1464	-1.028301	121.141067	0.007419	10.2
1465	-0.643614	121.094647	0.007944	11.5
1466	-0.991898	121.048274	0.013808	8.4
1467	-0.521239	121.001949	0.005804	11.7
1468	-0.300908	120.955671	0.002367	10.3
1469	-1.016267	120.909440	0.009207	10.7
1470	-0.000000	120.863256	0.000000	12.9
1471	-0.000272	120.817119	0.000014	9.4
1472	-0.000000	120.771029	0.000000	10.1
1473	-0.081704	120.724986	0.002686	12.4
1474	0.000000	120.678990	0.000000	9.8
1475	-0.945066	120.633040	0.012567	9.7
1476	-0.779608	120.587137	0.006479	12.3
1477	-0.375869	120.541281	0.004007	9.0
1478	-0.194250	120.495471	0.003730	10.1
1479	-0.000797	120.449707	0.000224	10.8
1480	-0.762188	120.403990	0.008658	8.2
1481	-0.297104	120.358319	0.005429	11.1
1482	-0.586076	120.312694	0.006400	8.8
1483	0.000000	120.267115	0.000000	9.5
1484	-0.065905	120.221582	0.001242	8.4
1485	-0.904223	120.176096	0.010373	9.2
1486	-0.555428	120.130655	0.006142	9.3
1487	-0.105705	120.085260	0.002271	7.8
1488	-0.191148	120.039910	0.001673	8.2
1489	-0.880898	119.994606	0.009307	9.4
1490	-0.064304	119.949348	0.001125	10.7
1491	-0.488418	119.904135	0.005573	7.7
1492	-0.270149	119.858968	0.004388	11.7
1493	-1.011081	119.813846	0.012397	9.3
1494	-0.615200	119.768769	0.005398	8.0
1495	-0.235456	119.723738	0.002398	10.1
1496	-0.682206	119.678752	0.006462	10.0
1497	-0.961084	119.633810	0.008032	9.6
1498	-0.783653	119.588914	0.006592	8.2
1499	-0.372442	119.544062	0.004092	11.0
1500	-1.064116	119.499256	0.006225	9.9
1501	-1.084208	119.454494	0.013634	7.6
1502	-0.000004	119.409777	0.000000	8.4
1503	-0.795132	119.365104	0.009217	12.2
1504	-0.819571	119.320476	0.014607	8.1
1505	-0.902971	119.275893	0.006449	9.0
1506	-0.691202	119.231353	0.004153	9.2
1507	-1.095664	119.186859	0.019216	9.2
1508	-0.759742	119.142408	0.008198	9.5
1509	-0.000000	119.098002	0.000000	9.2
1510	-1.000970	119.053639	0.007903	8.7
1511	-0.542817	119.009321	0.009575	10.6
1512	-0.403614	118.965047	0.005624	8.1
1513	-0.021996	118.920816	0.000455	9.6
1514	0.000000	118.876630	0.000000	8.6
1515	-0.854083	118.832487	0.012208	11.0
1516	-0.687288	118.788388	0.005711	10.8
1517	-0.904932	118.744332	0.013812	8.9
1518	-0.000000	118.700320	0.000000	11.7
1519	-0.000000	118.656352	0.000000	10.4
1520	-1.099369	118.612427	0.005581	13.9
1521	-0.382450	118.568545	0.005403	13.2
1522	-1.057227	118.524706	0.009680	12.5
1523	-0.642284	118.480911	0.006042	10.9
1524	-0.004356	118.437159	0.000028	8.2
1525	-0.740911	118.393450	0.006457	11.3
1526	-0.727033	118.349784	0.004335	8.9
1527	-1.071146	118.306160	0.011164	13.0
1528	-0.292415	118.262580	0.006643	11.6
1529	-0.477264	118.219042	0.005206	9.0
1530	-0.865995	118.175548	0.006751	11.2
1531	-0.682053	118.132095	0.008127	10.7
1532	-0.178534	118.088686	0.004161	8.4
1533	-0.304685	118.045319	0.004816	12.4
1534	-0.211346	118.001994	0.002973	18.0
1535	-0.000000	117.958712	0.000000	14.8
1536	-0.793026	117.915472	0.006856	10.0
1537	-0.346515	117.872274	0.006823	11.0
1538	-0.904635	117.829118	0.005264	10.6
1539	0.000000	117.786005	0.000000	8.2
1540	-0.034847	117.742933	0.000416	11.6
1541	-1.052794	117.699904	0.007723	10.1
1542	0.000000	117.656916	0.000000	12.2
1543	-0.962881	117.613971	0.018827	10.2
1544	0.000000	117.571067	0.000000	9.8
1545	-0.887440	117.528205	0.008559	11.1
1546	-0.639459	117.485384	0.007881	12.5
1547	-0.022441	117.442605	0.000863	9.5
1548	-0.914736	117.399867	0.004590	10.0
1549	-0.000023	117.357171	0.000015	11.8
1550	-0.138041	117.314517	0.002612	8.4
1551	-0.350303	117.271903	0.002485	11.0
1552	0.000000	117.229331	0.000000	12.0
1553	-0.597050	117.186800	0.006261	8.3
1554	-0.564946	117.144311	0.005683	11.3
1555	-0.717864	117.101862	0.012905	9.2
1556	-0.998102	117.059454	0.015047	10.3
1557	-0.801970	117.017087	0.005724	9.0
1558	-0.288974	116.974762	0.002634	10.6
1559	-0.597312	116.932476	0.005488	10.8
1560	-0.364488	116.890232	0.004963	10.6
1561	-0.191121	116.848028	0.002023	11.0
1562	-0.889227	116.805865	0.004872	13.9
1563	0.000000	116.763743	0.000000	10.1
1564	-1.106794	116.721661	0.006829	9.3
1565	-0.266213	116.679619	0.003240	15.2
1566	-0.518259	116.637618	0.005293	11.7
1567	-0.919842	116.595657	0.005997	10.6
1568	-0.998280	116.553736	0.006441	9.2
1569	0.000000	116.511855	0.000000	12.4
1570	-0.830519	116.470015	0.009150	9.4
1571	-0.720466	116.428214	0.005100	12.4
1572	-0.884210	116.386454	0.017289	13.4
1573	-1.004523	116.344733	0.011328	10.4
1574	-1.027476	116.303052	0.007310	9.4
1575	-0.104066	116.261412	0.004253	10.9
1576	-0.596097	116.219810	0.006901	12.8
1577	-0.729498	116.178249	0.005276	8.4
1578	-0.062272	116.136727	0.001086	11.5
1579	-0.632952	116.095245	0.006903	17.3
1580	-0.351550	116.053802	0.006980	16.3
1581	-0.904342	116.012398	0.006589	10.0
1582	-1.093873	115.971034	0.012888	10.8
1583	-0.975005	115.929710	0.005670	11.6
1584	-0.974257	115.888424	0.011182	8.9
1585	-0.842652	115.847178	0.007396	10.7
1586	0.000000	115.805970	0.000000	10.4
1587	0.000000	115.764802	0.000000	12.2
1588	-1.025841	115.723673	0.005098	9.2
1589	-0.032357	115.682583	0.000676	9.9
1590	-1.115641	115.641532	0.010786	9.9
1591	0.000000	115.600519	0.000000	11.5
1592	-0.627518	115.559546	0.008779	8.8
1593	-0.987327	115.518610	0.007002	13.4
1594	-1.125854	115.477714	0.007835	10.5
1595	-1.028228	115.436856	0.009013	8.8
1596	-0.936513	115.396037	0.009204	10.6
1597	-0.730359	115.355256	0.007488	9.5
1598	-0.925454	115.314514	0.011201	10.6
1599	-0.050748	115.273810	0.001057	12.2
1600	-0.674031	115.233144	0.005155	9.4
1601	-0.742613	115.192517	0.007623	11.6
1602	-0.047780	115.151927	0.001010	10.7
1603	-0.442521	115.111376	0.007988	9.0
1604	-0.000510	115.070863	0.000011	10.5
1605	-0.853779	115.030388	0.008804	11.3
1606	-0.353596	114.989951	0.005261	8.3
1607	-0.829613	114.949551	0.006214	10.0
1608	-0.867420	114.909190	0.007666	9.7
1609	-0.000000	114.868866	0.000000	9.3
1610	-0.943254	114.828580	0.009179	12.5
1611	-0.980406	114.788332	0.007556	10.0
1612	-0.969302	114.748121	0.005295	11.1
1613	-0.966594	114.707948	0.012929	8.3
1614	-0.528352	114.667812	0.005715	10.5
1615	-0.531000	114.627714	0.006781	11.6
1616	-0.839620	114.587653	0.007052	12.1
1617	-0.486704	114.547629	0.005135	8.6
1618	-0.821890	114.507643	0.006274	11.2
1619	-0.941719	114.467693	0.005649	10.6
1620	-0.000000	114.427781	0.000000	9.4
1621	-0.203003	114.387907	0.002873	9.4
1622	-0.764105	114.348069	0.005789	9.3
1623	-0.678527	114.308268	0.015215	11.9
1624	-0.908884	114.268504	0.009465	9.1
1625	-0.539313	114.228777	0.005131	10.2
1626	-0.088184	114.189086	0.001446	12.2
1627	-0.733027	114.149433	0.004193	9.3
1628	-0.529398	114.109816	0.005989	11.2
1629	-0.455344	114.070235	0.006860	9.6
1630	-0.140243	114.030692	0.001547	8.1
1631	-0.586498	113.991185	0.007489	10.9
1632	-0.002092	113.951714	0.000163	8.1
1633	0.000000	113.912280	0.000000	9.9
1634	-0.956434	113.872882	0.006203	8.6
1635	-0.697233	113.833521	0.004979	10.7
1636	-0.314313	113.794195	0.002616	10.1
1637	-0.579651	113.754906	0.005564	7.6
1638	-0.000000	113.715653	0.000000	10.7
1639	-0.939999	113.676437	0.006269	7.8
1640	0.000000	113.637256	0.000000	8.5
1641	-0.079321	113.598111	0.002255	8.7
1642	-0.000000	113.559002	0.000000	9.3
1643	-0.000000	113.519929	0.000000	9.3
1644	-0.948443	113.480892	0.008885	10.0
1645	-0.647463	113.441891	0.006268	8.7
1646	-0.623304	113.402925	0.010226	8.5
1647	-0.384470	113.363995	0.002261	7.9
1648	-1.034167	113.325101	0.016972	10.3
1649	-0.750472	113.286242	0.010432	9.8
1650	-0.078678	113.247419	0.000862	8.3
1651	-0.251583	113.208631	0.004241	9.6
1652	-0.771203	113.169879	0.004463	7.9
1653	-0.909696	113.131162	0.007989	10.6
1654	-0.680421	113.092480	0.005317	9.3
1655	-0.706552	113.053833	0.008761	7.5
1656	-0.046178	113.015222	0.000386	9.0
1657	-0.000000	112.976646	0.000000	8.7
1658	-0.079606	112.938105	0.001878	10.6
1659	-1.011358	112.899599	0.012770	8.0
1660	-0.350997	112.861128	0.004116	10.4
1661	-0.518786	112.822692	0.007779	8.4
1662	0.000000	112.784291	0.000000	9.5
1663	-0.226381	112.745924	0.001689	9.2
1664	0.000000	112.707593	0.000000	10.3
1665	-0.925363	112.669296	0.007981	11.1
1666	-0.387169	112.631034	0.004322	7.9
1667	-0.892433	112.592806	0.009937	9.5
1668	-0.732322	112.554613	0.005984	8.7
1669	-0.000000	112.516455	0.000000	9.5
1670	-0.817881	112.478331	0.007475	9.1
1671	-0.533244	112.440241	0.004873	8.2
1672	-0.910883	112.402186	0.005918	8.5
1673	-0.000001	112.364165	0.000000	8.6
1674	-0.913435	112.326179	0.008821	10.7
1675	-0.715665	112.288227	0.010202	7.8
1676	-0.000001	112.250309	0.000000	9.9
1677	-0.552481	112.212425	0.007767	7.6
1678	-0.999363	112.174575	0.006938	10.0
1679	-0.881747	112.136759	0.006214	9.1
1680	-1.015931	112.098977	0.017795	8.5
1681	-0.013218	112.061229	0.000741	8.9
1682	-0.925780	112.023515	0.011791	8.6
1683	-0.071916	111.985834	0.000902	9.2
1684	-0.890085	111.948188	0.005623	7.7
1685	-1.034060	111.910575	0.007841	8.2
1686	-0.995094	111.872996	0.004797	8.8
1687	-0.540061	111.835450	0.006021	10.2
1688	-0.208754	111.797939	0.003620	7.5
1689	-0.035310	111.760460	0.000618	11.0
1690	-0.483601	111.723015	0.009713	8.0
1691	-0.543529	111.685604	0.006076	9.6
1692	0.000000	111.648226	0.000000	8.2
1693	-0.767979	111.610881	0.003592	9.6
1694	-0.926143	111.573570	0.009613	9.7
1695	-1.020192	111.536292	0.006003	8.0
1696	-0.630185	111.499047	0.006342	10.1
1697	-1.082854	111.461835	0.011724	8.7
1698	-0.476117	111.424656	0.005319	10.5
1699	-0.625268	111.387510	0.005598	8.4
1700	0.000000	111.350398	0.000000	9.6
1701	0.000000	111.313318	0.000000	9.3
1702	-0.358954	111.276271	0.004856	8.4
1703	-0.492298	111.239257	0.010409	10.5
1704	-0.941915	111.202276	0.004974	8.1
1705	-0.961814	111.165328	0.005785	8.6
1706	-0.946221	111.128412	0.006159	10.7
1707	-0.000076	111.091529	0.000003	11.4
1708	-0.765762	111.054679	0.006928	11.4
1709	-0.628983	111.017861	0.006380	8.1
1710	-0.567296	110.981076	0.005278	11.0
1711	0.000000	110.944323	0.000000	9.1
1712	-0.631703	110.907603	0.004056	10.2
1713	0.000000	110.870915	0.000000	10.9
1714	-0.663819	110.834259	0.008167	8.8
1715	-0.886255	110.797636	0.006595	12.6
1716	-0.511607	110.761045	0.003764	9.4
1717	-0.757090	110.724486	0.012287	10.8
1718	-0.458572	110.687959	0.006281	12.3
1719	-0.049718	110.651465	0.001071	9.4
1720	0.000000	110.615002	0.000000	10.9
1721	-0.371195	110.578572	0.004285	12.3
1722	-0.705550	110.542173	0.008938	9.2
1723	-0.659379	110.505807	0.007474	11.7
1724	-0.000000	110.469472	0.000000	12.7
1725	-0.256284	110.433169	0.001944	10.4
1726	-0.830532	110.396898	0.008184	10.2
1727	-0.020325	110.360659	0.000341	12.0
1728	-0.582848	110.324451	0.007261	9.4
1729	-0.827927	110.288276	0.004820	10.1
1730	-0.751904	110.252131	0.007463	11.3
1731	-0.329698	110.216019	0.004044	10.2
1732	-0.677735	110.179937	0.005872	10.7
1733	-0.997548	110.143888	0.006498	10.3
1734	-0.023439	110.107869	0.000360	7.5
1735	-1.036856	110.071882	0.008566	11.7
1736	-0.075930	110.035927	0.001012	9.0
1737	-0.838045	110.000003	0.008258	9.5
1738	-1.031469	109.964110	0.009947	9.9
1739	-0.426635	109.928248	0.006362	10.0
1740	0.000000	109.892417	0.000000	11.3
1741	-0.000000	109.856618	0.000000	13.9
1742	-1.048448	109.820850	0.004172	11.2
1743	-0.581975	109.785112	0.007179	11.1
1744	-0.033828	109.749406	0.000616	12.0
1745	-0.482406	109.713730	0.004295	9.9
1746	-0.004446	109.678086	0.000141	12.0
1747	-0.630792	109.642472	0.005996	11.7
1748	-0.097401	109.606890	0.001721	9.8
1749	-0.962026	109.571337	0.004360	11.0
1750	-0.646245	109.535816	0.006306	11.4
1751	-0.000000	109.500326	0.000000	9.0
1752	-0.523281	109.464866	0.004444	11.5
1753	-0.037556	109.429436	0.000614	12.3
1754	-0.454205	109.394038	0.007812	13.1
1755	-0.942710	109.358669	0.008189	14.6
1756	-0.200753	109.323331	0.003305	13.0
1757	-0.896975	109.288024	0.005405	17.3
1758	0.000000	109.252747	0.000000	23.5
1759	-0.247888	109.217501	0.004314	21.0
1760	-0.768165	109.182284	0.005680	17.2
1761	0.000000	109.147098	0.000000	16.0
1762	-0.279004	109.111942	0.002616	14.9
1763	-0.628252	109.076817	0.005556	12.6
1764	-0.875366	109.041721	0.006320	14.5
1765	-0.000000	109.006656	0.000000	13.5
1766	-0.951013	108.971620	0.006008	14.6
1767	-0.473182	108.936615	0.005958	15.9
1768	-0.699038	108.901640	0.005044	14.2
1769	-0.628439	108.866694	0.009106	17.2
1770	-0.517867	108.831779	0.007266	15.7
1771	-0.454377	108.796893	0.004178	12.6
1772	-0.631427	108.762037	0.008179	8.5
1773	-0.249546	108.727211	0.003145	11.2
1774	-0.221582	108.692415	0.003353	13.7
1775	-1.054568	108.657648	0.006250	12.3
1776	0.000000	108.622911	0.000000	15.1
1777	-0.718306	108.588203	0.004495	13.3
1778	-0.733971	108.553525	0.005354	15.0
1779	-1.102044	108.518877	0.011376	16.1
1780	0.000000	108.484258	0.000000	16.6
1781	-0.862494	108.449668	0.008894	16.9
1782	-0.561670	108.415108	0.008068	16.3
1783	-0.607784	108.380578	0.006113	17.1
1784	-0.096790	108.346076	0.001132	17.1
1785	-0.920106	108.311604	0.007670	14.5
1786	-0.315722	108.277161	0.002659	18.5
1787	-0.794281	108.242747	0.011855	19.7
1788	-0.000611	108.208363	0.000128	17.4
1789	-0.218710	108.174007	0.003773	17.8
1790	-0.638506	108.139681	0.009811	11.7
1791	-0.164033	108.105383	0.002340	16.3
1792	-0.952423	108.071115	0.011523	15.1
1793	-0.878730	108.036875	0.008524	15.0
1794	-0.925070	108.002665	0.006439	11.0
1795	-0.936171	107.968483	0.015840	12.0
1796	-0.951509	107.934330	0.004781	9.0
1797	-0.555724	107.900206	0.008701	11.3
1798	-0.870763	107.866111	0.007367	14.8
1799	-0.606751	107.832044	0.005053	17.7
1800	-0.521704	107.798007	0.006332	14.9
1801	-0.602291	107.763997	0.003438	17.0
1802	-0.987983	107.730017	0.010319	18.6
1803	-0.374649	107.696065	0.002655	9.0
1804	-0.913088	107.662141	0.005871	14.2
1805	0.000000	107.628246	0.000000	18.8
1806	-0.467930	107.594379	0.006240	20.2
1807	-0.981272	107.560541	0.010296	19.7
1808	0.000000	107.526731	0.000000	18.1
1809	0.000000	107.492949	0.000000	20.2
1810	-0.760587	107.459196	0.004535	15.5
1811	0.000000	107.425471	0.000000	14.3
1812	-0.693382	107.391774	0.006715	14.0
1813	-0.845998	107.358106	0.012727	14.0
1814	-0.603850	107.324465	0.005835	12.6
1815	-0.607377	107.290853	0.007980	12.3
1816	-0.907178	107.257268	0.005170	11.8
1817	0.000000	107.223712	0.000000	13.9
1818	-0.826616	107.190184	0.007478	9.7
1819	-0.699857	107.156683	0.005778	12.9
1820	-0.000000	107.123211	0.000000	11.8
1821	-0.159744	107.089766	0.002210	11.3
1822	0.000000	107.056349	0.000000	9.5
1823	-0.777790	107.022960	0.006251	9.4
1824	-0.150175	106.989599	0.002166	11.0
1825	-0.034867	106.956265	0.000999	12.3
1826	-0.738643	106.922960	0.007769	12.6
1827	0.000000	106.889681	0.000000	11.6
1828	-0.000000	106.856431	0.000000	9.7
1829	-0.653132	106.823208	0.005948	9.4
1830	-0.489179	106.790012	0.005694	9.5
1831	-0.051526	106.756844	0.000969	10.7
1832	-0.971891	106.723703	0.008773	11.4
1833	0.000000	106.690590	0.000000	10.6
1834	-1.024101	106.657505	0.012929	11.9
1835	-0.180111	106.624446	0.002364	12.1
1836	-0.857677	106.591415	0.009426	8.6
1837	-0.000000	106.558411	0.000000	13.6
1838	-0.895987	106.525435	0.007033	16.7
1839	-0.611996	106.492485	0.005113	16.4
1840	-0.209326	106.459563	0.005417	14.5
1841	-0.144277	106.426668	0.002142	17.0
1842	-0.527880	106.393800	0.007446	14.7
1843	-0.580095	106.360959	0.006415	16.0
1844	-0.677287	106.328145	0.004013	15.7
1845	-0.568296	106.295358	0.006187	8.6
1846	-1.004850	106.262598	0.008185	12.8
1847	-0.644159	106.229865	0.005415	15.2
1848	-0.483367	106.197158	0.006723	15.2
1849	-0.000000	106.164479	0.000000	18.2
1850	0.000000	106.131826	0.000000	15.6
1851	-0.868788	106.099201	0.003807	14.2
1852	-0.420916	106.066602	0.006115	9.3
1853	-0.340820	106.034029	0.004678	12.4
1854	-0.390838	106.001483	0.007954	11.6
1855	-1.000806	105.968964	0.010099	8.8
1856	-0.303510	105.936472	0.004970	9.6
1857	-1.021086	105.904006	0.015308	10.6
1858	-0.868373	105.871566	0.006498	10.2
1859	-0.448819	105.839153	0.003929	11.0
1860	-0.172753	105.806767	0.002607	8.5
1861	-0.000000	105.774407	0.000000	11.6
1862	-0.829200	105.742073	0.009151	10.2
1863	-0.512565	105.709766	0.006089	8.1
1864	-0.503750	105.677485	0.007646	10.3
1865	-0.734492	105.645230	0.005375	7.6
1866	0.000000	105.613001	0.000000	10.2
1867	0.000000	105.580799	0.000000	9.0
1868	-0.948365	105.548623	0.004740	11.8
1869	-0.008327	105.516473	0.000144	11.0
1870	0.000000	105.484349	0.000000	8.7
1871	0.000000	105.452251	0.000000	10.0
1872	0.000000	105.420179	0.000000	8.6
1873	-0.978285	105.388133	0.007545	11.0
1874	-0.120342	105.356113	0.000767	11.4
1875	-0.903408	105.324119	0.006857	10.3
1876	-0.000000	105.292151	0.000000	11.4
1877	-0.906687	105.260209	0.008369	11.3
1878	0.000000	105.228293	0.000000	16.7
1879	-0.430754	105.196402	0.004346	18.0
1880	-0.000385	105.164537	0.000049	14.6
1881	-0.723207	105.132698	0.007559	16.6
1882	-0.731678	105.100885	0.006780	10.7
1883	-0.516762	105.069097	0.005319	19.6
1884	0.000000	105.037335	0.000000	8.8
1885	-0.542029	105.005598	0.014374	15.9
1886	0.000000	104.973887	0.000000	16.0
1887	-0.670792	104.942202	0.006590	14.6
1888	-0.605288	104.910542	0.007567	14.0
1889	-0.185778	104.878907	0.001750	9.6
1890	-0.800875	104.847298	0.008441	11.7
1891	-0.897723	104.815715	0.009383	12.2
1892	-0.004043	104.784156	0.000086	9.4
1893	-0.001186	104.752623	0.000033	10.0
1894	-0.626767	104.721116	0.006497	10.6
1895	-0.743544	104.689633	0.006225	8.7
1896	-0.204485	104.658176	0.001566	10.4
1897	-0.000000	104.626744	0.000000	9.2
1898	0.000000	104.595337	0.000000	9.6
1899	-1.052666	104.563955	0.010745	11.2
1900	-0.107855	104.532599	0.003703	7.6
1901	-0.911698	104.501267	0.008311	12.2
1902	-0.033516	104.469960	0.000862	8.8
1903	-0.435923	104.438679	0.004890	8.8
1904	-0.992456	104.407422	0.006471	10.7
1905	-0.146869	104.376191	0.001969	8.5
1906	0.000000	104.344984	0.000000	10.4
1907	-0.755260	104.313802	0.006295	9.4
1908	-0.590827	104.282645	0.007004	10.3
1909	-0.003879	104.251513	0.000207	9.9
1910	-0.607037	104.220405	0.006767	7.8
1911	-0.955387	104.189323	0.004548	11.0
1912	-0.494698	104.158265	0.004575	8.9
1913	0.000000	104.127231	0.000000	9.7
1914	-0.000000	104.096222	0.000000	9.5
1915	0.000000	104.065238	0.000000	10.0
1916	-0.035269	104.034279	0.000569	10.4
1917	-0.881764	104.003344	0.004668	8.1
1918	-1.144920	103.972433	0.010059	10.5
1919	-0.455416	103.941547	0.005770	8.5
1920	-0.097640	103.910686	0.000924	10.4
1921	-0.875254	103.879849	0.004935	9.7
1922	0.000000	103.849036	0.000000	8.2
1923	-0.739407	103.818248	0.009049	11.3
1924	-0.847035	103.787484	0.006175	8.9
1925	-0.961855	103.756744	0.005344	10.1
1926	-0.324614	103.726029	0.006028	9.1
1927	-0.765689	103.695338	0.010567	9.2
1928	0.000000	103.664671	0.000000	10.0
1929	-0.442796	103.634028	0.003465	7.7
1930	-0.719025	103.603409	0.006482	10.5
1931	-0.782653	103.572814	0.008099	8.5
1932	0.000000	103.542244	0.000000	10.3
1933	0.000000	103.511698	0.000000	8.1
1934	-0.912957	103.481175	0.005108	9.5
1935	-0.908920	103.450677	0.006424	9.5
1936	-0.589766	103.420202	0.004876	8.3
1937	-0.467640	103.389752	0.005808	10.4
1938	-0.739228	103.359325	0.005991	8.0
1939	-0.311653	103.328922	0.005673	10.7
1940	-0.035383	103.298543	0.000881	8.7
1941	-0.734479	103.268188	0.007094	10.2
1942	0.000000	103.237857	0.000000	10.2
1943	-0.969757	103.207549	0.005909	7.8
1944	-0.576184	103.177265	0.007224	10.4
1945	-0.000000	103.147005	0.000000	8.8
1946	-0.000000	103.116768	0.000000	10.5
1947	-0.869405	103.086556	0.007705	8.5
1948	-0.962919	103.056366	0.004934	10.3
1949	-0.571944	103.026200	0.005989	9.7
1950	-0.084663	102.996058	0.001556	8.0
1951	-0.000000	102.965939	0.000000	10.8
1952	0.000000	102.935844	0.000000	7.8
1953	-0.446523	102.905772	0.004432	11.3
1954	-0.164663	102.875724	0.001820	8.2
1955	-0.583061	102.845699	0.009640	9.6
1956	-0.311482	102.815697	0.003946	9.5
1957	-1.036252	102.785719	0.008272	8.8
1958	-0.519929	102.755764	0.005079	10.1
1959	-0.599562	102.725832	0.005180	7.8
1960	-0.864178	102.695924	0.008589	10.8
1961	-0.406346	102.666038	0.006117	8.1
1962	-0.021238	102.636176	0.000847	10.2
1963	-0.501025	102.606337	0.004374	8.9
1964	-0.972145	102.576521	0.007315	9.8
1965	-0.839171	102.546728	0.006777	10.0
1966	-0.917934	102.516959	0.003713	7.8
1967	-0.897312	102.487212	0.012494	9.1
1968	-0.311474	102.457488	0.005952	9.4
1969	-0.837594	102.427788	0.007067	9.6
1970	-0.000000	102.398110	0.000000	8.8
1971	0.000000	102.368455	0.000000	10.9
1972	-0.948849	102.338823	0.009943	8.7
1973	-0.034295	102.309214	0.000850	9.6
1974	-0.612240	102.279628	0.006613	10.6
1975	-0.000000	102.250064	0.000000	8.1
1976	-0.046592	102.220524	0.000993	9.6
1977	0.000000	102.191006	0.000000	9.2
1978	-0.189666	102.161511	0.004368	9.4
1979	-1.025011	102.132038	0.010194	11.3
1980	-0.890400	102.102588	0.004440	7.9
1981	-0.733551	102.073161	0.005054	10.1
1982	-0.909415	102.043757	0.007118	8.3
1983	0.000000	102.014375	0.000000	10.2
1984	-0.873027	101.985015	0.007203	8.2
1985	-0.046595	101.955678	0.001435	9.8
1986	-0.378922	101.926364	0.004439	9.6
1987	-0.960729	101.897072	0.004716	8.0
1988	-0.996435	101.867802	0.007377	8.4
1989	-0.000129	101.838555	0.000013	10.0
1990	0.000000	101.809330	0.000000	12.0
1991	0.000000	101.780128	0.000000	8.5
1992	0.000000	101.750948	0.000000	9.2
1993	-0.000004	101.721790	0.000000	9.1
1994	-0.485619	101.692654	0.007655	8.4
1995	-0.439231	101.663541	0.006413	10.9
1996	-0.809801	101.634450	0.006295	9.1
1997	-0.000589	101.605381	0.000084	11.6
1998	-0.643281	101.576335	0.006859	9.6
1999	-0.079949	101.547310	0.000830	7.5
