1:ItNr	2:Metric	3:StepSize	4:||Gradient||	Time[ms]
0	-0.652079	627.201626	0.008878	1472.2
1	-0.812710	623.504937	0.007261	8.9
2	-0.000000	619.865785	0.000000	10.6
3	-0.000000	616.282728	0.000000	16.0
4	-0.027994	612.754375	0.001410	13.8
5	-0.610568	609.279381	0.006075	9.7
6	-0.590123	605.856447	0.012468	18.9
7	-0.074103	602.484317	0.001865	21.1
8	-0.701854	599.161779	0.008881	13.8
9	-0.521988	595.887656	0.006492	19.1
10	-0.351083	592.660813	0.003459	18.7
11	-0.097431	589.480151	0.001745	16.2
12	-0.535553	586.344606	0.008351	24.9
13	-0.000000	583.253145	0.000000	15.7
14	-0.000000	580.204771	0.000000	19.2
15	-0.822027	577.198517	0.005000	21.1
16	-0.955078	574.233444	0.012073	13.1
17	-0.368668	571.308645	0.007254	20.5
18	-0.404075	568.423237	0.005549	13.2
19	-0.004146	565.576365	0.000048	17.5
20	-0.000026	562.767201	0.000001	16.3
21	-0.000000	559.994938	0.000000	16.6
22	-0.443717	557.258797	0.006489	13.6
23	-0.598025	554.558018	0.007176	16.6
24	-0.651396	551.891865	0.007195	18.1
25	-0.477971	549.259621	0.002781	16.5
26	-0.971603	546.660592	0.006371	15.4
27	-0.535918	544.094102	0.005344	15.6
28	-0.645255	541.559494	0.006851	17.1
29	-0.409217	539.056129	0.004577	16.4
30	-0.919596	536.583387	0.014267	17.9
31	-0.313329	534.140663	0.005093	16.1
32	-0.850556	531.727370	0.011350	16.6
33	-0.583698	529.342935	0.006754	17.5
34	-0.476379	526.986802	0.005570	13.2
35	-0.637790	524.658430	0.008197	16.4
36	-0.000000	522.357290	0.000000	16.4
37	-0.765815	520.082868	0.013049	19.4
38	-0.815332	517.834665	0.012939	14.8
39	-0.847368	515.612193	0.008943	17.2
40	-0.202660	513.414976	0.003822	11.9
41	-0.843803	511.242551	0.009038	19.0
42	-0.420452	509.094468	0.004593	18.6
43	-0.000000	506.970285	0.000000	16.7
44	-0.808485	504.869574	0.005960	21.0
45	-0.813732	502.791916	0.006782	16.2
46	-0.147536	500.736903	0.001806	16.1
47	-0.000000	498.704137	0.000000	17.0
48	-0.695417	496.693228	0.013454	16.7
49	-0.784328	494.703798	0.009129	15.8
50	-0.085509	492.735476	0.002521	16.8
51	-0.769547	490.787900	0.007782	13.7
52	-0.825243	488.860718	0.008692	15.1
53	-0.205746	486.953585	0.003995	14.7
54	-0.424080	485.066164	0.006193	18.1
55	-0.000000	483.198126	0.000000	9.8
56	-0.856455	481.349149	0.024556	19.2
57	-0.506118	479.518920	0.005509	18.0
58	-0.275434	477.707132	0.008156	18.2
59	-0.591461	475.913485	0.008037	17.6
60	-0.469515	474.137684	0.008287	15.2
61	-0.000000	472.379445	0.000000	16.6
62	-0.847878	470.638485	0.010569	17.7
63	-0.415244	468.914531	0.004490	15.9
64	-0.006188	467.207315	0.000089	14.8
65	-0.319834	465.516573	0.004842	15.3
66	-0.087509	463.842050	0.000398	15.9
67	-0.564107	462.183494	0.009477	17.0
68	-0.421309	460.540658	0.005609	17.9
69	-0.181474	458.913303	0.001834	14.6
70	-0.713811	457.301192	0.008056	17.3
71	-0.000000	455.704096	0.000000	14.5
72	-0.203963	454.121787	0.005370	10.9
73	-0.833188	452.554045	0.007826	14.7
74	-0.306298	451.000653	0.005099	16.7
75	-0.000000	449.461399	0.000000	23.1
76	-0.378004	447.936075	0.005023	16.9
77	-0.000000	446.424477	0.000000	14.3
78	-0.000000	444.926406	0.000000	18.1
79	-0.000000	443.441666	0.000000	19.8
80	-0.402618	441.970065	0.007123	16.8
81	-0.530413	440.511415	0.005738	15.7
82	-0.513043	439.065533	0.006296	17.9
83	-0.487999	437.632238	0.005936	15.2
84	-0.676520	436.211351	0.007524	17.1
85	-0.663650	434.802701	0.007981	18.9
86	-0.000000	433.406117	0.000000	15.1
87	-0.112925	432.021430	0.005408	16.8
88	-0.000000	430.648479	0.000000	18.0
89	-0.185108	429.287101	0.002816	13.0
90	-0.666918	427.937140	0.009348	15.3
91	-0.322617	426.598440	0.006309	8.5
92	-0.849675	425.270849	0.007032	15.6
93	-0.873455	423.954220	0.019434	15.5
94	-0.223926	422.648404	0.004155	13.1
95	-0.011718	421.353259	0.000215	11.3
96	-0.917511	420.068643	0.005771	15.3
97	-0.582126	418.794419	0.006468	16.1
98	-0.233303	417.530451	0.003884	9.1
99	-0.328557	416.276604	0.003166	12.9
100	-0.357987	415.032748	0.003056	10.0
101	-0.664603	413.798754	0.006883	12.9
102	-0.205944	412.574495	0.002661	15.1
103	-0.846404	411.359849	0.004785	16.4
104	-0.000000	410.154691	0.000000	14.4
105	-0.636972	408.958904	0.005805	15.3
106	-0.790359	407.772368	0.011538	15.4
107	-0.221911	406.594968	0.001998	14.7
108	-0.682602	405.426590	0.006593	18.5
109	-0.288139	404.267122	0.006275	14.4
110	-0.395716	403.116456	0.006200	9.0
111	-0.745513	401.974481	0.008603	11.7
112	-0.802873	400.841093	0.007069	14.9
113	-0.841363	399.716187	0.005310	17.0
114	-0.026081	398.599660	0.000734	14.4
115	-0.498627	397.491411	0.005960	17.8
116	-0.019477	396.391342	0.000353	18.4
117	-0.415095	395.299353	0.003217	17.4
118	-0.353032	394.215350	0.004945	14.1
119	-0.425168	393.139238	0.006388	14.2
120	-0.601803	392.070924	0.008778	14.9
121	-0.209038	391.010316	0.002137	17.9
122	-0.048450	389.957325	0.001253	17.5
123	-0.013687	388.911862	0.001375	15.0
124	-0.519735	387.873839	0.005945	15.5
125	-0.230239	386.843173	0.004167	16.2
126	-0.000361	385.819777	0.000058	16.3
127	-0.166697	384.803569	0.003895	15.2
128	-0.227178	383.794468	0.003300	8.8
129	-0.143752	382.792393	0.003975	15.4
130	-0.000000	381.797264	0.000000	15.9
131	-0.000000	380.809005	0.000000	16.1
132	-0.000000	379.827537	0.000000	16.8
133	-0.717519	378.852786	0.008136	16.1
134	-0.708777	377.884678	0.006970	17.3
135	-0.891985	376.923138	0.027563	11.3
136	-0.734011	375.968095	0.008868	8.6
137	-0.210309	375.019479	0.002110	26.2
138	-0.821353	374.077218	0.005883	17.5
139	-0.518225	373.141244	0.005271	15.3
140	-0.488808	372.211489	0.007015	13.5
141	-0.646611	371.287887	0.007999	19.0
142	-0.011094	370.370370	0.000321	15.4
143	-0.008762	369.458876	0.000471	17.7
144	-0.047270	368.553338	0.001011	14.9
145	-0.000000	367.653696	0.000000	17.1
146	-0.000000	366.759885	0.000000	14.9
147	-0.074759	365.871846	0.002148	18.1
148	-0.751527	364.989518	0.009446	18.0
149	-0.809463	364.112841	0.009701	14.8
150	-0.012875	363.241757	0.000511	36.0
151	-0.420583	362.376208	0.005964	19.5
152	-0.605019	361.516137	0.006853	16.2
153	-0.865092	360.661488	0.008689	24.0
154	-0.191305	359.812206	0.002683	37.6
155	-0.512679	358.968236	0.003788	27.3
156	-0.607810	358.129524	0.006307	22.5
157	-0.247225	357.296018	0.005729	30.5
158	-0.000000	356.467665	0.000000	31.8
159	-0.746326	355.644414	0.005323	20.6
160	-0.210207	354.826213	0.002540	15.2
161	-0.000596	354.013012	0.000015	19.4
162	-0.000000	353.204763	0.000000	12.2
163	-0.005599	352.401415	0.000552	13.6
164	-0.252168	351.602922	0.003515	12.2
165	-0.589216	350.809235	0.006129	13.6
166	-0.654315	350.020308	0.007180	8.8
167	-0.519090	349.236095	0.005133	15.3
168	-0.536990	348.456550	0.006872	14.0
169	-0.523393	347.681627	0.005570	9.0
170	-0.787195	346.911283	0.008007	10.7
171	-0.754331	346.145474	0.008369	13.3
172	-0.000000	345.384157	0.000000	11.2
173	-0.447505	344.627288	0.005550	10.2
174	-0.456593	343.874826	0.006313	12.5
175	-0.264109	343.126729	0.003196	14.4
176	-0.000000	342.382957	0.000000	11.5
177	-0.848475	341.643469	0.007086	11.5
178	-0.495166	340.908224	0.014236	13.0
179	-0.770335	340.177184	0.006701	12.4
180	-0.346832	339.450309	0.004040	12.4
181	-0.000000	338.727561	0.000000	17.1
182	-0.267089	338.008902	0.004264	10.8
183	-0.840830	337.294295	0.007631	12.2
184	-0.500172	336.583703	0.006230	11.6
185	-0.911324	335.877089	0.008255	15.2
186	-0.000000	335.174416	0.000000	14.0
187	-0.857206	334.475651	0.007278	12.6
188	-0.694073	333.780756	0.007665	13.3
189	-0.637406	333.089698	0.006981	13.4
190	-0.206746	332.402443	0.004051	9.0
191	-0.000000	331.718955	0.000000	12.4
192	-0.470130	331.039203	0.009617	13.7
193	-0.000000	330.363153	0.000000	9.9
194	-0.610584	329.690771	0.008020	10.5
195	-0.463281	329.022027	0.004863	14.6
196	-0.069334	328.356888	0.000833	14.0
197	-0.312899	327.695322	0.004158	10.1
198	-0.000000	327.037299	0.000000	11.0
199	-0.598844	326.382787	0.006617	13.6
200	-0.439693	325.731758	0.005454	11.3
201	-0.000000	325.084179	0.000000	13.2
202	-0.573432	324.440023	0.004882	10.6
203	-0.389486	323.799258	0.006324	11.1
204	-0.670564	323.161858	0.009438	8.8
205	-0.469566	322.527792	0.005991	11.2
206	-0.962707	321.897034	0.016236	11.9
207	-0.526873	321.269554	0.005733	8.8
208	-0.809052	320.645325	0.005460	12.1
209	-0.035699	320.024320	0.000855	13.7
210	-0.927401	319.406512	0.014360	9.6
211	-0.000579	318.791875	0.000004	10.9
212	-0.002157	318.180381	0.000705	11.7
213	-0.227887	317.572005	0.003773	11.7
214	-0.654808	316.966721	0.004969	10.2
215	-0.000000	316.364504	0.000000	13.5
216	-0.156196	315.765329	0.003075	14.6
217	-0.498664	315.169170	0.005454	15.9
218	-0.000000	314.576003	0.000000	14.4
219	-0.376782	313.985804	0.008863	11.9
220	-0.603050	313.398548	0.006153	13.1
221	-0.839000	312.814213	0.006583	14.7
222	-0.178834	312.232773	0.002396	14.4
223	-0.010396	311.654207	0.000136	13.5
224	-0.000000	311.078491	0.000000	9.4
225	-0.542020	310.505602	0.007982	12.8
226	-0.855570	309.935518	0.007882	14.8
227	-0.005851	309.368217	0.000129	14.3
228	-0.541150	308.803676	0.005281	13.6
229	-0.125806	308.241874	0.001983	13.2
230	-0.000000	307.682789	0.000000	10.7
231	-0.456051	307.126400	0.006055	13.5
232	-0.656778	306.572687	0.006862	13.6
233	-0.743210	306.021627	0.024326	13.8
234	-0.000000	305.473201	0.000000	30.2
235	-0.000015	304.927388	0.000001	38.6
236	-0.625178	304.384168	0.007100	35.1
237	-0.727854	303.843521	0.005609	12.2
238	-0.426314	303.305427	0.004295	9.0
239	-0.578201	302.769867	0.006453	24.8
240	-0.429086	302.236821	0.006291	18.9
241	-0.755362	301.706270	0.007626	23.6
242	-0.602695	301.178196	0.005869	14.6
243	-0.805818	300.652580	0.006111	15.6
244	-0.845321	300.129402	0.007713	20.9
245	-0.028657	299.608645	0.000415	20.2
246	-0.692637	299.090291	0.014650	16.6
247	-0.042236	298.574321	0.001474	17.5
248	-0.705867	298.060718	0.007482	17.6
249	-0.423280	297.549465	0.005065	20.7
250	-0.494805	297.040543	0.004374	14.2
251	-0.462713	296.533936	0.005236	9.9
252	-0.368331	296.029626	0.002792	10.3
253	-0.087060	295.527597	0.001571	10.2
254	-0.150320	295.027832	0.003397	12.0
255	-0.414408	294.530315	0.004447	9.0
256	-0.000000	294.035028	0.000000	12.8
257	-0.219760	293.541956	0.005119	9.2
258	-0.653144	293.051083	0.007707	13.4
259	-0.000000	292.562393	0.000000	11.7
260	-0.836442	292.075870	0.008006	10.0
261	-0.673489	291.591498	0.006634	10.4
262	-0.723159	291.109263	0.005919	13.2
263	-0.570866	290.629149	0.006549	13.3
264	-0.000000	290.151140	0.000000	9.7
265	-0.224549	289.675222	0.003830	11.9
266	-0.326402	289.201380	0.006151	12.6
267	-0.000000	288.729600	0.000000	12.5
268	-0.430158	288.259866	0.005761	8.6
269	-0.302647	287.792165	0.003636	12.6
270	-0.434064	287.326481	0.006065	10.4
271	-0.000000	286.862802	0.000000	13.8
272	-0.684612	286.401113	0.007045	10.7
273	-0.599367	285.941400	0.007277	12.5
274	-0.004554	285.483649	0.000066	9.0
275	-0.655514	285.027847	0.007809	12.5
276	-0.387924	284.573981	0.005953	12.9
277	-0.470052	284.122037	0.006448	10.6
278	-0.017164	283.672002	0.001498	11.2
279	-0.621312	283.223863	0.009527	12.9
280	-0.835905	282.777607	0.013311	12.5
281	-0.000002	282.333221	0.000002	9.4
282	-0.337522	281.890692	0.004563	11.1
283	-0.000000	281.450008	0.000000	11.1
284	-0.967565	281.011157	0.006679	9.0
285	-0.480895	280.574125	0.005609	10.6
286	-0.705861	280.138901	0.005675	10.0
287	-0.851245	279.705473	0.006125	10.8
288	-0.000000	279.273829	0.000000	11.8
289	-0.130353	278.843956	0.003327	9.6
290	-0.287895	278.415844	0.004693	11.2
291	-0.575756	277.989479	0.014990	9.8
292	-0.119129	277.564851	0.001584	10.1
293	-0.772930	277.141949	0.006344	13.7
294	-0.826700	276.720761	0.006814	12.2
295	-0.375692	276.301275	0.009562	10.5
296	-0.726774	275.883480	0.007040	9.0
297	-0.000000	275.467366	0.000000	11.8
298	-0.000001	275.052922	0.000001	9.9
299	-0.872389	274.640136	0.007028	10.6
300	-0.000000	274.228998	0.000000	12.4
301	-0.000000	273.819497	0.000000	9.4
302	-0.020306	273.411623	0.000455	11.5
303	-0.965010	273.005365	0.009058	11.8
304	-0.918359	272.600712	0.021954	9.5
305	-0.467840	272.197655	0.005048	11.4
306	-0.784415	271.796184	0.008441	12.5
307	-0.874599	271.396287	0.020100	10.9
308	-0.000000	270.997956	0.000000	11.2
309	-0.022094	270.601180	0.000276	12.6
310	-0.865371	270.205949	0.006520	9.7
311	-0.800017	269.812254	0.007375	9.5
312	-0.601231	269.420085	0.007059	12.7
313	-0.592314	269.029432	0.006039	9.0
314	-0.022493	268.640287	0.000327	11.5
315	-0.000000	268.252638	0.000000	11.4
316	-0.037738	267.866478	0.001324	9.2
317	-0.349989	267.481796	0.004386	10.9
318	-0.565158	267.098584	0.005993	11.5
319	-0.802844	266.716833	0.005591	8.6
320	-0.075203	266.336533	0.001039	13.4
321	-0.720546	265.957676	0.007023	19.1
322	-0.000000	265.580253	0.000000	16.3
323	-0.000000	265.204254	0.000000	16.1
324	-0.532862	264.829672	0.006722	16.4
325	-0.000000	264.456497	0.000000	35.8
326	-0.000000	264.084721	0.000000	28.1
327	-0.697571	263.714335	0.008119	14.2
328	-0.000000	263.345332	0.000000	14.4
329	-0.731220	262.977702	0.006831	11.4
330	-0.714705	262.611438	0.007046	14.4
331	-0.000013	262.246531	0.000004	13.5
332	-0.099601	261.882973	0.002400	13.9
333	-0.280800	261.520756	0.004335	13.8
334	-0.053363	261.159871	0.002356	14.7
335	-0.000000	260.800312	0.000000	15.5
336	-0.658992	260.442070	0.006744	22.4
337	-0.636380	260.085137	0.006636	18.5
338	-0.462639	259.729505	0.005482	16.8
339	-0.738739	259.375167	0.005961	14.5
340	-0.369028	259.022116	0.003276	16.6
341	-0.477298	258.670343	0.014053	12.1
342	-0.000000	258.319841	0.000000	7.7
343	-0.481909	257.970602	0.004652	11.2
344	-0.004267	257.622620	0.000081	10.0
345	-0.000000	257.275887	0.000000	9.5
346	-0.336703	256.930396	0.003124	11.3
347	-0.593364	256.586139	0.006560	8.8
348	-0.000000	256.243109	0.000000	10.7
349	-0.000195	255.901300	0.000003	9.7
350	-0.481494	255.560703	0.004132	9.4
351	-0.000000	255.221313	0.000000	10.9
352	-0.023916	254.883122	0.001691	8.3
353	-0.810086	254.546124	0.007925	10.2
354	-0.724085	254.210311	0.007594	9.0
355	-0.842306	253.875677	0.006191	10.4
356	-0.586656	253.542215	0.005424	10.8
357	-0.341767	253.209918	0.003981	8.6
358	-0.003384	252.878781	0.000102	10.7
359	-0.000000	252.548795	0.000000	10.2
360	-0.594646	252.219956	0.006086	8.8
361	-0.358480	251.892255	0.005175	10.9
362	-0.724674	251.565688	0.006397	8.4
363	-0.540190	251.240247	0.004963	10.7
364	-0.001716	250.915926	0.000026	9.0
365	-0.314665	250.592720	0.009218	11.3
366	-0.682245	250.270621	0.006621	11.0
367	-0.180040	249.949624	0.002317	8.8
368	-0.610153	249.629723	0.006525	10.1
369	-0.000020	249.310911	0.000006	10.9
370	-0.046712	248.993182	0.000944	8.6
371	-0.605693	248.676531	0.006739	12.0
372	-0.554452	248.360952	0.008693	9.9
373	-0.321382	248.046438	0.005852	10.5
374	-0.477713	247.732984	0.004257	10.9
375	-0.000068	247.420584	0.000002	8.1
376	-0.634201	247.109233	0.005217	11.0
377	-0.000000	246.798924	0.000000	10.5
378	-0.022571	246.489652	0.000865	8.3
379	-0.039176	246.181412	0.001087	11.2
380	-0.152567	245.874197	0.002607	8.5
381	-0.436497	245.568002	0.004324	10.5
382	-0.000000	245.262822	0.000000	10.3
383	-0.513117	244.958652	0.009251	9.2
384	-0.684520	244.655485	0.004737	11.6
385	-0.422579	244.353317	0.004737	9.0
386	-0.209165	244.052142	0.003751	11.4
387	-0.916997	243.751955	0.009194	11.3
388	-0.000000	243.452750	0.000000	8.6
389	-0.646169	243.154523	0.007607	12.1
390	-0.715492	242.857268	0.006170	11.8
391	-0.677166	242.560980	0.005370	14.2
392	-0.577687	242.265654	0.006555	13.0
393	-1.014605	241.971285	0.021003	14.5
394	-0.000000	241.677868	0.000000	9.7
395	-0.575242	241.385397	0.006714	11.4
396	-0.014252	241.093869	0.002392	8.8
397	-0.484739	240.803278	0.007304	10.2
398	-0.000000	240.513619	0.000000	12.7
399	-0.934767	240.224887	0.006847	14.0
400	-0.000000	239.937077	0.000000	11.7
401	-0.674000	239.650186	0.005942	11.6
402	-0.834208	239.364207	0.005568	13.0
403	-0.417256	239.079136	0.004809	10.4
404	-0.766077	238.794969	0.006453	12.3
405	-0.087071	238.511701	0.000968	9.7
406	-0.696817	238.229327	0.005172	10.7
407	-0.349670	237.947843	0.004822	11.8
408	-0.712367	237.667244	0.007852	9.4
409	-0.698377	237.387526	0.008205	10.9
410	-0.000000	237.108684	0.000000	11.8
411	-0.434422	236.830714	0.003421	9.5
412	-0.000000	236.553610	0.000000	10.7
413	-0.064136	236.277370	0.002734	10.2
414	-0.000000	236.001989	0.000000	8.7
415	-0.189938	235.727461	0.003640	10.5
416	-0.530055	235.453784	0.007645	9.1
417	-0.000106	235.180952	0.000016	10.9
418	-0.082529	234.908962	0.002154	10.8
419	-0.528068	234.637809	0.007165	8.0
420	-0.344961	234.367488	0.003620	11.2
421	-0.539133	234.097997	0.006163	9.5
422	-0.002801	233.829331	0.000097	9.9
423	-0.867587	233.561485	0.006850	11.5
424	-0.055172	233.294456	0.001439	9.2
425	-0.820138	233.028239	0.006498	11.8
426	-0.375466	232.762831	0.004482	13.2
427	-0.131847	232.498228	0.003027	21.2
428	-0.649777	232.234425	0.005324	15.8
429	-0.872137	231.971419	0.009567	15.3
430	-0.091136	231.709205	0.001768	20.5
431	-0.328857	231.447781	0.004807	14.0
432	-0.887600	231.187141	0.004955	11.3
433	-0.176495	230.927283	0.002547	8.6
434	-0.684967	230.668202	0.004818	10.3
435	-0.421717	230.409895	0.006577	9.8
436	-0.005330	230.152358	0.000051	8.6
437	-0.000000	229.895587	0.000000	11.4
438	-0.375414	229.639578	0.005573	8.3
439	-0.477788	229.384329	0.005700	10.9
440	-0.000000	229.129834	0.000000	10.6
441	-0.553309	228.876091	0.006265	18.2
442	-0.906220	228.623096	0.007883	18.3
443	-0.810630	228.370846	0.007623	16.7
444	-0.000000	228.119336	0.000000	12.5
445	-0.474111	227.868563	0.005378	14.7
446	-0.708532	227.618525	0.006266	10.9
447	-0.000000	227.369216	0.000000	11.2
448	-0.000000	227.120635	0.000000	9.7
449	-0.717268	226.872777	0.007857	9.6
450	-0.603779	226.625638	0.003966	10.2
451	-0.000000	226.379217	0.000000	8.3
452	-0.000483	226.133509	0.000046	11.3
453	-0.000000	225.888510	0.000000	9.1
454	-0.610977	225.644218	0.008810	10.4
455	-0.112537	225.400630	0.002318	10.2
456	-0.656936	225.157741	0.006150	8.2
457	-0.580227	224.915549	0.005298	10.8
458	-0.226521	224.674051	0.005702	9.3
459	-0.615898	224.433242	0.005505	11.1
460	-0.008194	224.193121	0.000438	10.2
461	-0.526547	223.953684	0.006754	8.0
462	-0.844964	223.714927	0.005253	11.1
463	-0.461742	223.476848	0.005448	8.4
464	-0.919693	223.239444	0.006299	10.4
465	-0.000000	223.002710	0.000000	9.9
466	-0.299977	222.766645	0.004805	8.2
467	-0.504509	222.531245	0.012885	11.0
468	-0.405371	222.296508	0.006808	8.2
469	-0.953168	222.062429	0.005848	10.1
470	-0.690157	221.829007	0.010781	8.3
471	-0.773423	221.596238	0.008164	10.6
472	-0.000000	221.364119	0.000000	10.4
473	-0.232125	221.132647	0.002320	8.7
474	-0.833953	220.901820	0.006757	11.9
475	-0.936715	220.671634	0.009618	8.6
476	-0.000001	220.442086	0.000001	10.4
477	-0.056738	220.213174	0.000807	10.5
478	-0.489682	219.984895	0.005529	9.8
479	-0.664797	219.757246	0.011662	10.1
480	-0.529566	219.530224	0.007200	8.6
481	-0.494336	219.303826	0.004344	12.5
482	-0.000000	219.078050	0.000000	11.1
483	-0.734682	218.852893	0.006083	10.3
484	-0.567062	218.628352	0.006199	8.6
485	-0.929856	218.404424	0.007867	9.9
486	-0.000000	218.181106	0.000000	8.7
487	-0.727183	217.958397	0.007398	11.1
488	-0.461784	217.736292	0.005397	8.5
489	-0.607383	217.514790	0.006910	11.2
490	-0.356022	217.293888	0.004904	9.9
491	-0.931092	217.073584	0.006137	8.4
492	-0.624297	216.853873	0.006780	10.8
493	-0.571032	216.634755	0.005948	8.7
494	-0.782902	216.416227	0.005667	11.6
495	-0.867680	216.198285	0.006222	13.7
496	-0.000000	215.980927	0.000000	15.9
497	-0.612344	215.764151	0.006644	14.5
498	-0.119078	215.547955	0.002944	14.9
499	-0.423580	215.332335	0.006034	15.8
500	-0.000000	215.117289	0.000000	16.3
501	-0.005458	214.902815	0.000077	13.2
502	-0.000000	214.688911	0.000000	11.9
503	-0.372532	214.475573	0.002437	9.3
504	-0.517807	214.262800	0.006724	13.6
505	-0.161340	214.050588	0.003093	14.0
506	-0.915417	213.838936	0.005968	10.9
507	-0.571862	213.627842	0.004697	9.1
508	-0.716581	213.417302	0.008679	10.9
509	-0.000000	213.207314	0.000000	9.5
510	-0.639581	212.997877	0.005595	9.6
511	-0.485460	212.788987	0.005140	11.7
512	-0.345850	212.580642	0.005159	9.8
513	-0.000000	212.372841	0.000000	9.6
514	-0.904827	212.165581	0.008100	11.5
515	-0.458775	211.958859	0.004509	9.8
516	-0.337268	211.752673	0.004938	10.6
517	-0.000000	211.547021	0.000000	10.5
518	-0.547072	211.341902	0.003013	9.2
519	-0.000000	211.137311	0.000000	11.5
520	-0.000000	210.933248	0.000000	9.2
521	-0.000000	210.729710	0.000000	12.0
522	-0.029986	210.526695	0.000982	10.4
523	-0.561613	210.324200	0.006459	9.8
524	-0.229019	210.122224	0.002559	10.7
525	-0.110626	209.920765	0.002238	10.8
526	-0.717008	209.719820	0.006475	8.4
527	-0.044036	209.519387	0.000435	12.4
528	-0.016953	209.319463	0.000285	10.3
529	-0.333126	209.120048	0.005853	10.6
530	-0.786031	208.921139	0.006874	10.5
531	-0.278079	208.722733	0.004708	9.6
532	-0.248019	208.524829	0.003489	8.6
533	-0.158053	208.327425	0.003395	11.4
534	-0.793478	208.130518	0.007781	8.6
535	-0.248005	207.934107	0.003129	12.4
536	-0.450808	207.738189	0.005469	10.7
537	-0.000000	207.542762	0.000000	9.0
538	-0.000000	207.347825	0.000000	16.7
539	-0.515199	207.153376	0.009080	32.1
540	-0.458509	206.959412	0.006548	21.3
541	-0.090156	206.765932	0.001432	15.3
542	-0.000000	206.572933	0.000000	15.5
543	-0.051296	206.380414	0.001901	11.2
544	-0.563068	206.188373	0.007134	17.0
545	-0.561285	205.996807	0.006369	14.3
546	-0.000000	205.805716	0.000000	11.2
547	-0.493916	205.615096	0.006113	8.4
548	-0.586903	205.424946	0.005693	10.2
549	-0.738502	205.235265	0.004568	9.4
550	-0.817477	205.046050	0.007551	8.5
551	-0.269277	204.857299	0.004437	10.2
552	-0.000000	204.669011	0.000000	8.8
553	-0.604121	204.481184	0.006899	11.7
554	-0.006990	204.293816	0.000201	9.2
555	-0.000001	204.106905	0.000000	10.9
556	-0.000000	203.920449	0.000000	11.4
557	-0.302603	203.734447	0.003652	9.2
558	-0.764639	203.548896	0.006449	10.7
559	-0.809228	203.363795	0.005103	11.0
560	-0.595435	203.179143	0.005556	9.9
561	-0.000000	202.994937	0.000000	12.2
562	-0.688150	202.811176	0.008066	10.4
563	-0.624872	202.627857	0.005909	11.0
564	-0.325008	202.444980	0.004489	11.1
565	-0.861620	202.262543	0.006561	10.8
566	-0.965035	202.080543	0.009211	11.3
567	-0.708632	201.898979	0.007786	11.0
568	-0.000162	201.717849	0.000027	11.6
569	-0.164906	201.537153	0.003799	9.6
570	-0.906866	201.356887	0.005823	10.6
571	-0.073542	201.177050	0.000844	11.1
572	-0.638119	200.997642	0.005283	8.7
573	-0.817757	200.818659	0.007068	12.0
574	-0.726450	200.640100	0.004888	10.0
575	-0.000000	200.461965	0.000000	9.3
576	-0.742500	200.284250	0.007781	10.8
577	-0.703341	200.106955	0.008065	8.3
578	-0.426261	199.930078	0.006199	10.9
579	-0.628153	199.753617	0.006651	10.7
580	-0.000000	199.577571	0.000000	8.4
581	-0.762677	199.401938	0.005460	11.5
582	-0.559874	199.226717	0.004772	8.7
583	-0.352150	199.051905	0.005406	10.2
584	-0.573523	198.877502	0.006305	9.8
585	-0.752298	198.703506	0.005583	8.3
586	-0.000000	198.529916	0.000000	11.3
587	-0.000000	198.356729	0.000000	8.9
588	-0.847730	198.183944	0.006541	10.3
589	-0.817363	198.011560	0.005134	10.9
590	-0.598590	197.839576	0.004201	8.2
591	-0.000000	197.667989	0.000000	11.4
592	-0.126524	197.496798	0.001400	9.6
593	-0.467876	197.326002	0.005971	26.5
594	-0.723256	197.155600	0.008496	26.5
595	-0.396287	196.985589	0.006526	15.8
596	-0.318022	196.815969	0.004501	16.2
597	-0.431538	196.646738	0.003843	15.7
598	-0.693177	196.477894	0.006093	16.7
599	-0.000142	196.309436	0.000031	11.3
600	-0.336266	196.141363	0.007611	11.0
601	-0.725586	195.973673	0.009460	11.2
602	-0.696588	195.806365	0.006110	8.9
603	-0.002563	195.639437	0.000233	11.3
604	-0.859121	195.472888	0.006696	10.2
605	-0.099945	195.306717	0.000924	11.1
606	-0.000000	195.140922	0.000000	10.2
607	-0.383560	194.975501	0.004428	9.0
608	-0.625908	194.810454	0.007234	9.8
609	-0.409326	194.645779	0.005135	11.1
610	-0.819374	194.481475	0.007597	9.5
611	-0.320602	194.317540	0.003937	12.1
612	-0.472569	194.153973	0.006294	10.7
613	-0.285385	193.990773	0.003675	9.5
614	-0.675014	193.827938	0.006094	10.4
615	-0.017748	193.665467	0.000622	9.8
616	-0.000000	193.503358	0.000000	9.1
617	-0.635605	193.341611	0.005447	10.8
618	-0.588306	193.180224	0.006224	8.3
619	-0.000000	193.019196	0.000000	12.4
620	-0.539094	192.858525	0.004721	9.7
621	-0.530571	192.698210	0.006876	8.3
622	-0.628839	192.538251	0.007157	11.3
623	-0.093699	192.378644	0.001218	8.4
624	-0.693153	192.219391	0.008287	10.5
625	-0.287315	192.060488	0.007052	9.9
626	-0.000000	191.901935	0.000000	8.2
627	-0.796591	191.743730	0.007875	11.0
628	-0.003944	191.585873	0.000518	8.6
629	-0.387948	191.428362	0.005252	12.6
630	-0.000000	191.271196	0.000000	10.1
631	-0.950674	191.114374	0.008829	8.2
632	-0.650404	190.957893	0.005662	10.9
633	-0.210389	190.801755	0.002629	8.8
634	-0.341112	190.645956	0.004659	10.2
635	-0.051231	190.490495	0.000766	11.5
636	-0.408351	190.335373	0.004175	10.8
637	-0.837552	190.180587	0.007878	11.0
638	-0.244587	190.026136	0.004186	10.7
639	-0.213292	189.872019	0.003198	8.4
640	-0.808858	189.718235	0.005405	11.3
641	-0.000000	189.564782	0.000000	9.1
642	-0.663803	189.411661	0.003373	10.3
643	-0.698304	189.258868	0.008892	9.2
644	-0.000069	189.106404	0.000044	12.2
645	-0.916046	188.954267	0.010319	10.9
646	-0.148231	188.802456	0.005354	11.3
647	-0.356602	188.650969	0.004047	9.7
648	-0.089386	188.499807	0.004189	10.8
649	-0.009117	188.348967	0.000145	11.2
650	-0.748928	188.198448	0.007544	10.9
651	-0.545150	188.048250	0.005861	11.6
652	-0.646071	187.898371	0.005894	11.3
653	-0.864501	187.748810	0.007043	9.8
654	-0.331927	187.599566	0.005608	11.7
655	-0.560863	187.450638	0.006138	10.9
656	-0.016095	187.302025	0.001029	11.2
657	-0.305558	187.153725	0.001985	11.1
658	-0.824432	187.005739	0.006862	11.8
659	-0.471550	186.858064	0.004950	8.6
660	-0.000000	186.710699	0.000000	10.8
661	-0.346859	186.563645	0.004835	9.1
662	-0.000000	186.416898	0.000000	9.6
663	-0.584500	186.270459	0.005712	11.3
664	-0.506010	186.124326	0.005791	8.4
665	-0.709661	185.978499	0.006963	10.3
666	-0.000000	185.832976	0.000000	9.1
667	-0.479015	185.687756	0.003856	9.6
668	-0.594468	185.542838	0.005900	10.9
669	-0.000000	185.398222	0.000000	8.1
670	-0.446733	185.253906	0.005381	10.2
671	-0.810813	185.109889	0.005144	8.3
672	-0.432836	184.966170	0.005375	10.5
673	-0.015602	184.822748	0.001235	10.5
674	-0.000000	184.679623	0.000000	8.5
675	-0.478843	184.536792	0.004219	11.1
676	-0.005215	184.394256	0.000881	8.6
677	-0.755686	184.252013	0.005768	11.1
678	-0.670100	184.110062	0.006446	10.3
679	-0.000000	183.968403	0.000000	8.2
680	-0.000000	183.827034	0.000000	11.4
681	-0.000000	183.685954	0.000000	8.8
682	-0.809491	183.545163	0.008544	9.9
683	-0.812214	183.404658	0.006148	9.7
684	-0.736711	183.264441	0.006204	10.6
685	-0.000000	183.124509	0.000000	10.0
686	-0.182967	182.984861	0.004840	8.5
687	-0.953603	182.845497	0.008044	10.2
688	-0.000000	182.706416	0.000000	9.7
689	-0.749566	182.567616	0.006945	8.7
690	-0.839920	182.429098	0.005521	10.8
691	-0.000679	182.290859	0.000062	9.4
692	-0.158301	182.152899	0.002991	11.9
693	-0.096884	182.015217	0.003162	11.3
694	-0.785382	181.877813	0.007793	8.3
695	-0.671033	181.740684	0.007013	13.7
696	-0.578366	181.603832	0.003482	11.0
697	-0.947310	181.467253	0.009955	8.5
698	-0.844743	181.330948	0.007889	10.2
699	-0.494949	181.194916	0.004819	9.9
700	-0.011368	181.059155	0.000670	9.1
701	-0.000000	180.923666	0.000000	11.6
702	-0.471253	180.788446	0.005551	8.3
703	-0.015639	180.653496	0.000563	10.4
704	-0.249898	180.518814	0.005028	11.0
705	-0.795609	180.384399	0.005439	11.3
706	-0.000000	180.250251	0.000000	10.9
707	-0.048330	180.116369	0.001076	10.1
708	-0.000000	179.982752	0.000000	10.1
709	-0.708954	179.849398	0.005841	10.2
710	-0.807885	179.716308	0.005697	9.6
711	-0.697378	179.583480	0.004881	10.2
712	-0.000000	179.450913	0.000000	9.0
713	-0.351204	179.318607	0.003115	10.0
714	-1.009585	179.186561	0.007527	10.0
715	-0.627185	179.054774	0.005642	8.4
716	-0.373144	178.923245	0.002393	11.5
717	-0.019948	178.791973	0.000229	10.2
718	-0.661407	178.660958	0.006246	8.0
719	-0.000000	178.530199	0.000000	11.4
720	-0.882865	178.399694	0.007290	8.8
721	-0.000000	178.269444	0.000000	10.1
722	-0.876838	178.139447	0.006230	9.5
723	-0.133862	178.009702	0.003571	8.9
724	-0.519948	177.880209	0.004612	11.1
725	-0.334976	177.750967	0.003210	9.4
726	-0.880601	177.621975	0.007062	10.9
727	-0.528423	177.493232	0.005578	10.4
728	-0.699045	177.364738	0.006488	8.8
729	-0.260895	177.236492	0.004916	11.0
730	-0.775173	177.108492	0.007385	8.7
731	-0.842772	176.980739	0.005491	10.0
732	-0.409477	176.853231	0.005391	11.8
733	-0.419751	176.725968	0.004351	10.6
734	-0.000091	176.598949	0.000002	10.7
735	-0.618743	176.472173	0.006392	11.1
736	-0.000000	176.345639	0.000000	8.3
737	-0.825131	176.219348	0.005005	10.2
738	-0.779552	176.093296	0.006284	8.5
739	-0.000000	175.967486	0.000000	10.7
740	-0.236561	175.841914	0.005260	10.1
741	-0.693689	175.716581	0.004862	10.6
742	-0.270154	175.591486	0.003169	10.4
743	-0.745058	175.466629	0.005879	9.7
744	-0.397929	175.342008	0.005784	8.4
745	-0.681518	175.217622	0.006009	10.7
746	-0.551566	175.093472	0.004336	8.2
747	-0.217707	174.969556	0.003455	13.6
748	-0.584029	174.845873	0.003998	10.9
749	-0.000000	174.722423	0.000000	8.2
750	-0.000000	174.599206	0.000000	11.7
751	-0.034627	174.476220	0.003023	8.4
752	-0.964915	174.353464	0.006949	10.6
753	-0.337386	174.230939	0.003597	10.9
754	-0.091456	174.108643	0.002347	8.9
755	-0.038695	173.986576	0.002869	10.5
756	-0.827831	173.864737	0.005896	9.3
757	-0.000000	173.743124	0.000000	10.2
758	-0.163519	173.621739	0.002002	10.7
759	-0.663508	173.500579	0.006184	8.4
760	-0.772319	173.379645	0.006684	10.8
761	-0.317951	173.258935	0.004753	8.7
762	-0.040523	173.138449	0.001463	10.2
763	-0.627878	173.018186	0.006386	10.7
764	-0.000000	172.898146	0.000000	8.1
765	-0.010281	172.778327	0.000246	10.9
766	-0.014942	172.658730	0.001022	8.4
767	-0.998950	172.539353	0.006280	10.2
768	-0.000000	172.420196	0.000000	10.0
769	-0.782920	172.301258	0.008162	8.2
770	-0.045019	172.182539	0.003053	11.0
771	-0.784442	172.064037	0.007651	8.8
772	-0.749627	171.945753	0.006080	10.7
773	-0.015557	171.827686	0.001154	9.2
774	-0.468442	171.709834	0.004865	8.5
775	-0.000000	171.592198	0.000000	11.2
776	-0.258396	171.474776	0.002583	8.6
777	-0.441735	171.357568	0.003729	10.4
778	-0.114952	171.240574	0.002871	9.2
779	-0.560523	171.123793	0.006973	10.0
780	-0.317081	171.007223	0.004388	11.3
781	-0.000000	170.890865	0.000000	8.7
782	-0.556293	170.774718	0.004415	12.7
783	-0.787610	170.658782	0.006942	10.7
784	-0.000000	170.543055	0.000000	8.2
785	-0.384273	170.427537	0.005484	10.8
786	-0.635133	170.312227	0.005092	8.6
787	-0.000000	170.197125	0.000000	10.3
788	-0.000000	170.082231	0.000000	10.7
789	-0.005349	169.967543	0.000532	8.0
790	-0.059077	169.853061	0.002539	11.5
791	-0.595546	169.738784	0.005820	9.0
792	-0.500892	169.624713	0.005075	9.9
793	-0.031361	169.510845	0.002419	10.5
794	-0.002720	169.397181	0.000121	8.3
795	-0.143554	169.283720	0.003252	11.1
796	-0.493738	169.170462	0.005412	8.5
797	-0.898050	169.057405	0.004525	10.6
798	-0.455085	168.944549	0.005911	11.7
799	-0.943154	168.831895	0.007779	8.1
800	-0.818623	168.719440	0.007391	12.3
801	-0.796758	168.607185	0.004032	9.8
802	-0.431755	168.495129	0.004063	8.2
803	-0.844475	168.383271	0.005793	11.0
804	-0.335221	168.271611	0.003415	8.6
805	-0.000000	168.160148	0.000000	11.1
806	-0.000001	168.048882	0.000000	9.8
807	-0.911606	167.937812	0.008819	10.6
808	-0.277003	167.826938	0.004823	9.9
809	-0.006441	167.716258	0.000129	8.8
810	-0.822651	167.605773	0.006664	10.4
811	-0.000000	167.495482	0.000000	10.0
812	-0.667755	167.385384	0.006841	8.3
813	-0.358682	167.275479	0.005359	12.0
814	-0.344029	167.165766	0.005665	9.4
815	-0.696819	167.056245	0.005290	10.3
816	-0.453010	166.946915	0.005075	9.4
817	-0.687419	166.837776	0.005020	10.7
818	-0.922936	166.728826	0.007283	10.2
819	-0.116178	166.620067	0.001908	8.8
820	-0.000000	166.511496	0.000000	10.5
821	-0.000000	166.403113	0.000000	8.5
822	-0.703293	166.294919	0.004287	10.7
823	-0.518248	166.186912	0.005215	10.3
824	-0.678541	166.079091	0.005095	9.2
825	-0.818883	165.971458	0.005489	10.4
826	-0.369006	165.864009	0.004516	9.1
827	-0.600656	165.756747	0.006379	10.4
828	-0.579028	165.649669	0.005226	10.4
829	-0.517743	165.542775	0.003480	9.1
830	-0.000000	165.436065	0.000000	9.4
831	-0.550950	165.329538	0.004398	9.7
832	-0.651732	165.223194	0.003808	11.8
833	-0.000000	165.117032	0.000000	10.3
834	-0.791089	165.011052	0.005989	9.9
835	-0.000000	164.905253	0.000000	8.3
836	-0.939983	164.799635	0.007214	11.4
837	-0.461032	164.694197	0.007633	8.9
838	-0.732343	164.588939	0.005253	10.1
839	-0.724713	164.483859	0.005409	10.5
840	-0.000000	164.378959	0.000000	11.0
841	-0.000000	164.274237	0.000000	11.4
842	-0.715014	164.169692	0.005056	10.3
843	-0.000000	164.065325	0.000000	8.3
844	-0.637580	163.961135	0.005882	11.4
845	-0.555993	163.857120	0.006252	8.4
846	-0.000000	163.753282	0.000000	11.0
847	-0.134277	163.649619	0.002901	10.4
848	-0.921261	163.546130	0.007424	8.8
849	-0.000000	163.442816	0.000000	11.5
850	-0.594529	163.339676	0.005984	9.1
851	-0.423398	163.236709	0.005529	9.9
852	-0.779585	163.133915	0.006832	10.7
853	-0.076000	163.031294	0.002112	10.3
854	-0.859254	162.928844	0.013586	10.3
855	-0.459914	162.826566	0.003623	9.7
856	-0.490756	162.724459	0.006490	8.9
857	-0.590639	162.622523	0.005910	10.9
858	-0.000000	162.520757	0.000000	8.1
859	-0.968575	162.419160	0.007181	10.4
860	-0.000000	162.317733	0.000000	8.6
861	-0.000000	162.216474	0.000000	10.8
862	-0.302025	162.115383	0.002853	10.7
863	-0.760079	162.014461	0.010228	8.0
864	-0.000000	161.913705	0.000000	10.5
865	-0.302994	161.813117	0.004944	8.4
866	-0.435882	161.712695	0.004174	10.7
867	-0.000001	161.612439	0.000000	10.6
868	-0.038355	161.512349	0.000531	8.1
869	-0.529693	161.412424	0.006562	11.3
870	-0.000000	161.312663	0.000000	8.7
871	-0.781075	161.213067	0.012637	10.8
872	-0.600429	161.113635	0.006085	10.7
873	-0.555917	161.014366	0.003777	8.4
874	-0.346372	160.915260	0.004541	12.0
875	-0.749282	160.816316	0.005088	9.1
876	-0.086581	160.717535	0.001114	9.4
877	-0.286000	160.618915	0.003517	11.1
878	-0.016530	160.520456	0.000146	8.2
879	-0.139452	160.422158	0.002941	10.8
880	-0.056342	160.324021	0.001157	8.5
881	-0.243799	160.226043	0.003160	11.6
882	-0.188582	160.128225	0.002512	11.1
883	-0.000000	160.030566	0.000000	8.4
884	-0.000000	159.933066	0.000000	10.6
885	-0.137941	159.835723	0.002149	9.8
886	-0.920809	159.738539	0.007844	8.7
887	-0.655352	159.641512	0.006456	11.1
888	-0.069613	159.544642	0.001277	8.8
889	-0.548361	159.447929	0.003245	12.0
890	-0.000000	159.351372	0.000000	10.9
891	-0.538952	159.254971	0.005399	8.0
892	-0.563713	159.158725	0.005227	11.2
893	-0.706537	159.062634	0.005519	8.9
894	-0.000000	158.966697	0.000000	9.8
895	-0.051460	158.870915	0.001389	10.6
896	-0.886554	158.775286	0.005761	8.5
897	-0.000000	158.679811	0.000000	11.2
898	-0.901809	158.584489	0.005729	10.5
899	-0.370402	158.489319	0.003136	10.1
900	-0.116469	158.394302	0.003992	11.4
901	-0.489285	158.299436	0.005142	8.4
902	-0.769005	158.204721	0.006312	10.3
903	-0.413673	158.110158	0.003644	10.0
904	-0.977591	158.015745	0.007999	8.5
905	-0.670297	157.921482	0.005857	12.4
906	-0.614298	157.827369	0.007696	8.8
907	-0.818892	157.733406	0.005142	10.3
908	-0.709394	157.639591	0.007166	10.2
909	-0.488381	157.545925	0.005955	9.1
910	-0.000000	157.452408	0.000000	10.7
911	-0.917205	157.359038	0.007320	9.3
912	-0.607051	157.265816	0.007155	10.0
913	-0.000000	157.172741	0.000000	11.9
914	-0.335326	157.079813	0.002344	8.0
915	-0.000000	156.987031	0.000000	10.3
916	-0.536422	156.894395	0.005463	9.6
917	-0.000000	156.801904	0.000000	10.0
918	-0.371821	156.709559	0.004869	10.7
919	-0.387473	156.617359	0.005575	10.0
920	-0.898276	156.525304	0.009305	11.4
921	-0.797861	156.433392	0.005638	12.5
922	-0.647784	156.341624	0.005519	9.6
923	-0.568060	156.250000	0.003456	13.4
924	-0.388257	156.158519	0.003076	9.8
925	-0.987542	156.067180	0.006096	9.1
926	-0.918643	155.975984	0.005735	11.0
927	-0.395159	155.884930	0.004911	10.6
928	-0.440492	155.794017	0.003824	8.5
929	-0.653109	155.703246	0.012355	13.3
930	-0.000000	155.612615	0.000000	10.5
931	-0.526815	155.522125	0.006319	9.4
932	-0.000000	155.431775	0.000000	10.7
933	-0.409431	155.341565	0.006241	9.8
934	-0.939591	155.251495	0.004272	9.3
935	-0.129032	155.161563	0.004746	11.5
936	-0.377267	155.071771	0.004040	8.2
937	-0.050446	154.982117	0.001700	12.4
938	-0.000033	154.892601	0.000006	10.6
939	-0.669872	154.803222	0.005500	9.1
940	-0.851958	154.713981	0.008369	11.2
941	-0.711428	154.624878	0.004484	9.3
942	-0.000000	154.535910	0.000000	10.8
943	-0.000703	154.447080	0.000246	12.0
944	-0.940496	154.358385	0.006229	9.0
945	-0.000080	154.269826	0.000013	10.8
946	-0.664986	154.181402	0.004571	11.5
947	-0.000000	154.093114	0.000000	9.1
948	-0.037620	154.004960	0.000518	11.4
949	-0.000000	153.916940	0.000000	11.0
950	-0.535330	153.829054	0.006692	10.4
951	-0.065340	153.741303	0.001540	11.3
952	-0.529823	153.653684	0.002359	11.2
953	-0.902674	153.566198	0.007963	8.8
954	-0.463293	153.478846	0.004919	11.5
955	-0.470565	153.391625	0.005515	9.2
956	-0.494905	153.304537	0.006202	9.7
957	-0.694194	153.217580	0.005483	11.2
958	-0.701764	153.130755	0.006093	9.0
959	-0.000000	153.044061	0.000000	10.4
960	-0.451501	152.957498	0.006446	9.6
961	-0.003601	152.871065	0.000042	10.0
962	-0.000000	152.784762	0.000000	11.1
963	-0.699659	152.698589	0.006719	9.4
964	-0.783273	152.612545	0.004584	10.3
965	-0.489594	152.526631	0.007209	10.9
966	-0.849040	152.440845	0.005593	8.1
967	-0.407174	152.355188	0.005425	11.8
968	-0.785879	152.269660	0.005979	10.1
969	-0.756043	152.184259	0.006424	10.0
970	-0.000000	152.098986	0.000000	12.2
971	-1.016924	152.013840	0.005435	9.6
972	-0.036565	151.928821	0.001285	10.7
973	-0.459936	151.843928	0.004950	11.5
974	-0.951306	151.759163	0.005328	9.1
975	-0.000000	151.674523	0.000000	10.9
976	-0.617245	151.590009	0.006981	10.7
977	-0.419704	151.505620	0.004944	10.3
978	-0.500006	151.421357	0.006338	11.2
979	-0.137871	151.337218	0.002500	10.4
980	-0.720043	151.253204	0.006624	8.6
981	-0.313354	151.169314	0.004053	13.3
982	-0.802150	151.085549	0.007328	10.2
983	-0.829678	151.001907	0.005695	8.5
984	-0.666797	150.918388	0.006771	12.0
985	-1.092121	150.834992	0.015316	8.6
986	-0.518594	150.751719	0.003159	10.2
987	-0.942965	150.668569	0.007380	10.8
988	-0.494547	150.585541	0.005358	9.1
989	-0.000000	150.502634	0.000000	11.9
990	-0.000000	150.419849	0.000000	8.7
991	-0.414886	150.337186	0.006786	10.9
992	-0.756109	150.254644	0.004462	11.7
993	-0.199229	150.172222	0.002454	9.1
994	-0.461550	150.089921	0.004353	13.7
995	-0.029744	150.007740	0.000394	10.8
996	-0.056165	149.925679	0.000568	9.3
997	-0.698933	149.843737	0.007561	10.2
998	-0.258820	149.761915	0.004045	10.0
999	-0.523685	149.680212	0.007455	11.2
1000	-0.589972	149.598627	0.005994	11.4
1001	-0.369882	149.517161	0.004925	11.7
1002	-0.000000	149.435814	0.000000	9.8
1003	-0.000000	149.354584	0.000000	10.7
1004	-0.000000	149.273472	0.000000	12.4
1005	-0.662990	149.192477	0.004591	12.2
1006	-0.000000	149.111599	0.000000	9.3
1007	-0.001384	149.030838	0.000024	12.7
1008	-0.000000	148.950194	0.000000	10.3
1009	-0.139382	148.869666	0.002845	8.3
1010	-0.077901	148.789253	0.000967	9.3
1011	-0.869073	148.708957	0.007653	10.5
1012	-0.287944	148.628776	0.004396	12.2
1013	-0.000448	148.548710	0.000173	10.7
1014	-0.292871	148.468759	0.003536	8.5
1015	-0.000000	148.388923	0.000000	12.1
1016	-0.737968	148.309201	0.006771	9.1
1017	-0.561585	148.229594	0.003625	11.8
1018	-0.000080	148.150100	0.000021	12.8
1019	-0.000000	148.070719	0.000000	10.1
1020	-0.863113	147.991452	0.005665	8.9
1021	-0.000000	147.912298	0.000000	13.5
1022	-0.906030	147.833257	0.005234	11.9
1023	-0.088069	147.754329	0.001785	11.1
1024	-0.000000	147.675512	0.000000	10.6
1025	-0.772152	147.596808	0.011150	12.8
1026	-0.000000	147.518216	0.000000	8.7
1027	-0.000488	147.439735	0.000051	10.5
1028	-0.737094	147.361365	0.007442	10.6
1029	-0.000000	147.283106	0.000000	8.6
1030	-0.000000	147.204958	0.000000	12.8
1031	-0.820447	147.126920	0.005426	11.5
1032	-0.464300	147.048993	0.004250	9.2
1033	-0.789463	146.971175	0.005202	10.7
1034	-0.161449	146.893468	0.004868	9.5
1035	-0.501674	146.815869	0.005686	9.9
1036	-0.592654	146.738380	0.006813	11.2
1037	-0.000000	146.661000	0.000000	8.6
1038	-0.727412	146.583729	0.004915	12.4
1039	-0.175258	146.506566	0.002945	10.9
1040	-0.019363	146.429511	0.000496	9.3
1041	-0.595788	146.352565	0.006371	11.1
1042	-0.958825	146.275726	0.006545	11.1
1043	-0.848851	146.198994	0.007832	9.6
1044	-0.916975	146.122370	0.005175	10.4
1045	-0.668524	146.045853	0.005205	11.8
1046	-0.468599	145.969442	0.004458	10.5
1047	-0.653259	145.893139	0.003719	10.4
1048	-0.780376	145.816941	0.007354	10.1
1049	-0.835050	145.740849	0.004295	10.2
1050	-0.353512	145.664863	0.003616	11.0
1051	-0.000000	145.588983	0.000000	8.8
1052	-0.747979	145.513208	0.003587	12.5
1053	-0.474386	145.437538	0.004737	12.1
1054	-0.004769	145.361973	0.000073	8.7
1055	-0.506813	145.286513	0.004183	10.4
1056	-0.328462	145.211157	0.002715	12.0
1057	-0.361542	145.135905	0.005565	8.2
1058	-0.408291	145.060757	0.006092	12.2
1059	-0.527553	144.985712	0.004110	10.6
1060	-0.000000	144.910771	0.000000	8.9
1061	-0.258942	144.835934	0.002358	11.8
1062	-0.613189	144.761199	0.006617	8.9
1063	-0.699043	144.686567	0.006626	11.6
1064	-0.882621	144.612037	0.005058	11.4
1065	-0.000000	144.537610	0.000000	9.9
1066	-0.292476	144.463285	0.002785	10.4
1067	-0.050012	144.389062	0.001081	11.0
1068	-0.586000	144.314940	0.005741	10.2
1069	-0.484505	144.240920	0.003413	12.2
1070	-0.117621	144.167001	0.003371	11.5
1071	-0.013448	144.093182	0.000208	8.8
1072	-0.392800	144.019465	0.005254	12.1
1073	-0.762855	143.945848	0.005271	11.9
1074	-0.253915	143.872331	0.003494	9.3
1075	-0.655654	143.798914	0.004502	10.0
1076	-0.897939	143.725597	0.007055	11.7
1077	-0.647444	143.652380	0.006520	8.1
1078	-0.802905	143.579262	0.006150	11.0
1079	-0.634711	143.506243	0.005000	9.6
1080	-0.671450	143.433323	0.004962	10.9
1081	-0.374290	143.360502	0.004947	11.9
1082	-0.813184	143.287780	0.006281	8.9
1083	-0.760626	143.215155	0.007218	10.0
1084	-0.410740	143.142629	0.004634	11.8
1085	-0.705640	143.070201	0.008027	8.4
1086	-0.601795	142.997870	0.007359	12.3
1087	-0.000000	142.925637	0.000000	10.8
1088	-0.620047	142.853501	0.006651	9.6
1089	-0.319779	142.781462	0.004206	11.7
1090	-0.833104	142.709519	0.005083	11.7
1091	-0.820784	142.637674	0.005506	9.2
1092	-0.355683	142.565924	0.004873	13.5
1093	-0.019282	142.494271	0.000789	12.4
1094	-0.134612	142.422714	0.003605	9.3
1095	-0.803802	142.351252	0.005983	11.1
1096	-0.000000	142.279886	0.000000	12.0
1097	-0.768680	142.208616	0.006395	8.8
1098	-0.000000	142.137440	0.000000	11.5
1099	-0.859336	142.066360	0.006984	11.0
1100	-0.089530	141.995374	0.002938	11.0
1101	-0.166426	141.924483	0.002655	11.1
1102	-0.717748	141.853685	0.004195	11.9
1103	-0.589293	141.782983	0.006610	8.5
1104	-0.702302	141.712373	0.005062	10.5
1105	-0.798888	141.641858	0.005160	11.3
1106	-0.000000	141.571436	0.000000	9.1
1107	-0.160288	141.501108	0.001823	11.2
1108	-0.481985	141.430872	0.007763	9.7
1109	-0.451485	141.360730	0.005252	11.4
1110	-0.000000	141.290680	0.000000	11.4
1111	-0.913996	141.220722	0.005429	8.8
1112	-0.536363	141.150857	0.006953	12.4
1113	-0.000000	141.081084	0.000000	11.5
1114	-0.714570	141.011403	0.004760	10.2
1115	-0.357525	140.941813	0.004776	11.1
1116	-0.550528	140.872315	0.004252	11.8
1117	-0.557415	140.802909	0.004708	10.9
1118	-0.317265	140.733593	0.004931	11.8
1119	-0.000000	140.664369	0.000000	11.9
1120	-0.610159	140.595235	0.006354	10.6
1121	-0.000000	140.526192	0.000000	8.1
1122	-0.373783	140.457239	0.003325	11.2
1123	-0.000000	140.388376	0.000000	8.8
1124	-0.403689	140.319603	0.005324	11.3
1125	-0.004103	140.250920	0.000064	10.7
1126	-0.632174	140.182326	0.006996	9.2
1127	-0.000000	140.113822	0.000000	12.1
1128	-0.361991	140.045407	0.003105	9.3
1129	-0.684662	139.977081	0.006745	10.7
1130	-0.000000	139.908844	0.000000	12.1
1131	-0.000000	139.840696	0.000000	9.6
1132	-0.431863	139.772635	0.003357	11.8
1133	-0.085617	139.704664	0.002540	11.9
1134	-0.278207	139.636780	0.002057	9.1
1135	-0.784744	139.568984	0.006212	11.9
1136	-0.000000	139.501276	0.000000	12.0
1137	-0.622522	139.433655	0.006808	9.2
1138	-0.756454	139.366122	0.005718	11.7
1139	-1.009953	139.298676	0.007904	12.6
1140	-0.609842	139.231317	0.006172	10.0
1141	-0.774465	139.164045	0.005984	9.8
1142	-0.530080	139.096859	0.004864	12.3
1143	-0.948925	139.029760	0.008362	10.2
1144	-0.000000	138.962747	0.000000	8.7
1145	-0.705187	138.895820	0.005037	12.5
1146	-0.000000	138.828978	0.000000	8.6
1147	-0.000000	138.762223	0.000000	10.8
1148	-0.285568	138.695553	0.002509	10.8
1149	-0.013804	138.628969	0.000219	8.5
1150	-0.933291	138.562469	0.005749	10.5
1151	-0.000000	138.496055	0.000000	8.9
1152	-0.649714	138.429725	0.006032	12.3
1153	-0.465086	138.363481	0.005522	11.3
1154	-0.000000	138.297320	0.000000	9.0
1155	-0.000000	138.231244	0.000000	12.5
1156	-0.085132	138.165252	0.002188	11.2
1157	-0.798459	138.099344	0.004061	9.7
1158	-0.008574	138.033520	0.000380	11.1
1159	-0.368229	137.967779	0.004410	10.1
1160	-0.001292	137.902122	0.000149	13.3
1161	-0.000354	137.836548	0.000018	11.1
1162	-0.000000	137.771057	0.000000	11.3
1163	-0.325644	137.705649	0.004372	10.3
1164	-0.662237	137.640324	0.005285	9.5
1165	-0.973873	137.575081	0.004199	13.2
1166	-0.841011	137.509921	0.005929	9.3
1167	-0.032085	137.444842	0.000916	10.1
1168	-0.837083	137.379846	0.004868	11.1
1169	-0.277138	137.314932	0.003019	10.1
1170	-0.541381	137.250100	0.005374	10.6
1171	-0.000000	137.185349	0.000000	9.7
1172	-0.397488	137.120680	0.004523	11.2
1173	-0.548832	137.056092	0.005912	10.6
1174	-0.572978	136.991585	0.007069	9.3
1175	-0.002367	136.927158	0.000043	10.7
1176	-0.000000	136.862813	0.000000	11.3
1177	-0.001495	136.798548	0.000139	8.7
1178	-0.895454	136.734363	0.005293	12.4
1179	-0.000000	136.670259	0.000000	11.1
1180	-0.980782	136.606235	0.007803	9.3
1181	-0.650871	136.542291	0.005800	11.3
1182	-0.528598	136.478426	0.006178	11.3
1183	-0.686402	136.414641	0.005709	8.1
1184	-0.600660	136.350936	0.004106	13.4
1185	-0.506310	136.287310	0.003249	11.1
1186	-0.744050	136.223763	0.010260	8.8
1187	-0.000529	136.160295	0.000011	10.8
1188	-0.356823	136.096905	0.006572	10.4
1189	-0.922537	136.033594	0.008841	10.5
1190	-0.862822	135.970362	0.005626	10.9
1191	-0.607107	135.907208	0.006236	8.8
1192	-0.000046	135.844133	0.000002	13.7
1193	-0.209776	135.781135	0.004020	10.8
1194	-0.018630	135.718215	0.000962	9.6
1195	-0.005912	135.655373	0.000161	10.0
1196	-0.622843	135.592608	0.007252	11.3
1197	-0.010304	135.529921	0.000355	8.2
1198	-0.752266	135.467311	0.004780	10.7
1199	-0.875260	135.404778	0.005238	10.7
1200	-0.614602	135.342322	0.006886	11.2
1201	-0.000000	135.279942	0.000000	12.0
1202	-0.005933	135.217640	0.000054	9.2
1203	-0.579625	135.155413	0.005973	10.2
1204	-0.000001	135.093263	0.000000	11.9
1205	-0.338167	135.031190	0.004550	9.2
1206	-0.201333	134.969192	0.002785	10.9
1207	-0.030428	134.907270	0.001542	11.9
1208	-0.594461	134.845424	0.004316	9.2
1209	-0.011764	134.783653	0.000179	10.9
1210	-0.000000	134.721958	0.000000	8.5
1211	-0.000000	134.660338	0.000000	10.3
1212	-0.174160	134.598793	0.002707	13.5
1213	-0.020504	134.537323	0.001265	10.4
1214	-0.811669	134.475927	0.005468	8.9
1215	-0.634412	134.414607	0.005803	12.5
1216	-0.971347	134.353361	0.005329	9.8
1217	-0.811451	134.292189	0.007595	9.2
1218	-1.001368	134.231092	0.008422	11.6
1219	-0.000000	134.170068	0.000000	10.7
1220	-0.001309	134.109119	0.000178	9.5
1221	-0.528423	134.048243	0.005200	9.7
1222	-0.523082	133.987441	0.005732	11.5
1223	-0.000000	133.926713	0.000000	12.3
1224	-0.840413	133.866057	0.006241	10.8
1225	-0.571963	133.805475	0.004689	8.4
1226	-0.000000	133.744966	0.000000	13.4
1227	-0.901828	133.684530	0.004516	12.1
1228	-0.000000	133.624167	0.000000	8.9
1229	-0.923449	133.563877	0.007545	11.3
1230	-0.462520	133.503658	0.005325	10.4
1231	-0.409313	133.443513	0.007766	9.6
1232	-0.000000	133.383439	0.000000	12.5
1233	-0.535664	133.323437	0.006444	11.3
1234	-0.610997	133.263508	0.005507	8.4
1235	-0.004737	133.203650	0.000112	13.4
1236	-0.932881	133.143864	0.005934	11.1
1237	-0.841124	133.084149	0.004072	8.6
1238	-0.000000	133.024506	0.000000	12.3
1239	-0.844645	132.964934	0.005625	12.1
1240	-0.344436	132.905433	0.005468	8.7
1241	-1.008927	132.846003	0.007449	12.3
1242	-0.000000	132.786643	0.000000	10.3
1243	-0.211115	132.727355	0.001936	8.3
1244	-0.738688	132.668137	0.005297	12.3
1245	-0.000000	132.608989	0.000000	10.7
1246	-0.498588	132.549912	0.005938	11.0
1247	-0.789323	132.490904	0.006131	12.2
1248	-0.570544	132.431967	0.006340	10.1
1249	-0.000000	132.373100	0.000000	8.9
1250	-0.762688	132.314302	0.006517	12.6
1251	-0.676621	132.255574	0.004850	8.5
1252	-0.759962	132.196916	0.006354	10.6
1253	-0.000000	132.138326	0.000000	11.6
1254	-0.000000	132.079806	0.000000	14.1
1255	-0.003344	132.021355	0.000043	15.8
1256	-0.778723	131.962973	0.009514	11.3
1257	-0.594590	131.904660	0.006540	12.8
1258	-0.000000	131.846415	0.000000	13.7
1259	-0.177997	131.788239	0.002255	10.4
1260	-0.500635	131.730131	0.006934	12.9
1261	-0.499740	131.672092	0.005691	12.3
1262	-0.000000	131.614121	0.000000	9.7
1263	-0.527025	131.556217	0.006461	10.3
1264	-0.564843	131.498382	0.007116	13.7
1265	-0.436647	131.440614	0.005382	11.7
1266	-0.104097	131.382914	0.001711	15.2
1267	-0.000000	131.325282	0.000000	11.7
1268	-0.000000	131.267717	0.000000	9.2
1269	-0.731112	131.210219	0.005848	12.5
1270	-0.543304	131.152788	0.007438	8.8
1271	-0.000000	131.095424	0.000000	11.5
1272	-0.000000	131.038127	0.000000	12.6
1273	-0.778251	130.980897	0.006183	8.5
1274	-0.900479	130.923733	0.009181	13.3
1275	-0.002024	130.866636	0.000233	12.5
1276	-0.785177	130.809605	0.007183	9.5
1277	-0.073861	130.752641	0.003096	10.3
1278	-0.845583	130.695742	0.006307	12.7
1279	-0.400968	130.638910	0.003667	10.6
1280	-0.896945	130.582143	0.005232	10.9
1281	-0.520822	130.525442	0.004287	11.5
1282	-0.000000	130.468807	0.000000	9.1
1283	-0.874014	130.412237	0.006132	11.3
1284	-0.049296	130.355733	0.003251	12.2
1285	-0.000000	130.299294	0.000000	9.1
1286	-0.614187	130.242920	0.007908	11.5
1287	-0.238693	130.186611	0.002942	12.5
1288	-0.799427	130.130366	0.007110	8.9
1289	-0.019545	130.074187	0.000407	11.1
1290	-0.666276	130.018072	0.005538	13.5
1291	-0.000000	129.962022	0.000000	9.2
1292	-0.573867	129.906036	0.003287	12.0
1293	-0.268189	129.850114	0.002671	11.9
1294	-0.172372	129.794257	0.002298	8.9
1295	-0.750808	129.738463	0.005587	11.6
1296	-0.768572	129.682734	0.005959	13.9
1297	-0.889447	129.627068	0.005103	10.3
1298	-0.749709	129.571466	0.005889	10.0
1299	-0.644147	129.515927	0.006858	12.8
1300	-0.221914	129.460452	0.003155	9.5
1301	-0.000003	129.405040	0.000000	10.6
1302	-0.707192	129.349692	0.005860	12.2
1303	-0.391024	129.294406	0.003813	9.5
1304	-0.000000	129.239183	0.000000	11.9
1305	-0.047994	129.184024	0.000266	13.1
1306	-0.000003	129.128927	0.000001	12.9
1307	-0.497918	129.073892	0.003660	9.6
1308	-0.651206	129.018921	0.006626	10.7
1309	-0.000000	128.964011	0.000000	11.0
1310	-0.834202	128.909164	0.006938	10.7
1311	-0.001262	128.854379	0.000036	11.1
1312	-0.000000	128.799656	0.000000	11.2
1313	-0.575682	128.744995	0.005548	11.8
1314	-0.000000	128.690396	0.000000	10.7
1315	-0.000000	128.635858	0.000000	10.9
1316	-0.640681	128.581382	0.005727	12.8
1317	-0.916107	128.526968	0.004743	10.0
1318	-0.271967	128.472615	0.004277	11.2
1319	-0.390012	128.418323	0.004874	11.5
1320	-0.818380	128.364092	0.008656	10.8
1321	-0.478816	128.309922	0.004851	11.1
1322	-0.822626	128.255814	0.005123	12.2
1323	-0.175143	128.201766	0.003081	9.8
1324	-0.053966	128.147778	0.002489	10.4
1325	-0.025159	128.093852	0.001462	12.0
1326	-0.733173	128.039985	0.005126	9.6
1327	-0.095786	127.986180	0.002660	11.1
1328	-0.784502	127.932434	0.005242	12.3
1329	-0.000000	127.878749	0.000000	9.6
1330	-0.000000	127.825123	0.000000	11.4
1331	-0.000000	127.771558	0.000000	12.7
1332	-0.272363	127.718052	0.004278	9.5
1333	-0.001019	127.664606	0.000262	11.6
1334	-0.395295	127.611220	0.004159	11.8
1335	-0.383276	127.557893	0.004182	10.6
1336	-0.000000	127.504625	0.000000	11.3
1337	-0.031001	127.451417	0.000530	12.0
1338	-0.518213	127.398268	0.004761	8.8
1339	-0.000000	127.345178	0.000000	11.5
1340	-0.199180	127.292147	0.002430	12.0
1341	-1.021209	127.239175	0.008094	12.5
1342	-0.386096	127.186261	0.005675	10.6
1343	-0.031495	127.133407	0.000625	10.9
1344	-0.541538	127.080610	0.006779	9.5
1345	-0.463533	127.027872	0.004784	10.6
1346	-0.820994	126.975193	0.007193	12.6
1347	-0.000000	126.922572	0.000000	9.0
1348	-0.357980	126.870008	0.004943	12.6
1349	-0.583959	126.817503	0.005120	12.3
1350	-0.258800	126.765056	0.001868	8.5
1351	-0.000000	126.712667	0.000000	10.6
1352	-0.000000	126.660335	0.000000	11.9
1353	-0.068563	126.608061	0.002231	9.2
1354	-0.048867	126.555844	0.002298	10.8
1355	-0.565341	126.503685	0.005887	12.3
1356	-0.501982	126.451583	0.005006	9.3
1357	-0.000000	126.399538	0.000000	12.6
1358	-0.000000	126.347550	0.000000	12.0
1359	-0.856674	126.295619	0.006886	10.7
1360	-0.028832	126.243745	0.000583	10.9
1361	-0.507855	126.191928	0.005612	10.5
1362	-0.739123	126.140168	0.006421	8.5
1363	-0.443936	126.088464	0.005997	12.7
1364	-0.502061	126.036817	0.005726	12.4
1365	-0.108054	125.985226	0.001185	8.9
1366	-0.647910	125.933691	0.007183	10.7
1367	-0.000000	125.882212	0.000000	13.1
1368	-0.116374	125.830790	0.004771	8.9
1369	-0.109748	125.779423	0.002051	11.2
1370	-0.531806	125.728113	0.005769	12.2
1371	-0.693968	125.676858	0.005728	11.5
1372	-0.532716	125.625659	0.003312	11.3
1373	-0.437315	125.574515	0.007196	13.3
1374	-0.662451	125.523427	0.005905	9.5
1375	-0.839154	125.472394	0.005184	11.1
1376	-0.171953	125.421417	0.002120	12.4
1377	-0.342833	125.370495	0.004833	8.8
1378	-0.000000	125.319628	0.000000	10.9
1379	-0.607383	125.268815	0.005822	12.7
1380	-0.000000	125.218058	0.000000	8.9
1381	-0.800610	125.167356	0.003831	11.5
1382	-0.720744	125.116708	0.009176	11.1
1383	-0.000000	125.066115	0.000000	10.9
1384	-0.637225	125.015576	0.005994	10.3
1385	-0.000000	124.965092	0.000000	11.5
1386	-0.014536	124.914662	0.000346	13.1
1387	-0.557877	124.864287	0.005709	9.3
1388	-0.866137	124.813965	0.005179	9.0
1389	-0.588463	124.763698	0.006375	11.1
1390	-0.298726	124.713485	0.003463	11.6
1391	-0.938239	124.663325	0.005211	10.0
1392	-0.497894	124.613219	0.005412	11.8
1393	-0.000000	124.563167	0.000000	13.5
1394	-0.468553	124.513168	0.003749	12.2
1395	-0.000000	124.463223	0.000000	12.1
1396	-0.000323	124.413332	0.000006	11.3
1397	-0.000000	124.363493	0.000000	12.5
1398	-0.009567	124.313708	0.000115	12.2
1399	-0.867293	124.263976	0.006343	8.6
1400	-0.000000	124.214297	0.000000	11.5
1401	-0.686881	124.164671	0.009039	10.0
1402	-0.649075	124.115097	0.008107	11.1
1403	-0.467400	124.065577	0.005311	11.3
1404	-0.000000	124.016109	0.000000	11.4
1405	-0.000000	123.966693	0.000000	11.0
1406	-0.620013	123.917330	0.006080	10.5
1407	-0.376295	123.868020	0.002304	8.8
1408	-0.475922	123.818762	0.006719	10.7
1409	-0.000000	123.769556	0.000000	12.7
1410	-0.000000	123.720402	0.000000	9.6
1411	-0.518756	123.671300	0.007365	11.9
1412	-0.479623	123.622250	0.005322	12.5
1413	-0.340396	123.573252	0.003078	10.4
1414	-0.244957	123.524305	0.004517	10.5
1415	-0.577414	123.475411	0.004307	11.5
1416	-0.801947	123.426568	0.005939	8.6
1417	-0.730504	123.377776	0.004727	10.6
1418	-0.000000	123.329036	0.000000	10.5
1419	-0.000000	123.280347	0.000000	8.9
1420	-0.178437	123.231709	0.003021	12.2
1421	-0.814230	123.183122	0.010505	12.7
1422	-0.541549	123.134587	0.005655	8.5
1423	-0.869791	123.086102	0.005627	10.1
1424	-0.306943	123.037669	0.002713	8.2
1425	-0.759424	122.989286	0.005101	13.5
1426	-0.030770	122.940954	0.000985	11.3
1427	-0.628625	122.892672	0.005382	9.1
1428	-0.465049	122.844441	0.004545	11.4
1429	-0.713851	122.796261	0.004457	11.8
1430	-0.865435	122.748130	0.005550	8.9
1431	-0.880305	122.700050	0.007376	13.2
1432	-0.000000	122.652021	0.000000	11.6
1433	-0.937242	122.604041	0.005896	8.6
1434	-0.835097	122.556111	0.008043	11.1
1435	-0.337954	122.508232	0.004050	12.9
1436	-0.000000	122.460402	0.000000	10.9
1437	-0.021804	122.412622	0.000538	10.8
1438	-0.285691	122.364891	0.004991	13.3
1439	-0.530647	122.317210	0.004771	12.7
1440	-0.311950	122.269579	0.004337	10.0
1441	-0.028866	122.221997	0.000529	9.3
1442	-0.550806	122.174465	0.006233	12.2
1443	-0.400737	122.126981	0.006838	11.4
1444	-0.104313	122.079547	0.001625	10.5
1445	-0.000000	122.032162	0.000000	12.4
1446	-0.761098	121.984826	0.004961	10.1
1447	-0.546996	121.937539	0.005795	12.7
1448	-0.787345	121.890301	0.007602	11.4
1449	-0.000000	121.843112	0.000000	12.8
1450	-0.611312	121.795971	0.005501	12.3
1451	-0.000823	121.748879	0.000021	10.1
1452	-0.785346	121.701835	0.005054	12.6
1453	-0.000000	121.654840	0.000000	12.3
1454	-0.309465	121.607893	0.005264	10.9
1455	-0.060042	121.560994	0.001189	11.1
1456	-0.042322	121.514144	0.001209	12.6
1457	-0.658196	121.467342	0.004516	8.2
1458	-0.873849	121.420588	0.012315	10.9
1459	-0.935548	121.373882	0.007274	11.8
1460	-0.963664	121.327223	0.007857	11.0
1461	-1.057454	121.280613	0.008366	11.4
1462	-0.568382	121.234050	0.006615	10.0
1463	-0.858020	121.187535	0.005103	10.3
1464	-0.144782	121.141067	0.002138	12.0
1465	-0.341022	121.094647	0.003755	9.3
1466	-0.000000	121.048274	0.000000	11.7
1467	-0.800589	121.001949	0.006226	12.3
1468	-0.033843	120.955671	0.001866	10.7
1469	-0.713569	120.909440	0.008706	11.3
1470	-0.367334	120.863256	0.003719	11.1
1471	-0.880859	120.817119	0.007979	11.0
1472	-0.579855	120.771029	0.006397	12.3
1473	-0.735810	120.724986	0.005491	10.2
1474	-0.297932	120.678990	0.004318	12.1
1475	-0.596153	120.633040	0.006321	12.9
1476	-0.000000	120.587137	0.000000	9.9
1477	-0.946023	120.541281	0.009068	11.9
1478	-0.749100	120.495471	0.005568	12.9
1479	-0.465828	120.449707	0.005982	9.1
1480	-0.000449	120.403990	0.000402	10.8
1481	-0.520856	120.358319	0.005396	12.7
1482	-0.857579	120.312694	0.003833	9.9
1483	-0.848368	120.267115	0.005725	11.5
1484	-0.047143	120.221582	0.000572	12.6
1485	-0.678552	120.176096	0.007557	8.4
1486	-0.027882	120.130655	0.000215	10.6
1487	-0.000580	120.085260	0.000012	12.9
1488	-0.124088	120.039910	0.001493	9.1
1489	-0.984858	119.994606	0.007373	11.4
1490	-0.000000	119.949348	0.000000	13.3
1491	-0.136814	119.904135	0.001203	10.9
1492	-0.128419	119.858968	0.003898	11.5
1493	-0.728771	119.813846	0.004887	15.2
1494	-0.931715	119.768769	0.007463	11.1
1495	-0.103965	119.723738	0.004191	12.8
1496	-0.746812	119.678752	0.009068	9.7
1497	-0.023700	119.633810	0.002154	11.7
1498	-0.048753	119.588914	0.000960	12.3
1499	-0.669327	119.544062	0.003309	9.8
1500	-0.076139	119.499256	0.001491	12.2
1501	-0.984377	119.454494	0.007061	13.1
1502	-0.105028	119.409777	0.002707	9.5
1503	-0.937181	119.365104	0.006061	11.2
1504	-0.045641	119.320476	0.000584	12.5
1505	-0.856895	119.275893	0.005538	8.7
1506	-0.276322	119.231353	0.004495	10.8
1507	-0.967078	119.186859	0.006421	13.7
1508	-0.000000	119.142408	0.000000	8.7
1509	-0.158167	119.098002	0.003832	10.6
1510	-0.000000	119.053639	0.000000	12.6
1511	-0.540256	119.009321	0.005262	8.9
1512	-0.008488	118.965047	0.000102	12.6
1513	-0.000138	118.920816	0.000019	14.0
1514	-0.467838	118.876630	0.004945	9.3
1515	-0.000000	118.832487	0.000000	11.3
1516	-0.000000	118.788388	0.000000	13.6
1517	-0.618185	118.744332	0.005427	9.4
1518	-0.003890	118.700320	0.000539	13.6
1519	-0.954507	118.656352	0.006613	11.6
1520	-0.647438	118.612427	0.007678	10.3
1521	-0.383428	118.568545	0.004903	10.1
1522	-0.095354	118.524706	0.001196	12.1
1523	-0.570388	118.480911	0.005350	8.6
1524	-0.162341	118.437159	0.001233	12.4
1525	-0.523760	118.393450	0.004695	12.8
1526	-0.000000	118.349784	0.000000	10.2
1527	-0.567398	118.306160	0.005792	9.9
1528	-0.632219	118.262580	0.006532	12.3
1529	-0.028677	118.219042	0.000693	9.3
1530	-0.000000	118.175548	0.000000	11.8
1531	-0.000000	118.132095	0.000000	12.3
1532	-0.557245	118.088686	0.005622	8.6
1533	-0.000000	118.045319	0.000000	12.2
1534	-0.683013	118.001994	0.006620	14.4
1535	-0.849675	117.958712	0.009649	11.8
1536	-0.632742	117.915472	0.006328	9.8
1537	-0.970114	117.872274	0.006645	10.6
1538	-0.000000	117.829118	0.000000	11.5
1539	-0.136261	117.786005	0.002116	11.1
1540	-0.882734	117.742933	0.007641	11.5
1541	-0.453041	117.699904	0.003610	11.4
1542	-0.821032	117.656916	0.007968	14.3
1543	-0.360739	117.613971	0.005186	9.0
1544	-0.283063	117.571067	0.003092	11.5
1545	-0.739917	117.528205	0.006372	13.3
1546	-0.000000	117.485384	0.000000	9.2
1547	-0.027769	117.442605	0.002350	12.4
1548	-0.567276	117.399867	0.007006	12.6
1549	-0.502167	117.357171	0.003896	9.3
1550	-0.285707	117.314517	0.002687	12.3
1551	-0.000000	117.271903	0.000000	11.8
1552	-0.000046	117.229331	0.000018	9.9
1553	-0.000000	117.186800	0.000000	10.7
1554	-0.826076	117.144311	0.006855	12.5
1555	-0.922194	117.101862	0.005515	9.3
1556	-0.460489	117.059454	0.004982	12.2
1557	-0.483716	117.017087	0.005422	12.8
1558	-0.843804	116.974762	0.005408	12.6
1559	-0.000000	116.932476	0.000000	10.6
1560	-0.000000	116.890232	0.000000	8.9
1561	-0.912973	116.848028	0.007887	10.2
1562	-0.000000	116.805865	0.000000	13.1
1563	-0.683363	116.763743	0.006838	10.8
1564	-0.398879	116.721661	0.004700	11.1
1565	-0.454127	116.679619	0.004230	13.7
1566	-0.161705	116.637618	0.002316	9.8
1567	-0.758322	116.595657	0.005504	10.5
1568	-0.700955	116.553736	0.003920	11.8
1569	-0.520716	116.511855	0.006417	10.3
1570	-0.422110	116.470015	0.003963	10.7
1571	-0.000000	116.428214	0.000000	13.1
1572	-0.413996	116.386454	0.004654	9.5
1573	-0.001657	116.344733	0.000178	10.6
1574	-0.857427	116.303052	0.005520	11.8
1575	-0.000000	116.261412	0.000000	13.6
1576	-0.638222	116.219810	0.005823	11.4
1577	-0.258786	116.178249	0.003847	11.4
1578	-0.000000	116.136727	0.000000	11.1
1579	-0.000000	116.095245	0.000000	10.6
1580	-0.917958	116.053802	0.005895	10.8
1581	-0.319652	116.012398	0.003143	12.8
1582	-0.000000	115.971034	0.000000	10.0
1583	-0.321915	115.929710	0.003162	10.9
1584	-0.872301	115.888424	0.006222	12.7
1585	-0.103174	115.847178	0.001488	10.1
1586	-0.606776	115.805970	0.006011	11.6
1587	-0.107641	115.764802	0.003371	11.8
1588	-0.540742	115.723673	0.005705	12.5
1589	-0.914561	115.682583	0.004188	10.9
1590	-0.000000	115.641532	0.000000	12.0
1591	-0.951361	115.600519	0.006122	8.6
1592	-0.017792	115.559546	0.001188	11.3
1593	-0.718001	115.518610	0.005850	11.9
1594	-0.647445	115.477714	0.005144	10.5
1595	-0.363581	115.436856	0.004781	11.0
1596	-0.937817	115.396037	0.006369	12.4
1597	-0.020370	115.355256	0.001043	8.8
1598	-0.000000	115.314514	0.000000	11.4
1599	-0.225180	115.273810	0.004060	13.9
1600	-0.000000	115.233144	0.000000	11.0
1601	-0.763146	115.192517	0.005366	11.1
1602	-0.001097	115.151927	0.000292	12.6
1603	-0.000000	115.111376	0.000000	10.2
1604	-0.184712	115.070863	0.004378	9.8
1605	-0.000000	115.030388	0.000000	14.1
1606	-0.498118	114.989951	0.006736	13.0
1607	-0.525859	114.949551	0.006616	11.9
1608	-0.827507	114.909190	0.007633	11.3
1609	-0.557385	114.868866	0.008702	13.1
1610	-0.895822	114.828580	0.006117	12.4
1611	-0.594180	114.788332	0.004784	11.0
1612	-0.774353	114.748121	0.004430	10.7
1613	-0.000000	114.707948	0.000000	11.7
1614	-0.604181	114.667812	0.005766	12.1
1615	-0.971791	114.627714	0.006303	11.8
1616	-0.400971	114.587653	0.003617	12.7
1617	-0.335755	114.547629	0.004430	11.2
1618	-0.775968	114.507643	0.004855	10.5
1619	-0.689701	114.467693	0.004422	11.0
1620	-0.848031	114.427781	0.005833	10.9
1621	-0.282290	114.387907	0.004615	12.0
1622	-0.681306	114.348069	0.006840	10.7
1623	-0.928462	114.308268	0.006562	11.9
1624	-0.515347	114.268504	0.006844	12.5
1625	-0.687844	114.228777	0.006876	9.6
1626	-0.749173	114.189086	0.006636	12.4
1627	-0.607723	114.149433	0.004777	11.7
1628	-0.687347	114.109816	0.005760	10.2
1629	-0.088867	114.070235	0.001444	11.8
1630	-0.284476	114.030692	0.004888	10.6
1631	-0.476845	113.991185	0.004417	11.4
1632	-0.654286	113.951714	0.006377	9.2
1633	-0.198128	113.912280	0.006243	12.3
1634	-0.768949	113.872882	0.005433	11.9
1635	-0.000047	113.833521	0.000002	10.6
1636	-0.771338	113.794195	0.005582	11.0
1637	-0.854149	113.754906	0.004989	10.2
1638	-0.554825	113.715653	0.005689	9.9
1639	-0.000000	113.676437	0.000000	11.1
1640	-0.007891	113.637256	0.000048	10.0
1641	-0.754854	113.598111	0.005530	9.4
1642	-0.595252	113.559002	0.005685	12.8
1643	-0.617834	113.519929	0.006174	10.8
1644	-0.000000	113.480892	0.000000	11.5
1645	-0.851967	113.441891	0.004915	12.2
1646	-0.656168	113.402925	0.003825	10.1
1647	-0.008336	113.363995	0.000220	11.5
1648	-0.002753	113.325101	0.000060	13.3
1649	-0.125281	113.286242	0.001942	10.6
1650	-0.000000	113.247419	0.000000	12.0
1651	-0.001644	113.208631	0.000032	12.7
1652	-0.332627	113.169879	0.003498	11.5
1653	-0.000000	113.131162	0.000000	9.8
1654	-0.003364	113.092480	0.000096	12.9
1655	-0.409095	113.053833	0.006575	10.0
1656	-0.525977	113.015222	0.006342	11.2
1657	-0.013665	112.976646	0.000132	12.7
1658	-0.609299	112.938105	0.003134	11.7
1659	-0.004889	112.899599	0.000511	10.6
1660	-0.488281	112.861128	0.003663	11.1
1661	-1.022493	112.822692	0.005943	10.5
1662	-0.666749	112.784291	0.006393	12.2
1663	-0.005295	112.745924	0.000082	11.8
1664	-0.701699	112.707593	0.006384	12.1
1665	-0.353030	112.669296	0.003885	14.2
1666	-0.702361	112.631034	0.006849	8.3
1667	-0.892421	112.592806	0.007991	13.0
1668	-0.000000	112.554613	0.000000	12.5
1669	-0.000116	112.516455	0.000002	10.7
1670	-0.252385	112.478331	0.002342	11.5
1671	-0.972127	112.440241	0.007260	12.6
1672	-0.492478	112.402186	0.004472	9.2
1673	-0.100128	112.364165	0.001160	11.3
1674	-0.549188	112.326179	0.005772	13.1
1675	-0.570387	112.288227	0.004469	12.3
1676	-0.477983	112.250309	0.005104	10.8
1677	-0.354128	112.212425	0.005630	11.3
1678	-0.436585	112.174575	0.004785	10.1
1679	-0.172175	112.136759	0.003561	9.9
1680	-0.000000	112.098977	0.000000	12.2
1681	-0.820173	112.061229	0.003794	12.7
1682	-0.000000	112.023515	0.000000	11.6
1683	-0.949386	111.985834	0.006547	10.1
1684	-0.900905	111.948188	0.008767	11.0
1685	-0.023942	111.910575	0.001507	12.0
1686	-0.682734	111.872996	0.005678	11.2
1687	-0.771498	111.835450	0.006084	11.4
1688	-0.336837	111.797939	0.002752	8.6
1689	-0.853516	111.760460	0.006647	11.2
1690	-0.697030	111.723015	0.006114	12.1
1691	-0.159317	111.685604	0.002336	12.2
1692	-0.859199	111.648226	0.006415	13.4
1693	-0.249517	111.610881	0.004237	11.3
1694	-0.421395	111.573570	0.003312	12.3
1695	-0.957550	111.536292	0.008403	8.9
1696	-0.784145	111.499047	0.005374	11.1
1697	-0.000000	111.461835	0.000000	12.6
1698	-0.000000	111.424656	0.000000	10.7
1699	-0.010627	111.387510	0.000097	11.6
1700	-0.380613	111.350398	0.005855	12.2
1701	-0.164354	111.313318	0.003191	8.8
1702	-0.012235	111.276271	0.000234	11.4
1703	-0.756315	111.239257	0.005603	12.5
1704	-0.710513	111.202276	0.005063	11.6
1705	-0.556413	111.165328	0.004167	9.3
1706	-0.723835	111.128412	0.006314	11.4
1707	-0.779091	111.091529	0.004134	8.7
1708	-0.000004	111.054679	0.000002	11.6
1709	-0.875231	111.017861	0.005544	11.1
1710	-0.715691	110.981076	0.004273	13.9
1711	-0.909908	110.944323	0.006309	9.6
1712	-0.840309	110.907603	0.006444	11.0
1713	-0.392919	110.870915	0.002572	12.1
1714	-0.000000	110.834259	0.000000	10.0
1715	-0.302257	110.797636	0.004199	11.3
1716	-0.665563	110.761045	0.006568	13.9
1717	-0.000000	110.724486	0.000000	8.5
1718	-0.943823	110.687959	0.006604	12.0
1719	-0.459768	110.651465	0.004438	13.3
1720	-0.000000	110.615002	0.000000	8.5
1721	-0.487209	110.578572	0.003626	12.9
1722	-0.594245	110.542173	0.003965	14.5
1723	-0.398760	110.505807	0.005345	12.3
1724	-0.927682	110.469472	0.007178	11.9
1725	-0.000000	110.433169	0.000000	11.3
1726	-0.726172	110.396898	0.006373	12.4
1727	-0.860272	110.360659	0.004325	14.0
1728	-0.377961	110.324451	0.005558	9.1
1729	-0.819648	110.288276	0.004824	12.6
1730	-0.813698	110.252131	0.006038	10.7
1731	-0.031631	110.216019	0.001875	11.9
1732	-0.820216	110.179937	0.006675	10.9
1733	-0.578888	110.143888	0.005899	12.0
1734	-0.000000	110.107869	0.000000	13.9
1735	-0.000000	110.071882	0.000000	13.7
1736	-0.375742	110.035927	0.005899	9.5
1737	-0.723951	110.000003	0.007261	12.1
1738	-0.000000	109.964110	0.000000	10.7
1739	-0.519820	109.928248	0.005074	10.3
1740	-0.000000	109.892417	0.000000	12.4
1741	-0.000000	109.856618	0.000000	8.7
1742	-0.569137	109.820850	0.004799	13.1
1743	-0.177911	109.785112	0.003485	12.2
1744	-0.021717	109.749406	0.002724	12.2
1745	-0.084742	109.713730	0.003548	9.8
1746	-0.002032	109.678086	0.000249	12.3
1747	-0.249183	109.642472	0.003516	10.0
1748	-0.038042	109.606890	0.000665	10.8
1749	-0.086595	109.571337	0.001917	10.5
1750	-0.340008	109.535816	0.003820	13.8
1751	-0.450431	109.500326	0.004883	10.4
1752	-0.422451	109.464866	0.005565	12.0
1753	-0.909298	109.429436	0.006950	13.1
1754	-0.587251	109.394038	0.003516	9.0
1755	-0.000000	109.358669	0.000000	11.9
1756	-0.000000	109.323331	0.000000	14.5
1757	-0.000005	109.288024	0.000000	12.2
1758	-0.173084	109.252747	0.002139	11.9
1759	-0.837425	109.217501	0.007106	10.1
1760	-0.062086	109.182284	0.000775	12.0
1761	-0.037380	109.147098	0.001205	14.2
1762	-0.314949	109.111942	0.008658	8.3
1763	-0.001926	109.076817	0.000027	13.3
1764	-0.633923	109.041721	0.006844	12.7
1765	-0.184452	109.006656	0.001649	8.9
1766	-0.617216	108.971620	0.005964	10.7
1767	-0.467771	108.936615	0.005564	14.0
1768	-0.312691	108.901640	0.004716	9.7
1769	-0.182433	108.866694	0.002820	10.9
1770	-0.035235	108.831779	0.000784	13.7
1771	-0.718353	108.796893	0.003418	10.8
1772	-0.216004	108.762037	0.002994	12.8
1773	-0.406868	108.727211	0.003362	10.9
1774	-0.301180	108.692415	0.003988	8.8
1775	-0.549639	108.657648	0.005809	12.6
1776	-0.771557	108.622911	0.006221	13.2
1777	-0.000000	108.588203	0.000000	15.2
1778	-0.593724	108.553525	0.005876	12.3
1779	-0.781487	108.518877	0.005079	8.6
1780	-0.095755	108.484258	0.002544	10.5
1781	-0.035413	108.449668	0.000368	9.5
1782	-0.780098	108.415108	0.004849	10.3
1783	-0.016861	108.380578	0.000289	12.8
1784	-0.000000	108.346076	0.000000	10.1
1785	-0.000000	108.311604	0.000000	12.0
1786	-0.084243	108.277161	0.001702	11.8
1787	-0.000000	108.242747	0.000000	11.2
1788	-0.759195	108.208363	0.004412	10.3
1789	-0.866124	108.174007	0.006324	12.3
1790	-0.015004	108.139681	0.000154	16.4
1791	-0.000000	108.105383	0.000000	15.0
1792	-0.912899	108.071115	0.005618	16.9
1793	-0.822910	108.036875	0.005784	15.1
1794	-0.119479	108.002665	0.003550	18.1
1795	-0.732754	107.968483	0.005366	19.4
1796	-0.884663	107.934330	0.008417	20.7
1797	-0.647141	107.900206	0.004261	16.1
1798	-0.000000	107.866111	0.000000	27.0
1799	-0.661222	107.832044	0.007380	20.8
1800	-0.637403	107.798007	0.006881	13.9
1801	-0.804948	107.763997	0.006600	14.2
1802	-0.858095	107.730017	0.005966	16.9
1803	-0.000000	107.696065	0.000000	21.3
1804	-0.830171	107.662141	0.005054	19.9
1805	-0.718678	107.628246	0.006371	12.8
1806	-0.720337	107.594379	0.005967	15.0
1807	-0.755501	107.560541	0.006339	14.4
1808	-1.100432	107.526731	0.006156	20.7
1809	-0.000000	107.492949	0.000000	21.2
1810	-0.002958	107.459196	0.000432	20.3
1811	-0.896563	107.425471	0.007255	16.6
1812	-0.591944	107.391774	0.005341	28.6
1813	-0.427356	107.358106	0.003115	15.1
1814	-0.769227	107.324465	0.005908	17.2
1815	-0.590885	107.290853	0.005649	15.8
1816	-0.178881	107.257268	0.002280	17.5
1817	-0.494275	107.223712	0.006242	18.0
1818	-0.541275	107.190184	0.006375	27.0
1819	-0.720383	107.156683	0.006546	47.4
1820	-0.105173	107.123211	0.001809	23.4
1821	-0.000000	107.089766	0.000000	22.3
1822	-0.647926	107.056349	0.005477	15.9
1823	-0.000000	107.022960	0.000000	15.2
1824	-0.000000	106.989599	0.000000	12.0
1825	-0.394284	106.956265	0.004273	18.4
1826	-0.828929	106.922960	0.006066	11.8
1827	-0.344538	106.889681	0.005189	13.6
1828	-0.888319	106.856431	0.006959	15.9
1829	-0.569268	106.823208	0.003198	18.9
1830	-0.808766	106.790012	0.005110	15.0
1831	-0.630978	106.756844	0.005573	10.8
1832	-0.414143	106.723703	0.003649	13.4
1833	-0.850031	106.690590	0.006444	11.9
1834	-0.169435	106.657505	0.005268	12.1
1835	-0.207046	106.624446	0.003540	9.5
1836	-0.669831	106.591415	0.006965	11.9
1837	-0.554960	106.558411	0.004475	11.7
1838	-0.629185	106.525435	0.003918	16.4
1839	-0.467892	106.492485	0.006273	13.0
1840	-0.537521	106.459563	0.005020	11.8
1841	-0.788384	106.426668	0.005586	11.1
1842	-0.778832	106.393800	0.005660	11.1
1843	-0.478412	106.360959	0.004524	10.5
1844	-0.725669	106.328145	0.005744	11.1
1845	-0.619200	106.295358	0.005582	10.8
1846	-0.878972	106.262598	0.009093	10.6
1847	-0.540639	106.229865	0.005702	10.7
1848	-0.000000	106.197158	0.000000	10.7
1849	-1.024596	106.164479	0.006545	11.2
1850	-0.025553	106.131826	0.001178	9.9
1851	-0.000000	106.099201	0.000000	10.1
1852	-0.000096	106.066602	0.000004	13.1
1853	-0.000000	106.034029	0.000000	10.4
1854	-0.963168	106.001483	0.006218	12.3
1855	-0.569004	105.968964	0.006205	12.0
1856	-0.736189	105.936472	0.005883	12.4
1857	-0.000000	105.904006	0.000000	9.1
1858	-0.000000	105.871566	0.000000	10.7
1859	-0.390129	105.839153	0.005211	11.6
1860	-0.000000	105.806767	0.000000	13.3
1861	-0.443559	105.774407	0.004257	10.1
1862	-0.045112	105.742073	0.001677	11.0
1863	-0.000000	105.709766	0.000000	12.6
1864	-0.292438	105.677485	0.003679	9.4
1865	-0.910849	105.645230	0.005793	12.2
1866	-0.901660	105.613001	0.005217	11.9
1867	-0.846481	105.580799	0.005155	10.2
1868	-0.640044	105.548623	0.004803	11.0
1869	-0.720727	105.516473	0.005381	12.3
1870	-0.533730	105.484349	0.005579	8.8
1871	-0.573123	105.452251	0.005862	10.2
1872	-0.882819	105.420179	0.005898	14.8
1873	-1.012657	105.388133	0.006132	16.5
1874	-0.000000	105.356113	0.000000	15.3
1875	-0.045131	105.324119	0.001497	14.6
1876	-0.928568	105.292151	0.007250	16.4
1877	-0.573012	105.260209	0.006224	16.5
1878	-0.417466	105.228293	0.005531	11.6
1879	-0.000000	105.196402	0.000000	8.7
1880	-0.866891	105.164537	0.004743	12.8
1881	-0.154781	105.132698	0.001930	8.9
1882	-0.447532	105.100885	0.003942	10.9
1883	-0.756183	105.069097	0.004397	12.6
1884	-0.015719	105.037335	0.000285	8.4
1885	-0.635379	105.005598	0.005261	8.9
1886	-0.758757	104.973887	0.005198	10.6
1887	-0.189336	104.942202	0.002151	10.2
1888	-0.002522	104.910542	0.000024	8.6
1889	-0.268366	104.878907	0.002439	9.8
1890	-0.262626	104.847298	0.005841	10.7
1891	-0.006588	104.815715	0.001273	8.8
1892	-0.921013	104.784156	0.005866	10.3
1893	-0.415612	104.752623	0.003764	8.6
1894	-0.637517	104.721116	0.007448	11.0
1895	-0.000000	104.689633	0.000000	11.2
1896	-0.851305	104.658176	0.007034	8.1
1897	-0.679559	104.626744	0.005158	12.2
1898	-0.117197	104.595337	0.001295	10.0
1899	-0.847511	104.563955	0.004115	8.5
1900	-0.393413	104.532599	0.004216	11.4
1901	-0.000000	104.501267	0.000000	8.7
1902	-0.569849	104.469960	0.006689	10.5
1903	-0.565473	104.438679	0.003699	10.0
1904	-0.736548	104.407422	0.006405	9.3
1905	-0.708849	104.376191	0.005953	11.1
1906	-0.165631	104.344984	0.003963	8.6
1907	-0.976222	104.313802	0.005693	10.2
1908	-0.534741	104.282645	0.004509	10.8
1909	-0.756327	104.251513	0.006054	9.1
1910	-0.000000	104.220405	0.000000	11.8
1911	-0.000155	104.189323	0.000087	9.6
1912	-0.419927	104.158265	0.004651	8.9
1913	-0.000000	104.127231	0.000000	10.0
1914	-0.040945	104.096222	0.001637	8.8
1915	-0.749640	104.065238	0.004883	11.0
1916	-0.216660	104.034279	0.003147	8.8
1917	-0.015026	104.003344	0.000749	10.0
1918	-0.000000	103.972433	0.000000	10.1
1919	-0.952277	103.941547	0.006409	8.9
1920	-0.764704	103.910686	0.004762	11.2
1921	-0.203496	103.879849	0.002579	8.7
1922	-0.146597	103.849036	0.002460	11.2
1923	-0.573956	103.818248	0.003587	12.8
1924	-0.446055	103.787484	0.002843	9.2
1925	-0.000000	103.756744	0.000000	10.3
1926	-0.075162	103.726029	0.001436	10.4
1927	-0.895720	103.695338	0.006929	8.6
1928	-0.000000	103.664671	0.000000	10.1
1929	-0.207804	103.634028	0.002704	11.6
1930	-0.000000	103.603409	0.000000	10.5
1931	-0.763917	103.572814	0.008442	11.0
1932	-0.706269	103.542244	0.006930	9.5
1933	-0.483721	103.511698	0.004102	12.0
1934	-0.820607	103.481175	0.004923	11.3
1935	-0.918765	103.450677	0.006587	9.6
1936	-0.381625	103.420202	0.002044	10.3
1937	-0.000000	103.389752	0.000000	13.2
1938	-0.000000	103.359325	0.000000	14.4
1939	-0.711037	103.328922	0.007034	14.3
1940	-0.000000	103.298543	0.000000	16.1
1941	-0.826391	103.268188	0.004688	19.8
1942	-0.798250	103.237857	0.007200	13.2
1943	-0.735747	103.207549	0.006754	12.9
1944	-0.000000	103.177265	0.000000	8.6
1945	-0.599625	103.147005	0.004058	12.6
1946	-0.000000	103.116768	0.000000	10.4
1947	-0.000000	103.086556	0.000000	9.1
1948	-0.119642	103.056366	0.003409	9.0
1949	-0.455695	103.026200	0.005389	10.4
1950	-0.638439	102.996058	0.004101	10.3
1951	-0.832742	102.965939	0.005798	8.3
1952	-0.676252	102.935844	0.005899	11.7
1953	-0.845153	102.905772	0.005399	8.7
1954	-0.627383	102.875724	0.005086	10.2
1955	-0.930174	102.845699	0.006117	9.7
1956	-0.001008	102.815697	0.000020	9.9
1957	-0.564258	102.785719	0.005669	10.8
1958	-0.000000	102.755764	0.000000	9.9
1959	-0.266102	102.725832	0.006517	10.9
1960	-0.846507	102.695924	0.006723	13.1
1961	-0.000000	102.666038	0.000000	8.7
1962	-0.712467	102.636176	0.004854	10.2
1963	-0.830350	102.606337	0.003971	10.6
1964	-0.766402	102.576521	0.004874	8.7
1965	-0.000000	102.546728	0.000000	10.3
1966	-0.845562	102.516959	0.007399	8.6
1967	-0.061608	102.487212	0.002020	11.5
1968	-0.000000	102.457488	0.000000	11.0
1969	-0.000000	102.427788	0.000000	8.4
1970	-0.000000	102.398110	0.000000	10.4
1971	-0.657244	102.368455	0.006410	8.9
1972	-0.715941	102.338823	0.005115	9.5
1973	-0.568823	102.309214	0.005970	10.8
1974	-0.510786	102.279628	0.004949	10.9
1975	-0.190632	102.250064	0.001695	8.7
1976	-0.588543	102.220524	0.005999	13.2
1977	-0.256164	102.191006	0.002856	9.0
1978	-0.549221	102.161511	0.002996	11.0
1979	-0.103970	102.132038	0.002477	11.7
1980	-0.847808	102.102588	0.006794	10.2
1981	-0.898766	102.073161	0.005418	12.4
1982	-0.873369	102.043757	0.006435	9.9
1983	-0.742342	102.014375	0.004142	10.0
1984	-0.000000	101.985015	0.000000	12.8
1985	-0.000000	101.955678	0.000000	10.0
1986	-0.063216	101.926364	0.001954	9.5
1987	-0.000000	101.897072	0.000000	12.7
1988	-0.601708	101.867802	0.002401	11.1
1989	-0.180195	101.838555	0.002406	9.5
1990	-0.291777	101.809330	0.003908	13.5
1991	-0.586130	101.780128	0.005991	10.7
1992	-0.756199	101.750948	0.007017	10.9
1993	-0.995960	101.721790	0.005924	11.9
1994	-0.861267	101.692654	0.004973	11.2
1995	-0.127677	101.663541	0.003770	10.4
1996	-0.041547	101.634450	0.002076	11.7
1997	-0.372664	101.605381	0.002989	11.8
1998	-0.092792	101.576335	0.001200	11.5
1999	-0.265096	101.547310	0.002328	9.9
