1:ItNr	2:Metric	3:StepSize	4:||Gradient||	Time[ms]
0	-0.052206	627.201626	0.001427	1448.1
1	-1.259284	623.504937	0.010498	11.4
2	-0.000011	619.865785	0.000002	11.6
3	-0.536447	616.282728	0.005025	10.3
4	-1.092903	612.754375	0.013249	11.3
5	-1.477844	609.279381	0.012593	9.5
6	-0.450318	605.856447	0.013070	10.7
7	-0.022942	602.484317	0.001110	11.4
8	-1.320287	599.161779	0.009057	9.8
9	-0.052438	595.887656	0.000479	10.8
10	-1.208107	592.660813	0.008073	9.8
11	-0.996078	589.480151	0.007595	9.5
12	-1.629524	586.344606	0.009828	9.9
13	-1.308243	583.253145	0.022448	8.7
14	-0.592143	580.204771	0.001787	11.8
15	-0.888434	577.198517	0.012488	10.2
16	-1.614027	574.233444	0.015460	10.2
17	-0.092820	571.308645	0.002202	10.5
18	-0.458876	568.423237	0.023111	11.8
19	-0.372410	565.576365	0.004203	7.7
20	-1.033326	562.767201	0.010314	9.6
21	-0.663716	559.994938	0.012104	8.0
22	-0.927946	557.258797	0.013008	8.2
23	-0.000000	554.558018	0.000000	9.2
24	-0.000281	551.891865	0.000028	12.2
25	-1.101075	549.259621	0.009311	11.9
26	-0.493205	546.660592	0.016477	12.2
27	-0.741942	544.094102	0.003748	11.8
28	-0.000000	541.559494	0.000000	12.6
29	-0.068599	539.056129	0.000659	12.4
30	-1.542663	536.583387	0.010630	11.7
31	-1.567937	534.140663	0.012272	11.9
32	-0.795599	531.727370	0.021189	14.4
33	-0.482995	529.342935	0.003054	12.7
34	-0.000008	526.986802	0.000001	14.8
35	-0.644749	524.658430	0.022043	12.5
36	-0.020662	522.357290	0.000911	12.7
37	-1.158706	520.082868	0.011633	11.9
38	-0.823099	517.834665	0.017860	11.9
39	-0.877879	515.612193	0.010544	11.9
40	-1.343157	513.414976	0.021914	12.1
41	-1.236004	511.242551	0.010049	12.2
42	-0.812538	509.094468	0.008118	12.3
43	-1.329693	506.970285	0.015100	12.0
44	-0.718083	504.869574	0.014068	11.8
45	-0.000000	502.791916	0.000000	12.0
46	-0.090599	500.736903	0.001532	10.2
47	-0.582625	498.704137	0.004485	12.6
48	-0.000284	496.693228	0.000005	12.7
49	-1.398949	494.703798	0.009389	13.0
50	-0.952749	492.735476	0.017692	7.9
51	-0.000000	490.787900	0.000000	8.2
52	-1.132309	488.860718	0.019795	8.0
53	-0.733589	486.953585	0.008866	9.5
54	-1.199468	485.066164	0.013144	8.4
55	-0.013946	483.198126	0.001494	8.7
56	-1.708618	481.349149	0.012802	12.6
57	-1.070262	479.518920	0.008863	11.8
58	-0.156161	477.707132	0.001939	12.1
59	-0.819433	475.913485	0.005212	10.1
60	-0.031542	474.137684	0.000978	7.7
61	-0.731795	472.379445	0.010674	10.3
62	-0.171673	470.638485	0.001673	11.5
63	-1.566187	468.914531	0.006416	10.5
64	-1.027974	467.207315	0.013485	12.6
65	-0.000000	465.516573	0.000000	9.2
66	-1.555421	463.842050	0.016410	7.8
67	-0.836467	462.183494	0.006634	8.2
68	-0.565666	460.540658	0.011712	11.9
69	-1.304963	458.913303	0.012405	12.6
70	-0.506788	457.301192	0.008692	9.9
71	-0.900308	455.704096	0.007668	7.9
72	-1.385617	454.121787	0.018804	10.8
73	-0.856501	452.554045	0.013946	12.4
74	-0.179649	451.000653	0.002090	10.9
75	-1.339958	449.461399	0.008523	12.5
76	-1.143929	447.936075	0.016872	10.1
77	-0.590660	446.424477	0.011505	8.2
78	-0.190924	444.926406	0.001539	8.2
79	-0.427378	443.441666	0.006685	7.8
80	-0.000000	441.970065	0.000000	12.4
81	-0.000000	440.511415	0.000000	9.6
82	-1.813126	439.065533	0.011862	8.7
83	-1.147465	437.632238	0.005424	7.9
84	-0.564175	436.211351	0.005828	7.9
85	-0.000000	434.802701	0.000000	10.9
86	-0.656951	433.406117	0.009401	12.0
87	-0.430277	432.021430	0.006180	10.6
88	-1.089445	430.648479	0.006446	13.2
89	-0.000117	429.287101	0.000003	11.9
90	-0.413055	427.937140	0.006049	12.1
91	-0.092808	426.598440	0.000589	11.6
92	-1.473762	425.270849	0.015773	10.7
93	-0.036733	423.954220	0.001545	8.1
94	-0.294071	422.648404	0.003782	9.5
95	-1.116036	421.353259	0.007209	7.7
96	-0.471753	420.068643	0.003134	8.3
97	-0.367384	418.794419	0.006623	9.0
98	-1.264411	417.530451	0.008554	13.0
99	-0.393916	416.276604	0.005169	15.0
100	-0.868015	415.032748	0.007446	14.0
101	-0.656916	413.798754	0.005718	14.2
102	-0.953852	412.574495	0.014895	11.7
103	-1.243275	411.359849	0.010244	12.1
104	-0.006420	410.154691	0.000084	8.4
105	-1.110213	408.958904	0.015624	11.4
106	-0.933299	407.772368	0.007761	12.2
107	-1.156790	406.594968	0.007231	10.5
108	-1.385899	405.426590	0.011602	10.9
109	-0.598118	404.267122	0.016951	8.8
110	-1.305770	403.116456	0.009378	10.0
111	-0.971629	401.974481	0.011204	8.7
112	-0.198096	400.841093	0.004182	8.9
113	-0.271995	399.716187	0.003060	10.5
114	-1.178483	398.599660	0.007790	8.3
115	-0.645751	397.491411	0.004647	8.3
116	0.000000	396.391342	0.000000	8.9
117	-0.995362	395.299353	0.021677	9.5
118	-0.538920	394.215350	0.004785	11.0
119	-0.124043	393.139238	0.000421	12.0
120	-0.219532	392.070924	0.002671	8.1
121	-0.357497	391.010316	0.004235	8.8
122	-1.332553	389.957325	0.015199	12.5
123	-0.532502	388.911862	0.003702	10.4
124	-0.006253	387.873839	0.000116	8.3
125	-1.610904	386.843173	0.005421	8.2
126	-1.317978	385.819777	0.012578	9.1
127	-0.000000	384.803569	0.000000	7.1
128	-0.519716	383.794468	0.004652	13.2
129	-0.000092	382.792393	0.000012	12.6
130	-0.491497	381.797264	0.003769	12.8
131	-0.199828	380.809005	0.001808	9.4
132	-0.000000	379.827537	0.000000	11.1
133	-0.921291	378.852786	0.010270	9.9
134	-0.341164	377.884678	0.003559	9.6
135	-0.580844	376.923138	0.005875	10.6
136	-1.183524	375.968095	0.005004	10.2
137	-0.377644	375.019479	0.002064	10.8
138	-0.652246	374.077218	0.008057	12.2
139	-1.070420	373.141244	0.012358	10.0
140	-0.416782	372.211489	0.003450	11.4
141	-0.599819	371.287887	0.012397	11.8
142	-0.506896	370.370370	0.004827	7.7
143	-0.610573	369.458876	0.020177	8.4
144	-1.467432	368.553338	0.012957	10.3
145	-0.002173	367.653696	0.000034	9.4
146	-1.332520	366.759885	0.008228	8.5
147	-0.002234	365.871846	0.000285	8.5
148	-0.024891	364.989518	0.000329	8.7
149	-1.079047	364.112841	0.003881	8.8
150	-1.149554	363.241757	0.014705	12.2
151	-0.678776	362.376208	0.007717	11.8
152	-1.101736	361.516137	0.009865	13.0
153	-0.000021	360.661488	0.000001	10.8
154	-0.821628	359.812206	0.014882	12.6
155	-0.015498	358.968236	0.000243	7.6
156	-1.090982	358.129524	0.025972	12.3
157	-0.883867	357.296018	0.007462	12.4
158	-0.000000	356.467665	0.000000	12.1
159	-1.526993	355.644414	0.017983	11.1
160	-1.377849	354.826213	0.005619	8.3
161	-1.397855	354.013012	0.011270	8.1
162	-0.383172	353.204763	0.002794	10.2
163	-0.142217	352.401415	0.001433	10.7
164	-0.857932	351.602922	0.015371	8.5
165	-0.139885	350.809235	0.001346	12.6
166	-1.361706	350.020308	0.008353	7.9
167	-0.491209	349.236095	0.003888	8.2
168	-0.000000	348.456550	0.000000	10.9
169	-0.197158	347.681627	0.005010	9.8
170	-1.437163	346.911283	0.008711	9.7
171	-0.000000	346.145474	0.000000	9.9
172	-1.163659	345.384157	0.010034	9.6
173	-0.753113	344.627288	0.015077	7.5
174	-1.018827	343.874826	0.022385	8.5
175	-0.703501	343.126729	0.009805	12.0
176	-0.000030	342.382957	0.000004	12.2
177	-0.495522	341.643469	0.011190	11.9
178	-1.166375	340.908224	0.005595	11.2
179	-0.458964	340.177184	0.004036	8.8
180	-1.216330	339.450309	0.010693	8.3
181	-1.538587	338.727561	0.014372	8.2
182	-0.703729	338.008902	0.010915	7.7
183	-0.005787	337.294295	0.000378	8.7
184	-0.813154	336.583703	0.015371	8.1
185	-0.241511	335.877089	0.002336	8.8
186	-0.237947	335.174416	0.004352	11.8
187	-1.438611	334.475651	0.012113	12.0
188	-0.000000	333.780756	0.000000	10.4
189	-1.223615	333.089698	0.008330	12.2
190	-1.466721	332.402443	0.007260	12.7
191	-0.829089	331.718955	0.003194	12.1
192	-0.000031	331.039203	0.000007	7.9
193	-0.545379	330.363153	0.015531	10.2
194	-1.225426	329.690771	0.013070	8.8
195	-0.705787	329.022027	0.006967	8.3
196	-0.053973	328.356888	0.000495	9.0
197	-0.008052	327.695322	0.000490	12.1
198	-0.062298	327.037299	0.000522	11.9
199	-0.864122	326.382787	0.007831	12.1
200	-0.925848	325.731758	0.005240	8.6
201	-0.466863	325.084179	0.003332	10.8
202	-1.226553	324.440023	0.025506	8.4
203	-0.083838	323.799258	0.000738	10.4
204	-0.753844	323.161858	0.015025	9.6
205	-1.487044	322.527792	0.010083	10.8
206	-0.006917	321.897034	0.000179	10.5
207	-0.000000	321.269554	0.000000	12.3
208	-0.001806	320.645325	0.000034	8.4
209	-0.923493	320.024320	0.008556	8.6
210	-0.196461	319.406512	0.001989	9.1
211	-1.287022	318.791875	0.008701	10.3
212	-1.234015	318.180381	0.005491	8.4
213	-0.708633	317.572005	0.006247	15.2
214	-0.169215	316.966721	0.004235	8.7
215	-1.267831	316.364504	0.011666	10.4
216	-0.367514	315.765329	0.002891	12.2
217	-0.000000	315.169170	0.000000	9.7
218	-0.000000	314.576003	0.000000	10.0
219	-1.281393	313.985804	0.014162	7.4
220	-1.381285	313.398548	0.007854	10.2
221	-1.435246	312.814213	0.009758	10.2
222	-0.007447	312.232773	0.000445	10.4
223	-0.000171	311.654207	0.000027	12.9
224	-1.218502	311.078491	0.007833	11.7
225	-0.015850	310.505602	0.000367	10.9
226	-0.000047	309.935518	0.000007	8.6
227	-1.490588	309.368217	0.010986	11.6
228	-0.877647	308.803676	0.011709	11.0
229	-1.563662	308.241874	0.008419	8.7
230	-0.485565	307.682789	0.009421	10.3
231	-1.689523	307.126400	0.005807	8.4
232	-0.268015	306.572687	0.004659	8.0
233	-1.296687	306.021627	0.011066	7.9
234	-0.537730	305.473201	0.008091	8.0
235	-0.544692	304.927388	0.002667	8.7
236	-0.472574	304.384168	0.016474	12.0
237	-0.000000	303.843521	0.000000	12.2
238	-0.000000	303.305427	0.000000	11.7
239	-0.166571	302.769867	0.001493	10.2
240	-1.046257	302.236821	0.011286	11.7
241	-0.015907	301.706270	0.000627	9.8
242	-1.308137	301.178196	0.007044	9.3
243	-0.806938	300.652580	0.008060	12.0
244	-1.142073	300.129402	0.010996	8.1
245	-0.522373	299.608645	0.005609	13.3
246	-0.379042	299.090291	0.003365	11.4
247	-1.504554	298.574321	0.011359	8.4
248	-1.186760	298.060718	0.013492	7.9
249	-0.802927	297.549465	0.003457	11.3
250	-0.098205	297.040543	0.002275	8.3
251	-0.268352	296.533936	0.003632	10.5
252	-0.870097	296.029626	0.012423	8.7
253	-0.339907	295.527597	0.011841	10.5
254	-0.467216	295.027832	0.008023	12.1
255	-0.000038	294.530315	0.000006	12.0
256	-1.440113	294.035028	0.003703	11.0
257	-0.211562	293.541956	0.001567	7.7
258	-0.062567	293.051083	0.000794	8.3
259	-0.926376	292.562393	0.007627	8.0
260	-0.000000	292.075870	0.000000	8.2
261	-1.029957	291.591498	0.010408	7.9
262	-1.269207	291.109263	0.017080	7.8
263	-0.956658	290.629149	0.019867	14.1
264	-1.166669	290.151140	0.011394	12.3
265	-1.342023	289.675222	0.009707	12.2
266	-1.388439	289.201380	0.016359	11.5
267	-0.037468	288.729600	0.000660	12.8
268	-0.550934	288.259866	0.010730	11.2
269	-0.635254	287.792165	0.003940	9.3
270	-0.928477	287.326481	0.005370	12.2
271	-0.712338	286.862802	0.023583	11.1
272	-0.265972	286.401113	0.002474	8.9
273	-0.316609	285.941400	0.011299	10.0
274	-1.041825	285.483649	0.007740	8.6
275	-0.441779	285.027847	0.008044	8.0
276	-0.140595	284.573981	0.000655	9.1
277	-1.413785	284.122037	0.009695	11.3
278	-1.091387	283.672002	0.009789	21.6
279	-0.430173	283.223863	0.002050	10.8
280	-1.474187	282.777607	0.009474	14.2
281	-0.045151	282.333221	0.000370	19.2
282	-0.005261	281.890692	0.000052	12.0
283	-1.102338	281.450008	0.011335	13.2
284	-1.268424	281.011157	0.008359	15.3
285	-1.631796	280.574125	0.010415	13.2
286	-0.389237	280.138901	0.010400	10.3
287	-0.000283	279.705473	0.000020	11.5
288	-0.682246	279.273829	0.023206	14.5
289	-1.355224	278.843956	0.013875	13.2
290	-0.000000	278.415844	0.000000	12.5
291	-0.702739	277.989479	0.007533	12.2
292	-0.519906	277.564851	0.009949	11.1
293	-1.313095	277.141949	0.020355	13.4
294	-1.480945	276.720761	0.013821	11.6
295	-0.102493	276.301275	0.002959	14.8
296	-0.770526	275.883480	0.019788	22.8
297	-0.765747	275.467366	0.007485	8.8
298	-0.979262	275.052922	0.017550	8.8
299	-0.706883	274.640136	0.003962	11.4
300	-1.050787	274.228998	0.005913	11.7
301	-0.479306	273.819497	0.004930	11.4
302	-1.182483	273.411623	0.006565	11.3
303	-1.114142	273.005365	0.008969	9.8
304	-0.058261	272.600712	0.000510	8.1
305	-1.049117	272.197655	0.012240	10.1
306	-1.232528	271.796184	0.008504	12.4
307	-1.475384	271.396287	0.005333	12.8
308	-0.063739	270.997956	0.000890	13.0
309	-1.199353	270.601180	0.014335	11.8
310	-0.000011	270.205949	0.000001	9.0
311	-0.093248	269.812254	0.002285	8.0
312	-0.501181	269.420085	0.012651	8.4
313	-0.213446	269.029432	0.001634	8.1
314	-0.591939	268.640287	0.008077	11.1
315	-0.903049	268.252638	0.010779	10.3
316	-0.836066	267.866478	0.016170	12.5
317	-1.247176	267.481796	0.011278	11.8
318	-1.457114	267.098584	0.007943	8.8
319	-1.179474	266.716833	0.011867	8.5
320	-0.005073	266.336533	0.000327	10.5
321	-0.803895	265.957676	0.007967	9.7
322	-0.000000	265.580253	0.000000	9.5
323	-0.367685	265.204254	0.003057	13.0
324	-0.000000	264.829672	0.000000	8.9
325	-0.623716	264.456497	0.012876	10.4
326	-0.000003	264.084721	0.000001	12.7
327	-1.477117	263.714335	0.017534	11.6
328	-0.465995	263.345332	0.004065	12.5
329	-0.742940	262.977702	0.015679	11.9
330	-0.003249	262.611438	0.000383	14.7
331	-0.491533	262.246531	0.004153	13.6
332	-1.058611	261.882973	0.008217	12.7
333	-0.581320	261.520756	0.005989	11.2
334	-0.000393	261.159871	0.000017	10.7
335	-0.686742	260.800312	0.006617	11.8
336	-0.489264	260.442070	0.011895	11.4
337	-1.001708	260.085137	0.015824	11.1
338	-1.411776	259.729505	0.014927	11.9
339	-0.988982	259.375167	0.011514	7.6
340	-1.040410	259.022116	0.011510	7.7
341	-0.769878	258.670343	0.024123	11.6
342	-0.000000	258.319841	0.000000	12.1
343	-1.442383	257.970602	0.014694	12.0
344	-0.000073	257.622620	0.000014	9.4
345	-0.793970	257.275887	0.013955	8.1
346	-1.296972	256.930396	0.003435	8.1
347	-1.311338	256.586139	0.007089	9.2
348	-0.000000	256.243109	0.000000	11.7
349	-1.525485	255.901300	0.015436	12.3
350	-0.991310	255.560703	0.034533	9.6
351	-1.536521	255.221313	0.012507	8.0
352	-0.537999	254.883122	0.007446	8.0
353	-0.811242	254.546124	0.007364	8.0
354	-1.180913	254.210311	0.010758	9.3
355	-0.015459	253.875677	0.000151	7.8
356	-0.215801	253.542215	0.002078	8.5
357	-1.695256	253.209918	0.009949	8.0
358	-0.488309	252.878781	0.021576	8.3
359	-0.000000	252.548795	0.000000	8.1
360	-0.918473	252.219956	0.005256	7.9
361	-0.751680	251.892255	0.004949	8.3
362	-0.004122	251.565688	0.000052	8.3
363	-0.965537	251.240247	0.013485	11.9
364	-0.350025	250.915926	0.001878	12.4
365	-0.556666	250.592720	0.004221	14.3
366	-0.138731	250.270621	0.001222	14.1
367	-1.123556	249.949624	0.010680	12.2
368	-0.387460	249.629723	0.005880	12.2
369	-1.344241	249.310911	0.008801	12.3
370	-0.001236	248.993182	0.000091	10.3
371	-0.390576	248.676531	0.005453	12.2
372	-0.000000	248.360952	0.000000	11.3
373	-0.443981	248.046438	0.009790	10.6
374	-1.421725	247.732984	0.010077	9.7
375	-1.365037	247.420584	0.010466	8.0
376	-0.755514	247.109233	0.004622	8.0
377	-0.000000	246.798924	0.000000	8.3
378	-1.067432	246.489652	0.006342	8.2
379	-0.000128	246.181412	0.000016	8.3
380	-0.547158	245.874197	0.011540	7.9
381	-1.436966	245.568002	0.009775	10.1
382	-1.863234	245.262822	0.007369	8.1
383	-0.159361	244.958652	0.002099	8.2
384	-1.358096	244.655485	0.008047	9.0
385	-0.892313	244.353317	0.012212	10.5
386	-0.000021	244.052142	0.000002	10.6
387	-0.279480	243.751955	0.001679	15.1
388	-0.013529	243.452750	0.000805	15.1
389	-0.000000	243.154523	0.000000	14.8
390	-0.476365	242.857268	0.009476	14.6
391	-1.352177	242.560980	0.007383	10.0
392	-1.006465	242.265654	0.013047	14.5
393	-0.001911	241.971285	0.000092	15.4
394	-1.395538	241.677868	0.006015	14.3
395	-1.350216	241.385397	0.009344	15.0
396	-1.146819	241.093869	0.009304	13.1
397	-0.000002	240.803278	0.000000	9.7
398	-1.336535	240.513619	0.012080	14.9
399	-0.016632	240.224887	0.000786	13.0
400	-0.137612	239.937077	0.002704	12.4
401	-0.011668	239.650186	0.000523	8.7
402	-0.000001	239.364207	0.000000	13.8
403	-0.323249	239.079136	0.001893	16.5
404	-1.796157	238.794969	0.006151	12.4
405	-1.334513	238.511701	0.011636	16.5
406	-0.344933	238.229327	0.017496	15.6
407	-0.000000	237.947843	0.000000	8.8
408	-0.171478	237.667244	0.001779	11.2
409	-1.510423	237.387526	0.009588	14.7
410	-1.167850	237.108684	0.007375	10.0
411	-0.000000	236.830714	0.000000	11.3
412	-1.614325	236.553610	0.006231	12.0
413	-0.556872	236.277370	0.018303	12.1
414	-1.141878	236.001989	0.006340	8.6
415	-1.525672	235.727461	0.008385	13.0
416	-0.987561	235.453784	0.005250	16.9
417	-0.453535	235.180952	0.006838	17.5
418	-0.501775	234.908962	0.003857	11.8
419	-0.618151	234.637809	0.013992	11.3
420	-0.978332	234.367488	0.008127	14.3
421	-0.931945	234.097997	0.021330	13.9
422	-1.381435	233.829331	0.008687	11.4
423	-1.317432	233.561485	0.007287	11.6
424	-0.504211	233.294456	0.004618	8.0
425	-1.233887	233.028239	0.012979	11.9
426	-0.658657	232.762831	0.023462	8.8
427	-0.000000	232.498228	0.000000	9.9
428	-0.514843	232.234425	0.009708	11.3
429	-1.604947	231.971419	0.013047	11.0
430	-1.211869	231.709205	0.008846	7.8
431	-0.446800	231.447781	0.014693	9.3
432	-1.181532	231.187141	0.008301	13.4
433	-0.096615	230.927283	0.000799	8.6
434	-0.831542	230.668202	0.006994	8.0
435	0.000000	230.409895	0.000000	7.8
436	-0.035477	230.152358	0.001780	7.8
437	-0.717837	229.895587	0.007142	8.2
438	-1.635292	229.639578	0.009576	12.1
439	-0.756408	229.384329	0.010151	11.0
440	-0.105732	229.129834	0.000770	7.6
441	-1.216207	228.876091	0.012187	9.6
442	-0.000000	228.623096	0.000000	8.3
443	-0.770310	228.370846	0.010578	8.4
444	-0.000861	228.119336	0.000072	8.0
445	-0.000043	227.868563	0.000005	8.0
446	-0.484287	227.618525	0.004938	8.4
447	-0.403369	227.369216	0.009159	11.1
448	-1.154550	227.120635	0.009729	12.5
449	-0.055758	226.872777	0.001154	12.7
450	-0.207760	226.625638	0.002516	13.0
451	-0.885138	226.379217	0.006023	12.4
452	-0.803977	226.133509	0.002743	12.4
453	-0.000000	225.888510	0.000000	9.3
454	-0.037527	225.644218	0.001515	8.2
455	-0.185623	225.400630	0.001157	9.3
456	-1.602019	225.157741	0.010000	8.3
457	-0.514826	224.915549	0.006378	12.8
458	-0.141146	224.674051	0.000911	16.1
459	-1.417604	224.433242	0.014945	15.3
460	-0.585670	224.193121	0.005540	14.0
461	-0.000000	223.953684	0.000000	9.7
462	-0.529905	223.714927	0.006868	15.7
463	-0.822625	223.476848	0.022614	12.4
464	-0.512101	223.239444	0.006722	12.6
465	-0.377057	223.002710	0.008122	13.1
466	-1.410311	222.766645	0.016680	8.4
467	-1.114314	222.531245	0.012110	12.5
468	-1.162477	222.296508	0.008223	15.1
469	-1.289636	222.062429	0.007755	12.8
470	-0.848056	221.829007	0.006170	10.9
471	-1.788465	221.596238	0.013357	15.8
472	-0.616980	221.364119	0.003962	14.4
473	-0.494375	221.132647	0.002917	14.7
474	-1.517589	220.901820	0.004181	12.0
475	0.000000	220.671634	0.000000	14.9
476	-1.430772	220.442086	0.006828	12.2
477	-0.821736	220.213174	0.012854	10.8
478	-0.803854	219.984895	0.006155	11.6
479	-0.938322	219.757246	0.011345	12.2
480	-1.654469	219.530224	0.007244	10.2
481	-0.993649	219.303826	0.008801	10.4
482	-1.449744	219.078050	0.008637	10.1
483	-0.006319	218.852893	0.000461	10.3
484	-1.450594	218.628352	0.012147	8.0
485	-1.319647	218.404424	0.008804	8.2
486	-0.884497	218.181106	0.011650	8.1
487	-1.159148	217.958397	0.006924	11.0
488	-0.034427	217.736292	0.000598	12.4
489	-1.316528	217.514790	0.014298	12.7
490	-0.645627	217.293888	0.006387	10.1
491	-1.362572	217.073584	0.005307	12.2
492	-0.022513	216.853873	0.000382	10.8
493	-0.000002	216.634755	0.000000	10.5
494	-1.337286	216.416227	0.011331	7.7
495	-0.260856	216.198285	0.001889	10.7
496	-0.000000	215.980927	0.000000	9.0
497	-0.759813	215.764151	0.005223	12.4
498	-0.022089	215.547955	0.000245	10.0
499	-0.212918	215.332335	0.004987	9.3
500	-0.917567	215.117289	0.020342	8.1
501	-0.682603	214.902815	0.011578	8.9
502	-0.785745	214.688911	0.008842	12.9
503	-0.447715	214.475573	0.011447	8.0
504	-0.128592	214.262800	0.004974	9.5
505	-1.490947	214.050588	0.010222	11.7
506	-0.570821	213.838936	0.011178	11.9
507	-0.055691	213.627842	0.003051	11.7
508	-0.096334	213.417302	0.001047	11.9
509	-0.808485	213.207314	0.004859	12.1
510	-1.399307	212.997877	0.006301	10.4
511	-0.820943	212.788987	0.023965	10.3
512	-0.047698	212.580642	0.001617	12.3
513	-0.502429	212.372841	0.014828	10.3
514	-0.182427	212.165581	0.001268	10.9
515	-0.000000	211.958859	0.000000	11.6
516	-0.896117	211.752673	0.007895	10.2
517	-1.670048	211.547021	0.010844	11.0
518	-0.801104	211.341902	0.005676	12.1
519	-0.890261	211.137311	0.007148	10.6
520	-0.945402	210.933248	0.009454	10.5
521	-0.153340	210.729710	0.001667	12.0
522	-0.001750	210.526695	0.000008	10.6
523	-1.531304	210.324200	0.013144	11.1
524	-1.496317	210.122224	0.017108	12.0
525	-1.642638	209.920765	0.006514	11.9
526	-0.586695	209.719820	0.014959	11.2
527	-1.359321	209.519387	0.006813	12.4
528	-0.000000	209.319463	0.000000	11.8
529	-1.400492	209.120048	0.008256	10.9
530	-0.544889	208.921139	0.006284	11.2
531	-0.373105	208.722733	0.002817	12.7
532	-1.323065	208.524829	0.006459	11.3
533	-1.298129	208.327425	0.010850	10.9
534	-1.009046	208.130518	0.014773	11.7
535	-0.136337	207.934107	0.000989	12.0
536	-0.000000	207.738189	0.000000	11.7
537	-0.000000	207.542762	0.000000	10.2
538	-0.904978	207.347825	0.022015	8.7
539	-0.153056	207.153376	0.002167	7.7
540	-0.219967	206.959412	0.002213	10.0
541	-0.695928	206.765932	0.007672	8.4
542	-0.059539	206.572933	0.001005	8.1
543	-0.747808	206.380414	0.003787	8.4
544	-0.000000	206.188373	0.000000	9.3
545	-1.427770	205.996807	0.014686	8.1
546	-1.352195	205.805716	0.004209	8.4
547	-0.000000	205.615096	0.000000	12.3
548	-0.468393	205.424946	0.009591	7.6
549	-1.079850	205.235265	0.023265	9.3
550	-0.522486	205.046050	0.007408	8.0
551	-0.676699	204.857299	0.012842	10.6
552	-1.064511	204.669011	0.009501	8.5
553	-1.420326	204.481184	0.026267	9.2
554	-1.540075	204.293816	0.010407	9.0
555	-0.416320	204.106905	0.005190	7.8
556	-0.678225	203.920449	0.006972	11.0
557	-1.248233	203.734447	0.028902	10.2
558	-0.000000	203.548896	0.000000	10.2
559	-0.000000	203.363795	0.000000	8.0
560	-0.365086	203.179143	0.005426	9.8
561	-1.700396	202.994937	0.006404	8.8
562	-0.982651	202.811176	0.003904	10.0
563	-0.978476	202.627857	0.015268	8.5
564	-1.507621	202.444980	0.009097	9.4
565	-0.423917	202.262543	0.006063	11.1
566	-1.034538	202.080543	0.010525	9.8
567	-1.786289	201.898979	0.005811	9.0
568	-0.111009	201.717849	0.002982	9.8
569	-1.279445	201.537153	0.016157	10.4
570	-1.261420	201.356887	0.003555	9.7
571	-0.611931	201.177050	0.010324	8.1
572	-0.074070	200.997642	0.001637	12.4
573	-0.012304	200.818659	0.000439	7.8
574	-0.735013	200.640100	0.010719	7.7
575	-0.000000	200.461965	0.000000	8.5
576	-0.000641	200.284250	0.000050	7.6
577	-0.520599	200.106955	0.009589	8.5
578	-0.931427	199.930078	0.004517	11.5
579	-0.794999	199.753617	0.007005	12.0
580	-0.042755	199.577571	0.000729	10.0
581	-0.000000	199.401938	0.000000	7.8
582	-1.174449	199.226717	0.011788	10.3
583	-1.192805	199.051905	0.013698	8.3
584	-0.191182	198.877502	0.001480	9.3
585	-0.000003	198.703506	0.000001	12.2
586	-1.119896	198.529916	0.005126	8.9
587	-1.867137	198.356729	0.009889	9.2
588	-0.171265	198.183944	0.001221	13.3
589	-1.009193	198.011560	0.007321	11.8
590	-1.169795	197.839576	0.014968	12.8
591	-1.521045	197.667989	0.006318	12.5
592	-0.000000	197.496798	0.000000	9.5
593	-0.012813	197.326002	0.000341	11.6
594	-0.000000	197.155600	0.000000	9.9
595	-0.794388	196.985589	0.004841	11.1
596	0.000000	196.815969	0.000000	12.2
597	-0.413976	196.646738	0.005206	9.4
598	-1.400458	196.477894	0.018937	10.0
599	-0.244939	196.309436	0.002035	11.1
600	-0.289142	196.141363	0.005597	11.1
601	-0.140189	195.973673	0.000608	11.0
602	-0.455356	195.806365	0.006590	9.1
603	-0.812692	195.639437	0.005152	8.7
604	-1.554319	195.472888	0.014344	11.6
605	-0.919832	195.306717	0.013433	7.9
606	-1.436875	195.140922	0.013004	8.4
607	-0.000000	194.975501	0.000000	9.1
608	-1.279385	194.810454	0.009300	8.0
609	-0.506082	194.645779	0.007521	8.1
610	-0.963880	194.481475	0.006741	7.8
611	-0.399649	194.317540	0.003305	8.3
612	-0.000000	194.153973	0.000000	8.4
613	-0.693991	193.990773	0.004746	8.7
614	-0.666440	193.827938	0.012092	7.7
615	-0.765567	193.665467	0.014524	11.1
616	-0.802564	193.503358	0.007263	12.7
617	-0.000000	193.341611	0.000000	12.1
618	-1.227303	193.180224	0.010056	11.6
619	-0.164251	193.019196	0.001235	10.8
620	-1.019797	192.858525	0.011141	10.6
621	-0.641113	192.698210	0.011287	11.7
622	-0.425861	192.538251	0.014012	10.9
623	-1.396832	192.378644	0.013632	7.7
624	-0.000000	192.219391	0.000000	7.7
625	-0.791679	192.060488	0.013024	8.0
626	-1.453884	191.901935	0.007077	8.2
627	-0.000499	191.743730	0.000026	7.9
628	-1.619379	191.585873	0.003391	11.5
629	-0.408748	191.428362	0.004486	11.9
630	-1.343896	191.271196	0.007834	10.8
631	-1.052618	191.114374	0.012608	11.8
632	-0.951055	190.957893	0.009520	11.9
633	-1.012638	190.801755	0.010466	9.8
634	-1.448085	190.645956	0.006860	7.9
635	-0.579880	190.490495	0.003717	8.7
636	-0.564283	190.335373	0.015955	11.7
637	-0.642880	190.180587	0.017974	9.3
638	-0.332565	190.026136	0.001474	8.1
639	-0.734882	189.872019	0.008354	8.3
640	-0.000212	189.718235	0.000025	12.1
641	-0.790545	189.564782	0.010061	7.9
642	-0.000008	189.411661	0.000001	9.4
643	-1.304804	189.258868	0.007394	11.9
644	-0.001611	189.106404	0.000016	10.5
645	-1.782596	188.954267	0.012413	10.6
646	-0.046301	188.802456	0.001540	12.1
647	-0.950998	188.650969	0.009436	10.8
648	-0.099512	188.499807	0.001541	10.7
649	-0.178734	188.348967	0.001447	11.6
650	-1.430347	188.198448	0.018311	10.9
651	-1.582260	188.048250	0.012929	10.1
652	-1.296031	187.898371	0.013178	11.8
653	-0.017095	187.748810	0.001013	11.5
654	-0.684436	187.599566	0.010866	10.1
655	-0.791268	187.450638	0.007682	12.2
656	-0.499623	187.302025	0.022118	10.9
657	-1.297155	187.153725	0.010662	10.5
658	-0.760738	187.005739	0.006941	12.2
659	-0.628878	186.858064	0.022198	11.7
660	-0.954402	186.710699	0.024303	11.8
661	-0.000209	186.563645	0.000007	11.6
662	-0.587592	186.416898	0.012849	11.7
663	-1.572315	186.270459	0.006296	11.5
664	-1.320730	186.124326	0.006949	8.1
665	-1.350240	185.978499	0.009545	10.6
666	-1.248525	185.832976	0.016471	8.0
667	-0.576412	185.687756	0.010470	12.2
668	-1.763521	185.542838	0.010759	8.1
669	-0.001569	185.398222	0.000260	12.2
670	-0.059152	185.253906	0.002173	8.1
671	-0.090688	185.109889	0.001146	8.5
672	-0.869224	184.966170	0.008823	10.8
673	-0.544695	184.822748	0.003160	8.1
674	-0.679188	184.679623	0.011748	9.7
675	-0.000000	184.536792	0.000000	10.2
676	-0.001474	184.394256	0.000093	9.7
677	-0.639707	184.252013	0.013757	8.1
678	-0.009343	184.110062	0.000107	8.7
679	-0.906027	183.968403	0.004792	7.8
680	-1.030141	183.827034	0.011092	8.5
681	-0.175261	183.685954	0.001985	7.9
682	-1.132881	183.545163	0.006199	8.5
683	-0.267284	183.404658	0.001612	7.9
684	-0.996866	183.264441	0.006952	7.3
685	-1.219686	183.124509	0.011257	8.7
686	-1.253302	182.984861	0.008974	8.1
687	-0.126216	182.845497	0.001790	8.0
688	-0.463081	182.706416	0.013201	7.8
689	-0.580270	182.567616	0.002177	8.8
690	-1.184968	182.429098	0.003215	12.5
691	-0.023986	182.290859	0.000256	8.3
692	-0.004421	182.152899	0.000088	11.7
693	-0.535321	182.015217	0.003259	9.8
694	-0.467604	181.877813	0.005765	11.7
695	-0.478540	181.740684	0.012862	11.0
696	-1.120916	181.603832	0.008173	10.1
697	-0.890429	181.467253	0.016202	11.8
698	-0.000805	181.330948	0.000042	10.3
699	-0.659655	181.194916	0.008482	10.5
700	-0.985257	181.059155	0.005265	13.0
701	-0.009054	180.923666	0.000441	8.4
702	-1.336325	180.788446	0.008333	8.6
703	-0.527809	180.653496	0.013638	11.0
704	-0.998187	180.518814	0.005074	10.6
705	-1.109699	180.384399	0.006078	12.3
706	-1.002167	180.250251	0.009438	11.2
707	-0.266742	180.116369	0.003935	10.8
708	-1.617688	179.982752	0.011164	12.0
709	-1.341111	179.849398	0.012719	11.9
710	-1.722839	179.716308	0.014033	12.2
711	-0.969822	179.583480	0.008204	10.8
712	-0.620971	179.450913	0.026755	9.5
713	-1.122526	179.318607	0.013940	10.1
714	0.000000	179.186561	0.000000	9.1
715	-0.855391	179.054774	0.010523	9.0
716	-0.547349	178.923245	0.003875	12.1
717	-0.139793	178.791973	0.001437	11.9
718	-1.462677	178.660958	0.008657	10.3
719	-0.713643	178.530199	0.005242	10.5
720	-0.933502	178.399694	0.007926	11.8
721	-0.629704	178.269444	0.005401	8.2
722	-0.764062	178.139447	0.007183	8.0
723	-1.287452	178.009702	0.008536	8.3
724	-1.521609	177.880209	0.008132	7.7
725	-0.945334	177.750967	0.011779	10.2
726	-0.683972	177.621975	0.005861	10.2
727	-0.000000	177.493232	0.000000	11.7
728	-0.885508	177.364738	0.006913	13.3
729	-0.049975	177.236492	0.001596	10.9
730	-0.468374	177.108492	0.003404	9.7
731	-0.000010	176.980739	0.000002	9.1
732	-1.364439	176.853231	0.008792	13.1
733	-1.459130	176.725968	0.006770	8.7
734	-0.795372	176.598949	0.007333	9.3
735	-0.237086	176.472173	0.003064	12.0
736	-0.107599	176.345639	0.002499	11.9
737	-0.511741	176.219348	0.009876	13.8
738	-1.393997	176.093296	0.007061	9.9
739	-0.867307	175.967486	0.005730	10.3
740	-0.830682	175.841914	0.005723	13.6
741	-1.162518	175.716581	0.013479	12.4
742	-0.576878	175.591486	0.008631	7.5
743	-0.086688	175.466629	0.002287	8.3
744	-0.230247	175.342008	0.001903	7.9
745	-0.617564	175.217622	0.006806	7.9
746	-1.207506	175.093472	0.016445	7.4
747	-1.622382	174.969556	0.012283	8.4
748	-0.984695	174.845873	0.009417	7.6
749	-1.031929	174.722423	0.006620	8.3
750	-0.917467	174.599206	0.005435	11.5
751	-1.163171	174.476220	0.007310	11.9
752	-0.914298	174.353464	0.005523	10.4
753	-0.000469	174.230939	0.000045	11.8
754	-0.000000	174.108643	0.000000	11.9
755	-1.504449	173.986576	0.012738	8.1
756	-0.513109	173.864737	0.004933	10.6
757	-0.395029	173.743124	0.016618	11.8
758	-1.385346	173.621739	0.014860	9.7
759	-0.859209	173.500579	0.006596	8.4
760	-0.856533	173.379645	0.007419	11.6
761	-0.383241	173.258935	0.004717	10.5
762	-0.162763	173.138449	0.001433	12.0
763	-0.001543	173.018186	0.000107	12.0
764	-1.132937	172.898146	0.006325	9.1
765	-1.390090	172.778327	0.011335	10.9
766	-0.000001	172.658730	0.000000	8.4
767	-1.451113	172.539353	0.008405	7.6
768	-0.012898	172.420196	0.000130	8.0
769	-1.095628	172.301258	0.012988	8.6
770	-1.137001	172.182539	0.022411	11.9
771	-0.000000	172.064037	0.000000	12.1
772	-0.909298	171.945753	0.008563	12.2
773	-1.565538	171.827686	0.004944	9.4
774	-0.426916	171.709834	0.007390	7.7
775	-0.024604	171.592198	0.000547	10.4
776	-1.222890	171.474776	0.008482	11.6
777	-0.575827	171.357568	0.004260	12.4
778	-1.030499	171.240574	0.005205	10.3
779	-0.092540	171.123793	0.001785	11.3
780	-1.374139	171.007223	0.007442	8.6
781	-0.777219	170.890865	0.002954	12.7
782	-1.243656	170.774718	0.007468	11.2
783	-1.488255	170.658782	0.010394	10.5
784	-0.029066	170.543055	0.000275	8.7
785	-0.368790	170.427537	0.005744	10.2
786	-1.381512	170.312227	0.008356	10.4
787	-0.674271	170.197125	0.008441	8.7
788	-1.018086	170.082231	0.020915	10.8
789	-1.372227	169.967543	0.006699	11.7
790	-1.392372	169.853061	0.004515	11.2
791	-1.019353	169.738784	0.019509	12.1
792	-1.357349	169.624713	0.012692	12.5
793	-0.048950	169.510845	0.001018	9.7
794	-0.967943	169.397181	0.008543	9.6
795	-1.339414	169.283720	0.012760	9.1
796	-0.290157	169.170462	0.005206	12.4
797	-0.593290	169.057405	0.008288	9.4
798	-1.142778	168.944549	0.007023	8.4
799	-0.000272	168.831895	0.000027	8.8
800	-0.984625	168.719440	0.002911	11.9
801	-0.598117	168.607185	0.009075	10.5
802	-1.007929	168.495129	0.014206	9.8
803	-1.397923	168.383271	0.010396	10.1
804	-0.541787	168.271611	0.011733	8.3
805	-0.566198	168.160148	0.007767	8.6
806	-0.528594	168.048882	0.006235	8.0
807	-0.154437	167.937812	0.001095	8.4
808	-1.610563	167.826938	0.015950	8.0
809	-1.329889	167.716258	0.016100	8.8
810	-1.080202	167.605773	0.009530	12.1
811	-1.363396	167.495482	0.009952	11.9
812	-1.640395	167.385384	0.005606	8.2
813	-0.000000	167.275479	0.000000	12.3
814	-0.282276	167.165766	0.002776	11.2
815	-0.635661	167.056245	0.003421	12.2
816	-0.851535	166.946915	0.018141	11.1
817	-1.276192	166.837776	0.014663	12.0
818	-0.889397	166.728826	0.007662	10.3
819	-0.772878	166.620067	0.004577	11.2
820	-0.000000	166.511496	0.000000	8.4
821	-0.000028	166.403113	0.000004	11.0
822	-0.000018	166.294919	0.000002	11.7
823	-0.470337	166.186912	0.023052	7.8
824	-0.447004	166.079091	0.010655	8.6
825	-0.749884	165.971458	0.007987	8.1
826	-0.381712	165.864009	0.004572	12.5
827	-0.526363	165.756747	0.009998	12.0
828	-0.700530	165.649669	0.008131	8.8
829	-1.278113	165.542775	0.005912	12.1
830	-0.480715	165.436065	0.009983	10.1
831	-1.560677	165.329538	0.005505	10.6
832	-0.565842	165.223194	0.013158	8.1
833	-0.929970	165.117032	0.011630	10.9
834	-0.441124	165.011052	0.007339	8.2
835	-0.869007	164.905253	0.010623	9.8
836	-1.045681	164.799635	0.007667	13.3
837	-1.601891	164.694197	0.010900	8.2
838	-1.476970	164.588939	0.007912	7.9
839	-1.371027	164.483859	0.011022	8.6
840	-0.002553	164.378959	0.000084	10.3
841	-0.193121	164.274237	0.004334	12.8
842	-0.715525	164.169692	0.005141	12.3
843	-0.807882	164.065325	0.004345	12.5
844	-1.417257	163.961135	0.012785	10.4
845	-0.002302	163.857120	0.000052	12.2
846	-0.000000	163.753282	0.000000	7.7
847	-1.474957	163.649619	0.017704	11.7
848	-1.011983	163.546130	0.005365	12.1
849	-0.892317	163.442816	0.005439	12.9
850	-0.000543	163.339676	0.000076	11.6
851	-0.531433	163.236709	0.004037	8.5
852	-0.000986	163.133915	0.000047	10.3
853	-0.103761	163.031294	0.000806	7.7
854	-1.405197	162.928844	0.006962	10.7
855	-0.000204	162.826566	0.000012	10.3
856	-0.743412	162.724459	0.005793	10.2
857	-0.536146	162.622523	0.006965	9.3
858	0.000000	162.520757	0.000000	10.8
859	-0.245393	162.419160	0.002030	8.2
860	-0.066572	162.317733	0.002137	8.5
861	-1.294721	162.216474	0.015765	10.1
862	-1.293479	162.115383	0.013332	12.5
863	-0.976912	162.014461	0.009211	12.2
864	-1.403758	161.913705	0.004171	10.4
865	-0.038715	161.813117	0.001516	8.5
866	-1.023614	161.712695	0.022919	12.1
867	-0.000000	161.612439	0.000000	8.3
868	-0.000000	161.512349	0.000000	7.8
869	-0.064755	161.412424	0.001826	12.3
870	-1.083026	161.312663	0.007152	9.4
871	-0.002778	161.213067	0.000163	8.5
872	-1.386380	161.113635	0.010712	11.2
873	-0.857664	161.014366	0.014457	9.9
874	-1.037338	160.915260	0.021263	12.7
875	-1.022059	160.816316	0.006532	11.3
876	-0.923912	160.717535	0.009689	11.5
877	-0.000002	160.618915	0.000000	8.2
878	-0.336176	160.520456	0.008570	8.3
879	-0.000000	160.422158	0.000000	10.7
880	-0.769744	160.324021	0.003488	9.6
881	-0.041688	160.226043	0.002056	12.5
882	-1.160839	160.128225	0.011932	12.1
883	-0.579737	160.030566	0.007157	12.4
884	-0.000155	159.933066	0.000016	12.8
885	-1.804095	159.835723	0.008633	12.0
886	-1.674088	159.738539	0.009858	12.1
887	-1.389962	159.641512	0.010986	12.6
888	-0.133683	159.544642	0.000970	12.3
889	-1.619824	159.447929	0.016483	12.0
890	-0.844865	159.351372	0.008187	14.9
891	-1.179730	159.254971	0.007728	13.0
892	-0.247019	159.158725	0.002092	9.9
893	-0.008809	159.062634	0.000213	8.4
894	-0.000000	158.966697	0.000000	8.2
895	-1.405159	158.870915	0.017759	8.0
896	-1.057916	158.775286	0.009249	8.0
897	-0.290594	158.679811	0.005707	8.0
898	-0.607084	158.584489	0.008153	8.3
899	-0.952789	158.489319	0.003802	7.6
900	-1.365252	158.394302	0.011877	8.3
901	-0.000000	158.299436	0.000000	10.3
902	-0.958954	158.204721	0.011818	14.0
903	-0.856676	158.110158	0.009597	11.7
904	-0.020096	158.015745	0.000738	12.3
905	-0.887749	157.921482	0.012572	12.0
906	-0.273323	157.827369	0.001915	13.7
907	-0.055218	157.733406	0.001607	11.6
908	-0.937806	157.639591	0.010170	11.4
909	-1.244518	157.545925	0.021401	12.8
910	-0.570891	157.452408	0.003925	12.4
911	-1.287666	157.359038	0.012203	11.9
912	-0.000000	157.265816	0.000000	11.5
913	-1.495078	157.172741	0.010311	12.6
914	-0.111475	157.079813	0.001124	10.1
915	-0.000000	156.987031	0.000000	8.1
916	-0.001369	156.894395	0.000084	8.8
917	-1.580769	156.801904	0.006882	10.6
918	-1.575665	156.709559	0.019052	10.9
919	-0.470796	156.617359	0.004394	9.9
920	-1.015383	156.525304	0.018204	12.5
921	-0.994505	156.433392	0.011972	7.7
922	-0.713192	156.341624	0.020650	8.2
923	-0.000000	156.250000	0.000000	8.6
924	-0.821480	156.158519	0.004708	9.0
925	-0.460079	156.067180	0.008211	12.6
926	-0.000000	155.975984	0.000000	11.4
927	-0.955256	155.884930	0.014315	8.3
928	-0.073901	155.794017	0.001039	12.4
929	-0.717288	155.703246	0.009135	12.6
930	-1.440053	155.612615	0.006586	12.2
931	-0.650858	155.522125	0.007059	7.9
932	-0.608061	155.431775	0.007481	9.1
933	-0.000004	155.341565	0.000001	11.2
934	-0.979016	155.251495	0.014489	12.3
935	-1.515120	155.161563	0.010847	10.8
936	-1.343853	155.071771	0.010775	16.1
937	-0.627108	154.982117	0.008958	12.7
938	-0.695219	154.892601	0.008758	8.9
939	-1.669351	154.803222	0.006427	9.3
940	-0.000000	154.713981	0.000000	11.6
941	-1.415924	154.624878	0.008635	12.5
942	-1.454669	154.535910	0.007610	10.2
943	-0.000097	154.447080	0.000009	8.7
944	-0.718245	154.358385	0.005785	15.7
945	-1.286566	154.269826	0.011757	10.5
946	-0.000000	154.181402	0.000000	14.8
947	-1.170485	154.093114	0.010432	14.8
948	-0.446716	154.004960	0.009625	15.6
949	-0.000055	153.916940	0.000008	8.7
950	-1.731392	153.829054	0.005218	12.3
951	-0.000000	153.741303	0.000000	14.5
952	-0.878150	153.653684	0.014365	14.3
953	-0.642744	153.566198	0.007707	16.7
954	-0.178141	153.478846	0.002748	13.1
955	-1.311289	153.391625	0.010383	10.3
956	-0.536545	153.304537	0.006659	11.8
957	-1.170554	153.217580	0.005550	16.0
958	-1.477095	153.130755	0.014811	9.0
959	-0.000000	153.044061	0.000000	12.7
960	-1.229959	152.957498	0.009661	8.5
961	-0.000099	152.871065	0.000013	8.7
962	-0.008644	152.784762	0.000309	8.6
963	-0.000006	152.698589	0.000001	8.2
964	-0.637215	152.612545	0.019184	9.2
965	-1.252919	152.526631	0.011550	11.3
966	-1.596470	152.440845	0.011769	11.9
967	-0.748193	152.355188	0.012656	14.5
968	-1.061244	152.269660	0.014292	10.3
969	-0.090366	152.184259	0.002687	13.3
970	-1.414675	152.098986	0.006606	12.2
971	-0.000095	152.013840	0.000019	11.1
972	-0.772145	151.928821	0.004621	11.1
973	-0.460273	151.843928	0.002719	10.6
974	-0.000082	151.759163	0.000008	9.7
975	-1.343455	151.674523	0.015603	12.5
976	-1.390828	151.590009	0.008830	10.1
977	-0.000720	151.505620	0.000028	10.1
978	0.000000	151.421357	0.000000	11.8
979	-1.180901	151.337218	0.005823	11.8
980	-0.058330	151.253204	0.001373	12.4
981	-1.548272	151.169314	0.009795	12.7
982	-1.032698	151.085549	0.015626	13.5
983	-0.925746	151.001907	0.016380	13.5
984	-1.561559	150.918388	0.008288	9.2
985	-0.011251	150.834992	0.000588	9.6
986	-0.000000	150.751719	0.000000	10.0
987	-0.661040	150.668569	0.023957	8.5
988	-1.618559	150.585541	0.007748	9.4
989	-0.738336	150.502634	0.025757	12.4
990	-0.816302	150.419849	0.007616	8.7
991	-1.095671	150.337186	0.008335	7.5
992	-1.289386	150.254644	0.013695	11.0
993	-0.202348	150.172222	0.001967	9.0
994	-1.499493	150.089921	0.006503	12.2
995	-0.668655	150.007740	0.010287	13.4
996	-0.690858	149.925679	0.007364	12.6
997	-0.000100	149.843737	0.000010	12.0
998	-1.404099	149.761915	0.014009	11.1
999	-1.124525	149.680212	0.019591	11.6
1000	-0.498413	149.598627	0.008777	10.6
1001	-0.818726	149.517161	0.011547	13.8
1002	-0.352563	149.435814	0.003604	9.4
1003	-0.000000	149.354584	0.000000	9.8
1004	-1.581819	149.273472	0.015089	8.4
1005	-0.000000	149.192477	0.000000	7.8
1006	-0.000022	149.111599	0.000005	11.3
1007	-0.293664	149.030838	0.002527	10.0
1008	-0.000000	148.950194	0.000000	10.7
1009	-0.531571	148.869666	0.008285	14.6
1010	-1.102000	148.789253	0.005931	9.2
1011	-0.035328	148.708957	0.000976	13.7
1012	-0.860594	148.628776	0.008243	11.3
1013	-0.001712	148.548710	0.000281	9.0
1014	-0.044472	148.468759	0.001314	12.3
1015	-0.000251	148.388923	0.000014	10.4
1016	-1.376026	148.309201	0.015933	11.9
1017	-0.250682	148.229594	0.002122	10.3
1018	-0.438767	148.150100	0.003939	12.4
1019	-1.289030	148.070719	0.015410	9.8
1020	-0.000002	147.991452	0.000000	11.5
1021	-1.181489	147.912298	0.006765	7.5
1022	-0.735266	147.833257	0.017867	8.2
1023	-0.756358	147.754329	0.011415	11.2
1024	-1.114788	147.675512	0.013219	12.5
1025	-1.119055	147.596808	0.008220	10.4
1026	-0.630703	147.518216	0.001872	8.2
1027	-1.296249	147.439735	0.011546	9.0
1028	-0.369602	147.361365	0.003423	8.0
1029	-1.527747	147.283106	0.006118	8.8
1030	-0.035654	147.204958	0.001094	8.0
1031	-0.583513	147.126920	0.007378	8.4
1032	-1.269808	147.048993	0.022544	8.4
1033	-0.713668	146.971175	0.005664	8.3
1034	-1.402334	146.893468	0.011851	7.9
1035	-0.939919	146.815869	0.011860	8.3
1036	-0.965570	146.738380	0.009682	8.8
1037	-0.847552	146.661000	0.018387	21.5
1038	-1.330316	146.583729	0.009453	16.8
1039	-1.253321	146.506566	0.017462	13.2
1040	-0.691382	146.429511	0.020860	12.6
1041	-0.002118	146.352565	0.000091	13.1
1042	-0.000000	146.275726	0.000000	12.6
1043	-0.990933	146.198994	0.009312	12.4
1044	-0.861410	146.122370	0.005991	10.6
1045	-0.900069	146.045853	0.012837	10.6
1046	-0.738753	145.969442	0.006936	9.9
1047	-1.067658	145.893139	0.006110	8.3
1048	-1.531868	145.816941	0.009296	7.9
1049	-0.978749	145.740849	0.007175	8.2
1050	-0.251816	145.664863	0.002163	7.8
1051	-0.848085	145.588983	0.007231	14.1
1052	-1.078815	145.513208	0.008527	14.9
1053	-1.261361	145.437538	0.015360	9.5
1054	-0.537098	145.361973	0.005781	12.3
1055	-0.218114	145.286513	0.004306	10.8
1056	-0.097419	145.211157	0.002186	8.4
1057	-0.163581	145.135905	0.002917	8.0
1058	-0.068313	145.060757	0.000994	8.2
1059	-0.007250	144.985712	0.000829	11.4
1060	-0.004480	144.910771	0.000576	12.2
1061	-0.035780	144.835934	0.000519	14.2
1062	-1.137741	144.761199	0.005112	12.8
1063	-1.293238	144.686567	0.011308	8.2
1064	-1.351216	144.612037	0.019210	8.1
1065	-0.789416	144.537610	0.007467	8.1
1066	-0.049565	144.463285	0.000901	9.8
1067	-0.599881	144.389062	0.005676	14.1
1068	-0.933980	144.314940	0.017265	8.1
1069	-0.720470	144.240920	0.004702	8.2
1070	-0.001464	144.167001	0.000128	9.5
1071	-0.388090	144.093182	0.005318	16.7
1072	-0.539143	144.019465	0.019032	13.0
1073	-1.507576	143.945848	0.010513	14.5
1074	-0.606235	143.872331	0.008411	13.9
1075	-0.000000	143.798914	0.000000	14.5
1076	-0.219816	143.725597	0.003473	9.4
1077	-1.557416	143.652380	0.011779	12.8
1078	-0.026644	143.579262	0.000604	17.1
1079	-0.436116	143.506243	0.006027	14.8
1080	-1.002601	143.433323	0.012166	21.0
1081	-1.606302	143.360502	0.017145	14.3
1082	-0.772816	143.287780	0.005075	13.1
1083	-1.203895	143.215155	0.004584	15.2
1084	-0.135226	143.142629	0.001961	9.3
1085	-1.119573	143.070201	0.008157	11.0
1086	0.000000	142.997870	0.000000	10.8
1087	-0.516369	142.925637	0.012137	8.5
1088	-1.417473	142.853501	0.006745	9.8
1089	-1.302455	142.781462	0.008412	9.7
1090	-1.285566	142.709519	0.007531	12.0
1091	-1.298131	142.637674	0.015305	10.3
1092	-0.802793	142.565924	0.010716	10.0
1093	-1.466714	142.494271	0.013039	12.3
1094	-0.776449	142.422714	0.007415	13.0
1095	-1.348857	142.351252	0.007757	12.1
1096	-0.896623	142.279886	0.007785	11.5
1097	-0.050241	142.208616	0.000446	10.6
1098	-0.945461	142.137440	0.010436	11.3
1099	-1.321947	142.066360	0.009640	12.7
1100	-0.000000	141.995374	0.000000	10.6
1101	-1.385431	141.924483	0.018049	11.6
1102	-1.246329	141.853685	0.012413	14.7
1103	-0.643580	141.782983	0.010810	14.9
1104	-0.930856	141.712373	0.014754	15.8
1105	-1.807756	141.641858	0.011293	13.8
1106	-0.007849	141.571436	0.000189	11.3
1107	-1.096740	141.501108	0.009508	9.6
1108	-1.116440	141.430872	0.004294	11.1
1109	-1.101456	141.360730	0.011156	8.1
1110	-0.971175	141.290680	0.010011	11.5
1111	-0.875124	141.220722	0.014957	12.2
1112	0.000000	141.150857	0.000000	13.1
1113	-0.000002	141.081084	0.000001	13.4
1114	-1.331045	141.011403	0.009094	12.4
1115	-0.004647	140.941813	0.000202	13.1
1116	-0.679511	140.872315	0.006872	10.8
1117	-1.205514	140.802909	0.031238	14.0
1118	-0.987606	140.733593	0.016682	13.2
1119	-0.582583	140.664369	0.005480	11.9
1120	-0.012421	140.595235	0.000803	12.1
1121	-1.402936	140.526192	0.004714	13.2
1122	0.000000	140.457239	0.000000	11.4
1123	-0.507873	140.388376	0.003763	8.8
1124	-0.000000	140.319603	0.000000	11.6
1125	-0.566035	140.250920	0.003562	10.2
1126	-0.008319	140.182326	0.000256	10.4
1127	-0.607683	140.113822	0.014926	15.1
1128	-0.376885	140.045407	0.003761	19.8
1129	-0.935054	139.977081	0.005199	12.4
1130	-0.254580	139.908844	0.002284	9.7
1131	-0.990963	139.840696	0.008802	11.5
1132	-1.008109	139.772635	0.008611	13.0
1133	-0.469893	139.704664	0.003111	12.6
1134	-0.873528	139.636780	0.004240	10.1
1135	-0.886576	139.568984	0.011447	9.1
1136	-0.917537	139.501276	0.008739	14.9
1137	-1.286261	139.433655	0.012619	14.7
1138	-1.107771	139.366122	0.008219	11.7
1139	-0.465337	139.298676	0.013210	11.2
1140	-1.358918	139.231317	0.004645	15.2
1141	-0.608217	139.164045	0.005765	10.9
1142	-1.100751	139.096859	0.018192	14.3
1143	-0.716995	139.029760	0.019844	15.4
1144	-0.000000	138.962747	0.000000	11.8
1145	-0.927351	138.895820	0.007897	10.0
1146	-1.534657	138.828978	0.011587	9.6
1147	-1.053738	138.762223	0.008389	10.2
1148	-0.970567	138.695553	0.008665	11.8
1149	-1.470464	138.628969	0.016766	9.2
1150	-1.451326	138.562469	0.004746	8.1
1151	-1.220851	138.496055	0.006900	9.0
1152	-1.148938	138.429725	0.008713	11.3
1153	-1.006656	138.363481	0.012367	12.9
1154	-0.454389	138.297320	0.003595	10.8
1155	-0.000000	138.231244	0.000000	8.0
1156	-0.000000	138.165252	0.000000	10.4
1157	-0.601744	138.099344	0.009139	11.7
1158	-0.303083	138.033520	0.003610	12.1
1159	-0.132852	137.967779	0.001767	8.7
1160	-1.027284	137.902122	0.004711	9.0
1161	-0.015845	137.836548	0.000308	8.1
1162	-1.746314	137.771057	0.009363	7.8
1163	-1.399078	137.705649	0.018703	7.5
1164	-0.466650	137.640324	0.007003	7.9
1165	-0.875896	137.575081	0.008831	8.7
1166	-1.354882	137.509921	0.015127	12.1
1167	0.000000	137.444842	0.000000	11.8
1168	-1.000813	137.379846	0.012163	11.8
1169	-0.252393	137.314932	0.002743	11.8
1170	-0.000000	137.250100	0.000000	13.2
1171	-1.642148	137.185349	0.008043	12.5
1172	-0.059455	137.120680	0.001682	11.9
1173	-1.365789	137.056092	0.010370	10.3
1174	-0.473487	136.991585	0.012566	7.6
1175	-1.290397	136.927158	0.010530	7.9
1176	-0.819714	136.862813	0.004464	8.4
1177	-0.452271	136.798548	0.018743	9.8
1178	-0.000000	136.734363	0.000000	11.4
1179	-0.040134	136.670259	0.000669	9.7
1180	-0.664201	136.606235	0.004187	9.2
1181	-0.000000	136.542291	0.000000	11.5
1182	-0.000496	136.478426	0.000070	8.4
1183	-0.000000	136.414641	0.000000	9.8
1184	-1.382590	136.350936	0.003311	8.0
1185	-1.258611	136.287310	0.006894	12.3
1186	-0.578083	136.223763	0.011543	8.9
1187	-0.738317	136.160295	0.004977	12.7
1188	-1.120497	136.096905	0.007049	12.5
1189	-0.000000	136.033594	0.000000	13.0
1190	-1.163483	135.970362	0.020256	13.5
1191	-0.714074	135.907208	0.006816	13.2
1192	-1.019419	135.844133	0.006979	10.7
1193	-1.357218	135.781135	0.014589	9.1
1194	-0.779590	135.718215	0.007348	9.4
1195	-1.127089	135.655373	0.008728	11.9
1196	-1.187046	135.592608	0.009569	8.4
1197	-0.440684	135.529921	0.006984	9.2
1198	-0.000000	135.467311	0.000000	10.6
1199	-0.000000	135.404778	0.000000	10.3
1200	-0.000232	135.342322	0.000009	11.5
1201	-0.007890	135.279942	0.000313	9.3
1202	-0.490587	135.217640	0.009654	12.6
1203	-0.478190	135.155413	0.018533	9.8
1204	-0.113473	135.093263	0.000970	11.4
1205	-0.684470	135.031190	0.018617	11.2
1206	-0.786860	134.969192	0.006871	9.2
1207	-1.232513	134.907270	0.007022	8.4
1208	-1.476913	134.845424	0.013889	14.5
1209	-0.716556	134.783653	0.003897	14.6
1210	-0.023097	134.721958	0.000402	11.9
1211	-0.358754	134.660338	0.011684	9.4
1212	-0.040826	134.598793	0.000810	12.5
1213	-0.003267	134.537323	0.000253	9.4
1214	-1.475434	134.475927	0.016106	10.0
1215	-0.282824	134.414607	0.003749	9.3
1216	-0.623612	134.353361	0.005194	8.4
1217	-1.346364	134.292189	0.007331	9.1
1218	-1.024277	134.231092	0.008737	9.1
1219	-1.198273	134.170068	0.009127	13.6
1220	-0.978197	134.109119	0.011017	13.6
1221	-0.823818	134.048243	0.010636	12.8
1222	-0.926023	133.987441	0.010123	15.1
1223	-0.574680	133.926713	0.012488	9.4
1224	-0.540453	133.866057	0.017515	14.1
1225	-1.268289	133.805475	0.006867	13.8
1226	-0.613596	133.744966	0.004936	12.7
1227	-1.164350	133.684530	0.011878	14.2
1228	-1.031226	133.624167	0.005783	13.1
1229	-1.238872	133.563877	0.009804	13.5
1230	-1.414039	133.503658	0.007691	12.7
1231	-1.263578	133.443513	0.031248	11.2
1232	-0.176726	133.383439	0.000904	12.1
1233	-1.100269	133.323437	0.018515	14.3
1234	-1.418281	133.263508	0.011450	13.8
1235	-0.195112	133.203650	0.005157	10.9
1236	-0.352792	133.143864	0.003591	8.5
1237	-0.040067	133.084149	0.000322	13.6
1238	-0.319693	133.024506	0.002427	13.8
1239	-0.741868	132.964934	0.004792	8.8
1240	-0.452171	132.905433	0.005559	9.1
1241	-0.709274	132.846003	0.006637	8.7
1242	-1.381123	132.786643	0.012791	11.8
1243	-0.065011	132.727355	0.001921	12.9
1244	-0.047370	132.668137	0.000175	13.4
1245	-1.358154	132.608989	0.011519	10.6
1246	-0.654455	132.549912	0.017291	12.6
1247	-0.000003	132.490904	0.000000	12.6
1248	-0.268013	132.431967	0.001591	12.4
1249	-1.582585	132.373100	0.010310	16.5
1250	-1.636665	132.314302	0.009426	9.0
1251	-0.000163	132.255574	0.000012	13.1
1252	-1.035633	132.196916	0.009461	10.3
1253	-0.238820	132.138326	0.004384	14.0
1254	-0.459289	132.079806	0.003721	9.6
1255	-0.774957	132.021355	0.005659	16.5
1256	-1.093416	131.962973	0.009639	15.1
1257	-1.339639	131.904660	0.010930	13.2
1258	-1.650575	131.846415	0.010116	12.9
1259	-0.351499	131.788239	0.013862	12.8
1260	-1.347320	131.730131	0.011205	13.0
1261	-0.782142	131.672092	0.008125	16.2
1262	-0.000000	131.614121	0.000000	12.4
1263	-1.190172	131.556217	0.008892	12.2
1264	-1.040911	131.498382	0.018790	10.4
1265	-1.342834	131.440614	0.009603	10.0
1266	-0.502333	131.382914	0.011413	12.2
1267	-1.498281	131.325282	0.010640	10.1
1268	-0.530343	131.267717	0.007041	13.1
1269	-1.670788	131.210219	0.012037	10.7
1270	-0.093939	131.152788	0.000986	8.3
1271	-0.930066	131.095424	0.009732	11.9
1272	-0.691759	131.038127	0.015800	11.9
1273	-1.132852	130.980897	0.010151	9.4
1274	-1.055744	130.923733	0.006318	8.3
1275	-0.062925	130.866636	0.001503	9.6
1276	-1.221895	130.809605	0.005637	11.0
1277	-0.823070	130.752641	0.006109	8.7
1278	-1.442109	130.695742	0.004715	7.6
1279	-0.570512	130.638910	0.016628	7.8
1280	-1.641743	130.582143	0.010901	7.7
1281	-1.386388	130.525442	0.012600	8.1
1282	-1.550434	130.468807	0.008375	9.2
1283	-1.538423	130.412237	0.007646	13.6
1284	-0.472628	130.355733	0.002773	12.3
1285	-1.493515	130.299294	0.009737	12.1
1286	-1.273075	130.242920	0.007246	11.3
1287	-0.633281	130.186611	0.020217	12.2
1288	-0.018747	130.130366	0.000230	11.2
1289	-0.613316	130.074187	0.006419	10.2
1290	-0.008299	130.018072	0.000067	10.1
1291	-0.744693	129.962022	0.012820	7.8
1292	-0.748866	129.906036	0.006591	10.9
1293	-0.835478	129.850114	0.011470	9.0
1294	-0.265180	129.794257	0.001830	12.0
1295	-0.665655	129.738463	0.006581	10.9
1296	-0.119775	129.682734	0.001194	8.0
1297	-1.342244	129.627068	0.007258	8.1
1298	-1.215405	129.571466	0.008879	10.5
1299	-0.695868	129.515927	0.024979	12.2
1300	-0.677173	129.460452	0.004899	10.5
1301	-0.969892	129.405040	0.014938	10.5
1302	-0.001288	129.349692	0.000219	10.5
1303	-0.000000	129.294406	0.000000	10.2
1304	-0.000407	129.239183	0.000049	7.5
1305	-1.155731	129.184024	0.006627	8.7
1306	-0.221545	129.128927	0.001293	8.5
1307	-0.000000	129.073892	0.000000	8.1
1308	-1.586219	129.018921	0.011188	7.3
1309	-0.346843	128.964011	0.002755	8.1
1310	-1.409956	128.909164	0.015931	9.6
1311	-1.183156	128.854379	0.008672	11.9
1312	-0.000000	128.799656	0.000000	12.3
1313	-1.436517	128.744995	0.014123	12.1
1314	-1.470869	128.690396	0.011717	12.1
1315	-1.325675	128.635858	0.006016	12.1
1316	-0.336066	128.581382	0.003729	10.8
1317	-1.171312	128.526968	0.008198	12.7
1318	-0.074642	128.472615	0.000971	12.5
1319	-1.238528	128.418323	0.005044	7.5
1320	-0.000000	128.364092	0.000000	8.1
1321	-0.000000	128.309922	0.000000	7.8
1322	-1.719533	128.255814	0.009873	8.3
1323	-0.678710	128.201766	0.009740	12.1
1324	-1.465345	128.147778	0.006103	7.6
1325	-0.445830	128.093852	0.006456	10.8
1326	-1.036828	128.039985	0.009197	10.3
1327	-0.928524	127.986180	0.022689	13.4
1328	-1.282412	127.932434	0.013768	10.6
1329	-0.603428	127.878749	0.019542	9.4
1330	-0.581463	127.825123	0.008938	8.9
1331	-0.000000	127.771558	0.000000	7.6
1332	-0.380808	127.718052	0.003094	8.7
1333	-0.981138	127.664606	0.011760	12.2
1334	-0.109219	127.611220	0.000957	8.8
1335	-1.299885	127.557893	0.008065	11.7
1336	-1.393173	127.504625	0.008649	7.5
1337	-1.570512	127.451417	0.008718	10.5
1338	-0.880367	127.398268	0.009068	12.4
1339	-1.010467	127.345178	0.008636	7.5
1340	-0.832139	127.292147	0.004791	7.7
1341	-1.217429	127.239175	0.012650	7.7
1342	-1.424338	127.186261	0.009405	8.4
1343	-0.723154	127.133407	0.014578	7.4
1344	-0.689638	127.080610	0.016424	8.2
1345	-0.294481	127.027872	0.004371	8.1
1346	-0.378552	126.975193	0.002626	8.9
1347	-1.372703	126.922572	0.006724	7.4
1348	-1.400974	126.870008	0.006675	7.9
1349	-0.699378	126.817503	0.004323	7.7
1350	-0.000006	126.765056	0.000001	9.2
1351	0.000000	126.712667	0.000000	7.5
1352	-0.894509	126.660335	0.005623	12.3
1353	-0.086439	126.608061	0.001434	12.3
1354	-0.000000	126.555844	0.000000	11.8
1355	-0.867369	126.503685	0.019297	12.8
1356	-1.125413	126.451583	0.011305	12.1
1357	-0.457883	126.399538	0.007280	12.6
1358	-1.151622	126.347550	0.007461	9.8
1359	-0.001462	126.295619	0.000193	11.8
1360	-0.779708	126.243745	0.004989	8.0
1361	-0.000690	126.191928	0.000017	8.6
1362	-0.180640	126.140168	0.003314	12.0
1363	-0.967351	126.088464	0.020968	12.5
1364	-0.750504	126.036817	0.002887	12.0
1365	-0.873408	125.985226	0.005252	8.4
1366	-1.676293	125.933691	0.014165	9.8
1367	-0.892249	125.882212	0.005738	8.3
1368	-0.400853	125.830790	0.003429	10.7
1369	-0.000041	125.779423	0.000008	11.0
1370	-1.599048	125.728113	0.010701	14.1
1371	-0.175794	125.676858	0.002426	10.0
1372	-0.000008	125.625659	0.000001	11.9
1373	-0.852008	125.574515	0.004871	12.6
1374	-0.000000	125.523427	0.000000	10.9
1375	-0.560143	125.472394	0.003119	8.3
1376	-0.447709	125.421417	0.005353	12.5
1377	-1.477975	125.370495	0.008319	10.5
1378	-1.538444	125.319628	0.008178	8.6
1379	-0.479305	125.268815	0.011116	8.5
1380	-1.230734	125.218058	0.010740	9.4
1381	-1.051669	125.167356	0.011129	13.2
1382	-1.553551	125.116708	0.013983	9.0
1383	-1.602275	125.066115	0.002384	10.5
1384	-0.000063	125.015576	0.000005	12.6
1385	-1.297165	124.965092	0.010428	8.6
1386	-1.586458	124.914662	0.006304	8.9
1387	-0.683839	124.864287	0.004927	12.0
1388	-0.214195	124.813965	0.001061	13.2
1389	-0.000020	124.763698	0.000001	11.2
1390	-0.211797	124.713485	0.003086	11.4
1391	-1.208010	124.663325	0.013902	11.2
1392	-0.746298	124.613219	0.010164	10.5
1393	-0.454248	124.563167	0.001849	11.6
1394	-1.538527	124.513168	0.005929	10.1
1395	-0.004047	124.463223	0.000095	8.4
1396	-1.723323	124.413332	0.012032	9.3
1397	-0.948637	124.363493	0.006357	13.2
1398	-0.781852	124.313708	0.025980	12.9
1399	-0.638597	124.263976	0.020236	16.8
1400	-0.000000	124.214297	0.000000	12.9
1401	-1.584187	124.164671	0.008773	16.1
1402	-1.271701	124.115097	0.010517	13.4
1403	-0.734926	124.065577	0.007824	10.8
1404	-0.388023	124.016109	0.003028	12.8
1405	-0.929005	123.966693	0.006465	17.8
1406	-1.284243	123.917330	0.008459	18.0
1407	-0.117306	123.868020	0.001178	15.9
1408	-1.555899	123.818762	0.016307	16.1
1409	-1.095526	123.769556	0.010281	13.9
1410	-0.000932	123.720402	0.000110	12.8
1411	-0.455965	123.671300	0.007033	13.2
1412	-0.760511	123.622250	0.006313	14.8
1413	-0.637243	123.573252	0.021620	14.8
1414	-0.856369	123.524305	0.009907	20.1
1415	-0.822021	123.475411	0.017516	12.2
1416	-0.026652	123.426568	0.002031	10.6
1417	-0.257895	123.377776	0.002441	12.2
1418	-0.239370	123.329036	0.003065	12.6
1419	-0.110858	123.280347	0.000558	12.8
1420	-0.381765	123.231709	0.001913	11.0
1421	-1.592732	123.183122	0.009318	10.5
1422	-0.493187	123.134587	0.009437	10.8
1423	-0.134442	123.086102	0.001126	7.7
1424	-0.606890	123.037669	0.013258	8.2
1425	-0.605286	122.989286	0.004001	8.0
1426	-1.539855	122.940954	0.011528	12.2
1427	-1.474355	122.892672	0.010003	12.2
1428	-0.027177	122.844441	0.001624	8.7
1429	-1.040090	122.796261	0.014072	8.0
1430	-0.000000	122.748130	0.000000	8.1
1431	-0.414636	122.700050	0.004329	8.5
1432	-1.248000	122.652021	0.009964	7.9
1433	-0.629053	122.604041	0.007993	8.5
1434	-0.000026	122.556111	0.000000	11.0
1435	-1.433159	122.508232	0.009344	12.3
1436	-0.386905	122.460402	0.003431	13.9
1437	-0.000000	122.412622	0.000000	14.2
1438	-1.080462	122.364891	0.003887	8.2
1439	-0.798561	122.317210	0.006532	12.7
1440	-0.000000	122.269579	0.000000	9.6
1441	-1.403812	122.221997	0.011131	8.2
1442	-0.844463	122.174465	0.004392	8.1
1443	-0.000000	122.126981	0.000000	7.7
1444	-1.330244	122.079547	0.010163	8.6
1445	-1.039599	122.032162	0.005016	7.4
1446	-1.816480	121.984826	0.011715	8.8
1447	-0.010408	121.937539	0.000238	8.6
1448	-0.139485	121.890301	0.001186	8.0
1449	-0.689463	121.843112	0.013725	9.8
1450	-1.097498	121.795971	0.005057	8.6
1451	-0.079675	121.748879	0.000706	10.1
1452	-0.021463	121.701835	0.000537	15.4
1453	-0.823324	121.654840	0.007995	15.7
1454	-0.906200	121.607893	0.008359	15.8
1455	-0.355144	121.560994	0.003360	18.7
1456	-1.276353	121.514144	0.011699	17.2
1457	-0.001116	121.467342	0.000017	15.5
1458	-1.485710	121.420588	0.008727	10.8
1459	-0.000301	121.373882	0.000054	12.8
1460	-1.546081	121.327223	0.013631	14.8
1461	-0.389777	121.280613	0.003390	16.0
1462	-1.129879	121.234050	0.011834	12.6
1463	-1.412384	121.187535	0.007447	11.0
1464	-0.948056	121.141067	0.005771	12.4
1465	-1.052820	121.094647	0.013897	14.5
1466	-0.000000	121.048274	0.000000	15.5
1467	-0.148177	121.001949	0.001419	13.6
1468	-1.234561	120.955671	0.016913	18.7
1469	-0.928759	120.909440	0.007734	13.1
1470	-0.116964	120.863256	0.001055	13.6
1471	-0.967985	120.817119	0.009782	13.2
1472	-0.932452	120.771029	0.010095	13.8
1473	-0.815087	120.724986	0.006894	10.9
1474	-0.997448	120.678990	0.007977	12.5
1475	-0.000000	120.633040	0.000000	11.1
1476	-0.777412	120.587137	0.015201	10.9
1477	-1.233825	120.541281	0.006576	8.2
1478	-1.563578	120.495471	0.006019	8.5
1479	-0.675418	120.449707	0.006438	12.2
1480	-0.578514	120.403990	0.005609	8.2
1481	-1.175917	120.358319	0.008057	7.6
1482	-0.000000	120.312694	0.000000	10.5
1483	-1.507954	120.267115	0.015519	7.5
1484	-0.003422	120.221582	0.000075	8.3
1485	-0.004483	120.176096	0.000131	10.3
1486	-1.055544	120.130655	0.021511	11.9
1487	-1.395221	120.085260	0.003612	12.3
1488	-1.198289	120.039910	0.007181	17.7
1489	-1.570422	119.994606	0.003105	14.1
1490	-1.308701	119.949348	0.008993	12.2
1491	-0.210332	119.904135	0.001899	10.2
1492	-0.000573	119.858968	0.000068	10.6
1493	-0.594014	119.813846	0.003337	12.3
1494	-1.262578	119.768769	0.010675	9.6
1495	-1.074103	119.723738	0.007896	9.8
1496	-1.421992	119.678752	0.011717	10.1
1497	-0.545478	119.633810	0.005237	9.5
1498	-0.474456	119.588914	0.007242	8.1
1499	-0.601039	119.544062	0.006590	7.5
1500	-0.898832	119.499256	0.012254	7.6
1501	-0.003282	119.454494	0.000150	8.1
1502	-0.967456	119.409777	0.006409	7.5
1503	-0.412424	119.365104	0.013566	12.9
1504	-0.958831	119.320476	0.008379	14.4
1505	-1.018079	119.275893	0.013435	8.2
1506	-0.000000	119.231353	0.000000	9.5
1507	-0.443638	119.186859	0.007077	9.2
1508	-1.130697	119.142408	0.008093	7.8
1509	-1.167176	119.098002	0.007159	8.2
1510	-0.000000	119.053639	0.000000	7.5
1511	-1.142227	119.009321	0.009759	8.5
1512	-1.201881	118.965047	0.011559	8.0
1513	-1.193727	118.920816	0.008969	8.0
1514	-0.000000	118.876630	0.000000	7.5
1515	-1.204235	118.832487	0.010859	8.5
1516	-0.533709	118.788388	0.004853	7.9
1517	-0.413723	118.744332	0.012131	10.0
1518	-1.455378	118.700320	0.004174	11.8
1519	-1.218404	118.656352	0.007590	15.4
1520	-0.945325	118.612427	0.009154	13.9
1521	-0.884751	118.568545	0.010325	12.2
1522	-0.042155	118.524706	0.000417	11.3
1523	-1.633443	118.480911	0.006524	12.1
1524	-1.426871	118.437159	0.004377	12.5
1525	-1.375714	118.393450	0.007746	12.7
1526	-0.637845	118.349784	0.007406	8.1
1527	-1.396235	118.306160	0.015146	10.1
1528	-0.534646	118.262580	0.005394	12.0
1529	-1.470561	118.219042	0.010107	9.0
1530	-0.407367	118.175548	0.003078	9.8
1531	-1.522109	118.132095	0.011911	11.9
1532	-1.395273	118.088686	0.007861	12.4
1533	-1.535055	118.045319	0.007279	8.4
1534	-1.156166	118.001994	0.011611	9.4
1535	-0.016047	117.958712	0.000456	7.9
1536	-0.800763	117.915472	0.010391	8.1
1537	-0.772039	117.872274	0.010647	8.1
1538	-0.041447	117.829118	0.000432	7.6
1539	-0.584172	117.786005	0.003886	7.8
1540	-0.798627	117.742933	0.016819	7.6
1541	-1.038429	117.699904	0.009786	13.5
1542	-1.399721	117.656916	0.006349	12.2
1543	-0.263685	117.613971	0.001822	12.0
1544	-1.560853	117.571067	0.008417	9.1
1545	-1.251841	117.528205	0.003310	12.3
1546	-0.477267	117.485384	0.004528	7.9
1547	-1.548984	117.442605	0.006300	7.7
1548	-0.001771	117.399867	0.000134	7.8
1549	-1.280984	117.357171	0.008208	8.6
1550	-1.068499	117.314517	0.011033	7.6
1551	-0.833664	117.271903	0.011762	8.5
1552	-0.763598	117.229331	0.012041	11.1
1553	-0.005391	117.186800	0.000190	12.2
1554	-1.358877	117.144311	0.015113	12.3
1555	-0.043683	117.101862	0.001137	14.4
1556	-1.063776	117.059454	0.018872	10.5
1557	-1.480496	117.017087	0.009571	10.3
1558	-0.625244	116.974762	0.005923	12.8
1559	-0.238806	116.932476	0.001461	8.4
1560	-0.559470	116.890232	0.012760	10.4
1561	-0.689357	116.848028	0.006778	13.2
1562	-0.000017	116.805865	0.000004	10.1
1563	-0.174418	116.763743	0.002219	8.8
1564	-0.164911	116.721661	0.002538	8.0
1565	-0.153383	116.679619	0.002272	11.9
1566	-0.621409	116.637618	0.012706	7.8
1567	-0.445684	116.595657	0.008335	8.7
1568	-1.470938	116.553736	0.009093	8.7
1569	-0.841504	116.511855	0.010214	9.6
1570	-1.240252	116.470015	0.013913	12.2
1571	-0.000000	116.428214	0.000000	11.9
1572	-1.386234	116.386454	0.012201	10.0
1573	-0.672114	116.344733	0.006165	11.6
1574	-0.746433	116.303052	0.003889	8.7
1575	-1.441713	116.261412	0.008411	11.2
1576	-0.081820	116.219810	0.001082	10.6
1577	-1.243859	116.178249	0.005518	10.6
1578	-0.000136	116.136727	0.000016	8.2
1579	-0.311640	116.095245	0.001658	9.3
1580	-0.451852	116.053802	0.002528	12.4
1581	-0.694897	116.012398	0.005967	10.2
1582	-1.480715	115.971034	0.014870	8.6
1583	-1.363265	115.929710	0.019903	9.4
1584	-0.826428	115.888424	0.013907	7.7
1585	-1.400826	115.847178	0.015976	11.2
1586	-0.327419	115.805970	0.002044	11.9
1587	-0.000000	115.764802	0.000000	11.8
1588	-0.000000	115.723673	0.000000	11.2
1589	-0.853645	115.682583	0.010867	8.1
1590	-0.455158	115.641532	0.002529	7.8
1591	-0.974233	115.600519	0.011312	12.2
1592	-1.531243	115.559546	0.005243	10.1
1593	-0.002804	115.518610	0.000049	10.6
1594	-0.741141	115.477714	0.017978	7.9
1595	-1.368717	115.436856	0.004997	8.0
1596	-0.954776	115.396037	0.008462	8.3
1597	-0.141503	115.355256	0.003233	12.2
1598	-0.289260	115.314514	0.001762	8.3
1599	-1.532261	115.273810	0.011004	8.0
1600	-0.000000	115.233144	0.000000	9.6
1601	-0.124104	115.192517	0.001747	9.9
1602	-1.315773	115.151927	0.006029	9.8
1603	-0.000000	115.111376	0.000000	9.9
1604	-1.401182	115.070863	0.013640	9.8
1605	-1.680587	115.030388	0.010783	11.0
1606	-0.000009	114.989951	0.000002	8.0
1607	-0.916060	114.949551	0.006316	9.4
1608	-0.339231	114.909190	0.004258	7.7
1609	-1.210855	114.868866	0.019995	9.8
1610	-1.706982	114.828580	0.011131	8.6
1611	-0.932899	114.788332	0.007196	12.2
1612	-1.235689	114.748121	0.007562	10.2
1613	-1.347627	114.707948	0.012591	7.8
1614	-1.276609	114.667812	0.012355	8.4
1615	-0.432541	114.627714	0.002578	12.8
1616	-1.415796	114.587653	0.006363	11.2
1617	-1.117615	114.547629	0.009944	8.8
1618	-0.361420	114.507643	0.003302	8.4
1619	-1.016762	114.467693	0.005657	8.4
1620	-0.000009	114.427781	0.000001	8.5
1621	-0.000636	114.387907	0.000082	8.5
1622	-1.535833	114.348069	0.006122	13.9
1623	-1.213425	114.308268	0.009628	12.6
1624	-1.353396	114.268504	0.008974	13.3
1625	-0.682687	114.228777	0.008887	11.9
1626	-1.625297	114.189086	0.010121	8.5
1627	-0.576177	114.149433	0.013256	10.7
1628	-1.016134	114.109816	0.004865	12.6
1629	-0.007862	114.070235	0.000514	12.8
1630	-1.177330	114.030692	0.014054	12.2
1631	-0.000000	113.991185	0.000000	12.1
1632	-0.497410	113.951714	0.002392	12.1
1633	-0.745354	113.912280	0.028329	17.0
1634	-0.139215	113.872882	0.001537	18.5
1635	-1.083359	113.833521	0.009821	15.3
1636	-0.000000	113.794195	0.000000	19.6
1637	-0.361939	113.754906	0.003534	22.1
1638	-0.988158	113.715653	0.007790	14.6
1639	-0.542395	113.676437	0.008756	16.7
1640	-1.163828	113.637256	0.013774	15.6
1641	-1.328826	113.598111	0.005602	16.6
1642	-0.000009	113.559002	0.000002	16.7
1643	-0.000146	113.519929	0.000012	15.8
1644	-0.946703	113.480892	0.009252	14.6
1645	-0.887372	113.441891	0.032210	17.4
1646	-1.214375	113.402925	0.007188	13.6
1647	-0.000370	113.363995	0.000015	23.5
1648	-0.686717	113.325101	0.005011	14.6
1649	-1.386324	113.286242	0.005232	13.4
1650	-0.914963	113.247419	0.007298	14.1
1651	-1.258682	113.208631	0.010327	9.0
1652	-1.285057	113.169879	0.011340	10.7
1653	-1.100374	113.131162	0.009227	9.1
1654	-0.596852	113.092480	0.003420	8.5
1655	-0.604601	113.053833	0.008075	9.0
1656	-0.704458	113.015222	0.004799	14.5
1657	-1.023076	112.976646	0.019235	8.2
1658	-0.738958	112.938105	0.003461	12.4
1659	-0.610038	112.899599	0.006896	11.0
1660	-1.412292	112.861128	0.014637	11.0
1661	-0.033833	112.822692	0.000309	10.7
1662	-0.015399	112.784291	0.000585	10.2
1663	-0.000000	112.745924	0.000000	8.7
1664	-1.404309	112.707593	0.011888	13.5
1665	-0.276724	112.669296	0.002383	9.2
1666	-1.254011	112.631034	0.007243	13.0
1667	-1.228426	112.592806	0.014957	11.2
1668	-1.192613	112.554613	0.008475	7.7
1669	-0.000023	112.516455	0.000006	8.2
1670	-0.357204	112.478331	0.002536	9.3
1671	-0.052902	112.440241	0.000453	8.0
1672	-0.710462	112.402186	0.016710	10.8
1673	-0.001691	112.364165	0.000007	13.2
1674	-0.000000	112.326179	0.000000	16.8
1675	-1.568382	112.288227	0.014768	11.3
1676	-1.494077	112.250309	0.010074	10.7
1677	-0.578379	112.212425	0.004597	13.7
1678	-1.726761	112.174575	0.006917	14.4
1679	-0.314987	112.136759	0.001336	9.8
1680	-1.335329	112.098977	0.015116	8.5
1681	-1.110070	112.061229	0.012571	7.5
1682	-0.561284	112.023515	0.006624	8.2
1683	-0.000000	111.985834	0.000000	7.9
1684	-0.530937	111.948188	0.002558	9.0
1685	-1.214294	111.910575	0.005547	10.3
1686	-1.238875	111.872996	0.006347	12.1
1687	-1.058182	111.835450	0.003125	14.1
1688	-1.223299	111.797939	0.014032	13.4
1689	-0.441411	111.760460	0.002718	10.4
1690	-0.000001	111.723015	0.000000	10.4
1691	-0.474687	111.685604	0.004311	9.4
1692	-0.090267	111.648226	0.000380	11.0
1693	-0.001296	111.610881	0.000023	10.5
1694	-1.294201	111.573570	0.014054	11.4
1695	-0.321483	111.536292	0.002035	8.5
1696	-0.698094	111.499047	0.003638	12.2
1697	-1.603169	111.461835	0.009648	13.0
1698	-0.000061	111.424656	0.000004	8.2
1699	-0.012238	111.387510	0.000848	8.3
1700	-0.261806	111.350398	0.002706	9.6
1701	-1.067465	111.313318	0.013779	9.6
1702	-0.258228	111.276271	0.002981	7.6
1703	-0.014343	111.239257	0.000125	9.7
1704	-0.280634	111.202276	0.002934	11.9
1705	-0.760707	111.165328	0.010388	10.5
1706	-1.544522	111.128412	0.007363	8.8
1707	-1.155012	111.091529	0.008135	11.9
1708	-0.608472	111.054679	0.005957	8.3
1709	-1.374435	111.017861	0.008998	7.6
1710	-0.784760	110.981076	0.006425	9.1
1711	-1.786297	110.944323	0.009111	12.4
1712	-0.000001	110.907603	0.000000	12.3
1713	-0.000000	110.870915	0.000000	9.6
1714	-0.468613	110.834259	0.003023	7.9
1715	-1.525536	110.797636	0.006344	7.5
1716	-0.000000	110.761045	0.000000	8.0
1717	-0.879444	110.724486	0.004964	8.3
1718	-1.521394	110.687959	0.006231	7.8
1719	-1.149900	110.651465	0.018947	8.0
1720	-1.054391	110.615002	0.007695	8.0
1721	-0.597443	110.578572	0.016035	7.6
1722	-1.683603	110.542173	0.006423	7.5
1723	-0.000000	110.505807	0.000000	8.3
1724	-0.593864	110.469472	0.007271	7.5
1725	-0.048357	110.433169	0.000730	11.3
1726	-0.518712	110.396898	0.008196	12.0
1727	-0.739409	110.360659	0.024436	11.8
1728	-0.012052	110.324451	0.000103	12.6
1729	-1.429190	110.288276	0.007523	12.5
1730	-0.306558	110.252131	0.001852	12.5
1731	-0.382485	110.216019	0.012615	9.5
1732	-0.427253	110.179937	0.008034	12.3
1733	-1.139322	110.143888	0.010613	10.6
1734	-0.389512	110.107869	0.006280	11.5
1735	-0.866890	110.071882	0.007189	11.7
1736	-0.578172	110.035927	0.005273	10.7
1737	-0.281766	110.000003	0.004983	12.1
1738	-0.590850	109.964110	0.005357	7.9
1739	-1.419752	109.928248	0.006816	8.2
1740	-1.460196	109.892417	0.005907	8.9
1741	-0.694416	109.856618	0.004828	10.1
1742	-1.029132	109.820850	0.003844	8.9
1743	-0.917276	109.785112	0.014733	8.8
1744	-0.997760	109.749406	0.005923	7.9
1745	-0.988043	109.713730	0.005331	8.7
1746	-0.916399	109.678086	0.008211	10.6
1747	-0.021459	109.642472	0.000328	9.5
1748	-1.438498	109.606890	0.016283	8.6
1749	-0.401900	109.571337	0.003313	15.1
1750	-0.626846	109.535816	0.016168	12.8
1751	-0.000005	109.500326	0.000001	13.0
1752	-0.471380	109.464866	0.003856	11.1
1753	-0.000000	109.429436	0.000000	10.7
1754	-0.004304	109.394038	0.000102	12.6
1755	-1.116414	109.358669	0.008403	12.3
1756	-1.120465	109.323331	0.004219	12.6
1757	-1.464442	109.288024	0.005070	8.4
1758	-0.000364	109.252747	0.000063	10.5
1759	-0.916600	109.217501	0.004487	9.9
1760	-1.633296	109.182284	0.008079	12.2
1761	-0.660075	109.147098	0.005551	11.8
1762	-1.332005	109.111942	0.014483	10.1
1763	-0.000022	109.076817	0.000004	10.8
1764	-0.812347	109.041721	0.007374	13.6
1765	-1.538167	109.006656	0.013576	21.5
1766	-1.057379	108.971620	0.004175	17.0
1767	-1.294307	108.936615	0.009282	17.2
1768	-0.544900	108.901640	0.007971	12.0
1769	-1.398574	108.866694	0.008805	11.7
1770	-1.708865	108.831779	0.008214	10.7
1771	-1.121346	108.796893	0.008084	10.0
1772	-1.175478	108.762037	0.009686	8.6
1773	-0.000001	108.727211	0.000000	8.3
1774	-0.317099	108.692415	0.002011	17.1
1775	0.000000	108.657648	0.000000	15.0
1776	-0.000000	108.622911	0.000000	14.3
1777	-0.654428	108.588203	0.003580	10.9
1778	-1.390871	108.553525	0.008394	15.6
1779	-0.717398	108.518877	0.008899	14.1
1780	-0.079475	108.484258	0.001135	11.3
1781	-0.862125	108.449668	0.009169	8.2
1782	-0.467666	108.415108	0.003681	12.6
1783	-1.362077	108.380578	0.017996	13.4
1784	-0.846267	108.346076	0.003822	11.5
1785	-0.027866	108.311604	0.000242	8.1
1786	-1.331016	108.277161	0.010946	8.7
1787	-1.029879	108.242747	0.008606	10.9
1788	-0.947191	108.208363	0.008585	10.1
1789	-1.753614	108.174007	0.011775	8.4
1790	-1.182184	108.139681	0.006529	12.7
1791	-0.197594	108.105383	0.001873	12.4
1792	-0.648941	108.071115	0.026980	13.2
1793	-0.560460	108.036875	0.004014	12.4
1794	-0.000008	108.002665	0.000000	12.1
1795	-0.767269	107.968483	0.011980	13.0
1796	-0.002077	107.934330	0.000053	12.0
1797	-0.000000	107.900206	0.000000	12.2
1798	-0.163967	107.866111	0.001327	12.1
1799	-0.279714	107.832044	0.001722	12.4
1800	-1.395828	107.798007	0.007110	8.1
1801	-1.141229	107.763997	0.004658	10.1
1802	-0.825713	107.730017	0.019769	10.3
1803	-0.160330	107.696065	0.002145	10.9
1804	-0.000002	107.662141	0.000001	9.0
1805	-1.234964	107.628246	0.007263	12.2
1806	-1.442045	107.594379	0.004548	10.8
1807	-0.706129	107.560541	0.008363	10.6
1808	-1.603527	107.526731	0.006271	7.9
1809	-1.318205	107.492949	0.016178	12.3
1810	-1.079846	107.459196	0.004685	9.7
1811	-0.001060	107.425471	0.000095	9.7
1812	-0.000355	107.391774	0.000021	8.4
1813	-1.540712	107.358106	0.006269	10.0
1814	-0.202859	107.324465	0.002487	11.7
1815	-1.127268	107.290853	0.012943	10.7
1816	-0.313351	107.257268	0.002000	8.7
1817	-0.705424	107.223712	0.003917	13.9
1818	-1.259780	107.190184	0.009140	12.6
1819	-0.001247	107.156683	0.000073	10.3
1820	-0.030196	107.123211	0.000294	8.6
1821	-1.102141	107.089766	0.004367	8.6
1822	-1.135006	107.056349	0.008962	8.2
1823	-1.271478	107.022960	0.010916	8.3
1824	-0.533630	106.989599	0.008295	10.5
1825	-0.954201	106.956265	0.004666	11.8
1826	-1.415336	106.922960	0.013991	13.9
1827	-1.443493	106.889681	0.008580	10.8
1828	-1.293999	106.856431	0.006665	12.2
1829	-0.042315	106.823208	0.001837	7.8
1830	-0.879915	106.790012	0.007431	10.4
1831	-0.395900	106.756844	0.004525	8.6
1832	-1.396139	106.723703	0.007054	7.6
1833	-0.054293	106.690590	0.000409	9.0
1834	-0.137814	106.657505	0.001379	12.0
1835	-1.182155	106.624446	0.017046	9.9
1836	-1.445866	106.591415	0.016880	12.2
1837	-1.334892	106.558411	0.012774	9.0
1838	-0.011203	106.525435	0.000282	9.6
1839	-1.658741	106.492485	0.017778	12.5
1840	-1.562378	106.459563	0.013981	8.0
1841	-0.005770	106.426668	0.000184	8.2
1842	-0.561742	106.393800	0.010015	8.1
1843	-0.763356	106.360959	0.010728	8.0
1844	-0.077822	106.328145	0.001228	7.4
1845	-0.505249	106.295358	0.002438	7.9
1846	-1.300900	106.262598	0.014110	10.2
1847	-1.433393	106.229865	0.005182	12.9
1848	-0.590760	106.197158	0.012537	12.0
1849	-1.057900	106.164479	0.008079	12.0
1850	-0.638623	106.131826	0.010854	10.2
1851	-0.401384	106.099201	0.002673	12.2
1852	-1.316012	106.066602	0.009061	11.9
1853	-1.302669	106.034029	0.008063	12.0
1854	-0.455825	106.001483	0.002549	11.7
1855	-0.430270	105.968964	0.001952	12.5
1856	-0.261401	105.936472	0.002682	12.3
1857	-1.249166	105.904006	0.006306	12.0
1858	-0.663943	105.871566	0.014253	11.7
1859	-0.899925	105.839153	0.021978	12.5
1860	-0.416023	105.806767	0.002490	11.8
1861	-0.860902	105.774407	0.014218	12.1
1862	-1.389107	105.742073	0.010002	11.8
1863	-0.991504	105.709766	0.008378	12.2
1864	-0.372463	105.677485	0.009404	12.0
1865	-0.617083	105.645230	0.006294	12.0
1866	-0.305405	105.613001	0.005116	12.1
1867	-0.061296	105.580799	0.001152	12.8
1868	-1.676277	105.548623	0.020605	11.6
1869	-0.000000	105.516473	0.000000	12.5
1870	-0.999574	105.484349	0.023451	12.1
1871	-0.719011	105.452251	0.013812	13.9
1872	-1.242677	105.420179	0.005124	12.0
1873	-0.871258	105.388133	0.015454	13.3
1874	-0.809158	105.356113	0.008914	14.9
1875	-0.935224	105.324119	0.019279	13.2
1876	-1.163105	105.292151	0.004687	11.9
1877	-0.325095	105.260209	0.003271	11.8
1878	-0.636443	105.228293	0.006601	12.1
1879	-1.170013	105.196402	0.010436	12.2
1880	-0.000000	105.164537	0.000000	9.5
1881	-1.514547	105.132698	0.011469	7.8
1882	-1.456870	105.100885	0.007803	8.1
1883	-1.084692	105.069097	0.015554	7.9
1884	-0.018300	105.037335	0.000478	7.4
1885	-0.040131	105.005598	0.000782	8.3
1886	-0.000000	104.973887	0.000000	7.5
1887	-1.038951	104.942202	0.004210	7.9
1888	-0.212300	104.910542	0.001341	7.5
1889	-0.971126	104.878907	0.005794	8.1
1890	-1.414133	104.847298	0.017129	7.4
1891	-1.499298	104.815715	0.013275	8.1
1892	-0.003449	104.784156	0.000043	7.7
1893	-1.196762	104.752623	0.008786	8.1
1894	-1.015502	104.721116	0.010650	9.1
1895	-1.275609	104.689633	0.006950	12.7
1896	-0.096457	104.658176	0.001113	12.1
1897	-0.342760	104.626744	0.002649	12.0
1898	-0.000000	104.595337	0.000000	11.2
1899	-0.345894	104.563955	0.002236	12.0
1900	-1.539834	104.532599	0.011481	12.2
1901	-0.162524	104.501267	0.001588	11.6
1902	-0.896149	104.469960	0.006543	11.9
1903	-0.851234	104.438679	0.007469	10.3
1904	-1.275039	104.407422	0.009787	7.4
1905	-0.000001	104.376191	0.000000	8.4
1906	-0.581033	104.344984	0.007164	11.9
1907	-0.616607	104.313802	0.005487	9.3
1908	-0.700447	104.282645	0.016060	7.7
1909	-1.354185	104.251513	0.010054	8.5
1910	-1.318588	104.220405	0.024909	12.8
1911	-0.768586	104.189323	0.021480	15.0
1912	-0.471771	104.158265	0.007084	15.1
1913	-0.000000	104.127231	0.000000	14.4
1914	-1.252560	104.096222	0.020690	13.5
1915	-1.562056	104.065238	0.009181	13.1
1916	-0.730749	104.034279	0.010662	15.7
1917	-0.000000	104.003344	0.000000	10.1
1918	-1.134125	103.972433	0.009759	7.9
1919	-0.104739	103.941547	0.001680	7.7
1920	-0.000133	103.910686	0.000024	7.6
1921	-1.286531	103.879849	0.008507	7.8
1922	-0.436911	103.849036	0.003211	9.3
1923	-0.003732	103.818248	0.000116	12.1
1924	-1.209096	103.787484	0.006543	12.6
1925	-0.353367	103.756744	0.001601	11.8
1926	-1.534048	103.726029	0.012632	11.0
1927	-0.673168	103.695338	0.019712	10.1
1928	-0.706959	103.664671	0.007593	8.5
1929	-0.382650	103.634028	0.002811	8.8
1930	-0.687912	103.603409	0.004729	9.3
1931	-0.654085	103.572814	0.010015	12.0
1932	0.000000	103.542244	0.000000	8.0
1933	-1.508046	103.511698	0.013422	9.1
1934	-1.239775	103.481175	0.005662	8.2
1935	-0.960255	103.450677	0.013090	9.3
1936	-0.804048	103.420202	0.004634	14.7
1937	-1.167356	103.389752	0.009767	14.6
1938	-1.684657	103.359325	0.007982	11.3
1939	-1.314087	103.328922	0.008881	13.5
1940	-0.000000	103.298543	0.000000	13.1
1941	-0.070016	103.268188	0.000743	13.1
1942	-0.181063	103.237857	0.001789	13.2
1943	-1.375548	103.207549	0.014415	12.9
1944	-0.426060	103.177265	0.010975	13.4
1945	-0.750487	103.147005	0.003794	20.4
1946	-1.436721	103.116768	0.009113	18.8
1947	-1.665860	103.086556	0.013208	13.1
1948	-0.000017	103.056366	0.000000	14.6
1949	-1.075195	103.026200	0.012870	16.5
1950	-0.921209	102.996058	0.012053	12.4
1951	-1.426218	102.965939	0.005093	13.3
1952	-0.191513	102.935844	0.002353	15.8
1953	-0.975620	102.905772	0.006380	9.6
1954	-1.066525	102.875724	0.006982	10.9
1955	-1.335955	102.845699	0.017621	14.8
1956	-1.482806	102.815697	0.013514	12.4
1957	-0.009680	102.785719	0.000797	16.2
1958	-1.488660	102.755764	0.003722	16.2
1959	-1.537147	102.725832	0.004227	13.1
1960	-1.389748	102.695924	0.005695	12.0
1961	-1.295363	102.666038	0.008906	15.9
1962	-1.292317	102.636176	0.009825	18.1
1963	-1.009260	102.606337	0.013596	16.5
1964	-0.856774	102.576521	0.007738	15.4
1965	-0.451685	102.546728	0.004942	15.7
1966	-1.180482	102.516959	0.009428	11.6
1967	-0.610892	102.487212	0.007330	13.8
1968	-1.300685	102.457488	0.007810	9.3
1969	-0.000000	102.427788	0.000000	11.9
1970	-0.423264	102.398110	0.002048	11.7
1971	-1.434065	102.368455	0.012078	12.3
1972	-0.048702	102.338823	0.000332	14.6
1973	-1.157977	102.309214	0.006522	13.3
1974	-0.230702	102.279628	0.001710	16.5
1975	-0.571539	102.250064	0.005622	12.2
1976	-1.481063	102.220524	0.005238	12.0
1977	-0.997714	102.191006	0.011928	8.0
1978	-1.149729	102.161511	0.008871	12.0
1979	-0.000000	102.132038	0.000000	12.2
1980	-0.971073	102.102588	0.005767	13.7
1981	-1.046188	102.073161	0.006392	13.4
1982	-1.341904	102.043757	0.010689	12.1
1983	-1.070484	102.014375	0.005504	9.3
1984	-0.000000	101.985015	0.000000	13.1
1985	-1.381748	101.955678	0.009193	13.1
1986	-0.000005	101.926364	0.000001	12.8
1987	-1.425345	101.897072	0.011203	12.9
1988	-0.000000	101.867802	0.000000	12.6
1989	-1.288540	101.838555	0.007569	16.2
1990	-1.365371	101.809330	0.010986	16.0
1991	-0.003642	101.780128	0.000325	17.5
1992	-1.637002	101.750948	0.008980	13.8
1993	-1.404761	101.721790	0.003920	18.4
1994	-0.311622	101.692654	0.001409	16.2
1995	-1.776917	101.663541	0.009528	19.0
1996	-1.690528	101.634450	0.009526	15.6
1997	-0.000026	101.605381	0.000005	18.1
1998	-1.426944	101.576335	0.017610	16.5
1999	-0.601856	101.547310	0.010874	18.0
