1:ItNr	2:Metric	3:StepSize	4:||Gradient||	Time[ms]
0	-0.694798	627.201626	0.028395	1236.4
1	-1.011980	623.504937	0.017843	9.5
2	-1.084207	619.865785	0.040572	10.0
3	-0.405433	616.282728	0.026563	14.0
4	0.000000	612.754375	0.000000	12.0
5	-0.409837	609.279381	0.013244	9.3
6	-0.658277	605.856447	0.012354	10.8
7	0.000000	602.484317	0.000000	13.5
8	0.000000	599.161779	0.000000	8.3
9	-0.580429	595.887656	0.022254	11.3
10	-0.000000	592.660813	0.000000	10.3
11	-0.512921	589.480151	0.014693	10.9
12	-0.593089	586.344606	0.012991	13.4
13	-0.252824	583.253145	0.002939	9.9
14	0.000000	580.204771	0.000000	7.9
15	-0.750803	577.198517	0.011304	12.9
16	-0.682951	574.233444	0.018863	9.3
17	-0.901931	571.308645	0.027082	9.1
18	-0.899284	568.423237	0.024629	8.2
19	-0.380704	565.576365	0.011430	8.7
20	0.000000	562.767201	0.000000	12.8
21	-0.875738	559.994938	0.012001	9.8
22	-0.505808	557.258797	0.011742	8.5
23	-0.040531	554.558018	0.000653	8.1
24	-1.033662	551.891865	0.008965	11.5
25	-0.864391	549.259621	0.019317	9.8
26	-0.629006	546.660592	0.033213	8.1
27	-0.710084	544.094102	0.007361	8.1
28	-0.525815	541.559494	0.004813	8.7
29	-0.364104	539.056129	0.010589	11.2
30	0.000000	536.583387	0.000000	12.7
31	-0.776447	534.140663	0.012166	8.3
32	0.000000	531.727370	0.000000	10.0
33	-0.087025	529.342935	0.003402	14.6
34	-0.936733	526.986802	0.012462	8.7
35	-0.231435	524.658430	0.007136	10.7
36	-0.216889	522.357290	0.001395	9.7
37	0.000000	520.082868	0.000000	14.4
38	-0.010043	517.834665	0.000511	8.9
39	-0.829343	515.612193	0.022664	8.0
40	-0.669767	513.414976	0.017906	8.2
41	-0.294308	511.242551	0.011609	10.9
42	-0.992282	509.094468	0.021804	8.1
43	-0.868081	506.970285	0.030107	10.2
44	0.000000	504.869574	0.000000	8.8
45	-0.417954	502.791916	0.013359	8.4
46	-0.263715	500.736903	0.005272	13.5
47	-0.894566	498.704137	0.028681	8.1
48	-0.131266	496.693228	0.005058	10.0
49	0.000000	494.703798	0.000000	8.2
50	0.000000	492.735476	0.000000	11.0
51	0.000000	490.787900	0.000000	10.2
52	-0.493748	488.860718	0.029509	8.7
53	-0.261784	486.953585	0.007453	8.0
54	-0.870570	485.066164	0.012567	8.8
55	-0.231669	483.198126	0.004478	11.7
56	-0.989193	481.349149	0.009374	7.6
57	-0.314929	479.518920	0.006926	10.9
58	-0.914127	477.707132	0.033457	8.7
59	-0.450136	475.913485	0.008953	12.1
60	-0.975552	474.137684	0.026229	9.5
61	-0.538503	472.379445	0.016209	8.2
62	0.000000	470.638485	0.000000	8.9
63	-0.263647	468.914531	0.008322	9.4
64	-0.640981	467.207315	0.007657	10.7
65	-0.739655	465.516573	0.025000	9.4
66	0.000000	463.842050	0.000000	7.9
67	-0.897374	462.183494	0.007089	11.3
68	-0.570110	460.540658	0.015947	14.5
69	-0.611430	458.913303	0.013104	7.6
70	-0.528050	457.301192	0.005640	9.6
71	-0.292259	455.704096	0.005548	7.7
72	0.000000	454.121787	0.000000	7.9
73	-1.021261	452.554045	0.014986	12.8
74	-0.650781	451.000653	0.012369	8.2
75	-0.716490	449.461399	0.014385	7.6
76	-0.000000	447.936075	0.000000	8.1
77	-0.751620	446.424477	0.022607	14.1
78	-0.005216	444.926406	0.000869	12.4
79	-0.600183	443.441666	0.008725	8.5
80	-0.816327	441.970065	0.010391	8.4
81	-0.546955	440.511415	0.014284	7.5
82	-0.676049	439.065533	0.032440	10.9
83	-0.518600	437.632238	0.010988	7.5
84	-0.534049	436.211351	0.008346	9.5
85	-0.000000	434.802701	0.000000	7.9
86	-0.855580	433.406117	0.011446	9.0
87	-0.093032	432.021430	0.002035	15.6
88	-0.000002	430.648479	0.000002	8.0
89	0.000000	429.287101	0.000000	9.6
90	-0.940319	427.937140	0.016881	7.9
91	-0.149472	426.598440	0.003405	11.0
92	-0.635143	425.270849	0.026209	11.3
93	-0.099363	423.954220	0.002527	8.1
94	-0.557454	422.648404	0.012332	8.4
95	-0.060505	421.353259	0.001997	10.6
96	-0.045158	420.068643	0.003501	9.7
97	-0.024682	418.794419	0.001611	9.7
98	-0.000000	417.530451	0.000000	9.1
99	-0.534365	416.276604	0.009532	10.1
100	-0.888143	415.032748	0.010257	13.2
101	-0.937805	413.798754	0.019776	8.7
102	0.000000	412.574495	0.000000	9.3
103	-0.669486	411.359849	0.017130	8.8
104	-0.954167	410.154691	0.021009	12.8
105	-0.572981	408.958904	0.010043	10.2
106	-0.572977	407.772368	0.007996	8.1
107	-0.605776	406.594968	0.008046	8.5
108	-1.000507	405.426590	0.011911	12.4
109	-0.000001	404.267122	0.000000	9.1
110	-0.547571	403.116456	0.007115	8.2
111	-1.063027	401.974481	0.019254	8.2
112	0.000000	400.841093	0.000000	10.4
113	-0.893558	399.716187	0.024536	15.5
114	-0.063979	398.599660	0.003584	9.0
115	0.000000	397.491411	0.000000	9.2
116	0.000000	396.391342	0.000000	8.2
117	-0.181190	395.299353	0.007760	11.9
118	-0.716079	394.215350	0.008783	8.2
119	-0.122871	393.139238	0.004474	9.9
120	-0.765833	392.070924	0.011818	8.6
121	-0.775001	391.010316	0.009053	11.9
122	-0.000002	389.957325	0.000002	10.3
123	-0.942080	388.911862	0.015272	8.2
124	-0.515873	387.873839	0.007879	8.2
125	-0.855382	386.843173	0.008438	9.4
126	-0.000000	385.819777	0.000000	12.3
127	-0.866297	384.803569	0.014196	10.4
128	-0.796383	383.794468	0.022369	8.0
129	-0.758578	382.792393	0.007362	8.8
130	-1.111280	381.797264	0.032904	12.7
131	-0.229804	380.809005	0.007420	9.7
132	-0.813621	379.827537	0.011099	10.6
133	-0.001657	378.852786	0.000386	8.5
134	-1.022026	377.884678	0.033043	9.3
135	-0.424916	376.923138	0.011321	13.0
136	-0.744580	375.968095	0.009510	8.4
137	-0.515458	375.019479	0.005741	8.1
138	-0.591092	374.077218	0.015771	8.2
139	-0.698027	373.141244	0.018218	13.2
140	-0.077582	372.211489	0.004552	10.4
141	-0.922831	371.287887	0.012954	8.0
142	-0.528909	370.370370	0.019679	8.6
143	-0.333622	369.458876	0.009748	8.0
144	0.000000	368.553338	0.000000	12.4
145	-0.989660	367.653696	0.017387	7.7
146	-0.875772	366.759885	0.022913	8.9
147	-0.562603	365.871846	0.012284	7.8
148	-0.000542	364.989518	0.000043	9.5
149	-0.589545	364.112841	0.038518	12.1
150	0.000000	363.241757	0.000000	8.4
151	-0.369151	362.376208	0.012903	7.5
152	-0.024988	361.516137	0.001308	7.6
153	-0.487611	360.661488	0.008222	11.0
154	-0.599139	359.812206	0.009967	8.7
155	-0.102124	358.968236	0.004450	9.0
156	-0.538961	358.129524	0.012073	7.6
157	-0.448086	357.296018	0.011719	7.8
158	0.000000	356.467665	0.000000	11.9
159	-0.693970	355.644414	0.009367	7.5
160	-0.894617	354.826213	0.011116	9.2
161	-1.045933	354.013012	0.021855	8.3
162	0.000000	353.204763	0.000000	8.3
163	-0.676509	352.401415	0.006686	12.5
164	0.000000	351.602922	0.000000	9.2
165	-0.000000	350.809235	0.000000	8.4
166	-0.519419	350.020308	0.009215	7.6
167	-0.916013	349.236095	0.007424	10.8
168	-0.685628	348.456550	0.009927	15.5
169	0.000000	347.681627	0.000000	11.9
170	-0.760112	346.911283	0.027804	9.6
171	-0.670922	346.145474	0.009824	11.1
172	-0.309004	345.384157	0.004587	8.3
173	-0.892250	344.627288	0.036698	7.6
174	-1.002617	343.874826	0.013944	9.4
175	-0.002115	343.126729	0.000227	7.6
176	-0.899630	342.382957	0.010622	12.3
177	0.000000	341.643469	0.000000	13.0
178	-0.167817	340.908224	0.003787	9.9
179	-0.501782	340.177184	0.008679	9.5
180	-0.674774	339.450309	0.008876	13.0
181	0.000000	338.727561	0.000000	7.6
182	-0.090890	338.008902	0.003369	10.6
183	-0.828567	337.294295	0.009488	9.8
184	-0.598692	336.583703	0.006574	8.5
185	-0.890353	335.877089	0.016537	10.5
186	-0.326847	335.174416	0.006436	7.9
187	-0.994298	334.475651	0.024349	10.9
188	-0.776129	333.780756	0.010944	9.2
189	-0.000114	333.089698	0.000045	15.2
190	0.000000	332.402443	0.000000	13.2
191	-0.779186	331.718955	0.014746	10.5
192	-0.637282	331.039203	0.007087	7.8
193	-0.766920	330.363153	0.009071	11.9
194	-0.348559	329.690771	0.005061	10.1
195	0.000000	329.022027	0.000000	7.7
196	-1.073309	328.356888	0.028024	8.6
197	0.000000	327.695322	0.000000	7.7
198	-0.492514	327.037299	0.013423	12.2
199	0.000000	326.382787	0.000000	10.5
200	-0.319544	325.731758	0.004831	9.9
201	0.000000	325.084179	0.000000	9.5
202	-1.065087	324.440023	0.040468	14.3
203	-0.907236	323.799258	0.030026	8.4
204	-1.045073	323.161858	0.015899	7.7
205	-0.001062	322.527792	0.000144	8.4
206	-0.578493	321.897034	0.007051	10.5
207	-0.015251	321.269554	0.001978	9.2
208	-0.463472	320.645325	0.005982	9.8
209	-0.057122	320.024320	0.001894	8.2
210	-0.547629	319.406512	0.006608	10.3
211	-0.759244	318.791875	0.009671	11.2
212	-1.047895	318.180381	0.014935	9.1
213	0.000000	317.572005	0.000000	10.1
214	-0.660927	316.966721	0.010985	8.1
215	0.000000	316.364504	0.000000	11.4
216	0.000000	315.765329	0.000000	9.9
217	0.000000	315.169170	0.000000	8.2
218	-1.000768	314.576003	0.016019	8.1
219	-0.945353	313.985804	0.030834	8.1
220	-0.813484	313.398548	0.016675	13.9
221	0.000000	312.814213	0.000000	10.6
222	-0.572834	312.232773	0.004570	9.1
223	-1.017053	311.654207	0.016753	9.0
224	-0.460089	311.078491	0.015364	14.7
225	0.000000	310.505602	0.000000	8.2
226	0.000000	309.935518	0.000000	8.9
227	-0.844801	309.368217	0.011457	8.3
228	-0.930002	308.803676	0.014739	8.6
229	0.000000	308.241874	0.000000	14.6
230	-0.524805	307.682789	0.005113	8.6
231	-0.098657	307.126400	0.006243	8.6
232	0.000000	306.572687	0.000000	8.1
233	0.000000	306.021627	0.000000	12.1
234	-0.367393	305.473201	0.011525	8.3
235	-0.541179	304.927388	0.007163	11.9
236	-0.525043	304.384168	0.007776	9.7
237	0.000000	303.843521	0.000000	12.1
238	-0.687969	303.305427	0.005193	9.1
239	-0.951475	302.769867	0.009017	9.6
240	-0.814287	302.236821	0.019444	8.9
241	0.000000	301.706270	0.000000	11.6
242	-0.925892	301.178196	0.020140	9.5
243	0.000000	300.652580	0.000000	9.2
244	-0.641808	300.129402	0.017597	8.9
245	-0.766327	299.608645	0.017978	9.1
246	-0.133000	299.090291	0.003236	13.2
247	-0.700951	298.574321	0.014083	8.0
248	-0.860792	298.060718	0.005644	9.6
249	-1.059980	297.549465	0.025743	8.5
250	-0.671037	297.040543	0.007341	13.2
251	-0.595552	296.533936	0.012579	10.5
252	0.000000	296.029626	0.000000	8.1
253	-0.694526	295.527597	0.005865	8.5
254	-0.523561	295.027832	0.006431	9.1
255	-0.041701	294.530315	0.003060	12.0
256	-0.350435	294.035028	0.004882	9.9
257	-0.779499	293.541956	0.007217	8.1
258	0.000000	293.051083	0.000000	8.4
259	-0.511018	292.562393	0.007331	13.0
260	0.000000	292.075870	0.000000	8.3
261	-0.964850	291.591498	0.009944	10.1
262	-0.000000	291.109263	0.000000	8.2
263	-0.996899	290.629149	0.013426	10.9
264	-0.000003	290.151140	0.000002	12.6
265	-0.589054	289.675222	0.010917	9.2
266	-0.104184	289.201380	0.005686	9.5
267	0.000000	288.729600	0.000000	8.1
268	0.000000	288.259866	0.000000	13.3
269	-0.900084	287.792165	0.011956	10.5
270	0.000000	287.326481	0.000000	8.1
271	-0.900854	286.862802	0.010242	9.4
272	-0.001286	286.401113	0.000205	12.9
273	-0.128755	285.941400	0.003938	8.9
274	0.000000	285.483649	0.000000	9.4
275	-0.701416	285.027847	0.009918	8.3
276	-0.685454	284.573981	0.011096	9.9
277	-0.563871	284.122037	0.007519	12.8
278	-0.973606	283.672002	0.007076	10.0
279	-0.292591	283.223863	0.004548	9.1
280	-0.831085	282.777607	0.026963	8.7
281	0.000000	282.333221	0.000000	14.0
282	-0.671313	281.890692	0.008300	9.6
283	-0.592506	281.450008	0.010155	9.5
284	-0.711369	281.011157	0.014403	7.9
285	-0.911228	280.574125	0.021035	12.6
286	-0.778957	280.138901	0.010367	8.7
287	-0.204978	279.705473	0.008022	7.9
288	-0.479402	279.273829	0.011333	7.7
289	0.000000	278.843956	0.000000	9.1
290	-0.736953	278.415844	0.008793	11.6
291	-0.166481	277.989479	0.009005	9.4
292	-0.228102	277.564851	0.003175	8.1
293	-0.264785	277.141949	0.004069	8.8
294	-1.052627	276.720761	0.018748	10.8
295	-0.880397	276.301275	0.021830	8.3
296	-1.168782	275.883480	0.022281	9.4
297	-0.013305	275.467366	0.001624	8.6
298	0.000000	275.052922	0.000000	8.1
299	-0.241874	274.640136	0.003261	13.5
300	-0.849447	274.228998	0.027329	9.2
301	-0.384725	273.819497	0.012092	8.3
302	0.000000	273.411623	0.000000	8.0
303	-0.511082	273.005365	0.012399	11.6
304	-0.507258	272.600712	0.008675	8.8
305	0.000000	272.197655	0.000000	9.2
306	-0.008529	271.796184	0.000389	8.0
307	-0.512300	271.396287	0.006896	8.5
308	-0.494557	270.997956	0.006376	14.1
309	-0.703221	270.601180	0.032097	7.8
310	-0.000021	270.205949	0.000017	8.8
311	-0.703397	269.812254	0.008771	8.0
312	-0.698942	269.420085	0.006209	11.0
313	-0.962240	269.029432	0.008310	8.5
314	-0.465643	268.640287	0.009211	9.9
315	-0.829254	268.252638	0.016294	8.6
316	0.000000	267.866478	0.000000	8.5
317	-0.120176	267.481796	0.005732	13.8
318	-0.000161	267.098584	0.000006	8.1
319	0.000000	266.716833	0.000000	10.4
320	-0.449296	266.336533	0.007963	9.3
321	-0.823046	265.957676	0.009670	11.0
322	0.000000	265.580253	0.000000	9.9
323	-0.630706	265.204254	0.008359	9.1
324	-0.266023	264.829672	0.003519	10.7
325	-0.987660	264.456497	0.012285	15.8
326	-0.396494	264.084721	0.005257	8.1
327	-0.233979	263.714335	0.002196	10.8
328	-0.552322	263.345332	0.009216	8.0
329	-0.688709	262.977702	0.007333	8.4
330	-0.481623	262.611438	0.006902	14.0
331	-0.482813	262.246531	0.009203	9.7
332	-0.435611	261.882973	0.007468	9.7
333	-1.096105	261.520756	0.007818	8.3
334	-0.841368	261.159871	0.007027	13.7
335	-0.765686	260.800312	0.018932	8.5
336	-0.000000	260.442070	0.000000	9.5
337	-0.372260	260.085137	0.007785	8.8
338	-0.984295	259.729505	0.014976	10.2
339	0.000000	259.375167	0.000000	11.8
340	-0.298785	259.022116	0.005058	9.8
341	-0.748651	258.670343	0.004728	8.0
342	-0.011313	258.319841	0.001679	8.1
343	-0.771781	257.970602	0.014413	12.9
344	-1.005430	257.622620	0.027331	10.0
345	-0.026894	257.275887	0.001566	9.1
346	-1.003498	256.930396	0.037393	9.1
347	-0.284010	256.586139	0.009890	9.5
348	-0.961228	256.243109	0.014580	11.0
349	-0.300947	255.901300	0.006613	8.7
350	-0.655540	255.560703	0.014302	9.2
351	-0.616941	255.221313	0.004998	8.3
352	-0.571829	254.883122	0.008920	12.2
353	-0.630351	254.546124	0.008801	9.0
354	-0.605270	254.210311	0.018463	8.5
355	-0.473243	253.875677	0.006952	8.1
356	-0.103866	253.542215	0.002481	8.1
357	-0.924594	253.209918	0.017680	12.1
358	-0.000579	252.878781	0.000280	9.3
359	-0.675955	252.548795	0.013396	9.3
360	-0.598026	252.219956	0.006994	9.6
361	-0.603544	251.892255	0.009162	12.3
362	-0.621405	251.565688	0.008152	7.5
363	0.000000	251.240247	0.000000	10.6
364	-0.059186	250.915926	0.001933	8.9
365	-0.000022	250.592720	0.000006	9.2
366	-0.926684	250.270621	0.013062	10.7
367	-0.546882	249.949624	0.010707	10.5
368	-0.629514	249.629723	0.010217	8.4
369	-0.000019	249.310911	0.000008	8.4
370	0.000000	248.993182	0.000000	13.7
371	-1.099475	248.676531	0.012662	8.1
372	-0.811007	248.360952	0.006872	10.2
373	0.000000	248.046438	0.000000	8.0
374	-0.000000	247.732984	0.000000	8.7
375	-0.826951	247.420584	0.014059	13.2
376	-0.640860	247.109233	0.006887	7.7
377	-0.024562	246.798924	0.001908	10.3
378	0.000000	246.489652	0.000000	8.3
379	0.000000	246.181412	0.000000	12.3
380	0.000000	245.874197	0.000000	9.3
381	-0.185198	245.568002	0.005071	8.4
382	-0.000071	245.262822	0.000029	8.9
383	-0.614368	244.958652	0.004254	9.5
384	-0.275773	244.655485	0.005382	12.5
385	-0.243433	244.353317	0.008807	10.7
386	-0.008709	244.052142	0.000167	8.6
387	-0.176861	243.751955	0.007612	9.7
388	-0.549113	243.452750	0.006635	12.5
389	-0.462990	243.154523	0.005059	8.3
390	-0.932986	242.857268	0.014594	10.3
391	-1.050931	242.560980	0.018385	11.3
392	-0.475632	242.265654	0.005906	14.4
393	0.000000	241.971285	0.000000	10.7
394	-0.844392	241.677868	0.009061	8.4
395	-0.738079	241.385397	0.015023	8.2
396	-0.496714	241.093869	0.005809	11.6
397	-0.957251	240.803278	0.013560	8.7
398	-0.000318	240.513619	0.000141	10.3
399	-0.405117	240.224887	0.005711	9.2
400	0.000000	239.937077	0.000000	10.7
401	-0.512030	239.650186	0.009639	11.8
402	0.000000	239.364207	0.000000	8.3
403	-0.901082	239.079136	0.010032	9.1
404	-0.763002	238.794969	0.016579	10.0
405	-0.000001	238.511701	0.000000	11.3
406	-1.069128	238.229327	0.010664	10.0
407	-0.938066	237.947843	0.010758	10.0
408	-1.061959	237.667244	0.010291	14.3
409	-0.006336	237.387526	0.000778	14.2
410	-0.000000	237.108684	0.000000	11.8
411	-0.759743	236.830714	0.006310	11.1
412	-0.134303	236.553610	0.003272	15.4
413	0.000000	236.277370	0.000000	11.6
414	0.000000	236.001989	0.000000	11.3
415	-0.000000	235.727461	0.000000	8.9
416	-0.568260	235.453784	0.004955	14.9
417	-0.659110	235.180952	0.009617	10.5
418	-0.311436	234.908962	0.007768	12.7
419	-0.616400	234.637809	0.008448	11.7
420	-0.173792	234.367488	0.006024	13.9
421	0.000000	234.097997	0.000000	11.3
422	-0.696429	233.829331	0.010876	8.2
423	-1.011582	233.561485	0.031322	11.3
424	-0.079267	233.294456	0.002886	13.4
425	-0.209132	233.028239	0.004888	8.5
426	-0.577516	232.762831	0.011454	9.9
427	-0.805218	232.498228	0.008052	8.8
428	-0.149436	232.234425	0.003383	11.4
429	-0.557547	231.971419	0.007383	10.7
430	-0.623898	231.709205	0.007239	8.0
431	-0.588287	231.447781	0.007496	8.2
432	-1.082840	231.187141	0.030083	11.9
433	-0.821577	230.927283	0.027847	8.1
434	0.000000	230.668202	0.000000	12.3
435	0.000000	230.409895	0.000000	8.2
436	0.000000	230.152358	0.000000	11.1
437	0.000000	229.895587	0.000000	12.6
438	-0.061764	229.639578	0.001921	8.0
439	-0.645783	229.384329	0.006942	9.1
440	-0.775666	229.129834	0.005822	9.5
441	-0.896528	228.876091	0.017172	12.0
442	-1.104967	228.623096	0.008280	9.7
443	-1.065333	228.370846	0.011148	8.0
444	-0.329067	228.119336	0.006364	7.9
445	0.000000	227.868563	0.000000	10.7
446	-0.022447	227.618525	0.001773	10.8
447	-0.904073	227.369216	0.009767	8.9
448	-0.901328	227.120635	0.013015	8.3
449	-1.154329	226.872777	0.032161	10.9
450	-0.202543	226.625638	0.003185	11.1
451	-0.190291	226.379217	0.006473	9.4
452	-0.449395	226.133509	0.008130	8.1
453	-0.618212	225.888510	0.020389	8.0
454	-1.155479	225.644218	0.045336	10.7
455	0.000000	225.400630	0.000000	8.1
456	-0.897327	225.157741	0.015564	8.9
457	-0.516360	224.915549	0.008078	8.2
458	0.000000	224.674051	0.000000	13.2
459	0.000000	224.433242	0.000000	16.4
460	-0.026520	224.193121	0.002450	7.7
461	0.000000	223.953684	0.000000	11.1
462	-0.601867	223.714927	0.006991	11.0
463	-0.010888	223.476848	0.000618	9.0
464	-0.115234	223.239444	0.003886	9.5
465	-0.667778	223.002710	0.014291	7.6
466	-0.168615	222.766645	0.004461	8.9
467	-0.397308	222.531245	0.005290	11.7
468	-0.636048	222.296508	0.008942	9.3
469	-0.892752	222.062429	0.009415	10.0
470	-0.000000	221.829007	0.000000	8.4
471	-0.276315	221.596238	0.006422	8.7
472	-0.986196	221.364119	0.012528	11.0
473	-0.161176	221.132647	0.005197	8.8
474	-0.250019	220.901820	0.006083	7.6
475	-0.968831	220.671634	0.021215	7.7
476	-0.949423	220.442086	0.017607	10.4
477	-0.203493	220.213174	0.006777	10.7
478	-0.149839	219.984895	0.002424	10.2
479	-0.750437	219.757246	0.007428	8.0
480	-0.271045	219.530224	0.006760	8.9
481	-0.343746	219.303826	0.003911	11.8
482	-0.397225	219.078050	0.005310	8.0
483	-0.000000	218.852893	0.000000	9.3
484	-1.058997	218.628352	0.008285	8.4
485	-1.032543	218.404424	0.009306	7.7
486	-0.063008	218.181106	0.001881	15.3
487	-0.652310	217.958397	0.007093	13.6
488	-0.000000	217.736292	0.000000	7.9
489	-0.000001	217.514790	0.000000	9.0
490	0.000000	217.293888	0.000000	14.9
491	0.000000	217.073584	0.000000	10.1
492	-0.009476	216.853873	0.000780	7.7
493	-0.432695	216.634755	0.006548	9.8
494	-0.870215	216.416227	0.005860	12.5
495	-0.587261	216.198285	0.003673	8.0
496	0.000000	215.980927	0.000000	11.8
497	-0.057729	215.764151	0.002397	8.0
498	-0.552544	215.547955	0.007397	12.9
499	-0.684070	215.332335	0.006702	10.8
500	0.000000	215.117289	0.000000	8.2
501	-0.000000	214.902815	0.000000	8.6
502	-0.945548	214.688911	0.010880	9.6
503	-0.932584	214.475573	0.025034	12.0
504	-0.499814	214.262800	0.005576	10.1
505	-0.660794	214.050588	0.008714	8.1
506	-0.296183	213.838936	0.005399	9.6
507	-0.412322	213.627842	0.005912	13.3
508	-0.063567	213.417302	0.001437	8.3
509	0.000000	213.207314	0.000000	10.2
510	-0.022541	212.997877	0.002346	8.5
511	-0.983151	212.788987	0.006676	11.7
512	-0.039004	212.580642	0.000632	9.9
513	0.000000	212.372841	0.000000	8.0
514	-0.557026	212.165581	0.006215	8.7
515	-0.333422	211.958859	0.005409	8.9
516	-0.000033	211.752673	0.000013	13.1
517	-1.093907	211.547021	0.022042	10.0
518	-0.535552	211.341902	0.008479	7.7
519	-1.106649	211.137311	0.009970	8.6
520	-0.992548	210.933248	0.012750	9.7
521	-0.798302	210.729710	0.009766	9.3
522	-0.378284	210.526695	0.003825	8.2
523	-0.974083	210.324200	0.006308	9.4
524	-0.000001	210.122224	0.000001	7.6
525	0.000000	209.920765	0.000000	11.0
526	0.000000	209.719820	0.000000	7.7
527	-0.438013	209.519387	0.004395	9.1
528	-0.637873	209.319463	0.011448	7.9
529	-0.964306	209.120048	0.019423	8.0
530	-0.634893	208.921139	0.016680	12.3
531	-0.769295	208.722733	0.011129	8.2
532	-1.031933	208.524829	0.012870	9.3
533	-0.934140	208.327425	0.016496	8.8
534	0.000000	208.130518	0.000000	11.2
535	-0.995789	207.934107	0.019234	11.7
536	-0.857788	207.738189	0.009942	9.5
537	-0.965241	207.542762	0.012829	10.8
538	-0.826693	207.347825	0.011930	8.5
539	-0.709603	207.153376	0.010788	13.0
540	-0.001124	206.959412	0.000141	9.7
541	-0.513425	206.765932	0.005430	8.5
542	-0.733325	206.572933	0.007969	8.1
543	-0.989625	206.380414	0.011530	11.7
544	-0.484910	206.188373	0.008288	8.9
545	-0.010797	205.996807	0.000534	9.6
546	-0.005408	205.805716	0.000869	9.0
547	-0.701047	205.615096	0.022956	10.3
548	-1.084579	205.424946	0.012048	13.1
549	-0.038762	205.235265	0.001759	8.1
550	-0.952619	205.046050	0.007971	9.1
551	-0.610292	204.857299	0.005179	9.2
552	-0.968170	204.669011	0.012296	14.0
553	-0.344730	204.481184	0.007500	10.1
554	-0.000000	204.293816	0.000000	8.4
555	-0.916657	204.106905	0.009326	8.7
556	-0.615848	203.920449	0.010293	13.0
557	-0.847378	203.734447	0.015224	8.0
558	-1.176080	203.548896	0.030453	9.6
559	-0.795944	203.363795	0.007324	8.2
560	-0.364002	203.179143	0.003938	9.0
561	-0.096253	202.994937	0.009028	14.4
562	-1.025039	202.811176	0.008300	8.6
563	0.000000	202.627857	0.000000	9.4
564	-0.445293	202.444980	0.008396	8.1
565	-0.508880	202.262543	0.007472	12.3
566	0.000000	202.080543	0.000000	8.2
567	-0.893573	201.898979	0.020888	9.2
568	-0.637343	201.717849	0.007343	8.2
569	-0.809967	201.537153	0.014067	8.2
570	-0.603841	201.356887	0.005046	12.8
571	-0.732785	201.177050	0.008737	8.2
572	-0.228983	200.997642	0.004439	10.5
573	-0.118501	200.818659	0.002750	8.3
574	-0.629673	200.640100	0.007205	12.9
575	0.000000	200.461965	0.000000	10.9
576	-0.640340	200.284250	0.016702	8.9
577	-0.728513	200.106955	0.008833	9.5
578	-0.577649	199.930078	0.007356	11.5
579	-0.611590	199.753617	0.004083	9.4
580	-0.627217	199.577571	0.004341	9.9
581	-0.792643	199.401938	0.010965	8.7
582	-0.588811	199.226717	0.006926	9.2
583	-0.558421	199.051905	0.019513	14.6
584	-0.826361	198.877502	0.011641	7.8
585	-0.369414	198.703506	0.005933	7.7
586	-0.573232	198.529916	0.005218	7.8
587	-0.017765	198.356729	0.000957	12.2
588	-1.063285	198.183944	0.009508	8.2
589	0.000000	198.011560	0.000000	9.6
590	0.000000	197.839576	0.000000	9.3
591	-0.676293	197.667989	0.009874	7.9
592	-0.973853	197.496798	0.010929	12.4
593	-0.000000	197.326002	0.000000	7.9
594	-0.954072	197.155600	0.019504	9.7
595	-0.426485	196.985589	0.004931	9.0
596	-1.165920	196.815969	0.022870	10.9
597	0.000000	196.646738	0.000000	9.4
598	0.000000	196.477894	0.000000	8.6
599	-0.419638	196.309436	0.007003	8.2
600	0.000000	196.141363	0.000000	9.2
601	0.000000	195.973673	0.000000	14.2
602	-0.000023	195.806365	0.000018	10.3
603	0.000000	195.639437	0.000000	9.0
604	-0.715039	195.472888	0.016289	8.6
605	-0.002183	195.306717	0.000094	12.7
606	-0.157466	195.140922	0.004655	8.0
607	-1.014530	194.975501	0.027592	10.6
608	0.000000	194.810454	0.000000	7.6
609	-0.933120	194.645779	0.008016	8.0
610	-0.000008	194.481475	0.000004	18.9
611	-0.000145	194.317540	0.000077	8.9
612	-1.066177	194.153973	0.013785	8.0
613	-0.664425	193.990773	0.008614	8.5
614	-0.658694	193.827938	0.015768	14.0
615	-0.001504	193.665467	0.000552	9.8
616	-0.587796	193.503358	0.006745	8.8
617	-0.997072	193.341611	0.017975	9.0
618	-0.000000	193.180224	0.000000	11.6
619	-0.000025	193.019196	0.000004	8.1
620	-0.612617	192.858525	0.007239	9.6
621	-1.045965	192.698210	0.011048	8.8
622	-0.000000	192.538251	0.000000	8.4
623	-0.961801	192.378644	0.009116	15.2
624	-0.120222	192.219391	0.003725	9.5
625	-0.819588	192.060488	0.011922	13.9
626	-0.651848	191.901935	0.020885	13.0
627	-0.556176	191.743730	0.005908	12.4
628	-0.570722	191.585873	0.008343	10.2
629	-0.835792	191.428362	0.020740	9.5
630	-0.133084	191.271196	0.003517	14.8
631	-1.112294	191.114374	0.013889	8.2
632	-0.000106	190.957893	0.000031	15.0
633	-0.666730	190.801755	0.007673	13.6
634	-1.195535	190.645956	0.025883	15.2
635	-0.820982	190.490495	0.006383	8.5
636	-0.845303	190.335373	0.005524	10.9
637	0.000000	190.180587	0.000000	12.0
638	-1.063182	190.026136	0.025339	12.0
639	-0.720111	189.872019	0.010916	11.5
640	-0.594524	189.718235	0.004217	10.5
641	-0.829782	189.564782	0.010806	9.7
642	-0.646016	189.411661	0.005989	12.4
643	-1.150651	189.258868	0.017003	10.3
644	-0.764221	189.106404	0.004997	8.3
645	-1.074168	188.954267	0.017234	8.2
646	-0.080580	188.802456	0.003652	11.3
647	-0.537352	188.650969	0.009313	9.3
648	-1.081046	188.499807	0.009381	8.4
649	-0.692793	188.348967	0.009446	7.9
650	-0.460392	188.198448	0.005625	8.1
651	-0.049875	188.048250	0.003031	13.2
652	-0.997119	187.898371	0.015128	9.7
653	-0.000003	187.748810	0.000000	10.5
654	-1.047701	187.599566	0.008395	7.9
655	-0.562073	187.450638	0.010699	11.3
656	-0.741944	187.302025	0.009332	8.1
657	-0.882059	187.153725	0.009015	10.3
658	-0.386375	187.005739	0.002625	7.9
659	-0.007291	186.858064	0.001275	8.3
660	-0.411706	186.710699	0.009101	17.3
661	-0.000820	186.563645	0.000170	12.0
662	0.000000	186.416898	0.000000	8.9
663	-0.332001	186.270459	0.005948	9.4
664	-0.673405	186.124326	0.008650	12.1
665	-0.034437	185.978499	0.002186	8.0
666	-0.884118	185.832976	0.007627	8.4
667	-0.773255	185.687756	0.006711	7.6
668	-0.963930	185.542838	0.014897	11.6
669	-0.000047	185.398222	0.000033	10.6
670	-0.960405	185.253906	0.020401	12.8
671	-0.507126	185.109889	0.004641	9.8
672	-0.337196	184.966170	0.010813	11.6
673	-0.769077	184.822748	0.016084	9.3
674	0.000000	184.679623	0.000000	8.8
675	-0.000000	184.536792	0.000000	8.0
676	-0.857963	184.394256	0.012399	9.8
677	-0.793134	184.252013	0.012703	11.3
678	-0.893087	184.110062	0.010693	11.2
679	0.000000	183.968403	0.000000	9.5
680	0.000000	183.827034	0.000000	8.7
681	-0.778701	183.685954	0.004758	13.7
682	0.000000	183.545163	0.000000	10.9
683	-0.746754	183.404658	0.014424	8.8
684	-0.262929	183.264441	0.006381	8.1
685	0.000000	183.124509	0.000000	12.2
686	-0.571765	182.984861	0.006162	9.4
687	-0.888927	182.845497	0.010019	8.2
688	-0.516351	182.706416	0.007511	8.5
689	-0.290523	182.567616	0.007450	8.4
690	0.000000	182.429098	0.000000	13.2
691	-0.000001	182.290859	0.000000	10.3
692	-0.592657	182.152899	0.007518	8.6
693	-0.805228	182.015217	0.009361	10.0
694	-0.749188	181.877813	0.009229	12.2
695	-0.879283	181.740684	0.008309	8.2
696	-0.914795	181.603832	0.005630	10.8
697	-0.252656	181.467253	0.006247	7.9
698	-0.677142	181.330948	0.008547	8.6
699	-0.472515	181.194916	0.005151	13.2
700	-0.000000	181.059155	0.000000	8.2
701	0.000000	180.923666	0.000000	8.0
702	-0.348053	180.788446	0.007036	7.7
703	-0.052234	180.653496	0.001230	11.1
704	-1.164700	180.518814	0.027562	8.3
705	-0.912904	180.384399	0.006391	10.6
706	-0.885611	180.250251	0.013005	8.5
707	-0.115076	180.116369	0.002300	7.7
708	-0.000000	179.982752	0.000000	12.6
709	-0.862513	179.849398	0.010387	7.6
710	0.000000	179.716308	0.000000	10.1
711	0.000000	179.583480	0.000000	8.1
712	-0.000000	179.450913	0.000000	10.6
713	-1.026388	179.318607	0.009546	9.9
714	-0.253692	179.186561	0.003011	9.8
715	-0.000000	179.054774	0.000000	8.3
716	-0.986461	178.923245	0.030991	8.8
717	-0.636327	178.791973	0.005173	13.3
718	0.000000	178.660958	0.000000	10.3
719	-0.580452	178.530199	0.004639	9.1
720	-0.684457	178.399694	0.007332	8.9
721	-1.019078	178.269444	0.023868	14.2
722	-0.942632	178.139447	0.006036	8.2
723	0.000000	178.009702	0.000000	9.0
724	-1.077431	177.880209	0.012370	8.4
725	-0.387039	177.750967	0.008937	8.5
726	-0.802208	177.621975	0.011147	14.0
727	0.000000	177.493232	0.000000	9.1
728	-0.726154	177.364738	0.036312	8.1
729	-0.729135	177.236492	0.007967	7.8
730	-0.861273	177.108492	0.011088	11.8
731	-0.365788	176.980739	0.008432	8.8
732	-0.494009	176.853231	0.018378	10.4
733	-0.932069	176.725968	0.011731	10.1
734	-0.510479	176.598949	0.006659	9.4
735	-0.626618	176.472173	0.006748	11.1
736	-0.523810	176.345639	0.005734	8.5
737	-1.096221	176.219348	0.006972	10.7
738	-0.515551	176.093296	0.006376	9.0
739	-0.444323	175.967486	0.005628	13.5
740	-0.405346	175.841914	0.010439	10.1
741	-0.875146	175.716581	0.010860	9.1
742	-0.410459	175.591486	0.004574	8.1
743	-0.620454	175.466629	0.007015	12.6
744	-0.000000	175.342008	0.000000	8.3
745	0.000000	175.217622	0.000000	10.6
746	-0.001438	175.093472	0.000209	8.3
747	-0.756753	174.969556	0.006477	10.3
748	-1.199185	174.845873	0.018092	11.0
749	-0.542881	174.722423	0.005337	8.2
750	-0.258453	174.599206	0.004890	10.3
751	0.000000	174.476220	0.000000	8.3
752	-1.161748	174.353464	0.015998	12.6
753	-0.253513	174.230939	0.008311	11.2
754	-0.645416	174.108643	0.007483	8.3
755	-0.203940	173.986576	0.002904	8.3
756	-0.923409	173.864737	0.007678	11.5
757	-0.813167	173.743124	0.012238	10.6
758	-0.663397	173.621739	0.007447	10.0
759	-0.000001	173.500579	0.000000	8.2
760	-0.566035	173.379645	0.006620	9.4
761	-0.737369	173.258935	0.007893	12.3
762	-1.127096	173.138449	0.009296	7.8
763	0.000000	173.018186	0.000000	9.5
764	-0.935992	172.898146	0.009366	7.9
765	-0.720394	172.778327	0.006739	9.8
766	-0.001478	172.658730	0.000702	10.6
767	-0.722070	172.539353	0.005636	8.9
768	-0.964992	172.420196	0.028550	8.5
769	-0.347977	172.301258	0.003251	8.6
770	-0.035535	172.182539	0.001607	12.3
771	-0.330393	172.064037	0.005231	7.7
772	-1.035563	171.945753	0.013555	10.1
773	-0.084133	171.827686	0.001256	8.2
774	-1.188995	171.709834	0.039443	9.7
775	-0.126428	171.592198	0.004386	13.4
776	-0.972387	171.474776	0.007281	7.8
777	-0.888531	171.357568	0.007152	10.6
778	-1.039428	171.240574	0.005675	8.4
779	0.000000	171.123793	0.000000	11.4
780	-0.024462	171.007223	0.003691	10.7
781	-0.765558	170.890865	0.008818	7.9
782	-0.570715	170.774718	0.006806	9.0
783	-0.347925	170.658782	0.004904	9.0
784	0.000000	170.543055	0.000000	12.7
785	-0.883849	170.427537	0.006824	10.4
786	0.000000	170.312227	0.000000	8.0
787	0.000000	170.197125	0.000000	9.1
788	-0.877912	170.082231	0.010665	12.3
789	0.000000	169.967543	0.000000	7.6
790	-1.125570	169.853061	0.015006	9.6
791	-0.052197	169.738784	0.001584	10.7
792	-0.212133	169.624713	0.004883	13.0
793	0.000000	169.510845	0.000000	12.2
794	-0.847964	169.397181	0.010157	7.7
795	-0.927839	169.283720	0.004894	8.1
796	-0.430955	169.170462	0.006569	7.7
797	-0.567108	169.057405	0.006677	12.0
798	-1.059819	168.944549	0.005971	8.3
799	0.000000	168.831895	0.000000	10.6
800	-0.478616	168.719440	0.005711	8.2
801	-1.002505	168.607185	0.016277	8.7
802	-0.518888	168.495129	0.009789	13.0
803	-0.940151	168.383271	0.009942	9.4
804	-0.769495	168.271611	0.012194	10.9
805	-0.914779	168.160148	0.009997	13.3
806	-0.000000	168.048882	0.000000	16.2
807	-0.000001	167.937812	0.000001	9.2
808	-0.987880	167.826938	0.005881	10.3
809	-0.754673	167.716258	0.009159	16.5
810	-0.000000	167.605773	0.000000	12.4
811	-1.086676	167.495482	0.015151	8.8
812	-1.027553	167.385384	0.012569	10.5
813	0.000000	167.275479	0.000000	12.4
814	-0.510586	167.165766	0.006069	11.4
815	-0.820004	167.056245	0.015329	10.4
816	-0.443309	166.946915	0.009657	11.4
817	0.000000	166.837776	0.000000	13.8
818	-0.000000	166.728826	0.000000	8.7
819	-0.417866	166.620067	0.013669	11.0
820	-0.121805	166.511496	0.003379	8.0
821	0.000000	166.403113	0.000000	10.7
822	-0.383114	166.294919	0.005320	12.3
823	-0.753214	166.186912	0.006121	8.3
824	-1.080695	166.079091	0.041842	9.3
825	-0.328792	165.971458	0.008408	8.3
826	-0.557011	165.864009	0.006871	12.5
827	-0.669345	165.756747	0.014317	9.6
828	-0.450209	165.649669	0.003288	8.7
829	-0.776206	165.542775	0.005579	8.1
830	-0.822152	165.436065	0.008743	10.4
831	-0.637366	165.329538	0.005663	10.4
832	-0.671098	165.223194	0.009189	8.1
833	-0.151185	165.117032	0.002543	10.9
834	-1.154205	165.011052	0.020967	10.7
835	-0.657897	164.905253	0.005563	10.9
836	-1.026490	164.799635	0.009524	9.3
837	-0.110314	164.694197	0.002677	9.5
838	-0.802457	164.588939	0.010515	8.7
839	-0.126948	164.483859	0.007699	11.7
840	0.000000	164.378959	0.000000	8.5
841	0.000000	164.274237	0.000000	10.1
842	-0.387038	164.169692	0.010892	8.5
843	-0.686454	164.065325	0.008626	15.0
844	-1.061012	163.961135	0.010496	11.5
845	-0.000008	163.857120	0.000001	8.6
846	-0.773849	163.753282	0.008138	9.5
847	-0.526496	163.649619	0.004118	8.8
848	-0.039233	163.546130	0.003138	10.4
849	-0.159438	163.442816	0.003745	9.4
850	0.000000	163.339676	0.000000	11.5
851	-1.182098	163.236709	0.037651	13.6
852	0.000000	163.133915	0.000000	14.9
853	0.000000	163.031294	0.000000	11.1
854	0.000000	162.928844	0.000000	7.8
855	-0.013264	162.826566	0.000581	8.5
856	-1.142236	162.724459	0.021045	13.5
857	-0.647065	162.622523	0.011473	8.7
858	-0.606254	162.520757	0.007227	9.4
859	-0.000000	162.419160	0.000000	7.8
860	-1.006825	162.317733	0.006490	12.9
861	-0.001135	162.216474	0.000124	10.4
862	-0.610272	162.115383	0.007318	8.4
863	-0.620310	162.014461	0.004459	10.8
864	-0.000055	161.913705	0.000002	11.7
865	-0.908980	161.813117	0.023276	9.0
866	0.000000	161.712695	0.000000	9.9
867	-0.975368	161.612439	0.008890	8.6
868	-1.052411	161.512349	0.018894	8.5
869	-0.000000	161.412424	0.000000	14.4
870	-0.149132	161.312663	0.005943	8.4
871	0.000000	161.213067	0.000000	9.2
872	-0.000000	161.113635	0.000000	8.2
873	-0.010983	161.014366	0.000503	13.2
874	0.000000	160.915260	0.000000	10.3
875	-0.337814	160.816316	0.009258	8.5
876	-0.922484	160.717535	0.008469	9.0
877	-0.738761	160.618915	0.007388	9.3
878	-0.000601	160.520456	0.000170	11.8
879	-1.183689	160.422158	0.016848	10.0
880	0.000000	160.324021	0.000000	8.7
881	-0.001361	160.226043	0.000148	8.1
882	0.000000	160.128225	0.000000	12.2
883	-0.517758	160.030566	0.006499	11.1
884	0.000000	159.933066	0.000000	8.4
885	-0.000000	159.835723	0.000000	8.2
886	-0.930797	159.738539	0.007991	10.6
887	-0.105817	159.641512	0.003547	11.8
888	-0.813851	159.544642	0.007284	9.3
889	-0.612018	159.447929	0.005928	9.2
890	-1.052691	159.351372	0.042775	8.2
891	-0.293426	159.254971	0.004969	14.4
892	0.000000	159.158725	0.000000	12.6
893	-0.413381	159.062634	0.005152	8.0
894	-1.012686	158.966697	0.008300	10.0
895	-0.811040	158.870915	0.012444	13.4
896	-0.818448	158.775286	0.011470	9.4
897	-0.794301	158.679811	0.008536	9.7
898	-0.725784	158.584489	0.005916	9.1
899	-0.377558	158.489319	0.004653	13.3
900	-0.000000	158.394302	0.000000	9.4
901	-0.566248	158.299436	0.009218	8.0
902	-0.758841	158.204721	0.005089	8.8
903	-0.000000	158.110158	0.000000	10.3
904	0.000000	158.015745	0.000000	8.4
905	-0.874059	157.921482	0.008301	9.2
906	0.000000	157.827369	0.000000	8.3
907	0.000000	157.733406	0.000000	7.8
908	-0.178828	157.639591	0.003310	11.7
909	-0.909738	157.545925	0.009028	9.0
910	-0.136009	157.452408	0.004282	7.6
911	-0.926930	157.359038	0.008688	7.7
912	-0.542538	157.265816	0.004922	8.5
913	-1.248467	157.172741	0.016840	12.2
914	-0.973782	157.079813	0.031368	7.7
915	-0.574792	156.987031	0.008180	9.0
916	-0.000075	156.894395	0.000060	8.4
917	-1.019984	156.801904	0.006340	8.9
918	-1.114080	156.709559	0.049680	12.2
919	-0.311364	156.617359	0.003490	7.6
920	-0.619221	156.525304	0.008614	9.5
921	-0.852034	156.433392	0.006097	7.5
922	-1.090197	156.341624	0.043326	8.7
923	-0.982972	156.250000	0.008647	9.6
924	-1.123802	156.158519	0.009114	8.7
925	-0.769592	156.067180	0.013460	7.7
926	-1.061878	155.975984	0.005858	7.6
927	-0.956115	155.884930	0.007950	15.6
928	-0.497479	155.794017	0.003675	11.2
929	-0.880713	155.703246	0.006189	11.8
930	-0.658297	155.612615	0.006285	9.7
931	-0.434061	155.522125	0.004773	11.2
932	0.000000	155.431775	0.000000	8.3
933	-0.935749	155.341565	0.040639	9.1
934	-0.891889	155.251495	0.009381	9.4
935	-0.537188	155.161563	0.008513	7.6
936	0.000000	155.071771	0.000000	12.7
937	-0.029132	154.982117	0.000993	13.3
938	-0.000000	154.892601	0.000000	12.3
939	-0.513223	154.803222	0.007306	9.4
940	0.000000	154.713981	0.000000	12.0
941	-0.277570	154.624878	0.007643	10.2
942	-0.847335	154.535910	0.007942	7.6
943	-0.552205	154.447080	0.005785	8.5
944	-1.073524	154.358385	0.017087	11.3
945	-0.006020	154.269826	0.000366	7.7
946	0.000000	154.181402	0.000000	7.7
947	-0.612090	154.093114	0.006386	10.5
948	-0.926956	154.004960	0.007831	12.4
949	-1.034716	153.916940	0.014483	12.2
950	-0.008891	153.829054	0.000191	8.5
951	-1.015986	153.741303	0.008876	7.6
952	-0.811278	153.653684	0.008655	7.5
953	-0.728452	153.566198	0.010252	14.3
954	-0.048751	153.478846	0.002695	15.2
955	-0.037087	153.391625	0.000929	9.1
956	-0.931354	153.304537	0.007964	10.8
957	-1.027873	153.217580	0.012740	12.3
958	-0.857152	153.130755	0.022840	7.6
959	-0.211194	153.044061	0.003873	10.3
960	-0.001108	152.957498	0.000159	7.6
961	-0.785095	152.871065	0.006827	9.1
962	-1.085531	152.784762	0.011510	11.7
963	-0.796488	152.698589	0.006754	10.5
964	-1.103220	152.612545	0.016995	10.8
965	-0.046582	152.526631	0.001215	10.5
966	-0.663891	152.440845	0.024118	13.0
967	-0.620917	152.355188	0.009140	10.5
968	-0.411473	152.269660	0.007950	10.9
969	-1.033417	152.184259	0.020918	9.9
970	-0.374697	152.098986	0.007995	12.0
971	-0.796525	152.013840	0.007109	11.8
972	-0.000000	151.928821	0.000000	8.4
973	-0.773909	151.843928	0.007496	8.7
974	-1.039196	151.759163	0.017543	12.9
975	-0.565803	151.674523	0.004626	9.5
976	-0.869665	151.590009	0.014236	8.5
977	-1.068348	151.505620	0.005735	8.4
978	-0.482334	151.421357	0.006980	13.4
979	0.000000	151.337218	0.000000	8.2
980	-0.697989	151.253204	0.009743	9.7
981	-0.851205	151.169314	0.006436	9.1
982	-0.410770	151.085549	0.006475	11.2
983	-1.123725	151.001907	0.011157	10.6
984	-0.894956	150.918388	0.005570	7.6
985	-0.411995	150.834992	0.009409	10.3
986	-0.000228	150.751719	0.000148	8.9
987	-0.540233	150.668569	0.004981	11.9
988	-1.073289	150.585541	0.031892	9.6
989	-0.805051	150.502634	0.007399	9.0
990	-0.736913	150.419849	0.003569	8.8
991	-0.689450	150.337186	0.003179	9.5
992	-0.071106	150.254644	0.003691	13.0
993	-0.527373	150.172222	0.005096	11.0
994	-0.965285	150.089921	0.008182	8.4
995	-0.008488	150.007740	0.000322	11.3
996	-1.102504	149.925679	0.023479	14.7
997	0.000000	149.843737	0.000000	10.8
998	-0.965074	149.761915	0.025180	10.4
999	-0.775556	149.680212	0.006512	13.4
1000	-1.059824	149.598627	0.006375	11.7
1001	-0.001364	149.517161	0.000174	8.6
1002	-0.418747	149.435814	0.008206	9.7
1003	-0.854653	149.354584	0.004945	11.4
1004	-0.841393	149.273472	0.010301	12.6
1005	-0.806298	149.192477	0.007177	11.4
1006	-1.087409	149.111599	0.010363	9.7
1007	0.000000	149.030838	0.000000	10.4
1008	-0.750057	148.950194	0.005526	12.2
1009	-0.000000	148.869666	0.000000	10.6
1010	-0.680705	148.789253	0.008577	8.1
1011	-0.860755	148.708957	0.007931	9.8
1012	-0.569149	148.628776	0.005024	13.6
1013	-0.292543	148.548710	0.013179	9.6
1014	0.000000	148.468759	0.000000	10.1
1015	0.000000	148.388923	0.000000	7.7
1016	-1.040721	148.309201	0.007392	13.9
1017	-0.750308	148.229594	0.005290	10.0
1018	-0.663641	148.150100	0.005618	8.8
1019	-0.422688	148.070719	0.008997	10.7
1020	-0.762444	147.991452	0.004939	14.2
1021	-1.171734	147.912298	0.013839	7.8
1022	0.000000	147.833257	0.000000	11.0
1023	-0.753541	147.754329	0.005877	10.7
1024	-1.004370	147.675512	0.005018	13.5
1025	-0.913478	147.596808	0.010904	11.5
1026	-0.098671	147.518216	0.004137	10.5
1027	-0.466522	147.439735	0.005162	8.5
1028	0.000000	147.361365	0.000000	15.7
1029	-0.695930	147.283106	0.010413	10.6
1030	-0.628649	147.204958	0.008640	10.5
1031	-0.440698	147.126920	0.004932	9.5
1032	-0.256881	147.048993	0.004364	11.0
1033	-0.934163	146.971175	0.007094	8.6
1034	-0.542548	146.893468	0.009389	10.7
1035	-0.912844	146.815869	0.009014	8.6
1036	-1.282875	146.738380	0.014582	13.1
1037	-0.950672	146.661000	0.019021	10.4
1038	-0.949711	146.583729	0.009564	8.2
1039	-0.856629	146.506566	0.008575	8.4
1040	0.000000	146.429511	0.000000	10.7
1041	-0.220413	146.352565	0.005860	8.8
1042	-0.414459	146.275726	0.006685	10.1
1043	-0.000000	146.198994	0.000000	8.3
1044	0.000000	146.122370	0.000000	10.3
1045	-0.874155	146.045853	0.006572	12.6
1046	-0.008005	145.969442	0.000997	7.8
1047	-0.000088	145.893139	0.000014	8.9
1048	-0.000704	145.816941	0.000123	8.1
1049	-0.638212	145.740849	0.006508	11.5
1050	-0.359016	145.664863	0.004009	8.1
1051	-0.905837	145.588983	0.009432	10.2
1052	-0.847598	145.513208	0.008819	8.0
1053	-0.721899	145.437538	0.015913	8.0
1054	-0.443342	145.361973	0.004789	14.8
1055	-0.000000	145.286513	0.000000	8.5
1056	0.000000	145.211157	0.000000	10.2
1057	0.000000	145.135905	0.000000	10.0
1058	-0.798513	145.060757	0.008965	13.8
1059	0.000000	144.985712	0.000000	9.2
1060	-0.877520	144.910771	0.011354	9.1
1061	-0.635794	144.835934	0.005742	8.2
1062	-0.387369	144.761199	0.004815	11.7
1063	0.000000	144.686567	0.000000	9.1
1064	0.000000	144.612037	0.000000	10.0
1065	0.000000	144.537610	0.000000	8.7
1066	-0.587376	144.463285	0.004747	9.3
1067	-0.756899	144.389062	0.008869	12.4
1068	-0.692786	144.314940	0.005952	7.6
1069	-0.289372	144.240920	0.005429	10.1
1070	-0.875484	144.167001	0.019812	9.4
1071	-0.930968	144.093182	0.011054	13.5
1072	-0.559249	144.019465	0.005646	9.5
1073	-0.777363	143.945848	0.014225	8.4
1074	-0.912372	143.872331	0.009705	9.0
1075	-0.659114	143.798914	0.025973	11.5
1076	-0.234685	143.725597	0.004671	8.7
1077	-1.023950	143.652380	0.007836	10.2
1078	-1.050550	143.579262	0.013434	8.4
1079	-1.112585	143.506243	0.021758	10.0
1080	-1.162653	143.433323	0.019958	12.9
1081	-0.692845	143.360502	0.008591	8.1
1082	-0.818395	143.287780	0.009370	8.3
1083	-0.517517	143.215155	0.006600	8.2
1084	-0.276158	143.142629	0.006279	12.6
1085	-0.747280	143.070201	0.021798	9.4
1086	0.000000	142.997870	0.000000	8.9
1087	-0.569457	142.925637	0.004755	9.2
1088	-0.991891	142.853501	0.008882	8.8
1089	-0.561334	142.781462	0.008979	11.3
1090	-0.148162	142.709519	0.004970	7.9
1091	-0.550228	142.637674	0.007156	9.2
1092	-0.760152	142.565924	0.007265	8.4
1093	-0.918864	142.494271	0.009219	10.8
1094	-0.812223	142.422714	0.009613	9.9
1095	-0.420837	142.351252	0.003844	8.7
1096	-0.852718	142.279886	0.007796	10.4
1097	-0.693971	142.208616	0.017165	10.3
1098	0.000000	142.137440	0.000000	12.0
1099	-0.080092	142.066360	0.001655	9.9
1100	-0.873246	141.995374	0.006600	8.0
1101	0.000000	141.924483	0.000000	9.3
1102	-0.972252	141.853685	0.009546	13.3
1103	-0.959662	141.782983	0.010200	8.0
1104	-0.200290	141.712373	0.004841	9.5
1105	-0.215085	141.641858	0.003932	7.9
1106	-0.968695	141.571436	0.013304	11.1
1107	-0.556875	141.501108	0.004523	8.0
1108	-0.932548	141.430872	0.011518	9.7
1109	-0.280477	141.360730	0.002528	8.1
1110	0.000000	141.290680	0.000000	8.1
1111	-0.605619	141.220722	0.007737	15.2
1112	-0.767921	141.150857	0.014345	9.2
1113	-0.642275	141.081084	0.006378	10.8
1114	-0.219356	141.011403	0.004729	14.4
1115	0.000000	140.941813	0.000000	14.2
1116	-0.131420	140.872315	0.005376	9.3
1117	0.000000	140.802909	0.000000	11.5
1118	-0.016355	140.733593	0.001123	12.9
1119	0.000000	140.664369	0.000000	9.7
1120	0.000000	140.595235	0.000000	11.5
1121	0.000000	140.526192	0.000000	10.6
1122	-1.212020	140.457239	0.024994	15.4
1123	-0.616972	140.388376	0.010606	9.6
1124	0.000000	140.319603	0.000000	10.2
1125	-0.694244	140.250920	0.006769	8.5
1126	-1.119462	140.182326	0.019306	11.9
1127	-0.141172	140.113822	0.005600	10.6
1128	-0.100304	140.045407	0.003384	8.6
1129	-0.198420	139.977081	0.003730	8.9
1130	0.000000	139.908844	0.000000	9.1
1131	-0.013116	139.840696	0.001664	11.5
1132	-0.079767	139.772635	0.004358	8.9
1133	-0.061596	139.704664	0.001586	9.1
1134	-1.020787	139.636780	0.014488	8.1
1135	-0.191725	139.568984	0.006817	11.1
1136	0.000000	139.501276	0.000000	9.9
1137	0.000000	139.433655	0.000000	9.9
1138	-0.052279	139.366122	0.001753	7.9
1139	0.000000	139.298676	0.000000	9.0
1140	-0.674812	139.231317	0.005859	9.9
1141	-0.265805	139.164045	0.004180	10.2
1142	-0.358446	139.096859	0.006201	7.6
1143	-0.530399	139.029760	0.006645	10.7
1144	-1.085837	138.962747	0.035858	13.0
1145	-0.755739	138.895820	0.009683	7.8
1146	0.000000	138.828978	0.000000	10.1
1147	-1.089502	138.762223	0.009979	7.7
1148	-1.092185	138.695553	0.006214	8.4
1149	-0.839925	138.628969	0.007503	13.8
1150	-0.000393	138.562469	0.000024	7.6
1151	0.000000	138.496055	0.000000	10.5
1152	-0.004844	138.429725	0.000665	8.2
1153	-1.048425	138.363481	0.022152	12.4
1154	-0.060198	138.297320	0.002645	9.4
1155	-0.337590	138.231244	0.007000	7.9
1156	-0.820774	138.165252	0.011887	8.7
1157	-0.000007	138.099344	0.000007	8.4
1158	-0.328590	138.033520	0.004215	12.5
1159	-0.498334	137.967779	0.005401	7.7
1160	0.000000	137.902122	0.000000	8.8
1161	-0.664056	137.836548	0.006554	8.0
1162	-0.226049	137.771057	0.003715	8.7
1163	-0.594076	137.705649	0.008020	12.3
1164	-0.963170	137.640324	0.011060	8.4
1165	-0.934993	137.575081	0.013236	8.0
1166	-0.896957	137.509921	0.015640	7.6
1167	-0.487872	137.444842	0.006748	10.9
1168	-0.727506	137.379846	0.008288	8.8
1169	-0.035066	137.314932	0.002706	12.0
1170	0.000000	137.250100	0.000000	12.9
1171	-1.183184	137.185349	0.014449	15.0
1172	-0.938609	137.120680	0.007342	7.6
1173	-0.000000	137.056092	0.000000	9.2
1174	-0.911025	136.991585	0.008580	7.5
1175	-0.823492	136.927158	0.007302	7.6
1176	-1.018823	136.862813	0.010392	11.0
1177	-0.638562	136.798548	0.005897	9.3
1178	-0.905224	136.734363	0.010419	7.6
1179	-0.785108	136.670259	0.011045	7.7
1180	-0.570736	136.606235	0.006088	8.2
1181	0.000000	136.542291	0.000000	13.6
1182	-1.087129	136.478426	0.020174	10.2
1183	-0.207977	136.414641	0.004794	7.6
1184	-0.508772	136.350936	0.011413	8.5
1185	-0.079745	136.287310	0.003838	10.7
1186	-0.004469	136.223763	0.000122	13.4
1187	-0.342335	136.160295	0.009040	12.9
1188	-0.858241	136.096905	0.008112	7.8
1189	-0.035832	136.033594	0.001736	10.3
1190	-0.316252	135.970362	0.005061	9.5
1191	-0.464874	135.907208	0.003789	8.1
1192	-0.343776	135.844133	0.011905	7.9
1193	-0.813987	135.781135	0.008350	7.5
1194	0.000000	135.718215	0.000000	12.4
1195	-0.313495	135.655373	0.005368	8.0
1196	-0.731594	135.592608	0.007340	12.1
1197	0.000000	135.529921	0.000000	10.6
1198	-0.016902	135.467311	0.001830	10.3
1199	-0.893857	135.404778	0.006931	8.4
1200	-0.635586	135.342322	0.006358	7.8
1201	-0.687042	135.279942	0.012272	9.3
1202	-0.018187	135.217640	0.000626	7.9
1203	-0.117991	135.155413	0.004509	11.8
1204	-0.653969	135.093263	0.005614	11.8
1205	-0.250225	135.031190	0.008091	8.4
1206	-0.378225	134.969192	0.005196	8.2
1207	-0.681014	134.907270	0.012229	11.2
1208	-0.206076	134.845424	0.005225	10.0
1209	-0.780786	134.783653	0.005092	10.0
1210	0.000000	134.721958	0.000000	8.3
1211	0.000000	134.660338	0.000000	10.0
1212	-0.597231	134.598793	0.005207	13.5
1213	-0.552314	134.537323	0.005446	8.5
1214	-0.858315	134.475927	0.008723	10.4
1215	-0.260123	134.414607	0.007921	8.3
1216	0.000000	134.353361	0.000000	12.1
1217	-0.968592	134.292189	0.006160	10.1
1218	-0.840201	134.231092	0.021354	8.4
1219	-0.604598	134.170068	0.004765	8.1
1220	0.000000	134.109119	0.000000	8.2
1221	-0.647166	134.048243	0.006489	14.4
1222	0.000000	133.987441	0.000000	9.6
1223	-0.629515	133.926713	0.005597	7.9
1224	-0.738273	133.866057	0.004290	8.7
1225	-0.726304	133.805475	0.012963	11.2
1226	-1.257875	133.744966	0.028982	8.0
1227	-0.015673	133.684530	0.000737	7.6
1228	-0.804918	133.624167	0.004678	9.3
1229	-0.583741	133.563877	0.004113	8.0
1230	-0.000000	133.503658	0.000000	12.1
1231	-0.884962	133.443513	0.008320	9.4
1232	-0.571975	133.383439	0.002634	7.8
1233	-0.646284	133.323437	0.007581	8.0
1234	-0.400119	133.263508	0.006761	8.0
1235	-0.994498	133.203650	0.016530	13.0
1236	-0.665334	133.143864	0.006663	8.1
1237	-0.867220	133.084149	0.017128	10.9
1238	-0.543530	133.024506	0.006811	9.1
1239	-0.885274	132.964934	0.006018	9.4
1240	-0.664488	132.905433	0.010433	10.9
1241	-1.124642	132.846003	0.038976	8.1
1242	-0.176946	132.786643	0.004957	9.9
1243	-0.958909	132.727355	0.013058	8.2
1244	-0.000000	132.668137	0.000000	11.9
1245	-0.714298	132.608989	0.006440	9.7
1246	0.000000	132.549912	0.000000	8.4
1247	-0.869761	132.490904	0.011857	8.2
1248	-0.000000	132.431967	0.000000	7.9
1249	-0.457412	132.373100	0.004938	14.7
1250	0.000000	132.314302	0.000000	10.4
1251	-0.879057	132.255574	0.004640	8.1
1252	-0.014779	132.196916	0.000610	9.0
1253	-0.944030	132.138326	0.025074	12.3
1254	-0.328529	132.079806	0.004874	8.2
1255	0.000000	132.021355	0.000000	10.3
1256	-0.000000	131.962973	0.000000	8.1
1257	-0.044035	131.904660	0.003332	9.0
1258	-0.719319	131.846415	0.009718	11.9
1259	-0.252911	131.788239	0.004652	8.8
1260	-0.693911	131.730131	0.008837	7.9
1261	-0.706290	131.672092	0.006836	8.1
1262	-0.087834	131.614121	0.003267	12.3
1263	-0.227006	131.556217	0.008007	8.2
1264	-0.635045	131.498382	0.006504	10.3
1265	-0.233515	131.440614	0.004304	8.4
1266	-1.149018	131.382914	0.026086	11.5
1267	-0.816964	131.325282	0.011046	11.5
1268	0.000000	131.267717	0.000000	8.3
1269	-0.236820	131.210219	0.006306	9.4
1270	-0.449176	131.152788	0.005704	8.4
1271	-0.498486	131.095424	0.005373	12.1
1272	-0.479425	131.038127	0.004945	9.3
1273	-0.055054	130.980897	0.001073	8.2
1274	-0.767675	130.923733	0.008695	8.5
1275	-0.690958	130.866636	0.007719	8.5
1276	-0.359217	130.809605	0.004639	14.4
1277	-0.786028	130.752641	0.013497	11.4
1278	-0.162114	130.695742	0.003151	8.3
1279	-0.456661	130.638910	0.003935	8.9
1280	-1.070995	130.582143	0.009485	13.6
1281	0.000000	130.525442	0.000000	7.6
1282	-0.463485	130.468807	0.005653	10.6
1283	0.000000	130.412237	0.000000	8.3
1284	-1.015264	130.355733	0.007654	10.6
1285	-0.041777	130.299294	0.003513	10.7
1286	0.000000	130.242920	0.000000	9.7
1287	-0.000000	130.186611	0.000000	8.0
1288	-1.005463	130.130366	0.010692	8.4
1289	-1.083124	130.074187	0.006303	12.7
1290	-1.089148	130.018072	0.006408	11.3
1291	-0.942173	129.962022	0.012015	8.8
1292	0.000000	129.906036	0.000000	8.4
1293	-0.643534	129.850114	0.004859	12.7
1294	0.000000	129.794257	0.000000	9.0
1295	-0.926009	129.738463	0.015027	9.5
1296	0.000000	129.682734	0.000000	8.3
1297	-1.179516	129.627068	0.037615	9.3
1298	-0.275010	129.571466	0.003421	12.4
1299	-0.239664	129.515927	0.005670	9.3
1300	-0.000027	129.460452	0.000002	9.2
1301	-0.000000	129.405040	0.000000	8.5
1302	-0.755603	129.349692	0.009764	12.8
1303	-0.784229	129.294406	0.007107	7.9
1304	-0.151046	129.239183	0.005299	9.9
1305	-0.855810	129.184024	0.011780	8.6
1306	-0.575596	129.128927	0.008136	9.9
1307	-0.886916	129.073892	0.014746	11.2
1308	0.000000	129.018921	0.000000	8.0
1309	0.000000	128.964011	0.000000	9.7
1310	-0.002172	128.909164	0.000352	8.2
1311	-0.008739	128.854379	0.001044	12.2
1312	-0.333554	128.799656	0.006610	13.5
1313	-0.111486	128.744995	0.004065	7.7
1314	-0.853504	128.690396	0.012286	8.3
1315	-0.984194	128.635858	0.007432	12.3
1316	-0.917534	128.581382	0.004030	8.2
1317	-0.946184	128.526968	0.004587	9.8
1318	0.000000	128.472615	0.000000	8.3
1319	-0.961162	128.418323	0.028226	9.3
1320	-0.939535	128.364092	0.007774	13.7
1321	-0.804685	128.309922	0.007891	10.5
1322	-0.705128	128.255814	0.016545	11.2
1323	-0.945219	128.201766	0.011077	11.2
1324	-0.998355	128.147778	0.014879	13.6
1325	-0.003311	128.093852	0.000907	11.5
1326	-0.647115	128.039985	0.005708	13.5
1327	-0.774280	127.986180	0.007069	15.0
1328	-1.038837	127.932434	0.012199	8.6
1329	-0.100144	127.878749	0.004989	11.3
1330	-0.000005	127.825123	0.000001	12.1
1331	0.000000	127.771558	0.000000	14.1
1332	0.000000	127.718052	0.000000	8.6
1333	-1.048236	127.664606	0.008656	11.3
1334	-0.140462	127.611220	0.002785	8.4
1335	-0.682673	127.557893	0.011428	14.5
1336	-0.000771	127.504625	0.000050	14.5
1337	-0.742399	127.451417	0.007408	11.1
1338	0.000000	127.398268	0.000000	7.6
1339	-0.938610	127.345178	0.013421	12.9
1340	-0.016983	127.292147	0.001502	8.8
1341	-0.628907	127.239175	0.004856	10.1
1342	-0.176353	127.186261	0.008892	9.2
1343	-0.962529	127.133407	0.006217	9.3
1344	-0.835217	127.080610	0.006578	11.1
1345	-0.922931	127.027872	0.008085	9.8
1346	-1.038233	126.975193	0.013901	7.7
1347	-0.507124	126.922572	0.007102	8.7
1348	-0.543594	126.870008	0.005437	11.5
1349	-0.021155	126.817503	0.000490	9.8
1350	-0.642815	126.765056	0.006484	7.8
1351	-0.489023	126.712667	0.006046	8.8
1352	-0.646976	126.660335	0.008796	8.5
1353	0.000000	126.608061	0.000000	11.9
1354	-0.019383	126.555844	0.000512	10.4
1355	-0.763439	126.503685	0.012792	7.6
1356	0.000000	126.451583	0.000000	9.3
1357	-0.655322	126.399538	0.006739	11.2
1358	-0.529832	126.347550	0.010134	8.1
1359	-0.235469	126.295619	0.003187	12.2
1360	-0.502639	126.243745	0.007049	12.1
1361	-0.032285	126.191928	0.001006	14.0
1362	-0.389148	126.140168	0.005728	10.1
1363	-0.591372	126.088464	0.006232	7.9
1364	0.000000	126.036817	0.000000	7.8
1365	0.000000	125.985226	0.000000	7.9
1366	-0.686223	125.933691	0.006401	15.2
1367	-0.135737	125.882212	0.002350	11.2
1368	-0.721550	125.830790	0.005272	7.7
1369	-0.747956	125.779423	0.009979	8.8
1370	-0.069778	125.728113	0.002806	13.5
1371	-0.296729	125.676858	0.011313	7.7
1372	-0.529927	125.625659	0.009719	9.5
1373	-0.995815	125.574515	0.006756	7.6
1374	-0.344171	125.523427	0.007202	8.1
1375	-0.624158	125.472394	0.009564	13.3
1376	-0.000312	125.421417	0.000135	8.6
1377	-0.005630	125.370495	0.000455	9.6
1378	-1.023318	125.319628	0.005401	8.4
1379	-1.141836	125.268815	0.031648	11.7
1380	-1.060097	125.218058	0.009014	12.4
1381	-0.584954	125.167356	0.005343	9.0
1382	-0.651267	125.116708	0.004305	9.7
1383	-0.549926	125.066115	0.004463	8.2
1384	-0.130987	125.015576	0.006217	12.7
1385	0.000000	124.965092	0.000000	10.7
1386	-0.878482	124.914662	0.006933	8.2
1387	-0.161855	124.864287	0.003584	8.3
1388	-0.547225	124.813965	0.007175	10.7
1389	-0.994205	124.763698	0.007821	9.8
1390	-0.778639	124.713485	0.010531	10.6
1391	-0.763660	124.663325	0.008752	8.3
1392	-0.547975	124.613219	0.005497	10.4
1393	-0.000000	124.563167	0.000000	10.3
1394	0.000000	124.513168	0.000000	10.7
1395	-1.013618	124.463223	0.009653	9.2
1396	-0.000000	124.413332	0.000000	8.6
1397	-0.711627	124.363493	0.008384	12.1
1398	-0.789080	124.313708	0.008686	7.8
1399	-0.777800	124.263976	0.005967	9.4
1400	-0.635950	124.214297	0.008970	7.9
1401	-0.306158	124.164671	0.006536	9.4
1402	0.000000	124.115097	0.000000	11.2
1403	-0.608523	124.065577	0.007456	7.5
1404	-0.844275	124.016109	0.005732	7.6
1405	-0.784095	123.966693	0.012531	7.6
1406	-0.905635	123.917330	0.006378	10.7
1407	-0.030996	123.868020	0.001374	8.8
1408	-0.000000	123.818762	0.000000	9.5
1409	-0.692185	123.769556	0.004720	8.0
1410	-0.863987	123.720402	0.005113	8.9
1411	-0.781952	123.671300	0.006616	13.5
1412	-0.631709	123.622250	0.004724	8.6
1413	-0.013167	123.573252	0.002283	10.3
1414	-0.809428	123.524305	0.006211	8.2
1415	-1.179891	123.475411	0.022427	10.9
1416	-0.879789	123.426568	0.015727	11.1
1417	-0.000000	123.377776	0.000000	8.2
1418	-0.075724	123.329036	0.002546	9.2
1419	-0.087111	123.280347	0.003003	9.4
1420	-0.117401	123.231709	0.004103	11.8
1421	-0.514814	123.183122	0.004547	10.2
1422	0.000000	123.134587	0.000000	8.3
1423	-0.649126	123.086102	0.005775	9.1
1424	-0.946061	123.037669	0.009298	14.2
1425	-0.955145	122.989286	0.011971	9.1
1426	0.000000	122.940954	0.000000	9.8
1427	-0.755702	122.892672	0.005356	8.0
1428	-0.607602	122.844441	0.004189	8.2
1429	-0.670837	122.796261	0.006559	13.9
1430	0.000000	122.748130	0.000000	9.3
1431	-0.298006	122.700050	0.003431	8.2
1432	-0.957207	122.652021	0.010852	7.9
1433	-0.547652	122.604041	0.004732	12.2
1434	-0.661123	122.556111	0.005769	8.8
1435	0.000000	122.508232	0.000000	10.3
1436	-0.357146	122.460402	0.006231	9.5
1437	-0.397799	122.412622	0.004675	9.9
1438	-0.858596	122.364891	0.010195	9.9
1439	-1.086362	122.317210	0.006224	8.3
1440	-0.000569	122.269579	0.000091	10.0
1441	-0.542592	122.221997	0.002826	8.3
1442	0.000000	122.174465	0.000000	12.7
1443	0.000000	122.126981	0.000000	10.2
1444	-0.903323	122.079547	0.009795	8.6
1445	-0.078474	122.032162	0.003000	8.4
1446	-0.620223	121.984826	0.006267	9.7
1447	-0.750484	121.937539	0.006925	12.5
1448	-0.821494	121.890301	0.007717	10.1
1449	-0.007577	121.843112	0.000315	7.7
1450	-1.032062	121.795971	0.014078	9.4
1451	-0.689855	121.748879	0.004500	11.7
1452	-0.572363	121.701835	0.006406	8.1
1453	-0.788630	121.654840	0.006589	10.0
1454	-0.007120	121.607893	0.000856	8.4
1455	-0.721666	121.560994	0.008131	8.3
1456	-0.800298	121.514144	0.012287	11.7
1457	-0.880140	121.467342	0.009894	9.4
1458	0.000000	121.420588	0.000000	8.6
1459	-0.565241	121.373882	0.005591	8.2
1460	-0.680334	121.327223	0.003812	13.0
1461	-0.951494	121.280613	0.013055	8.2
1462	-0.000041	121.234050	0.000025	10.1
1463	-0.000022	121.187535	0.000009	9.0
1464	-1.154017	121.141067	0.008233	10.7
1465	-0.575469	121.094647	0.008960	12.1
1466	-1.128578	121.048274	0.018385	8.2
1467	-0.592041	121.001949	0.006529	10.6
1468	-0.307180	120.955671	0.006106	8.3
1469	-0.888585	120.909440	0.015077	11.3
1470	-0.000000	120.863256	0.000000	9.6
1471	-0.000067	120.817119	0.000009	8.6
1472	0.000000	120.771029	0.000000	8.0
1473	-0.074284	120.724986	0.003702	7.8
1474	0.000000	120.678990	0.000000	13.6
1475	-1.036097	120.633040	0.007389	13.9
1476	-0.906553	120.587137	0.007825	8.6
1477	-0.453851	120.541281	0.006090	11.2
1478	-0.185570	120.495471	0.005543	10.7
1479	-0.000442	120.449707	0.000203	8.6
1480	-0.667411	120.403990	0.008676	10.6
1481	-0.307875	120.358319	0.006878	8.3
1482	-0.531584	120.312694	0.006524	13.3
1483	0.000000	120.267115	0.000000	10.2
1484	-0.106808	120.221582	0.001902	7.9
1485	-1.066189	120.176096	0.016988	8.9
1486	-0.556534	120.130655	0.006268	14.5
1487	-0.087478	120.085260	0.005118	8.9
1488	-0.173076	120.039910	0.005659	11.7
1489	-0.908874	119.994606	0.009375	13.0
1490	-0.083366	119.949348	0.001924	15.4
1491	-0.445422	119.904135	0.006110	11.5
1492	-0.325028	119.858968	0.004969	11.0
1493	-1.132308	119.813846	0.011331	11.2
1494	-0.573238	119.768769	0.005624	12.0
1495	-0.428555	119.723738	0.003046	10.7
1496	-0.915992	119.678752	0.007214	11.7
1497	-1.027788	119.633810	0.010907	13.4
1498	-1.023695	119.588914	0.009545	10.5
1499	-0.464667	119.544062	0.005166	10.8
1500	-1.046275	119.499256	0.009406	9.9
1501	-1.168397	119.454494	0.012730	9.6
1502	-0.000000	119.409777	0.000000	10.8
1503	-0.801642	119.365104	0.006924	9.0
1504	-0.897564	119.320476	0.015466	11.9
1505	-0.859770	119.275893	0.005302	11.0
1506	-0.662622	119.231353	0.004850	13.7
1507	-1.064252	119.186859	0.014655	10.4
1508	-0.882466	119.142408	0.010902	9.9
1509	-0.000000	119.098002	0.000000	16.3
1510	-0.915165	119.053639	0.011806	9.8
1511	-0.540594	119.009321	0.010575	10.6
1512	-0.512379	118.965047	0.004460	9.7
1513	-0.018982	118.920816	0.001101	12.9
1514	0.000000	118.876630	0.000000	10.2
1515	-0.788156	118.832487	0.007256	12.6
1516	-0.676437	118.788388	0.007355	8.0
1517	-0.977778	118.744332	0.006700	14.6
1518	0.000000	118.700320	0.000000	11.6
1519	-0.000000	118.656352	0.000000	8.1
1520	-1.071825	118.612427	0.013883	10.9
1521	-0.456493	118.568545	0.008430	14.5
1522	-1.046090	118.524706	0.006222	8.6
1523	-0.817070	118.480911	0.006729	10.8
1524	-0.004310	118.437159	0.000010	10.4
1525	-1.094962	118.393450	0.011911	11.4
1526	-0.816174	118.349784	0.003822	10.3
1527	-1.113293	118.306160	0.008327	11.3
1528	-0.317911	118.262580	0.007441	8.4
1529	-0.502453	118.219042	0.011110	10.6
1530	-0.788905	118.175548	0.007291	9.6
1531	-0.575714	118.132095	0.005239	9.1
1532	-0.204900	118.088686	0.005978	8.0
1533	-0.300408	118.045319	0.006542	8.4
1534	-0.203667	118.001994	0.002283	12.8
1535	0.000000	117.958712	0.000000	8.0
1536	-0.892073	117.915472	0.008180	10.8
1537	-0.345819	117.872274	0.004809	9.5
1538	-0.855082	117.829118	0.015660	11.4
1539	0.000000	117.786005	0.000000	9.4
1540	-0.043619	117.742933	0.003723	11.8
1541	-1.053241	117.699904	0.005906	12.2
1542	0.000000	117.656916	0.000000	14.1
1543	-1.002337	117.613971	0.020676	12.4
1544	0.000000	117.571067	0.000000	11.8
1545	-0.647711	117.528205	0.008767	12.7
1546	-0.806121	117.485384	0.007935	9.8
1547	-0.029450	117.442605	0.001918	7.7
1548	-1.007099	117.399867	0.010785	9.9
1549	-0.000000	117.357171	0.000000	10.9
1550	-0.113877	117.314517	0.003579	9.5
1551	-0.335436	117.271903	0.004738	10.2
1552	0.000000	117.229331	0.000000	8.1
1553	-0.823945	117.186800	0.008644	8.8
1554	-0.597007	117.144311	0.005568	13.3
1555	-0.939352	117.101862	0.010516	8.3
1556	-0.939556	117.059454	0.008289	10.1
1557	-0.816398	117.017087	0.007181	8.4
1558	-0.387075	116.974762	0.003357	10.0
1559	-0.591687	116.932476	0.006289	12.2
1560	-0.396772	116.890232	0.003115	8.9
1561	-0.194736	116.848028	0.005614	11.9
1562	-0.829033	116.805865	0.004888	9.8
1563	0.000000	116.763743	0.000000	12.4
1564	-1.093526	116.721661	0.014338	10.0
1565	-0.261648	116.679619	0.002497	9.2
1566	-0.507520	116.637618	0.007454	8.1
1567	-0.863272	116.595657	0.005057	11.9
1568	-1.025280	116.553736	0.007638	8.2
1569	0.000000	116.511855	0.000000	9.6
1570	-0.903016	116.470015	0.019680	8.5
1571	-0.641191	116.428214	0.005207	8.4
1572	-1.101657	116.386454	0.008616	13.9
1573	-1.005361	116.344733	0.008283	9.1
1574	-1.026718	116.303052	0.010949	10.5
1575	-0.091846	116.261412	0.004815	8.2
1576	-0.864582	116.219810	0.004407	13.8
1577	-0.823564	116.178249	0.010432	10.7
1578	-0.052169	116.136727	0.004731	8.2
1579	-0.546193	116.095245	0.014404	9.6
1580	-0.350617	116.053802	0.009130	10.5
1581	-0.933970	116.012398	0.007221	10.2
1582	-1.237921	115.971034	0.021702	10.3
1583	-0.954567	115.929710	0.006581	8.4
1584	-1.047757	115.888424	0.008920	8.6
1585	-0.875148	115.847178	0.008111	13.5
1586	0.000000	115.805970	0.000000	9.2
1587	0.000000	115.764802	0.000000	8.6
1588	-1.036390	115.723673	0.005906	8.2
1589	-0.014041	115.682583	0.002376	12.4
1590	-1.131856	115.641532	0.021833	10.0
1591	0.000000	115.600519	0.000000	8.4
1592	-0.731730	115.559546	0.008668	9.0
1593	-0.964800	115.518610	0.016307	9.7
1594	-1.087838	115.477714	0.013210	10.0
1595	-1.115954	115.436856	0.019276	8.0
1596	-1.006126	115.396037	0.011574	9.2
1597	-1.045142	115.355256	0.010149	8.1
1598	-1.075650	115.314514	0.017476	11.9
1599	-0.039583	115.273810	0.002562	9.4
1600	-0.874142	115.233144	0.011836	7.9
1601	-0.946806	115.192517	0.012702	9.6
1602	-0.055661	115.151927	0.001411	8.6
1603	-0.593143	115.111376	0.012879	13.1
1604	-0.000044	115.070863	0.000018	10.2
1605	-0.923132	115.030388	0.007907	8.6
1606	-0.394012	114.989951	0.005466	9.2
1607	-0.760473	114.949551	0.008476	12.8
1608	-0.933936	114.909190	0.012225	8.2
1609	-0.000000	114.868866	0.000000	13.6
1610	-0.768655	114.828580	0.008784	9.6
1611	-1.074135	114.788332	0.009628	13.1
1612	-1.062372	114.748121	0.022592	10.2
1613	-1.098501	114.707948	0.006992	8.5
1614	-0.559145	114.667812	0.010777	8.2
1615	-0.544238	114.627714	0.004683	10.6
1616	-0.834395	114.587653	0.011944	12.5
1617	-0.640170	114.547629	0.011486	10.6
1618	-0.779968	114.507643	0.010434	8.7
1619	-0.946053	114.467693	0.012960	7.9
1620	0.000000	114.427781	0.000000	12.0
1621	-0.148725	114.387907	0.004073	7.9
1622	-0.921181	114.348069	0.007489	8.9
1623	-0.758855	114.308268	0.011129	7.6
1624	-0.948837	114.268504	0.011011	7.6
1625	-0.509707	114.228777	0.005731	10.7
1626	-0.082844	114.189086	0.002082	9.3
1627	-0.789192	114.149433	0.012994	7.6
1628	-0.544777	114.109816	0.008148	7.7
1629	-0.461546	114.070235	0.003418	7.7
1630	-0.153401	114.030692	0.005220	12.9
1631	-0.501629	113.991185	0.005371	9.1
1632	-0.001867	113.951714	0.000152	7.7
1633	0.000000	113.912280	0.000000	7.8
1634	-1.022952	113.872882	0.011236	8.4
1635	-0.663046	113.833521	0.006126	11.6
1636	-0.326551	113.794195	0.004099	7.6
1637	-0.560111	113.754906	0.004191	9.2
1638	0.000000	113.715653	0.000000	7.7
1639	-0.994478	113.676437	0.013758	7.6
1640	0.000000	113.637256	0.000000	11.1
1641	-0.077599	113.598111	0.002014	8.9
1642	-0.000000	113.559002	0.000000	7.7
1643	-0.000000	113.519929	0.000000	7.6
1644	-0.971821	113.480892	0.008260	7.6
1645	-0.643042	113.441891	0.006358	12.3
1646	-0.637651	113.402925	0.011807	14.5
1647	-0.332707	113.363995	0.005361	10.8
1648	-0.910570	113.325101	0.011714	8.6
1649	-0.737585	113.286242	0.005519	14.4
1650	-0.081812	113.247419	0.003305	10.3
1651	-0.210942	113.208631	0.006102	7.9
1652	-0.857102	113.169879	0.005851	7.9
1653	-0.916717	113.131162	0.007124	10.2
1654	-0.792850	113.092480	0.005840	11.1
1655	-0.702879	113.053833	0.008227	11.7
1656	-0.043421	113.015222	0.001728	7.6
1657	-0.000000	112.976646	0.000000	15.7
1658	-0.079531	112.938105	0.004778	11.5
1659	-1.096531	112.899599	0.019876	8.6
1660	-0.349612	112.861128	0.001938	9.0
1661	-0.530452	112.822692	0.009245	9.4
1662	0.000000	112.784291	0.000000	10.6
1663	-0.214938	112.745924	0.003414	9.9
1664	0.000000	112.707593	0.000000	7.6
1665	-0.993557	112.669296	0.022631	12.6
1666	-0.399606	112.631034	0.006094	19.9
1667	-0.919209	112.592806	0.003793	10.8
1668	-0.854730	112.554613	0.012273	7.5
1669	0.000000	112.516455	0.000000	11.2
1670	-1.081085	112.478331	0.008550	11.6
1671	-0.679528	112.440241	0.004909	7.9
1672	-0.832405	112.402186	0.007376	8.6
1673	-0.000000	112.364165	0.000000	7.6
1674	-0.889913	112.326179	0.005945	14.0
1675	-0.917585	112.288227	0.018753	11.6
1676	-0.000000	112.250309	0.000000	9.4
1677	-0.695912	112.212425	0.011861	7.4
1678	-1.001288	112.174575	0.008527	12.7
1679	-0.935527	112.136759	0.006781	9.1
1680	-1.163816	112.098977	0.010244	7.7
1681	-0.009938	112.061229	0.001393	7.6
1682	-0.998035	112.023515	0.012431	7.7
1683	-0.036907	111.985834	0.003099	11.1
1684	-1.122483	111.948188	0.013525	9.5
1685	-1.214023	111.910575	0.011455	7.7
1686	-0.978928	111.872996	0.006503	8.9
1687	-0.561769	111.835450	0.018635	7.9
1688	-0.210334	111.797939	0.005850	13.5
1689	-0.012306	111.760460	0.001159	8.0
1690	-0.683569	111.723015	0.009658	9.3
1691	-0.620992	111.685604	0.008961	8.6
1692	0.000000	111.648226	0.000000	10.9
1693	-0.723693	111.610881	0.004092	10.4
1694	-1.012844	111.573570	0.004146	8.3
1695	-1.035432	111.536292	0.011779	8.0
1696	-0.644784	111.499047	0.005081	8.9
1697	-1.125120	111.461835	0.015062	13.2
1698	-0.658931	111.424656	0.007395	9.6
1699	-0.634399	111.387510	0.012691	8.4
1700	0.000000	111.350398	0.000000	9.2
1701	0.000000	111.313318	0.000000	11.5
1702	-0.317263	111.276271	0.005520	7.7
1703	-0.511484	111.239257	0.010372	10.1
1704	-0.933879	111.202276	0.004007	8.6
1705	-0.908850	111.165328	0.005362	8.9
1706	-0.964670	111.128412	0.008842	11.9
1707	-0.000001	111.091529	0.000001	9.5
1708	-0.707754	111.054679	0.006299	8.1
1709	-0.684970	111.017861	0.015802	8.1
1710	-0.544884	110.981076	0.005805	11.3
1711	0.000000	110.944323	0.000000	8.7
1712	-0.717093	110.907603	0.008724	9.9
1713	0.000000	110.870915	0.000000	8.2
1714	-0.839050	110.834259	0.006085	10.1
1715	-0.919359	110.797636	0.016238	11.3
1716	-0.485685	110.761045	0.008402	8.2
1717	-0.943650	110.724486	0.015014	10.4
1718	-0.758589	110.687959	0.008007	7.9
1719	-0.050780	110.651465	0.001177	11.4
1720	0.000000	110.615002	0.000000	8.3
1721	-0.510403	110.578572	0.009238	8.9
1722	-0.574680	110.542173	0.008602	8.3
1723	-0.651979	110.505807	0.009424	8.6
1724	-0.000000	110.469472	0.000000	13.9
1725	-0.331520	110.433169	0.006478	8.2
1726	-0.680577	110.396898	0.008039	9.9
1727	-0.019065	110.360659	0.000808	8.6
1728	-0.683839	110.324451	0.012697	12.8
1729	-1.024029	110.288276	0.006166	10.3
1730	-0.754727	110.252131	0.005353	8.4
1731	-0.338465	110.216019	0.006097	9.2
1732	-0.605435	110.179937	0.006638	9.4
1733	-1.038797	110.143888	0.008898	11.6
1734	-0.022934	110.107869	0.000781	10.2
1735	-1.127334	110.071882	0.008981	8.0
1736	-0.052052	110.035927	0.001780	9.0
1737	-0.810045	110.000003	0.009313	12.3
1738	-0.976487	109.964110	0.011842	7.9
1739	-0.456163	109.928248	0.010690	9.6
1740	0.000000	109.892417	0.000000	7.9
1741	-0.000000	109.856618	0.000000	9.0
1742	-1.015741	109.820850	0.011048	14.2
1743	-0.445232	109.785112	0.005565	8.9
1744	-0.023052	109.749406	0.000766	8.5
1745	-0.518725	109.713730	0.005802	7.6
1746	-0.002641	109.678086	0.000306	10.4
1747	-0.599325	109.642472	0.007218	8.3
1748	-0.127176	109.606890	0.003363	10.1
1749	-1.009172	109.571337	0.005328	8.6
1750	-0.647114	109.535816	0.006757	9.0
1751	-0.000000	109.500326	0.000000	13.7
1752	-0.599485	109.464866	0.005093	8.2
1753	-0.016639	109.429436	0.001284	10.7
1754	-0.891187	109.394038	0.010312	8.2
1755	-0.872407	109.358669	0.006267	13.3
1756	-0.188210	109.323331	0.005291	10.2
1757	-0.898810	109.288024	0.006721	8.8
1758	0.000000	109.252747	0.000000	9.2
1759	-0.255298	109.217501	0.006607	10.6
1760	-0.761036	109.182284	0.012530	10.1
1761	0.000000	109.147098	0.000000	9.7
1762	-0.274961	109.111942	0.004709	7.6
1763	-0.640860	109.076817	0.006785	8.5
1764	-0.789917	109.041721	0.004765	10.8
1765	-0.000000	109.006656	0.000000	9.4
1766	-0.975273	108.971620	0.012471	8.3
1767	-0.490309	108.936615	0.007902	8.1
1768	-0.731467	108.901640	0.007225	9.6
1769	-0.619858	108.866694	0.013168	12.8
1770	-1.011068	108.831779	0.008673	10.3
1771	-0.373504	108.796893	0.007169	8.3
1772	-0.588490	108.762037	0.012469	9.8
1773	-0.244672	108.727211	0.006055	11.7
1774	-0.222205	108.692415	0.003450	8.1
1775	-0.864065	108.657648	0.011426	9.8
1776	0.000000	108.622911	0.000000	8.0
1777	-0.697868	108.588203	0.008346	7.9
1778	-0.750334	108.553525	0.004873	14.7
1779	-1.225365	108.518877	0.028988	8.2
1780	0.000000	108.484258	0.000000	11.4
1781	-0.989698	108.449668	0.005275	15.0
1782	-0.572236	108.415108	0.008747	12.2
1783	-0.721907	108.380578	0.005515	9.0
1784	-0.117956	108.346076	0.003854	8.3
1785	-0.948716	108.311604	0.005167	8.1
1786	-0.543838	108.277161	0.005368	12.3
1787	-1.019875	108.242747	0.013406	8.2
1788	-0.000440	108.208363	0.000032	9.7
1789	-0.259335	108.174007	0.003931	8.3
1790	-0.650753	108.139681	0.007049	8.1
1791	-0.211265	108.105383	0.005336	12.7
1792	-0.960481	108.071115	0.010652	8.1
1793	-0.892167	108.036875	0.024571	9.8
1794	-0.924307	108.002665	0.005914	8.6
1795	-1.055085	107.968483	0.024665	12.2
1796	-0.928586	107.934330	0.010144	9.9
1797	-0.750295	107.900206	0.015502	8.1
1798	-1.060683	107.866111	0.009940	9.0
1799	-0.635713	107.832044	0.007667	9.3
1800	-0.560012	107.798007	0.005613	12.3
1801	-0.675895	107.763997	0.005665	9.3
1802	-0.930841	107.730017	0.007933	11.8
1803	-0.361313	107.696065	0.005026	12.2
1804	-0.927038	107.662141	0.010957	12.2
1805	0.000000	107.628246	0.000000	12.2
1806	-0.692841	107.594379	0.009534	10.6
1807	-0.975887	107.560541	0.004794	18.2
1808	0.000000	107.526731	0.000000	12.2
1809	0.000000	107.492949	0.000000	11.5
1810	-0.918326	107.459196	0.007948	7.7
1811	0.000000	107.425471	0.000000	15.2
1812	-0.696621	107.391774	0.008337	11.1
1813	-0.881384	107.358106	0.010664	9.0
1814	-0.986637	107.324465	0.008643	11.2
1815	-0.722840	107.290853	0.017524	12.7
1816	-1.050812	107.257268	0.020104	9.2
1817	0.000000	107.223712	0.000000	12.5
1818	-0.790405	107.190184	0.006490	10.6
1819	-0.686927	107.156683	0.005924	15.5
1820	-0.000000	107.123211	0.000000	8.9
1821	-0.203938	107.089766	0.003571	10.9
1822	0.000000	107.056349	0.000000	8.0
1823	-0.799841	107.022960	0.004978	9.2
1824	-0.225891	106.989599	0.005781	14.7
1825	-0.033433	106.956265	0.001092	8.4
1826	-0.938862	106.922960	0.007265	8.2
1827	0.000000	106.889681	0.000000	8.2
1828	-0.000000	106.856431	0.000000	14.5
1829	-0.815617	106.823208	0.004658	10.4
1830	-0.564337	106.790012	0.005939	9.0
1831	-0.063293	106.756844	0.001963	9.3
1832	-1.095840	106.723703	0.009304	10.1
1833	0.000000	106.690590	0.000000	10.6
1834	-1.110267	106.657505	0.010344	9.9
1835	-0.186530	106.624446	0.004120	8.0
1836	-0.800302	106.591415	0.013949	7.9
1837	-0.000000	106.558411	0.000000	11.9
1838	-0.832916	106.525435	0.017199	8.3
1839	-0.595981	106.492485	0.004942	10.5
1840	-0.201656	106.459563	0.006161	8.5
1841	-0.106133	106.426668	0.003328	9.4
1842	-1.011412	106.393800	0.008516	13.9
1843	-0.609348	106.360959	0.004911	9.5
1844	-0.826821	106.328145	0.008371	8.6
1845	-0.530301	106.295358	0.004926	8.0
1846	-0.845927	106.262598	0.009204	11.7
1847	-0.658567	106.229865	0.005968	8.1
1848	-0.629255	106.197158	0.008319	9.1
1849	0.000000	106.164479	0.000000	7.6
1850	0.000000	106.131826	0.000000	8.1
1851	-0.862978	106.099201	0.008338	12.5
1852	-0.415311	106.066602	0.004614	7.6
1853	-0.575977	106.034029	0.006895	9.5
1854	-0.412519	106.001483	0.006229	7.6
1855	-1.023177	105.968964	0.008005	8.3
1856	-0.367941	105.936472	0.003833	11.8
1857	-1.151333	105.904006	0.013757	9.2
1858	-0.979808	105.871566	0.005657	7.7
1859	-0.400651	105.839153	0.005694	8.4
1860	-0.175297	105.806767	0.004818	7.6
1861	0.000000	105.774407	0.000000	11.6
1862	-0.918432	105.742073	0.007816	8.8
1863	-0.493719	105.709766	0.005270	7.6
1864	-0.496444	105.677485	0.012483	7.6
1865	-0.691333	105.645230	0.003942	7.6
1866	0.000000	105.613001	0.000000	10.8
1867	0.000000	105.580799	0.000000	8.4
1868	-1.029023	105.548623	0.006191	9.1
1869	-0.007764	105.516473	0.000956	8.3
1870	0.000000	105.484349	0.000000	14.6
1871	0.000000	105.452251	0.000000	12.7
1872	0.000000	105.420179	0.000000	7.8
1873	-1.088012	105.388133	0.010884	10.7
1874	-0.124727	105.356113	0.002231	8.5
1875	-0.949940	105.324119	0.010691	11.3
1876	0.000000	105.292151	0.000000	9.6
1877	-1.145756	105.260209	0.011723	7.5
1878	0.000000	105.228293	0.000000	7.7
1879	-0.571456	105.196402	0.005653	9.1
1880	-0.000260	105.164537	0.000062	11.9
1881	-0.815695	105.132698	0.007690	9.8
1882	-0.699887	105.100885	0.006069	8.7
1883	-0.958854	105.069097	0.008053	7.9
1884	0.000000	105.037335	0.000000	11.5
1885	-0.780098	105.005598	0.011827	9.7
1886	0.000000	104.973887	0.000000	7.7
1887	-0.638067	104.942202	0.010283	9.1
1888	-0.591253	104.910542	0.006042	9.9
1889	-0.177284	104.878907	0.003511	8.4
1890	-0.810441	104.847298	0.004863	9.3
1891	-0.819202	104.815715	0.006796	7.6
1892	-0.000076	104.784156	0.000034	7.7
1893	-0.000388	104.752623	0.000191	10.7
1894	-0.572670	104.721116	0.005879	10.3
1895	-0.709720	104.689633	0.007048	8.5
1896	-0.353200	104.658176	0.004214	7.6
1897	0.000000	104.626744	0.000000	7.7
1898	0.000000	104.595337	0.000000	12.9
1899	-1.115848	104.563955	0.010091	9.1
1900	-0.136482	104.532599	0.005726	7.7
1901	-0.908951	104.501267	0.009248	8.4
1902	-0.029181	104.469960	0.001040	9.0
1903	-0.376899	104.438679	0.004348	10.1
1904	-1.156934	104.407422	0.010422	7.6
1905	-0.107736	104.376191	0.005484	9.2
1906	0.000000	104.344984	0.000000	7.5
1907	-0.780080	104.313802	0.008492	10.3
1908	-0.608739	104.282645	0.005931	7.9
1909	-0.000657	104.251513	0.000149	8.8
1910	-0.852347	104.220405	0.007307	7.8
1911	-1.012921	104.189323	0.010761	13.3
1912	-0.494027	104.158265	0.004226	16.5
1913	0.000000	104.127231	0.000000	12.1
1914	-0.000000	104.096222	0.000000	8.4
1915	0.000000	104.065238	0.000000	11.2
1916	-0.055624	104.034279	0.001169	11.9
1917	-1.043987	104.003344	0.007345	8.3
1918	-1.104725	103.972433	0.006109	9.3
1919	-0.445400	103.941547	0.003122	9.0
1920	-0.113314	103.910686	0.004684	12.6
1921	-0.978580	103.879849	0.004858	12.4
1922	0.000000	103.849036	0.000000	8.3
1923	-0.757408	103.818248	0.010152	8.3
1924	-0.848516	103.787484	0.012736	14.4
1925	-0.939903	103.756744	0.011207	8.6
1926	-0.310431	103.726029	0.005614	11.7
1927	-0.782621	103.695338	0.009649	10.7
1928	0.000000	103.664671	0.000000	12.7
1929	-0.450852	103.634028	0.007275	9.1
1930	-0.763228	103.603409	0.011119	9.4
1931	-0.719614	103.572814	0.009522	8.2
1932	0.000000	103.542244	0.000000	12.6
1933	0.000000	103.511698	0.000000	8.7
1934	-1.043206	103.481175	0.005738	9.6
1935	-0.908289	103.450677	0.006909	8.1
1936	-0.597991	103.420202	0.005753	8.8
1937	-0.652065	103.389752	0.008417	12.7
1938	-0.807111	103.359325	0.011859	7.9
1939	-0.312635	103.328922	0.005783	9.4
1940	-0.036375	103.298543	0.002913	7.6
1941	-0.597844	103.268188	0.005988	11.2
1942	0.000000	103.237857	0.000000	9.9
1943	-1.054543	103.207549	0.008930	7.5
1944	-0.833657	103.177265	0.007222	8.5
1945	0.000000	103.147005	0.000000	7.6
1946	0.000000	103.116768	0.000000	11.6
1947	-0.906680	103.086556	0.007399	8.2
1948	-1.058956	103.056366	0.005476	9.6
1949	-0.983340	103.026200	0.006627	7.8
1950	-0.082818	102.996058	0.002844	7.8
1951	0.000000	102.965939	0.000000	13.5
1952	0.000000	102.935844	0.000000	8.3
1953	-0.493864	102.905772	0.004004	8.4
1954	-0.154959	102.875724	0.003878	8.2
1955	-0.688503	102.845699	0.009855	9.4
1956	-0.369258	102.815697	0.006244	15.5
1957	-0.949169	102.785719	0.006466	8.4
1958	-0.534838	102.755764	0.005850	10.0
1959	-0.555910	102.725832	0.004424	8.4
1960	-0.880359	102.695924	0.006361	13.3
1961	-0.420573	102.666038	0.008568	9.7
1962	-0.027129	102.636176	0.000668	7.7
1963	-0.723115	102.606337	0.006054	8.2
1964	-1.031781	102.576521	0.009573	8.2
1965	-1.006128	102.546728	0.007152	13.6
1966	-0.988217	102.516959	0.005055	10.7
1967	-0.736063	102.487212	0.006197	8.7
1968	-0.315320	102.457488	0.006436	9.5
1969	-0.746179	102.427788	0.012858	12.1
1970	-0.000000	102.398110	0.000000	8.1
1971	0.000000	102.368455	0.000000	9.1
1972	-0.834644	102.338823	0.006573	9.4
1973	-0.029971	102.309214	0.001717	9.1
1974	-0.657783	102.279628	0.007036	12.2
1975	0.000000	102.250064	0.000000	10.0
1976	-0.044439	102.220524	0.003178	8.5
1977	0.000000	102.191006	0.000000	8.5
1978	-0.249746	102.161511	0.003236	13.0
1979	-1.158582	102.132038	0.012346	8.2
1980	-1.035089	102.102588	0.011488	10.0
1981	-0.794202	102.073161	0.004782	8.8
1982	-0.973956	102.043757	0.007694	9.5
1983	0.000000	102.014375	0.000000	11.3
1984	-0.834368	101.985015	0.004492	8.3
1985	-0.044069	101.955678	0.002174	10.4
1986	-0.460385	101.926364	0.005126	8.1
1987	-0.961320	101.897072	0.005565	11.5
1988	-0.890825	101.867802	0.007987	9.6
1989	-0.000065	101.838555	0.000010	8.7
1990	0.000000	101.809330	0.000000	8.2
1991	0.000000	101.780128	0.000000	9.0
1992	0.000000	101.750948	0.000000	13.8
1993	-0.000001	101.721790	0.000000	10.4
1994	-0.479594	101.692654	0.003624	8.4
1995	-0.545509	101.663541	0.006008	9.4
1996	-1.005090	101.634450	0.009703	12.4
1997	-0.000433	101.605381	0.000104	8.2
1998	-0.573289	101.576335	0.006578	9.9
1999	-0.055748	101.547310	0.001631	8.3
