1:ItNr	2:Metric	3:StepSize	4:||Gradient||	Time[ms]
0	-0.000000	627.201626	0.000000	1091.4
1	-0.845367	623.504937	0.008922	10.9
2	-0.631494	619.865785	0.009163	10.2
3	-0.310598	616.282728	0.004425	11.8
4	-0.384240	612.754375	0.007079	11.7
5	-0.000000	609.279381	0.000000	11.7
6	-0.000000	605.856447	0.000000	11.6
7	-0.682436	602.484317	0.005709	11.8
8	-0.562321	599.161779	0.008889	11.6
9	-0.000000	595.887656	0.000000	11.9
10	-0.527738	592.660813	0.006579	11.6
11	-0.000000	589.480151	0.000000	11.6
12	-0.511915	586.344606	0.003860	11.7
13	-0.000000	583.253145	0.000000	12.7
14	-0.610888	580.204771	0.006064	11.6
15	-0.261507	577.198517	0.003674	12.2
16	-0.300742	574.233444	0.004646	12.5
17	-0.319376	571.308645	0.005014	11.6
18	-0.000027	568.423237	0.000028	11.6
19	-0.905495	565.576365	0.009563	10.3
20	-0.000000	562.767201	0.000000	12.9
21	-0.743863	559.994938	0.004813	11.6
22	-0.703511	557.258797	0.004761	11.7
23	-0.717597	554.558018	0.005116	11.6
24	-0.599128	551.891865	0.005083	12.6
25	-0.701864	549.259621	0.004930	12.0
26	-0.447630	546.660592	0.005714	12.1
27	-0.000000	544.094102	0.000000	11.9
28	-0.206894	541.559494	0.005332	13.2
29	-0.175118	539.056129	0.003191	11.4
30	-0.299238	536.583387	0.003605	12.3
31	-0.566008	534.140663	0.007152	13.4
32	-0.029996	531.727370	0.001315	12.7
33	-0.118131	529.342935	0.003093	10.5
34	-0.450026	526.986802	0.006013	12.4
35	-0.765276	524.658430	0.006249	12.7
36	-0.000458	522.357290	0.000256	12.4
37	-0.555379	520.082868	0.004303	12.5
38	-0.366551	517.834665	0.004862	13.5
39	-0.943751	515.612193	0.006538	12.1
40	-0.799056	513.414976	0.005196	13.1
41	-0.513281	511.242551	0.007506	12.7
42	-0.466478	509.094468	0.006378	13.7
43	-0.000000	506.970285	0.000000	12.8
44	-0.554299	504.869574	0.007124	12.3
45	-0.479404	502.791916	0.005757	13.4
46	-0.720999	500.736903	0.006130	14.1
47	-0.000000	498.704137	0.000000	14.8
48	-0.557215	496.693228	0.006847	13.1
49	-0.481836	494.703798	0.003553	12.5
50	-0.000000	492.735476	0.000000	13.5
51	-0.000000	490.787900	0.000000	12.5
52	-0.126785	488.860718	0.001673	12.9
53	-0.429448	486.953585	0.005404	12.5
54	-0.658482	485.066164	0.007318	13.0
55	-0.797197	483.198126	0.007404	10.4
56	-0.000000	481.349149	0.000000	12.8
57	-0.000000	479.518920	0.000000	12.5
58	-0.000000	477.707132	0.000000	12.5
59	-0.325804	475.913485	0.005040	12.5
60	-0.000000	474.137684	0.000000	12.5
61	-0.000013	472.379445	0.000023	10.8
62	-0.272787	470.638485	0.004119	12.1
63	-0.000000	468.914531	0.000000	11.7
64	-0.494394	467.207315	0.005985	11.8
65	-0.809437	465.516573	0.006938	11.7
66	-0.648187	463.842050	0.004618	11.7
67	-0.400125	462.183494	0.005612	11.6
68	-0.633912	460.540658	0.007900	11.1
69	-0.003819	458.913303	0.000669	12.6
70	-0.547134	457.301192	0.005750	11.7
71	-0.653149	455.704096	0.006880	12.5
72	-0.909894	454.121787	0.006479	11.2
73	-0.189090	452.554045	0.002970	11.1
74	-0.650906	451.000653	0.007030	11.7
75	-0.556140	449.461399	0.007229	11.6
76	-0.077274	447.936075	0.001279	11.6
77	-0.000000	446.424477	0.000000	11.6
78	-0.142028	444.926406	0.003690	22.6
79	-0.030300	443.441666	0.001498	17.6
80	-0.000000	441.970065	0.000000	17.0
81	-0.000000	440.511415	0.000000	17.4
82	-0.179547	439.065533	0.002290	16.7
83	-0.324157	437.632238	0.003425	15.6
84	-0.700842	436.211351	0.008345	16.5
85	-0.000000	434.802701	0.000000	18.2
86	-0.264609	433.406117	0.004848	16.8
87	-0.370491	432.021430	0.003522	16.2
88	-0.000000	430.648479	0.000000	17.6
89	-0.021115	429.287101	0.001090	17.2
90	-0.313393	427.937140	0.004714	20.0
91	-0.766428	426.598440	0.005197	22.0
92	-0.770556	425.270849	0.005878	19.4
93	-0.000000	423.954220	0.000000	22.9
94	-0.000000	422.648404	0.000000	15.2
95	-0.428325	421.353259	0.005664	14.1
96	-0.334523	420.068643	0.004979	14.2
97	-0.080031	418.794419	0.002045	12.5
98	-0.259502	417.530451	0.004503	12.5
99	-0.043195	416.276604	0.001876	13.9
100	-0.000000	415.032748	0.000000	14.3
101	-0.421541	413.798754	0.006860	14.1
102	-0.393588	412.574495	0.007664	14.3
103	-0.770686	411.359849	0.004390	14.0
104	-0.753758	410.154691	0.006721	10.8
105	-0.839992	408.958904	0.006566	18.1
106	-0.023631	407.772368	0.000236	13.9
107	-0.587568	406.594968	0.005622	14.3
108	-0.529500	405.426590	0.006696	14.5
109	-0.000000	404.267122	0.000000	14.8
110	-0.000000	403.116456	0.000000	12.7
111	-0.295144	401.974481	0.004902	12.7
112	-0.278894	400.841093	0.004318	12.8
113	-0.660618	399.716187	0.006471	11.8
114	-0.312498	398.599660	0.003657	13.0
115	-0.788238	397.491411	0.005622	13.2
116	-0.424703	396.391342	0.010988	10.5
117	-0.000000	395.299353	0.000000	12.6
118	-0.000000	394.215350	0.000000	12.7
119	-0.180620	393.139238	0.004822	12.5
120	-0.836188	392.070924	0.008112	11.5
121	-0.083007	391.010316	0.001444	13.2
122	-0.764279	389.957325	0.004923	12.2
123	-0.000000	388.911862	0.000000	11.7
124	-0.000000	387.873839	0.000000	11.7
125	-0.000000	386.843173	0.000000	11.6
126	-0.000000	385.819777	0.000000	13.7
127	-0.171353	384.803569	0.002357	11.7
128	-0.672278	383.794468	0.007462	11.7
129	-0.834390	382.792393	0.008069	11.0
130	-0.013976	381.797264	0.000852	12.1
131	-0.000000	380.809005	0.000000	12.2
132	-0.000000	379.827537	0.000000	12.6
133	-0.856251	378.852786	0.007311	12.1
134	-0.746426	377.884678	0.004704	13.2
135	-0.048573	376.923138	0.001768	12.3
136	-0.464437	375.968095	0.008088	15.8
137	-0.632787	375.019479	0.007624	16.6
138	-0.674101	374.077218	0.004621	16.7
139	-0.234851	373.141244	0.002972	16.2
140	-0.665549	372.211489	0.007328	16.8
141	-0.035575	371.287887	0.000490	15.5
142	-0.863219	370.370370	0.007720	16.7
143	-0.807891	369.458876	0.008535	16.1
144	-0.014859	368.553338	0.001468	16.1
145	-0.505064	367.653696	0.007255	17.0
146	-0.428501	366.759885	0.004173	16.2
147	-0.030961	365.871846	0.001405	15.8
148	-0.671131	364.989518	0.004773	16.9
149	-0.451587	364.112841	0.006358	16.1
150	-0.327640	363.241757	0.004770	18.9
151	-0.000000	362.376208	0.000000	64.0
152	-0.557123	361.516137	0.006543	18.7
153	-0.222281	360.661488	0.002873	17.1
154	-0.000000	359.812206	0.000000	14.4
155	-0.000000	358.968236	0.000000	13.6
156	-0.311209	358.129524	0.003977	13.2
157	-0.675255	357.296018	0.004763	12.6
158	-0.705523	356.467665	0.007598	12.2
159	-0.417250	355.644414	0.003244	13.5
160	-0.520311	354.826213	0.004830	14.1
161	-0.000000	354.013012	0.000000	13.2
162	-0.000085	353.204763	0.000014	12.5
163	-0.000000	352.401415	0.000000	12.6
164	-0.000000	351.602922	0.000000	13.0
165	-1.025501	350.809235	0.010581	10.6
166	-0.722340	350.020308	0.004723	12.4
167	-0.000000	349.236095	0.000000	12.2
168	-0.000000	348.456550	0.000000	12.6
169	-0.576340	347.681627	0.006493	12.5
170	-0.817933	346.911283	0.005569	11.6
171	-0.000000	346.145474	0.000000	9.3
172	-0.473728	345.384157	0.009530	10.0
173	-0.000000	344.627288	0.000000	11.2
174	-0.535117	343.874826	0.006907	12.3
175	-0.779667	343.126729	0.004924	13.0
176	-0.681830	342.382957	0.007852	10.3
177	-0.651617	341.643469	0.006276	12.1
178	-0.059996	340.908224	0.002328	12.4
179	-0.000000	340.177184	0.000000	13.2
180	-0.914916	339.450309	0.007650	11.5
181	-0.516065	338.727561	0.006602	12.8
182	-0.378871	338.008902	0.006808	12.7
183	-0.597865	337.294295	0.004910	12.9
184	-0.728298	336.583703	0.003905	12.8
185	-0.271829	335.877089	0.003746	13.2
186	-0.803296	335.174416	0.006321	12.0
187	-0.383532	334.475651	0.004217	12.6
188	-0.000000	333.780756	0.000000	13.4
189	-0.327579	333.089698	0.004777	12.9
190	-0.000000	332.402443	0.000000	12.5
191	-0.705207	331.718955	0.006111	13.0
192	-0.729412	331.039203	0.006260	13.2
193	-0.782313	330.363153	0.008898	11.3
194	-0.000000	329.690771	0.000000	13.7
195	-0.713705	329.022027	0.005123	12.5
196	-0.000000	328.356888	0.000000	12.7
197	-0.477735	327.695322	0.004028	12.6
198	-0.783356	327.037299	0.005672	12.9
199	-0.387624	326.382787	0.004868	12.0
200	-0.756305	325.731758	0.004818	12.4
201	-0.063112	325.084179	0.001289	12.9
202	-0.805177	324.440023	0.007179	12.3
203	-0.740798	323.799258	0.006259	12.4
204	-0.097153	323.161858	0.001935	12.5
205	-0.787351	322.527792	0.005736	17.0
206	-0.758878	321.897034	0.007484	13.2
207	-0.643003	321.269554	0.004291	12.4
208	-0.507189	320.645325	0.006160	12.9
209	-0.522104	320.024320	0.005693	12.5
210	-0.470826	319.406512	0.006722	13.3
211	-0.153550	318.791875	0.006052	12.4
212	-0.241269	318.180381	0.003094	12.8
213	-0.006018	317.572005	0.000331	11.1
214	-0.000000	316.966721	0.000000	13.6
215	-0.969728	316.364504	0.007712	11.5
216	-0.362902	315.765329	0.005045	12.4
217	-0.652282	315.169170	0.006228	12.4
218	-0.501138	314.576003	0.004809	12.2
219	-0.614735	313.985804	0.008688	12.8
220	-0.777684	313.398548	0.006546	12.1
221	-0.966053	312.814213	0.008001	13.2
222	-0.129441	312.232773	0.004368	12.3
223	-0.000000	311.654207	0.000000	12.5
224	-0.000000	311.078491	0.000000	12.3
225	-0.000000	310.505602	0.000000	12.4
226	-0.296309	309.935518	0.005235	13.9
227	-0.000000	309.368217	0.000000	15.9
228	-0.153533	308.803676	0.003651	14.7
229	-0.000000	308.241874	0.000000	15.8
230	-0.163734	307.682789	0.002206	15.4
231	-0.812811	307.126400	0.005663	15.4
232	-0.590434	306.572687	0.007811	13.8
233	-0.887949	306.021627	0.006676	16.3
234	-0.202645	305.473201	0.004322	13.3
235	-0.666703	304.927388	0.005737	14.4
236	-0.714017	304.384168	0.004893	14.0
237	-0.491009	303.843521	0.005583	14.4
238	-0.853598	303.305427	0.005606	14.2
239	-0.428817	302.769867	0.006727	13.0
240	-0.163464	302.236821	0.002605	12.4
241	-0.180621	301.706270	0.003972	12.6
242	-0.718068	301.178196	0.005731	13.0
243	-0.560914	300.652580	0.003979	12.0
244	-0.000000	300.129402	0.000000	12.7
245	-0.581553	299.608645	0.006664	12.1
246	-0.426928	299.090291	0.003758	12.6
247	-0.468689	298.574321	0.005665	12.7
248	-0.376784	298.060718	0.003328	12.1
249	-0.021293	297.549465	0.000841	12.8
250	-0.746156	297.040543	0.007281	12.1
251	-0.656330	296.533936	0.004608	12.5
252	-0.732275	296.029626	0.005742	11.5
253	-0.037358	295.527597	0.001769	13.4
254	-0.595691	295.027832	0.006941	14.7
255	-0.000000	294.530315	0.000000	16.7
256	-0.000000	294.035028	0.000000	15.5
257	-0.000000	293.541956	0.000000	16.1
258	-0.000000	293.051083	0.000000	16.6
259	-0.161834	292.562393	0.001946	15.6
260	-0.410090	292.075870	0.004230	15.9
261	-0.485333	291.591498	0.005746	16.3
262	-0.731757	291.109263	0.004894	16.7
263	-0.862267	290.629149	0.005413	14.4
264	-0.499549	290.151140	0.003090	14.4
265	-0.000874	289.675222	0.001080	11.3
266	-0.231718	289.201380	0.003497	13.2
267	-0.733485	288.729600	0.005287	14.5
268	-0.601213	288.259866	0.006482	16.1
269	-0.804884	287.792165	0.006314	17.5
270	-0.000000	287.326481	0.000000	14.3
271	-0.000000	286.862802	0.000000	16.1
272	-0.350640	286.401113	0.005406	14.7
273	-0.973522	285.941400	0.006192	15.2
274	-0.000000	285.483649	0.000000	14.1
275	-0.000000	285.027847	0.000000	12.5
276	-0.594947	284.573981	0.005908	11.6
277	-0.265862	284.122037	0.005712	12.7
278	-0.000000	283.672002	0.000000	12.3
279	-0.868494	283.223863	0.007749	13.0
280	-0.538596	282.777607	0.007348	10.8
281	-0.490093	282.333221	0.005086	10.3
282	-0.749562	281.890692	0.005223	15.0
283	-0.588304	281.450008	0.003749	12.9
284	-0.430531	281.011157	0.004531	12.7
285	-0.660535	280.574125	0.007342	13.1
286	-0.043597	280.138901	0.002219	12.3
287	-0.031641	279.705473	0.001448	13.3
288	-0.722909	279.273829	0.008636	10.4
289	-0.000000	278.843956	0.000000	12.3
290	-0.047335	278.415844	0.001275	12.2
291	-0.473996	277.989479	0.006296	12.4
292	-0.805293	277.564851	0.006061	15.2
293	-0.441535	277.141949	0.005434	14.1
294	-0.000000	276.720761	0.000000	12.8
295	-0.000000	276.301275	0.000000	12.7
296	-0.797759	275.883480	0.010895	10.1
297	-0.723524	275.467366	0.005399	12.5
298	-0.440810	275.052922	0.004852	12.1
299	-0.570664	274.640136	0.007630	11.7
300	-0.382497	274.228998	0.003849	11.7
301	-0.093189	273.819497	0.006371	10.1
302	-0.034857	273.411623	0.001261	11.7
303	-0.691173	273.005365	0.004922	14.9
304	-0.633053	272.600712	0.007104	12.0
305	-0.181190	272.197655	0.002287	12.7
306	-0.607300	271.796184	0.006736	12.8
307	-0.786974	271.396287	0.006118	12.8
308	-0.186475	270.997956	0.002433	13.3
309	-0.747761	270.601180	0.004474	13.1
310	-0.313845	270.205949	0.004078	13.9
311	-0.649755	269.812254	0.004196	15.5
312	-0.129240	269.420085	0.002035	12.9
313	-0.669661	269.029432	0.005339	14.1
314	-0.826267	268.640287	0.009140	11.4
315	-0.647833	268.252638	0.005049	12.9
316	-0.740889	267.866478	0.005918	14.0
317	-0.000000	267.481796	0.000000	13.9
318	-0.254919	267.098584	0.004187	12.6
319	-0.770939	266.716833	0.006584	12.9
320	-0.345487	266.336533	0.005797	13.3
321	-0.768009	265.957676	0.005414	12.8
322	-0.381243	265.580253	0.003980	12.2
323	-0.479732	265.204254	0.006203	12.6
324	-0.247127	264.829672	0.005780	11.7
325	-0.000000	264.456497	0.000000	11.7
326	-0.000000	264.084721	0.000000	12.2
327	-0.301004	263.714335	0.004040	12.3
328	-0.835142	263.345332	0.006172	12.5
329	-0.583169	262.977702	0.004293	13.3
330	-0.470884	262.611438	0.003687	13.2
331	-0.804653	262.246531	0.006369	12.9
332	-0.000000	261.882973	0.000000	12.8
333	-0.445723	261.520756	0.005530	12.8
334	-0.906128	261.159871	0.007173	13.1
335	-0.602891	260.800312	0.008065	14.1
336	-0.531704	260.442070	0.005847	12.6
337	-0.686763	260.085137	0.005525	12.8
338	-0.743123	259.729505	0.004826	13.0
339	-0.697210	259.375167	0.006988	13.1
340	-0.671475	259.022116	0.006621	14.3
341	-0.000687	258.670343	0.001162	12.7
342	-0.545745	258.319841	0.005733	12.6
343	-0.707059	257.970602	0.008414	14.3
344	-0.637892	257.622620	0.005519	13.8
345	-0.001033	257.275887	0.000448	13.3
346	-0.910257	256.930396	0.005308	12.3
347	-0.464526	256.586139	0.006879	10.1
348	-0.469760	256.243109	0.003348	13.1
349	-0.684891	255.901300	0.007685	12.9
350	-0.583042	255.560703	0.005035	13.2
351	-0.022384	255.221313	0.001317	12.3
352	-0.000000	254.883122	0.000000	12.3
353	-0.083910	254.546124	0.001967	10.7
354	-0.190953	254.210311	0.002169	11.8
355	-0.001155	253.875677	0.000255	11.6
356	-0.410205	253.542215	0.005188	11.6
357	-0.548581	253.209918	0.007711	11.6
358	-0.731579	252.878781	0.004152	12.8
359	-0.632023	252.548795	0.004812	11.8
360	-0.132147	252.219956	0.002326	12.1
361	-0.708256	251.892255	0.004198	12.1
362	-0.266088	251.565688	0.003640	11.1
363	-0.077981	251.240247	0.003545	10.1
364	-0.366514	250.915926	0.003702	12.6
365	-0.374353	250.592720	0.007864	12.5
366	-0.003243	250.270621	0.000714	11.7
367	-0.779133	249.949624	0.008759	11.6
368	-0.372138	249.629723	0.004913	11.6
369	-0.299801	249.310911	0.003886	10.4
370	-0.718776	248.993182	0.005465	11.5
371	-0.469826	248.676531	0.005056	10.5
372	-0.786881	248.360952	0.006108	11.6
373	-0.434069	248.046438	0.005883	11.5
374	-0.804330	247.732984	0.006573	12.6
375	-0.829472	247.420584	0.007089	11.9
376	-0.665379	247.109233	0.006881	11.8
377	-0.000000	246.798924	0.000000	11.7
378	-0.484769	246.489652	0.007020	11.6
379	-0.000000	246.181412	0.000000	11.7
380	-0.521777	245.874197	0.007931	12.4
381	-0.714414	245.568002	0.004808	11.6
382	-0.000000	245.262822	0.000000	11.6
383	-0.568030	244.958652	0.006044	11.7
384	-0.663393	244.655485	0.005516	12.3
385	-0.817549	244.353317	0.007181	18.8
386	-0.273634	244.052142	0.005334	14.1
387	-0.538243	243.751955	0.006353	11.9
388	-0.567267	243.452750	0.006217	12.2
389	-0.000000	243.154523	0.000000	11.9
390	-0.521712	242.857268	0.004920	12.5
391	-0.666726	242.560980	0.005491	10.8
392	-0.117690	242.265654	0.001828	13.7
393	-0.827021	241.971285	0.005496	15.3
394	-0.719391	241.677868	0.005256	12.7
395	-0.488821	241.385397	0.005092	11.6
396	-0.325772	241.093869	0.004730	13.1
397	-0.000000	240.803278	0.000000	11.8
398	-0.557238	240.513619	0.006146	12.6
399	-0.576409	240.224887	0.006924	11.6
400	-0.034080	239.937077	0.001066	11.7
401	-0.759920	239.650186	0.006278	11.8
402	-0.756367	239.364207	0.004370	11.6
403	-0.007947	239.079136	0.000022	11.9
404	-0.000000	238.794969	0.000000	14.4
405	-0.000000	238.511701	0.000000	14.5
406	-0.000000	238.229327	0.000000	13.5
407	-0.537408	237.947843	0.006677	11.5
408	-0.000000	237.667244	0.000000	11.7
409	-0.016500	237.387526	0.001326	12.4
410	-0.000000	237.108684	0.000000	10.6
411	-0.000000	236.830714	0.000000	11.9
412	-0.000000	236.553610	0.000000	12.3
413	-0.710263	236.277370	0.003764	14.1
414	-0.023472	236.001989	0.002537	10.6
415	-0.886170	235.727461	0.006765	10.7
416	-0.574672	235.453784	0.003755	12.2
417	-0.000000	235.180952	0.000000	11.6
418	-0.623569	234.908962	0.005153	11.8
419	-0.322879	234.637809	0.004587	11.7
420	-0.008555	234.367488	0.000063	11.8
421	-0.840313	234.097997	0.005122	11.6
422	-0.000000	233.829331	0.000000	12.7
423	-0.000000	233.561485	0.000000	11.8
424	-0.827550	233.294456	0.006570	11.8
425	-0.563215	233.028239	0.006051	11.6
426	-0.706384	232.762831	0.007923	13.4
427	-0.609734	232.498228	0.006650	14.5
428	-0.000000	232.234425	0.000000	13.1
429	-0.484399	231.971419	0.008329	12.2
430	-0.019562	231.709205	0.001270	11.9
431	-0.750673	231.447781	0.005683	11.8
432	-0.000000	231.187141	0.000000	11.7
433	-0.000000	230.927283	0.000000	12.3
434	-0.820842	230.668202	0.004580	12.9
435	-0.813337	230.409895	0.005667	12.1
436	-0.578662	230.152358	0.003704	13.4
437	-0.803970	229.895587	0.004864	12.1
438	-0.446191	229.639578	0.003233	12.0
439	-0.854909	229.384329	0.005863	11.6
440	-0.463539	229.129834	0.004882	12.2
441	-0.677179	228.876091	0.005039	12.6
442	-0.890098	228.623096	0.006033	11.6
443	-0.035251	228.370846	0.002143	12.6
444	-0.344523	228.119336	0.002600	12.4
445	-0.259457	227.868563	0.003931	11.7
446	-0.521216	227.618525	0.003323	11.7
447	-0.000000	227.369216	0.000000	11.6
448	-0.708821	227.120635	0.004289	11.8
449	-0.861630	226.872777	0.006029	11.6
450	-0.505413	226.625638	0.004334	11.8
451	-0.143863	226.379217	0.003147	9.8
452	-0.297868	226.133509	0.003572	11.6
453	-0.000000	225.888510	0.000000	11.6
454	-0.298664	225.644218	0.002977	11.7
455	-0.833861	225.400630	0.004794	11.9
456	-0.369481	225.157741	0.005867	11.6
457	-0.577954	224.915549	0.004383	12.0
458	-0.000000	224.674051	0.000000	12.1
459	-0.670454	224.433242	0.008491	9.5
460	-0.421952	224.193121	0.007356	11.8
461	-0.000000	223.953684	0.000000	11.6
462	-0.000000	223.714927	0.000000	12.5
463	-0.000000	223.476848	0.000000	11.8
464	-0.295829	223.239444	0.006072	11.1
465	-0.608614	223.002710	0.004868	11.8
466	-0.375786	222.766645	0.007417	12.2
467	-0.610550	222.531245	0.007569	11.9
468	-0.640257	222.296508	0.005540	12.4
469	-0.568277	222.062429	0.004004	12.2
470	-0.258965	221.829007	0.003977	11.9
471	-0.563460	221.596238	0.005652	12.2
472	-0.733686	221.364119	0.005631	11.8
473	-0.336147	221.132647	0.006676	13.6
474	-0.000000	220.901820	0.000000	12.7
475	-0.050494	220.671634	0.002599	11.8
476	-0.555319	220.442086	0.005260	12.9
477	-0.406684	220.213174	0.003033	12.0
478	-0.361509	219.984895	0.004280	11.9
479	-0.750114	219.757246	0.004735	11.6
480	-0.747786	219.530224	0.008100	11.6
481	-0.590424	219.303826	0.007719	11.7
482	-0.738543	219.078050	0.005979	11.6
483	-0.000000	218.852893	0.000000	9.9
484	-0.004950	218.628352	0.000446	11.7
485	-0.129164	218.404424	0.002736	12.5
486	-0.612530	218.181106	0.007687	11.8
487	-0.000000	217.958397	0.000000	11.9
488	-0.724594	217.736292	0.005948	13.3
489	-0.248009	217.514790	0.002850	12.3
490	-0.039015	217.293888	0.001362	12.7
491	-0.000006	217.073584	0.000008	12.9
492	-0.705018	216.853873	0.006191	12.6
493	-0.347549	216.634755	0.004539	10.7
494	-0.124658	216.416227	0.002109	12.9
495	-0.000000	216.198285	0.000000	12.6
496	-0.091713	215.980927	0.001596	13.3
497	-0.767963	215.764151	0.005339	13.7
498	-0.214351	215.547955	0.002931	11.8
499	-0.457844	215.332335	0.006386	12.9
500	-0.668660	215.117289	0.008058	12.7
501	-0.503299	214.902815	0.005064	13.1
502	-0.092005	214.688911	0.002385	12.1
503	-0.823767	214.475573	0.008484	11.7
504	-0.769590	214.262800	0.004704	15.8
505	-0.000000	214.050588	0.000000	15.4
506	-0.077431	213.838936	0.002152	15.1
507	-0.151745	213.627842	0.002511	15.0
508	-0.763846	213.417302	0.006420	15.6
509	-0.370513	213.207314	0.005294	16.3
510	-0.692459	212.997877	0.005982	15.5
511	-0.568266	212.788987	0.007136	14.7
512	-0.296584	212.580642	0.004511	13.5
513	-0.077034	212.372841	0.001542	13.8
514	-0.000000	212.165581	0.000000	14.8
515	-0.803333	211.958859	0.006903	14.8
516	-0.887941	211.752673	0.008265	14.5
517	-0.329662	211.547021	0.003103	12.6
518	-0.054490	211.341902	0.003284	14.1
519	-0.000000	211.137311	0.000000	13.0
520	-0.000000	210.933248	0.000000	12.7
521	-0.741702	210.729710	0.007428	13.7
522	-0.989425	210.526695	0.007432	13.0
523	-0.346461	210.324200	0.004810	12.3
524	-0.166050	210.122224	0.003713	13.9
525	-0.283863	209.920765	0.003104	13.7
526	-0.813360	209.719820	0.005468	12.5
527	-0.000000	209.519387	0.000000	12.9
528	-0.192958	209.319463	0.003305	13.7
529	-0.128691	209.120048	0.001096	12.1
530	-0.297650	208.921139	0.007555	10.8
531	-0.875089	208.722733	0.006239	10.6
532	-0.177310	208.524829	0.004607	12.5
533	-0.000000	208.327425	0.000000	14.4
534	-0.794362	208.130518	0.005689	11.7
535	-0.646724	207.934107	0.006369	13.4
536	-0.000000	207.738189	0.000000	12.3
537	-0.000000	207.542762	0.000000	12.5
538	-0.000790	207.347825	0.000155	14.4
539	-0.000000	207.153376	0.000000	12.8
540	-0.693933	206.959412	0.006493	12.3
541	-0.000000	206.765932	0.000000	13.9
542	-0.640149	206.572933	0.008078	10.4
543	-0.813835	206.380414	0.005059	13.0
544	-0.024806	206.188373	0.001110	11.4
545	-0.373477	205.996807	0.004021	11.7
546	-0.540977	205.805716	0.007169	11.9
547	-0.478296	205.615096	0.005852	12.6
548	-0.000000	205.424946	0.000000	12.1
549	-0.452323	205.235265	0.005262	11.6
550	-0.602689	205.046050	0.007432	11.9
551	-0.735023	204.857299	0.004913	11.5
552	-0.531672	204.669011	0.005992	11.6
553	-0.781238	204.481184	0.009189	11.7
554	-0.238592	204.293816	0.004520	12.0
555	-0.762515	204.106905	0.008053	11.6
556	-0.854608	203.920449	0.007614	11.6
557	-0.408333	203.734447	0.003357	11.6
558	-0.000000	203.548896	0.000000	18.0
559	-0.793582	203.363795	0.007929	14.6
560	-1.026737	203.179143	0.009058	13.1
561	-0.694596	202.994937	0.006771	14.0
562	-0.000000	202.811176	0.000000	13.1
563	-0.594059	202.627857	0.004772	11.9
564	-0.230772	202.444980	0.002921	12.2
565	-0.790816	202.262543	0.006383	13.3
566	-0.107773	202.080543	0.002069	12.4
567	-0.728612	201.898979	0.005438	13.0
568	-0.366633	201.717849	0.003581	13.4
569	-0.693848	201.537153	0.006705	11.9
570	-0.535149	201.356887	0.005277	11.9
571	-0.005897	201.177050	0.001964	11.6
572	-0.000000	200.997642	0.000000	11.7
573	-0.890529	200.818659	0.005951	11.6
574	-0.522287	200.640100	0.006780	11.7
575	-0.263930	200.461965	0.005024	11.6
576	-0.000000	200.284250	0.000000	11.9
577	-0.620201	200.106955	0.006183	11.7
578	-0.782622	199.930078	0.005311	11.7
579	-0.000000	199.753617	0.000000	11.7
580	-0.001060	199.577571	0.000639	11.9
581	-0.000126	199.401938	0.000145	11.7
582	-0.878321	199.226717	0.006883	10.1
583	-0.733710	199.051905	0.005936	11.7
584	-0.213463	198.877502	0.002412	11.7
585	-0.000000	198.703506	0.000000	10.6
586	-0.367460	198.529916	0.003787	11.7
587	-0.374899	198.356729	0.005135	11.7
588	-0.322141	198.183944	0.005494	11.8
589	-0.278621	198.011560	0.003555	11.7
590	-0.406869	197.839576	0.003813	11.8
591	-0.307627	197.667989	0.003835	9.9
592	-0.000000	197.496798	0.000000	11.8
593	-0.660616	197.326002	0.007723	11.6
594	-0.000152	197.155600	0.000217	10.4
595	-0.557533	196.985589	0.006067	12.8
596	-0.169778	196.815969	0.001804	12.8
597	-0.320501	196.646738	0.004856	13.0
598	-0.713702	196.477894	0.005239	12.7
599	-0.000000	196.309436	0.000000	12.8
600	-0.000000	196.141363	0.000000	13.4
601	-0.740756	195.973673	0.006148	12.5
602	-0.943217	195.806365	0.006423	13.1
603	-0.000000	195.639437	0.000000	12.2
604	-0.368287	195.472888	0.006353	14.0
605	-1.027855	195.306717	0.009248	11.3
606	-0.040450	195.140922	0.000861	12.6
607	-0.000000	194.975501	0.000000	12.6
608	-0.000000	194.810454	0.000000	12.4
609	-0.771048	194.645779	0.004470	13.2
610	-0.771398	194.481475	0.005026	12.8
611	-0.678830	194.317540	0.006840	13.1
612	-0.530260	194.153973	0.005032	12.8
613	-0.199983	193.990773	0.002021	12.9
614	-0.000000	193.827938	0.000000	12.9
615	-0.000000	193.665467	0.000000	12.8
616	-0.000000	193.503358	0.000000	12.7
617	-0.794501	193.341611	0.005215	14.0
618	-0.074147	193.180224	0.001774	14.8
619	-0.340697	193.019196	0.005994	15.6
620	-0.284249	192.858525	0.002956	16.5
621	-0.273002	192.698210	0.002473	15.6
622	-0.804615	192.538251	0.005512	15.6
623	-0.000000	192.378644	0.000000	15.1
624	-0.615083	192.219391	0.006621	16.7
625	-0.557020	192.060488	0.005475	14.2
626	-0.341793	191.901935	0.005430	14.3
627	-0.291496	191.743730	0.005209	14.0
628	-0.110420	191.585873	0.001885	13.6
629	-0.433627	191.428362	0.005467	17.3
630	-0.690586	191.271196	0.005092	14.6
631	-0.000000	191.114374	0.000000	14.9
632	-0.764262	190.957893	0.007949	12.6
633	-0.461298	190.801755	0.005156	13.3
634	-0.595029	190.645956	0.006908	12.7
635	-0.828885	190.490495	0.005437	12.6
636	-0.005447	190.335373	0.000400	13.4
637	-0.551191	190.180587	0.004190	14.5
638	-0.577974	190.026136	0.005612	12.3
639	-0.000000	189.872019	0.000000	12.6
640	-0.000000	189.718235	0.000000	13.0
641	-0.704511	189.564782	0.006558	11.9
642	-0.007044	189.411661	0.000680	12.0
643	-0.508173	189.258868	0.008270	12.9
644	-0.375208	189.106404	0.004195	11.9
645	-0.128561	188.954267	0.001726	11.6
646	-0.812759	188.802456	0.008873	11.9
647	-0.880387	188.650969	0.005824	10.4
648	-0.639263	188.499807	0.005318	11.6
649	-0.000000	188.348967	0.000000	11.7
650	-0.234393	188.198448	0.003180	12.6
651	-0.245778	188.048250	0.003234	11.9
652	-0.863314	187.898371	0.006179	11.6
653	-0.065044	187.748810	0.002455	11.7
654	-0.420268	187.599566	0.006639	11.9
655	-0.000000	187.450638	0.000000	12.9
656	-0.671474	187.302025	0.007400	11.7
657	-0.000000	187.153725	0.000000	12.8
658	-0.728175	187.005739	0.007237	11.6
659	-0.716424	186.858064	0.003906	11.8
660	-0.744621	186.710699	0.005650	14.2
661	-0.387784	186.563645	0.006744	11.9
662	-0.000000	186.416898	0.000000	13.0
663	-0.000000	186.270459	0.000000	13.0
664	-0.730158	186.124326	0.005320	12.0
665	-0.432362	185.978499	0.005974	13.0
666	-0.872276	185.832976	0.006447	11.7
667	-0.425945	185.687756	0.006655	12.0
668	-0.830060	185.542838	0.007086	12.7
669	-0.763747	185.398222	0.005893	14.1
670	-0.793847	185.253906	0.004793	11.7
671	-0.000000	185.109889	0.000000	12.7
672	-0.675281	184.966170	0.006558	11.8
673	-0.000000	184.822748	0.000000	12.0
674	-0.000000	184.679623	0.000000	11.9
675	-0.282971	184.536792	0.004928	11.7
676	-0.566331	184.394256	0.006701	12.5
677	-0.371593	184.252013	0.005345	11.8
678	-0.000000	184.110062	0.000000	11.7
679	-0.964577	183.968403	0.011020	10.1
680	-0.784061	183.827034	0.005288	11.8
681	-0.383048	183.685954	0.003201	11.3
682	-0.503646	183.545163	0.004787	11.3
683	-0.021899	183.404658	0.001445	11.8
684	-0.203159	183.264441	0.002225	11.9
685	-0.431052	183.124509	0.005296	13.1
686	-0.436476	182.984861	0.003001	16.4
687	-0.448738	182.845497	0.006646	13.7
688	-0.000000	182.706416	0.000000	11.9
689	-0.000000	182.567616	0.000000	11.7
690	-0.000000	182.429098	0.000000	12.1
691	-0.453042	182.290859	0.004216	11.9
692	-0.339335	182.152899	0.004125	14.1
693	-0.441913	182.015217	0.005774	12.0
694	-0.420879	181.877813	0.004211	12.2
695	-0.000000	181.740684	0.000000	13.5
696	-0.437460	181.603832	0.005804	11.7
697	-0.000000	181.467253	0.000000	11.9
698	-0.228425	181.330948	0.002879	13.3
699	-0.253887	181.194916	0.003320	12.3
700	-0.997351	181.059155	0.008472	9.9
701	-0.000000	180.923666	0.000000	13.8
702	-1.019468	180.788446	0.007939	12.8
703	-0.000000	180.653496	0.000000	13.8
704	-0.643336	180.518814	0.005898	13.0
705	-0.198567	180.384399	0.002396	12.5
706	-0.159495	180.250251	0.003450	11.7
707	-0.742929	180.116369	0.006325	12.4
708	-0.824520	179.982752	0.006925	11.8
709	-0.374701	179.849398	0.005679	12.2
710	-0.644899	179.716308	0.006631	13.4
711	-0.639838	179.583480	0.004693	13.5
712	-0.452805	179.450913	0.005384	12.6
713	-0.598951	179.318607	0.005267	12.7
714	-0.643072	179.186561	0.004048	11.8
715	-0.524982	179.054774	0.004953	11.8
716	-0.814008	178.923245	0.004789	11.7
717	-0.123742	178.791973	0.002046	12.2
718	-0.383006	178.660958	0.006101	11.4
719	-0.816494	178.530199	0.006989	9.8
720	-0.764048	178.399694	0.007314	11.9
721	-0.000000	178.269444	0.000000	11.9
722	-0.475403	178.139447	0.003363	11.9
723	-0.497907	178.009702	0.006761	11.8
724	-0.024125	177.880209	0.000940	11.9
725	-0.332780	177.750967	0.004747	11.6
726	-0.635636	177.621975	0.006867	11.7
727	-0.825651	177.493232	0.006569	10.0
728	-0.195217	177.364738	0.002207	12.7
729	-0.438784	177.236492	0.005943	14.1
730	-0.833628	177.108492	0.005630	15.3
731	-0.660546	176.980739	0.007584	13.8
732	-0.057444	176.853231	0.001328	12.4
733	-0.549961	176.725968	0.006643	12.0
734	-0.505369	176.598949	0.005274	13.1
735	-0.087816	176.472173	0.002690	13.3
736	-0.597260	176.345639	0.008427	11.9
737	-0.257566	176.219348	0.005619	14.1
738	-0.000000	176.093296	0.000000	12.8
739	-0.429900	175.967486	0.005972	12.3
740	-0.181998	175.841914	0.002419	11.9
741	-0.607050	175.716581	0.005202	12.1
742	-0.000000	175.591486	0.000000	11.7
743	-0.388968	175.466629	0.005627	11.6
744	-0.722082	175.342008	0.005011	11.7
745	-0.000000	175.217622	0.000000	11.7
746	-0.496584	175.093472	0.006263	11.8
747	-0.258611	174.969556	0.002907	11.8
748	-0.827859	174.845873	0.005156	11.8
749	-0.818296	174.722423	0.005371	15.1
750	-0.887755	174.599206	0.006713	13.9
751	-0.014156	174.476220	0.000476	13.1
752	-0.613447	174.353464	0.007236	12.2
753	-0.070231	174.230939	0.002308	12.2
754	-0.454946	174.108643	0.004528	12.1
755	-0.131560	173.986576	0.002188	12.6
756	-0.823831	173.864737	0.004827	12.1
757	-0.082928	173.743124	0.001449	11.7
758	-0.275747	173.621739	0.004151	13.2
759	-0.000000	173.500579	0.000000	12.3
760	-0.209851	173.379645	0.003029	11.6
761	-0.000000	173.258935	0.000000	11.8
762	-0.749146	173.138449	0.005986	11.7
763	-0.033456	173.018186	0.000849	12.6
764	-0.531553	172.898146	0.007456	11.7
765	-0.393479	172.778327	0.003662	11.7
766	-0.827801	172.658730	0.005908	11.9
767	-0.102108	172.539353	0.002756	10.0
768	-0.857627	172.420196	0.008742	10.0
769	-0.000000	172.301258	0.000000	11.7
770	-0.525038	172.182539	0.005896	11.8
771	-0.532266	172.064037	0.003941	9.4
772	-0.382490	171.945753	0.003611	11.9
773	-0.826552	171.827686	0.007670	11.8
774	-0.697287	171.709834	0.004144	12.5
775	-0.000000	171.592198	0.000000	11.7
776	-0.825251	171.474776	0.006298	11.3
777	-0.079826	171.357568	0.002002	11.8
778	-0.302494	171.240574	0.004815	11.6
779	-0.000000	171.123793	0.000000	15.0
780	-0.541575	171.007223	0.006304	14.4
781	-0.688918	170.890865	0.005194	12.5
782	-0.000589	170.774718	0.000481	9.4
783	-0.000000	170.658782	0.000000	12.0
784	-0.358367	170.543055	0.004742	11.7
785	-0.015919	170.427537	0.000635	12.1
786	-0.019586	170.312227	0.001098	11.8
787	-0.784740	170.197125	0.006859	15.0
788	-0.046802	170.082231	0.001541	14.6
789	-0.756526	169.967543	0.004724	12.8
790	-0.661538	169.853061	0.004890	13.0
791	-0.139695	169.738784	0.004609	11.6
792	-0.777656	169.624713	0.005578	12.1
793	-0.000000	169.510845	0.000000	12.7
794	-0.250122	169.397181	0.003154	13.0
795	-0.392913	169.283720	0.003756	11.5
796	-0.956291	169.170462	0.010385	9.4
797	-0.000000	169.057405	0.000000	11.7
798	-0.797077	168.944549	0.007308	9.7
799	-0.000000	168.831895	0.000000	11.7
800	-0.721584	168.719440	0.005560	11.6
801	-0.000000	168.607185	0.000000	11.7
802	-0.004677	168.495129	0.000546	11.7
803	-0.408943	168.383271	0.005066	11.6
804	-0.008811	168.271611	0.000506	11.5
805	-0.157819	168.160148	0.005360	13.8
806	-0.471560	168.048882	0.006852	15.0
807	-0.792785	167.937812	0.005430	12.8
808	-0.784511	167.826938	0.004563	12.1
809	-0.610913	167.716258	0.004821	11.8
810	-0.754280	167.605773	0.007563	10.0
811	-0.651587	167.495482	0.006866	11.6
812	-0.652059	167.385384	0.006500	12.0
813	-0.076962	167.275479	0.002148	12.2
814	-0.650528	167.165766	0.007025	15.0
815	-0.778988	167.056245	0.004546	12.3
816	-0.152480	166.946915	0.001771	10.5
817	-0.000000	166.837776	0.000000	11.8
818	-0.796043	166.728826	0.004831	11.7
819	-0.000000	166.620067	0.000000	11.7
820	-0.860332	166.511496	0.005276	11.6
821	-0.000000	166.403113	0.000000	11.9
822	-0.000000	166.294919	0.000000	13.2
823	-0.618824	166.186912	0.005991	15.8
824	-0.754135	166.079091	0.005422	12.2
825	-0.655196	165.971458	0.004196	10.9
826	-0.471413	165.864009	0.006900	12.2
827	-0.024126	165.756747	0.001439	12.0
828	-0.764881	165.649669	0.003841	11.8
829	-0.164465	165.542775	0.002924	12.2
830	-0.000000	165.436065	0.000000	11.8
831	-0.396139	165.329538	0.005763	13.8
832	-0.758316	165.223194	0.005665	11.8
833	-0.001625	165.117032	0.000755	12.5
834	-0.495669	165.011052	0.006746	12.0
835	-0.811700	164.905253	0.005289	12.8
836	-0.000000	164.799635	0.000000	12.0
837	-0.631865	164.694197	0.005826	12.6
838	-0.729872	164.588939	0.004925	12.4
839	-0.194360	164.483859	0.002834	11.8
840	-0.000000	164.378959	0.000000	9.5
841	-0.727419	164.274237	0.004923	11.7
842	-0.043713	164.169692	0.001041	11.6
843	-0.256854	164.065325	0.004452	13.0
844	-0.463821	163.961135	0.005625	14.1
845	-0.550750	163.857120	0.006132	13.4
846	-0.530001	163.753282	0.005240	12.0
847	-0.129766	163.649619	0.001519	12.2
848	-0.000000	163.546130	0.000000	11.5
849	-0.735810	163.442816	0.005660	12.1
850	-0.251997	163.339676	0.002754	12.0
851	-0.838576	163.236709	0.006044	13.4
852	-0.735854	163.133915	0.006915	13.6
853	-0.000000	163.031294	0.000000	13.4
854	-0.000000	162.928844	0.000000	12.5
855	-0.000000	162.826566	0.000000	12.8
856	-0.000000	162.724459	0.000000	11.9
857	-0.000000	162.622523	0.000000	11.8
858	-0.733565	162.520757	0.009604	10.3
859	-0.385805	162.419160	0.002933	11.9
860	-0.745034	162.317733	0.004450	12.5
861	-0.806362	162.216474	0.004810	11.7
862	-0.000000	162.115383	0.000000	13.1
863	-0.835176	162.014461	0.006521	10.0
864	-0.000000	161.913705	0.000000	11.9
865	-0.000000	161.813117	0.000000	12.0
866	-0.000000	161.712695	0.000000	11.9
867	-0.415393	161.612439	0.003918	12.8
868	-0.750652	161.512349	0.005407	13.9
869	-0.770410	161.412424	0.007404	12.4
870	-0.000000	161.312663	0.000000	12.8
871	-0.001312	161.213067	0.000198	13.0
872	-0.297076	161.113635	0.004937	13.1
873	-0.434815	161.014366	0.005502	13.2
874	-0.599398	160.915260	0.004752	12.8
875	-0.000000	160.816316	0.000000	13.4
876	-0.872024	160.717535	0.006971	11.1
877	-0.738901	160.618915	0.006361	12.8
878	-0.823206	160.520456	0.007598	12.5
879	-0.521830	160.422158	0.004931	13.3
880	-0.247730	160.324021	0.004483	12.2
881	-0.887673	160.226043	0.008438	12.2
882	-0.743311	160.128225	0.004649	12.8
883	-0.026752	160.030566	0.001253	12.2
884	-0.013150	159.933066	0.002218	12.6
885	-0.283537	159.835723	0.006160	10.9
886	-0.537600	159.738539	0.006955	12.5
887	-0.493950	159.641512	0.003562	12.9
888	-0.698231	159.544642	0.004883	12.8
889	-0.909125	159.447929	0.007699	13.2
890	-0.870246	159.351372	0.005574	11.4
891	-0.638085	159.254971	0.004927	12.0
892	-0.136220	159.158725	0.002089	12.3
893	-0.304909	159.062634	0.003497	12.8
894	-0.365947	158.966697	0.004658	12.6
895	-0.000040	158.870915	0.000052	14.0
896	-0.406692	158.775286	0.004373	13.5
897	-0.746989	158.679811	0.007598	12.6
898	-0.000000	158.584489	0.000000	13.7
899	-0.004869	158.489319	0.000501	12.7
900	-0.731237	158.394302	0.005058	13.0
901	-0.000000	158.299436	0.000000	13.6
902	-0.549503	158.204721	0.006110	12.8
903	-0.570538	158.110158	0.006181	12.6
904	-0.483261	158.015745	0.009237	11.0
905	-0.655418	157.921482	0.006581	12.8
906	-0.129861	157.827369	0.001920	12.7
907	-0.405523	157.733406	0.004333	12.8
908	-0.352685	157.639591	0.004521	11.1
909	-0.441704	157.545925	0.005933	13.0
910	-0.343638	157.452408	0.004865	12.7
911	-0.582260	157.359038	0.006890	12.4
912	-0.660869	157.265816	0.008202	12.3
913	-0.741003	157.172741	0.004923	12.7
914	-0.374892	157.079813	0.004548	11.7
915	-0.000000	156.987031	0.000000	12.0
916	-0.483526	156.894395	0.005400	11.6
917	-0.466166	156.801904	0.005347	11.8
918	-0.361152	156.709559	0.005128	12.0
919	-0.064420	156.617359	0.001835	9.4
920	-0.845338	156.525304	0.006275	12.5
921	-0.720045	156.433392	0.004179	11.7
922	-0.188021	156.341624	0.002528	11.7
923	-0.490935	156.250000	0.004793	11.7
924	-0.302369	156.158519	0.004428	11.8
925	-0.487903	156.067180	0.003508	11.9
926	-0.022616	155.975984	0.003021	12.2
927	-0.000000	155.884930	0.000000	12.3
928	-0.708407	155.794017	0.006608	12.2
929	-0.913631	155.703246	0.007768	12.7
930	-0.417640	155.612615	0.003926	12.8
931	-0.617627	155.522125	0.006068	13.1
932	-0.960807	155.431775	0.006760	11.1
933	-0.755564	155.341565	0.007900	13.4
934	-0.792911	155.251495	0.005845	14.1
935	-0.453197	155.161563	0.006241	12.8
936	-0.863686	155.071771	0.005978	13.7
937	-0.776271	154.982117	0.004928	12.7
938	-0.582814	154.892601	0.006202	12.7
939	-0.832290	154.803222	0.004519	13.7
940	-0.370743	154.713981	0.004274	13.0
941	-0.000000	154.624878	0.000000	13.2
942	-0.598973	154.535910	0.009772	11.2
943	-0.000037	154.447080	0.000047	12.9
944	-0.466163	154.358385	0.005177	11.7
945	-0.335405	154.269826	0.005246	12.7
946	-0.172872	154.181402	0.003224	13.1
947	-0.512308	154.093114	0.004751	13.6
948	-0.834951	154.004960	0.007316	13.1
949	-0.259181	153.916940	0.002591	12.9
950	-0.000000	153.829054	0.000000	13.2
951	-0.000000	153.741303	0.000000	10.9
952	-0.258336	153.653684	0.003470	13.6
953	-0.768267	153.566198	0.005759	11.6
954	-0.063969	153.478846	0.001380	13.1
955	-0.746941	153.391625	0.004972	12.7
956	-0.000000	153.304537	0.000000	13.4
957	-0.777478	153.217580	0.006587	13.2
958	-0.000000	153.130755	0.000000	12.4
959	-0.647033	153.044061	0.003613	13.4
960	-0.000000	152.957498	0.000000	12.6
961	-0.859537	152.871065	0.005071	13.3
962	-0.540507	152.784762	0.006959	12.9
963	-0.795057	152.698589	0.008849	11.4
964	-0.547635	152.612545	0.003678	12.7
965	-0.628755	152.526631	0.005505	12.2
966	-0.787298	152.440845	0.004597	13.0
967	-0.000000	152.355188	0.000000	13.0
968	-0.432277	152.269660	0.003291	12.0
969	-0.293419	152.184259	0.004730	13.5
970	-0.195170	152.098986	0.004597	13.1
971	-0.000000	152.013840	0.000000	13.7
972	-0.449419	151.928821	0.007371	13.9
973	-0.942032	151.843928	0.008195	19.2
974	-0.769941	151.759163	0.008169	18.1
975	-0.000000	151.674523	0.000000	19.7
976	-0.601155	151.590009	0.006405	20.4
977	-0.648418	151.505620	0.004849	19.6
978	-0.019570	151.421357	0.001164	19.8
979	-0.742682	151.337218	0.004303	17.5
980	-0.000000	151.253204	0.000000	17.9
981	-0.460856	151.169314	0.008629	14.7
982	-0.000000	151.085549	0.000000	18.6
983	-0.253169	151.001907	0.002411	18.0
984	-0.673938	150.918388	0.003825	18.6
985	-0.658283	150.834992	0.004583	18.5
986	-0.000000	150.751719	0.000000	20.0
987	-0.494215	150.668569	0.005065	18.3
988	-0.583477	150.585541	0.006602	16.9
989	-0.599803	150.502634	0.006230	17.6
990	-0.468607	150.419849	0.005199	20.6
991	-0.000000	150.337186	0.000000	17.2
992	-0.000000	150.254644	0.000000	25.0
993	-0.000000	150.172222	0.000000	17.7
994	-0.660205	150.089921	0.007336	22.1
995	-0.339535	150.007740	0.004552	17.8
996	-0.273619	149.925679	0.003243	17.9
997	-0.562694	149.843737	0.006809	15.2
998	-0.152814	149.761915	0.004714	18.2
999	-0.000001	149.680212	0.000002	17.6
1000	-0.607528	149.598627	0.007917	18.0
1001	-0.914330	149.517161	0.008872	17.4
1002	-0.000000	149.435814	0.000000	21.9
1003	-0.000000	149.354584	0.000000	12.5
1004	-0.328219	149.273472	0.003601	13.4
1005	-0.991020	149.192477	0.008646	10.9
1006	-0.554629	149.111599	0.007060	13.2
1007	-0.868642	149.030838	0.005224	12.7
1008	-0.375788	148.950194	0.005860	12.8
1009	-0.872580	148.869666	0.005355	14.0
1010	-0.000000	148.789253	0.000000	19.4
1011	-0.450911	148.708957	0.005258	17.9
1012	-0.223318	148.628776	0.004089	19.0
1013	-0.000000	148.548710	0.000000	20.5
1014	-0.740189	148.468759	0.004637	20.0
1015	-0.789488	148.388923	0.006403	18.3
1016	-0.000000	148.309201	0.000000	16.8
1017	-0.584620	148.229594	0.008350	16.4
1018	-0.613407	148.150100	0.006377	15.9
1019	-0.000000	148.070719	0.000000	14.9
1020	-0.046869	147.991452	0.000732	18.4
1021	-0.029361	147.912298	0.000965	18.8
1022	-0.365909	147.833257	0.002845	18.2
1023	-0.718601	147.754329	0.008268	16.2
1024	-0.792124	147.675512	0.005840	18.4
1025	-0.001117	147.596808	0.000704	17.1
1026	-0.523630	147.518216	0.008003	17.0
1027	-0.754239	147.439735	0.008770	17.2
1028	-0.877048	147.361365	0.008591	18.9
1029	-0.812157	147.283106	0.004787	20.5
1030	-0.738969	147.204958	0.004999	17.5
1031	-0.000007	147.126920	0.000009	16.9
1032	-0.000000	147.048993	0.000000	17.4
1033	-0.000000	146.971175	0.000000	20.3
1034	-0.187113	146.893468	0.002401	19.1
1035	-0.000000	146.815869	0.000000	19.8
1036	-0.814973	146.738380	0.007351	20.2
1037	-0.719596	146.661000	0.006204	17.6
1038	-0.391718	146.583729	0.005390	19.5
1039	-0.786936	146.506566	0.008192	20.0
1040	-0.009536	146.429511	0.000395	16.5
1041	-0.444424	146.352565	0.007855	17.9
1042	-0.320879	146.275726	0.004735	19.6
1043	-0.463538	146.198994	0.006409	13.7
1044	-0.750812	146.122370	0.005480	19.0
1045	-0.000000	146.045853	0.000000	13.9
1046	-0.794704	145.969442	0.005945	17.1
1047	-0.501343	145.893139	0.003264	12.7
1048	-0.000000	145.816941	0.000000	12.8
1049	-0.721034	145.740849	0.005006	12.4
1050	-0.229744	145.664863	0.002796	13.5
1051	-0.644001	145.588983	0.009462	10.8
1052	-0.739401	145.513208	0.006986	12.5
1053	-0.840489	145.437538	0.009074	11.1
1054	-0.000000	145.361973	0.000000	12.6
1055	-0.012635	145.286513	0.000892	11.9
1056	-0.000000	145.211157	0.000000	12.8
1057	-0.707564	145.135905	0.004626	13.2
1058	-0.724865	145.060757	0.007307	13.4
1059	-0.000000	144.985712	0.000000	13.5
1060	-0.478976	144.910771	0.004185	13.7
1061	-0.275041	144.835934	0.004795	13.3
1062	-0.027992	144.761199	0.003543	12.4
1063	-0.391230	144.686567	0.003003	13.2
1064	-0.473747	144.612037	0.004522	12.9
1065	-0.508322	144.537610	0.005444	13.0
1066	-0.000000	144.463285	0.000000	13.2
1067	-0.256122	144.389062	0.003646	13.4
1068	-0.675185	144.314940	0.007121	12.4
1069	-0.486241	144.240920	0.008261	13.7
1070	-0.211004	144.167001	0.003244	12.4
1071	-0.000000	144.093182	0.000000	13.4
1072	-0.660602	144.019465	0.008081	12.2
1073	-0.288035	143.945848	0.005104	13.7
1074	-0.000000	143.872331	0.000000	12.6
1075	-0.825668	143.798914	0.009675	11.1
1076	-0.044760	143.725597	0.001356	12.0
1077	-0.737242	143.652380	0.005071	12.8
1078	-0.543089	143.579262	0.005627	12.6
1079	-0.604958	143.506243	0.007215	12.6
1080	-0.756962	143.433323	0.006763	13.6
1081	-0.000000	143.360502	0.000000	13.7
1082	-0.072194	143.287780	0.001786	13.3
1083	-0.503876	143.215155	0.005005	11.1
1084	-0.693777	143.142629	0.005139	13.0
1085	-0.740216	143.070201	0.006482	13.7
1086	-0.473458	142.997870	0.005124	12.5
1087	-0.000000	142.925637	0.000000	13.0
1088	-0.628905	142.853501	0.005081	13.3
1089	-0.651994	142.781462	0.004280	12.9
1090	-0.600119	142.709519	0.007038	10.4
1091	-0.290835	142.637674	0.002870	13.0
1092	-0.000000	142.565924	0.000000	14.6
1093	-0.000000	142.494271	0.000000	12.6
1094	-0.000000	142.422714	0.000000	13.9
1095	-0.205752	142.351252	0.002830	12.4
1096	-0.220948	142.279886	0.002809	13.0
1097	-0.000000	142.208616	0.000000	13.7
1098	-0.773174	142.137440	0.005749	12.8
1099	-0.758504	142.066360	0.006066	12.5
1100	-0.760383	141.995374	0.006984	12.7
1101	-0.620657	141.924483	0.006166	12.7
1102	-0.616995	141.853685	0.004116	13.4
1103	-0.033340	141.782983	0.001102	12.9
1104	-0.808101	141.712373	0.005627	12.8
1105	-0.000000	141.641858	0.000000	10.5
1106	-0.337464	141.571436	0.004428	13.1
1107	-0.000000	141.501108	0.000000	12.9
1108	-0.007480	141.430872	0.000574	14.3
1109	-0.084395	141.360730	0.002193	13.0
1110	-0.000000	141.290680	0.000000	12.6
1111	-0.335639	141.220722	0.005194	13.6
1112	-0.041737	141.150857	0.000923	12.6
1113	-0.872947	141.081084	0.008433	13.1
1114	-0.682390	141.011403	0.006789	12.6
1115	-0.000000	140.941813	0.000000	13.7
1116	-0.000000	140.872315	0.000000	10.7
1117	-0.786177	140.802909	0.006023	12.9
1118	-0.906782	140.733593	0.005684	12.5
1119	-0.125407	140.664369	0.002218	12.9
1120	-0.000000	140.595235	0.000000	12.4
1121	-0.000000	140.526192	0.000000	13.7
1122	-0.000000	140.457239	0.000000	13.0
1123	-0.000000	140.388376	0.000000	12.6
1124	-0.755922	140.319603	0.006632	12.9
1125	-0.326456	140.250920	0.005383	12.9
1126	-0.768556	140.182326	0.005038	13.2
1127	-0.000000	140.113822	0.000000	12.7
1128	-0.000000	140.045407	0.000000	12.5
1129	-0.487292	139.977081	0.005956	12.3
1130	-0.000000	139.908844	0.000000	11.4
1131	-0.586310	139.840696	0.004232	12.3
1132	-0.000000	139.772635	0.000000	11.5
1133	-0.644767	139.704664	0.007358	13.4
1134	-0.000000	139.636780	0.000000	12.6
1135	-0.595633	139.568984	0.008833	10.7
1136	-0.695635	139.501276	0.007967	12.6
1137	-0.563838	139.433655	0.003555	13.6
1138	-0.656929	139.366122	0.007699	20.7
1139	-0.000000	139.298676	0.000000	13.8
1140	-0.332051	139.231317	0.004866	13.7
1141	-0.693215	139.164045	0.004893	16.0
1142	-0.620403	139.096859	0.005445	15.9
1143	-0.532157	139.029760	0.006884	13.0
1144	-0.000000	138.962747	0.000000	13.5
1145	-0.292773	138.895820	0.002119	15.6
1146	-0.765110	138.828978	0.004733	19.0
1147	-0.122852	138.762223	0.002131	14.4
1148	-0.000000	138.695553	0.000000	16.3
1149	-0.000000	138.628969	0.000000	14.4
1150	-0.781008	138.562469	0.004338	17.7
1151	-0.734308	138.496055	0.005057	15.4
1152	-0.628617	138.429725	0.008158	18.9
1153	-0.665891	138.363481	0.004821	19.9
1154	-0.818632	138.297320	0.004501	19.6
1155	-0.837500	138.231244	0.004695	19.3
1156	-0.630400	138.165252	0.005786	17.1
1157	-0.743435	138.099344	0.005351	15.3
1158	-0.604923	138.033520	0.003811	14.6
1159	-0.569313	137.967779	0.006968	16.9
1160	-0.000000	137.902122	0.000000	16.4
1161	-0.591407	137.836548	0.005864	10.6
1162	-0.867295	137.771057	0.006193	12.1
1163	-0.732463	137.705649	0.006335	12.4
1164	-0.430405	137.640324	0.005883	12.3
1165	-0.345148	137.575081	0.003512	13.8
1166	-0.377647	137.509921	0.004103	16.0
1167	-0.000000	137.444842	0.000000	12.4
1168	-0.742711	137.379846	0.004166	12.6
1169	-0.566820	137.314932	0.003910	12.5
1170	-0.367883	137.250100	0.005628	12.7
1171	-0.462200	137.185349	0.005483	12.9
1172	-0.844763	137.120680	0.007911	12.0
1173	-0.000000	137.056092	0.000000	12.3
1174	-0.488360	136.991585	0.004641	13.0
1175	-0.471737	136.927158	0.005293	12.1
1176	-0.328737	136.862813	0.004816	12.2
1177	-0.503313	136.798548	0.003298	12.1
1178	-0.623532	136.734363	0.005741	13.5
1179	-0.815019	136.670259	0.005054	15.3
1180	-0.090591	136.606235	0.001531	15.0
1181	-0.576288	136.542291	0.004878	14.0
1182	-0.043723	136.478426	0.003409	12.2
1183	-0.001463	136.414641	0.000586	12.7
1184	-0.676274	136.350936	0.004711	13.0
1185	-0.850574	136.287310	0.007142	13.4
1186	-0.328012	136.223763	0.003297	13.1
1187	-0.596203	136.160295	0.006239	12.0
1188	-0.157228	136.096905	0.001991	12.6
1189	-0.572428	136.033594	0.005000	12.6
1190	-0.000000	135.970362	0.000000	14.5
1191	-0.772674	135.907208	0.005418	12.2
1192	-0.854911	135.844133	0.008108	11.2
1193	-0.815588	135.781135	0.005223	13.0
1194	-0.557561	135.718215	0.005085	13.0
1195	-0.128317	135.655373	0.003325	12.1
1196	-0.346278	135.592608	0.002994	12.6
1197	-0.060676	135.529921	0.004757	11.7
1198	-0.000000	135.467311	0.000000	11.6
1199	-0.000005	135.404778	0.000007	12.6
1200	-0.809914	135.342322	0.005816	11.7
1201	-0.500374	135.279942	0.004443	11.7
1202	-0.004429	135.217640	0.000877	10.5
1203	-0.326236	135.155413	0.003972	11.7
1204	-0.021881	135.093263	0.000469	12.4
1205	-0.126815	135.031190	0.002210	11.9
1206	-0.539968	134.969192	0.005270	12.0
1207	-0.881100	134.907270	0.005192	12.5
1208	-0.580067	134.845424	0.005417	12.2
1209	-0.139794	134.783653	0.005397	11.9
1210	-0.844762	134.721958	0.005306	12.2
1211	-0.062553	134.660338	0.001758	13.3
1212	-0.744088	134.598793	0.005684	12.9
1213	-0.778221	134.537323	0.005613	13.0
1214	-0.633901	134.475927	0.005941	12.1
1215	-0.551471	134.414607	0.006015	13.4
1216	-0.557082	134.353361	0.005536	12.7
1217	-0.864655	134.292189	0.008492	13.2
1218	-0.652793	134.231092	0.007353	10.9
1219	-0.264313	134.170068	0.002678	13.2
1220	-0.700453	134.109119	0.005509	13.5
1221	-0.831203	134.048243	0.007957	12.6
1222	-0.465397	133.987441	0.003257	14.6
1223	-0.670888	133.926713	0.005355	13.0
1224	-0.328548	133.866057	0.003384	12.6
1225	-0.000000	133.805475	0.000000	13.3
1226	-0.235538	133.744966	0.003079	12.9
1227	-0.000000	133.684530	0.000000	13.0
1228	-0.967451	133.624167	0.007176	11.8
1229	-0.000000	133.563877	0.000000	12.9
1230	-0.482955	133.503658	0.004870	12.8
1231	-0.355297	133.443513	0.002744	13.3
1232	-0.556221	133.383439	0.007318	12.2
1233	-0.682364	133.323437	0.006879	13.3
1234	-0.664734	133.263508	0.005271	13.4
1235	-0.000000	133.203650	0.000000	12.2
1236	-0.766985	133.143864	0.006826	13.0
1237	-0.792259	133.084149	0.007138	12.6
1238	-0.000000	133.024506	0.000000	13.8
1239	-0.708319	132.964934	0.004853	13.2
1240	-0.748739	132.905433	0.004308	12.5
1241	-0.597238	132.846003	0.005435	12.1
1242	-0.000000	132.786643	0.000000	13.6
1243	-0.664894	132.727355	0.007019	11.4
1244	-0.609508	132.668137	0.005621	12.9
1245	-0.164425	132.608989	0.002107	12.2
1246	-0.626535	132.549912	0.006653	12.6
1247	-0.408296	132.490904	0.002975	14.0
1248	-0.413704	132.431967	0.006049	15.4
1249	-0.000000	132.373100	0.000000	12.1
1250	-0.827025	132.314302	0.004768	12.4
1251	-0.512140	132.255574	0.007637	13.3
1252	-0.689020	132.196916	0.007254	13.5
1253	-0.557354	132.138326	0.004856	12.0
1254	-0.526407	132.079806	0.006044	12.5
1255	-0.000000	132.021355	0.000000	12.6
1256	-0.699964	131.962973	0.006317	13.6
1257	-0.536079	131.904660	0.003865	12.5
1258	-0.300440	131.846415	0.004662	11.7
1259	-0.465381	131.788239	0.005568	12.8
1260	-0.450179	131.730131	0.009478	12.5
1261	-0.000000	131.672092	0.000000	13.3
1262	-0.521756	131.614121	0.006965	12.5
1263	-0.775589	131.556217	0.005311	12.8
1264	-0.383859	131.498382	0.003056	12.1
1265	-0.394334	131.440614	0.006574	12.9
1266	-0.682105	131.382914	0.004992	12.5
1267	-0.864488	131.325282	0.006485	13.1
1268	-0.000000	131.267717	0.000000	13.2
1269	-0.731941	131.210219	0.005356	12.7
1270	-0.241304	131.152788	0.004853	12.8
1271	-0.000000	131.095424	0.000000	12.8
1272	-0.030964	131.038127	0.003781	13.9
1273	-0.113717	130.980897	0.002811	13.6
1274	-0.003692	130.923733	0.001711	12.3
1275	-0.633146	130.866636	0.005731	13.2
1276	-0.168041	130.809605	0.002671	11.7
1277	-0.354753	130.752641	0.003411	13.3
1278	-0.000000	130.695742	0.000000	12.9
1279	-0.000000	130.638910	0.000000	12.6
1280	-0.542807	130.582143	0.006161	12.8
1281	-0.792094	130.525442	0.005653	13.5
1282	-0.445935	130.468807	0.003489	13.3
1283	-0.715408	130.412237	0.004482	12.2
1284	-0.000000	130.355733	0.000000	13.0
1285	-0.000000	130.299294	0.000000	12.7
1286	-0.406717	130.242920	0.005809	13.2
1287	-0.934897	130.186611	0.006483	12.3
1288	-0.041173	130.130366	0.002821	10.5
1289	-0.000000	130.074187	0.000000	13.6
1290	-0.000000	130.018072	0.000000	12.9
1291	-0.115742	129.962022	0.002860	13.9
1292	-0.252596	129.906036	0.003401	13.1
1293	-0.000000	129.850114	0.000000	12.3
1294	-0.024069	129.794257	0.000594	12.9
1295	-0.802684	129.738463	0.006974	13.0
1296	-0.614462	129.682734	0.007531	12.2
1297	-0.228746	129.627068	0.003478	11.0
1298	-0.356899	129.571466	0.002932	12.6
1299	-0.220977	129.515927	0.001957	13.4
1300	-0.200758	129.460452	0.003496	11.3
1301	-0.052566	129.405040	0.000991	13.8
1302	-0.562505	129.349692	0.007114	13.1
1303	-1.020586	129.294406	0.006893	11.9
1304	-0.748653	129.239183	0.004464	12.6
1305	-0.790717	129.184024	0.006513	12.9
1306	-0.044506	129.128927	0.000515	11.9
1307	-0.730762	129.073892	0.006272	13.6
1308	-0.464144	129.018921	0.006559	22.4
1309	-0.631250	128.964011	0.006952	17.5
1310	-0.811484	128.909164	0.007021	17.6
1311	-0.298813	128.854379	0.006307	17.3
1312	-0.036980	128.799656	0.001678	17.8
1313	-0.000000	128.744995	0.000000	17.4
1314	-0.000000	128.690396	0.000000	16.7
1315	-0.494052	128.635858	0.003291	17.0
1316	-0.213509	128.581382	0.003562	16.6
1317	-0.661155	128.526968	0.008248	17.4
1318	-0.616451	128.472615	0.003999	17.8
1319	-0.000000	128.418323	0.000000	13.1
1320	-0.580538	128.364092	0.006047	17.0
1321	-0.463206	128.309922	0.005202	19.3
1322	-0.078614	128.255814	0.001625	18.1
1323	-0.624091	128.201766	0.004464	17.0
1324	-0.007993	128.147778	0.000117	16.8
1325	-0.186264	128.093852	0.002996	13.9
1326	-0.659966	128.039985	0.006773	12.8
1327	-0.000000	127.986180	0.000000	13.1
1328	-0.270362	127.932434	0.004969	17.1
1329	-0.477674	127.878749	0.007661	19.4
1330	-0.000176	127.825123	0.000027	19.9
1331	-0.000000	127.771558	0.000000	21.2
1332	-0.000000	127.718052	0.000000	19.4
1333	-0.000000	127.664606	0.000000	20.8
1334	-0.093811	127.611220	0.002677	17.6
1335	-0.431598	127.557893	0.002402	18.1
1336	-0.771601	127.504625	0.005776	17.4
1337	-0.000000	127.451417	0.000000	17.5
1338	-0.735766	127.398268	0.004702	17.8
1339	-0.134478	127.345178	0.001852	19.5
1340	-0.000000	127.292147	0.000000	16.9
1341	-0.315569	127.239175	0.002737	17.6
1342	-0.589069	127.186261	0.005917	16.3
1343	-0.802336	127.133407	0.007036	15.3
1344	-0.000000	127.080610	0.000000	15.5
1345	-0.594920	127.027872	0.005607	17.0
1346	-0.759735	126.975193	0.004206	15.1
1347	-0.536073	126.922572	0.007102	14.1
1348	-0.195214	126.870008	0.002017	14.9
1349	-0.838781	126.817503	0.005052	14.0
1350	-0.912424	126.765056	0.005609	12.9
1351	-0.748031	126.712667	0.008126	15.9
1352	-0.432525	126.660335	0.005677	20.7
1353	-0.402447	126.608061	0.005261	13.4
1354	-0.176175	126.555844	0.002781	14.4
1355	-0.005645	126.503685	0.000000	14.4
1356	-0.148888	126.451583	0.001895	15.0
1357	-0.447390	126.399538	0.003341	14.9
1358	-0.000000	126.347550	0.000000	11.3
1359	-0.393159	126.295619	0.005806	16.6
1360	-0.613707	126.243745	0.007938	14.8
1361	-0.000000	126.191928	0.000000	13.9
1362	-0.000000	126.140168	0.000000	14.4
1363	-0.731370	126.088464	0.007372	15.7
1364	-0.697476	126.036817	0.007793	15.3
1365	-0.000000	125.985226	0.000000	16.2
1366	-0.082477	125.933691	0.002241	18.7
1367	-0.000000	125.882212	0.000000	16.3
1368	-0.000805	125.830790	0.000218	13.6
1369	-0.699619	125.779423	0.006094	16.7
1370	-0.000000	125.728113	0.000000	15.5
1371	-0.000000	125.676858	0.000000	15.4
1372	-0.824130	125.625659	0.005553	15.0
1373	-0.036113	125.574515	0.001933	16.3
1374	-0.617742	125.523427	0.004152	15.0
1375	-0.553879	125.472394	0.004727	14.4
1376	-0.879471	125.421417	0.008599	12.5
1377	-0.462612	125.370495	0.005365	14.5
1378	-0.803917	125.319628	0.004869	15.0
1379	-0.000000	125.268815	0.000000	14.5
1380	-0.129117	125.218058	0.001734	17.7
1381	-0.293382	125.167356	0.005433	14.7
1382	-0.113973	125.116708	0.003461	16.7
1383	-0.387272	125.066115	0.005055	15.0
1384	-0.406064	125.015576	0.004586	14.5
1385	-0.839155	124.965092	0.005873	15.3
1386	-0.679270	124.914662	0.003233	15.0
1387	-0.257727	124.864287	0.005733	16.1
1388	-0.440600	124.813965	0.003771	16.5
1389	-0.013051	124.763698	0.001811	14.2
1390	-0.252508	124.713485	0.007313	13.5
1391	-0.563858	124.663325	0.006018	15.7
1392	-0.000000	124.613219	0.000000	15.1
1393	-0.495464	124.563167	0.006426	18.7
1394	-0.674713	124.513168	0.005255	15.7
1395	-0.561883	124.463223	0.007588	16.7
1396	-0.149703	124.413332	0.002423	15.2
1397	-0.000000	124.363493	0.000000	15.0
1398	-0.491232	124.313708	0.005730	15.4
1399	-0.796978	124.263976	0.008933	13.4
1400	-0.823005	124.214297	0.006869	17.5
1401	-0.000000	124.164671	0.000000	15.0
1402	-0.792116	124.115097	0.004359	15.1
1403	-0.378286	124.065577	0.005167	15.0
1404	-0.000000	124.016109	0.000000	11.2
1405	-0.504179	123.966693	0.006592	15.1
1406	-0.615996	123.917330	0.006968	14.7
1407	-0.399422	123.868020	0.005544	17.4
1408	-0.000000	123.818762	0.000000	15.4
1409	-0.739517	123.769556	0.005655	15.2
1410	-0.570146	123.720402	0.004248	14.5
1411	-0.652292	123.671300	0.005765	15.7
1412	-0.419352	123.622250	0.004443	14.4
1413	-0.000000	123.573252	0.000000	13.9
1414	-0.000000	123.524305	0.000000	20.1
1415	-0.069837	123.475411	0.003399	13.8
1416	-0.501589	123.426568	0.007406	13.4
1417	-0.390734	123.377776	0.006232	14.9
1418	-0.854657	123.329036	0.009470	13.1
1419	-0.306961	123.280347	0.005970	15.6
1420	-0.001881	123.231709	0.000281	14.6
1421	-0.822801	123.183122	0.005864	17.3
1422	-0.000000	123.134587	0.000000	14.6
1423	-0.000000	123.086102	0.000000	14.5
1424	-0.230412	123.037669	0.003441	11.9
1425	-0.692552	122.989286	0.004000	14.2
1426	-0.677494	122.940954	0.009129	15.0
1427	-0.788717	122.892672	0.005867	14.6
1428	-0.369555	122.844441	0.008890	16.1
1429	-0.364461	122.796261	0.003017	15.0
1430	-0.572926	122.748130	0.006786	12.7
1431	-0.775907	122.700050	0.005205	13.6
1432	-0.570699	122.652021	0.005097	12.1
1433	-0.000000	122.604041	0.000000	14.3
1434	-0.801704	122.556111	0.006311	13.9
1435	-0.669310	122.508232	0.003536	15.3
1436	-0.847177	122.460402	0.006571	18.5
1437	-0.227978	122.412622	0.003232	15.3
1438	-0.000000	122.364891	0.000000	14.2
1439	-0.396837	122.317210	0.004426	14.3
1440	-0.000000	122.269579	0.000000	13.8
1441	-0.000000	122.221997	0.000000	13.2
1442	-0.000000	122.174465	0.000000	14.3
1443	-0.546761	122.126981	0.007430	16.1
1444	-0.484773	122.079547	0.005000	14.3
1445	-0.512346	122.032162	0.007513	13.7
1446	-0.044997	121.984826	0.004220	14.9
1447	-0.322374	121.937539	0.006416	14.6
1448	-0.000000	121.890301	0.000000	14.0
1449	-0.000529	121.843112	0.000679	13.6
1450	-0.084138	121.795971	0.002858	17.3
1451	-0.298563	121.748879	0.002471	14.5
1452	-0.628340	121.701835	0.006804	15.2
1453	-0.811974	121.654840	0.007582	15.9
1454	-0.047382	121.607893	0.001532	15.4
1455	-0.109138	121.560994	0.002066	13.6
1456	-0.000000	121.514144	0.000000	15.3
1457	-0.000157	121.467342	0.000017	17.6
1458	-0.239372	121.420588	0.005438	13.6
1459	-0.268252	121.373882	0.005453	13.4
1460	-0.867669	121.327223	0.005691	12.6
1461	-0.500534	121.280613	0.003553	14.8
1462	-0.000000	121.234050	0.000000	14.8
1463	-0.614743	121.187535	0.003387	12.4
1464	-0.000000	121.141067	0.000000	14.5
1465	-0.543601	121.094647	0.006809	13.4
1466	-0.683939	121.048274	0.006484	12.7
1467	-0.527157	121.001949	0.007803	13.7
1468	-0.426376	120.955671	0.004298	12.9
1469	-0.647136	120.909440	0.004175	12.9
1470	-0.000000	120.863256	0.000000	13.1
1471	-0.000000	120.817119	0.000000	12.3
1472	-0.589834	120.771029	0.005993	12.8
1473	-0.832463	120.724986	0.006049	12.2
1474	-0.704444	120.678990	0.004333	12.8
1475	-0.000000	120.633040	0.000000	12.9
1476	-0.378161	120.587137	0.003140	13.9
1477	-0.011323	120.541281	0.000913	12.3
1478	-0.784316	120.495471	0.007673	12.3
1479	-0.816488	120.449707	0.004958	12.0
1480	-0.835238	120.403990	0.006856	10.8
1481	-0.460294	120.358319	0.004463	12.5
1482	-0.307753	120.312694	0.004569	12.9
1483	-0.767056	120.267115	0.006427	12.9
1484	-0.000000	120.221582	0.000000	13.3
1485	-1.012484	120.176096	0.010076	11.3
1486	-0.782272	120.130655	0.006607	12.7
1487	-0.819768	120.085260	0.006125	13.4
1488	-0.860070	120.039910	0.005376	12.2
1489	-0.962217	119.994606	0.007391	13.4
1490	-0.595284	119.949348	0.006407	12.4
1491	-0.179366	119.904135	0.003326	13.0
1492	-0.708163	119.858968	0.004719	13.5
1493	-0.465638	119.813846	0.003790	12.7
1494	-0.674306	119.768769	0.004406	12.7
1495	-0.498497	119.723738	0.002714	13.0
1496	-0.961933	119.678752	0.010807	10.5
1497	-0.242790	119.633810	0.004832	12.3
1498	-0.000126	119.588914	0.000094	13.4
1499	-0.614082	119.544062	0.005011	13.3
1500	-0.452082	119.499256	0.005209	12.9
1501	-0.793265	119.454494	0.006624	13.1
1502	-0.013521	119.409777	0.000601	11.9
1503	-0.767315	119.365104	0.005519	12.4
1504	-0.742314	119.320476	0.004400	16.3
1505	-0.817081	119.275893	0.004970	12.7
1506	-0.429842	119.231353	0.006968	12.5
1507	-0.702637	119.186859	0.007743	12.2
1508	-0.737572	119.142408	0.007724	12.4
1509	-0.537453	119.098002	0.005055	16.1
1510	-0.000000	119.053639	0.000000	17.0
1511	-0.153528	119.009321	0.003095	13.9
1512	-0.401223	118.965047	0.005395	13.7
1513	-0.039132	118.920816	0.002690	14.4
1514	-0.583619	118.876630	0.005997	14.1
1515	-0.843355	118.832487	0.004774	14.1
1516	-0.813445	118.788388	0.006755	13.5
1517	-0.154648	118.744332	0.003184	10.9
1518	-0.117475	118.700320	0.002002	12.5
1519	-0.000000	118.656352	0.000000	13.1
1520	-0.470962	118.612427	0.005666	10.8
1521	-0.000000	118.568545	0.000000	12.7
1522	-0.000144	118.524706	0.000084	12.4
1523	-0.000000	118.480911	0.000000	13.0
1524	-0.652262	118.437159	0.004816	15.6
1525	-0.000000	118.393450	0.000000	14.1
1526	-0.024905	118.349784	0.001423	14.5
1527	-0.781292	118.306160	0.006638	16.3
1528	-0.222580	118.262580	0.002529	14.9
1529	-0.754138	118.219042	0.005806	13.8
1530	-0.000000	118.175548	0.000000	12.8
1531	-0.652794	118.132095	0.006497	12.9
1532	-0.002204	118.088686	0.000865	12.1
1533	-0.000000	118.045319	0.000000	13.3
1534	-0.817567	118.001994	0.006287	12.7
1535	-0.000000	117.958712	0.000000	11.5
1536	-0.441488	117.915472	0.003298	12.3
1537	-0.880414	117.872274	0.007045	11.9
1538	-0.277900	117.829118	0.004909	13.4
1539	-0.000000	117.786005	0.000000	13.7
1540	-0.875190	117.742933	0.005194	12.8
1541	-0.185441	117.699904	0.003858	12.4
1542	-0.757532	117.656916	0.006477	12.4
1543	-0.450458	117.613971	0.003436	11.7
1544	-0.388110	117.571067	0.005483	12.9
1545	-0.000000	117.528205	0.000000	11.9
1546	-0.743198	117.485384	0.004916	11.8
1547	-0.700744	117.442605	0.005791	11.6
1548	-0.425378	117.399867	0.004912	11.8
1549	-0.705205	117.357171	0.004778	12.4
1550	-0.000000	117.314517	0.000000	11.8
1551	-0.003631	117.271903	0.000662	11.8
1552	-0.755915	117.229331	0.008892	11.6
1553	-0.001109	117.186800	0.000441	11.6
1554	-0.742168	117.144311	0.006251	11.7
1555	-0.347452	117.101862	0.003647	11.4
1556	-0.776564	117.059454	0.008030	11.8
1557	-0.000000	117.017087	0.000000	11.7
1558	-0.788666	116.974762	0.006811	11.8
1559	-0.520262	116.932476	0.006165	11.6
1560	-0.627438	116.890232	0.006946	10.9
1561	-0.000000	116.848028	0.000000	11.6
1562	-0.813696	116.805865	0.006999	10.0
1563	-0.000187	116.763743	0.000124	11.6
1564	-0.330801	116.721661	0.006297	11.6
1565	-0.000000	116.679619	0.000000	11.8
1566	-0.577059	116.637618	0.007431	11.7
1567	-0.836179	116.595657	0.005169	10.8
1568	-0.277271	116.553736	0.003816	11.9
1569	-0.764066	116.511855	0.008787	10.7
1570	-0.599107	116.470015	0.006753	12.0
1571	-0.450019	116.428214	0.006796	11.2
1572	-0.000000	116.386454	0.000000	11.7
1573	-0.834754	116.344733	0.005387	11.7
1574	-0.000000	116.303052	0.000000	15.3
1575	-0.724300	116.261412	0.005223	13.3
1576	-0.802085	116.219810	0.007348	10.4
1577	-0.352525	116.178249	0.004162	13.4
1578	-0.854558	116.136727	0.004803	12.6
1579	-0.002900	116.095245	0.000506	12.5
1580	-0.498308	116.053802	0.005094	12.6
1581	-0.465056	116.012398	0.003484	12.1
1582	-0.680378	115.971034	0.004975	14.6
1583	-0.000000	115.929710	0.000000	13.3
1584	-0.000000	115.888424	0.000000	11.3
1585	-0.000000	115.847178	0.000000	12.8
1586	-0.524271	115.805970	0.005226	14.1
1587	-0.157282	115.764802	0.003657	13.7
1588	-0.641968	115.723673	0.006391	12.7
1589	-0.020606	115.682583	0.002411	15.7
1590	-0.381416	115.641532	0.004340	12.7
1591	-0.003943	115.600519	0.000230	12.6
1592	-0.000000	115.559546	0.000000	13.5
1593	-0.607690	115.518610	0.005142	12.3
1594	-0.000000	115.477714	0.000000	13.5
1595	-0.244450	115.436856	0.003352	12.2
1596	-0.175281	115.396037	0.004264	12.8
1597	-0.796308	115.355256	0.004824	12.3
1598	-0.502164	115.314514	0.007830	12.3
1599	-0.424919	115.273810	0.004610	11.8
1600	-0.339242	115.233144	0.003351	11.6
1601	-0.402656	115.192517	0.002935	12.0
1602	-0.823795	115.151927	0.005353	11.8
1603	-0.672876	115.111376	0.006130	12.0
1604	-0.000000	115.070863	0.000000	12.0
1605	-0.602799	115.030388	0.004815	12.2
1606	-0.564100	114.989951	0.007014	12.3
1607	-0.936476	114.949551	0.008559	12.1
1608	-0.208877	114.909190	0.004124	13.0
1609	-0.782844	114.868866	0.006783	13.2
1610	-0.598637	114.828580	0.006477	13.5
1611	-0.936911	114.788332	0.007412	10.9
1612	-0.569896	114.748121	0.006025	13.2
1613	-0.774599	114.707948	0.004483	13.4
1614	-0.660422	114.667812	0.005880	13.3
1615	-0.780942	114.627714	0.008941	12.2
1616	-0.472349	114.587653	0.005353	13.0
1617	-0.770204	114.547629	0.004608	13.2
1618	-0.123303	114.507643	0.001814	13.0
1619	-0.353776	114.467693	0.004586	13.9
1620	-0.781763	114.427781	0.007647	12.8
1621	-0.492102	114.387907	0.004094	12.1
1622	-0.791341	114.348069	0.004729	13.1
1623	-0.784457	114.308268	0.007593	12.2
1624	-0.000000	114.268504	0.000000	13.3
1625	-0.812721	114.228777	0.005216	12.3
1626	-0.851924	114.189086	0.005192	13.6
1627	-0.690142	114.149433	0.004724	13.3
1628	-0.000000	114.109816	0.000000	12.9
1629	-0.673978	114.070235	0.005295	12.9
1630	-0.703993	114.030692	0.005337	12.1
1631	-0.729100	113.991185	0.005388	13.5
1632	-0.845281	113.951714	0.006958	12.5
1633	-0.508220	113.912280	0.003888	14.0
1634	-0.000000	113.872882	0.000000	12.0
1635	-0.383060	113.833521	0.003558	13.0
1636	-0.451614	113.794195	0.006813	12.9
1637	-0.492902	113.754906	0.007146	11.8
1638	-0.000000	113.715653	0.000000	11.9
1639	-0.822104	113.676437	0.005008	12.8
1640	-0.823476	113.637256	0.004597	12.7
1641	-0.718761	113.598111	0.007943	12.3
1642	-0.666593	113.559002	0.006856	12.4
1643	-0.463171	113.519929	0.006506	12.1
1644	-0.666802	113.480892	0.006041	15.1
1645	-0.000030	113.441891	0.000030	13.2
1646	-0.000000	113.402925	0.000000	11.2
1647	-0.647004	113.363995	0.007634	12.4
1648	-0.732691	113.325101	0.004136	12.3
1649	-0.030264	113.286242	0.001375	12.8
1650	-0.454091	113.247419	0.005658	13.1
1651	-0.000000	113.208631	0.000000	14.0
1652	-0.558344	113.169879	0.003883	15.2
1653	-0.830296	113.131162	0.005874	14.0
1654	-0.752418	113.092480	0.006889	13.8
1655	-0.670792	113.053833	0.007764	14.1
1656	-0.000000	113.015222	0.000000	14.2
1657	-0.000000	112.976646	0.000000	11.2
1658	-0.579156	112.938105	0.004142	12.9
1659	-0.023839	112.899599	0.000807	12.2
1660	-0.834945	112.861128	0.006892	12.8
1661	-0.668123	112.822692	0.005908	12.5
1662	-0.000000	112.784291	0.000000	13.1
1663	-0.610698	112.745924	0.008500	12.1
1664	-0.466999	112.707593	0.005429	9.7
1665	-0.415084	112.669296	0.007192	12.8
1666	-0.774409	112.631034	0.004013	12.1
1667	-0.179944	112.592806	0.002217	11.6
1668	-0.490167	112.554613	0.005856	13.5
1669	-0.800413	112.516455	0.006621	12.4
1670	-0.918579	112.478331	0.006202	12.4
1671	-0.499261	112.440241	0.007272	12.3
1672	-0.299268	112.402186	0.005195	12.0
1673	-0.585477	112.364165	0.007239	12.4
1674	-0.309696	112.326179	0.005367	12.4
1675	-0.209194	112.288227	0.003323	12.4
1676	-0.371801	112.250309	0.004609	12.0
1677	-0.726136	112.212425	0.006969	12.6
1678	-0.554776	112.174575	0.004591	14.3
1679	-0.783536	112.136759	0.006387	12.5
1680	-0.000000	112.098977	0.000000	12.3
1681	-0.373223	112.061229	0.005370	11.8
1682	-0.777218	112.023515	0.005234	12.2
1683	-0.350598	111.985834	0.005107	11.8
1684	-0.790230	111.948188	0.005649	12.7
1685	-0.846064	111.910575	0.006148	12.9
1686	-0.144809	111.872996	0.002288	14.9
1687	-0.000000	111.835450	0.000000	13.0
1688	-0.539278	111.797939	0.005522	12.7
1689	-0.504274	111.760460	0.003835	13.2
1690	-0.657462	111.723015	0.006229	12.6
1691	-0.059798	111.685604	0.003348	12.8
1692	-0.000000	111.648226	0.000000	12.7
1693	-0.800097	111.610881	0.006364	12.9
1694	-0.595820	111.573570	0.005018	13.4
1695	-0.574243	111.536292	0.006488	12.3
1696	-0.140978	111.499047	0.002457	12.2
1697	-0.000000	111.461835	0.000000	12.4
1698	-0.765926	111.424656	0.004744	13.5
1699	-0.508940	111.387510	0.003742	14.0
1700	-0.913682	111.350398	0.008112	12.1
1701	-0.577700	111.313318	0.006062	13.1
1702	-0.000000	111.276271	0.000000	12.8
1703	-0.000000	111.239257	0.000000	13.2
1704	-0.757006	111.202276	0.006943	13.0
1705	-0.836856	111.165328	0.005406	13.8
1706	-0.165476	111.128412	0.003152	12.6
1707	-0.082221	111.091529	0.001719	11.8
1708	-0.000000	111.054679	0.000000	13.6
1709	-0.412575	111.017861	0.005755	12.6
1710	-0.643928	110.981076	0.006117	12.9
1711	-0.000000	110.944323	0.000000	10.4
1712	-0.055436	110.907603	0.001836	12.2
1713	-0.638180	110.870915	0.005164	12.6
1714	-0.829686	110.834259	0.005093	12.5
1715	-0.000000	110.797636	0.000000	13.2
1716	-0.743757	110.761045	0.005080	12.5
1717	-0.432491	110.724486	0.005170	12.6
1718	-0.673752	110.687959	0.006054	12.4
1719	-0.849339	110.651465	0.003995	12.8
1720	-0.000000	110.615002	0.000000	13.0
1721	-0.754430	110.578572	0.004297	13.2
1722	-0.858785	110.542173	0.009016	14.8
1723	-0.000000	110.505807	0.000000	12.5
1724	-0.083706	110.469472	0.001686	12.9
1725	-0.724421	110.433169	0.005814	11.8
1726	-0.670384	110.396898	0.006966	13.2
1727	-0.560487	110.360659	0.005921	13.3
1728	-0.000000	110.324451	0.000000	12.4
1729	-0.674406	110.288276	0.004260	12.9
1730	-0.765954	110.252131	0.004555	12.4
1731	-0.530404	110.216019	0.004135	13.3
1732	-0.789843	110.179937	0.004921	13.0
1733	-0.643771	110.143888	0.006027	13.1
1734	-0.781031	110.107869	0.005246	13.3
1735	-0.663668	110.071882	0.007498	11.0
1736	-0.348596	110.035927	0.004849	12.2
1737	-0.730295	110.000003	0.004634	12.6
1738	-0.766484	109.964110	0.007489	12.6
1739	-0.702088	109.928248	0.006283	12.4
1740	-0.747102	109.892417	0.007714	13.1
1741	-0.008286	109.856618	0.000767	12.3
1742	-0.808165	109.820850	0.007473	12.3
1743	-0.730989	109.785112	0.004851	11.8
1744	-0.000000	109.749406	0.000000	12.3
1745	-0.000000	109.713730	0.000000	12.0
1746	-0.000000	109.678086	0.000000	13.0
1747	-0.440410	109.642472	0.002959	13.7
1748	-0.742004	109.606890	0.005082	15.6
1749	-0.297428	109.571337	0.003557	12.5
1750	-0.974124	109.535816	0.007005	11.4
1751	-0.901644	109.500326	0.006307	12.5
1752	-0.343801	109.464866	0.005181	12.3
1753	-0.000000	109.429436	0.000000	12.7
1754	-0.000000	109.394038	0.000000	12.4
1755	-0.841650	109.358669	0.004149	12.1
1756	-0.360876	109.323331	0.005871	10.6
1757	-0.086433	109.288024	0.002209	12.3
1758	-0.093197	109.252747	0.003381	12.4
1759	-0.707528	109.217501	0.005890	12.3
1760	-0.762623	109.182284	0.009286	13.0
1761	-0.000000	109.147098	0.000000	13.0
1762	-0.676987	109.111942	0.004632	12.3
1763	-0.651166	109.076817	0.008860	12.6
1764	-0.000000	109.041721	0.000000	12.1
1765	-0.865653	109.006656	0.006033	12.0
1766	-0.599721	108.971620	0.008960	11.4
1767	-0.099508	108.936615	0.002288	13.1
1768	-0.406708	108.901640	0.004945	12.0
1769	-0.718236	108.866694	0.005725	12.2
1770	-0.582647	108.831779	0.004506	12.2
1771	-0.821557	108.796893	0.005903	12.8
1772	-0.056557	108.762037	0.001314	12.7
1773	-0.000093	108.727211	0.000071	12.0
1774	-0.432316	108.692415	0.007694	10.6
1775	-0.002184	108.657648	0.000327	12.3
1776	-0.429803	108.622911	0.005669	12.5
1777	-0.280372	108.588203	0.007879	9.9
1778	-0.204401	108.553525	0.004506	12.2
1779	-0.000000	108.518877	0.000000	12.7
1780	-0.000069	108.484258	0.000063	12.7
1781	-0.000000	108.449668	0.000000	12.8
1782	-0.748488	108.415108	0.006585	12.4
1783	-0.186365	108.380578	0.002493	12.3
1784	-0.630234	108.346076	0.007857	12.5
1785	-0.000000	108.311604	0.000000	10.5
1786	-0.506600	108.277161	0.007561	12.6
1787	-0.583768	108.242747	0.003828	12.3
1788	-0.197740	108.208363	0.003614	12.7
1789	-0.626462	108.174007	0.003958	12.4
1790	-0.786619	108.139681	0.005659	12.1
1791	-0.319738	108.105383	0.004846	14.7
1792	-0.051637	108.071115	0.002101	15.4
1793	-0.906271	108.036875	0.006473	13.6
1794	-0.472396	108.002665	0.006026	13.8
1795	-0.000000	107.968483	0.000000	15.5
1796	-0.058104	107.934330	0.002401	13.2
1797	-0.000000	107.900206	0.000001	12.4
1798	-0.572687	107.866111	0.006040	15.5
1799	-0.279874	107.832044	0.002787	13.3
1800	-0.723477	107.798007	0.006373	13.8
1801	-0.000000	107.763997	0.000000	11.9
1802	-0.000000	107.730017	0.000000	14.3
1803	-0.806894	107.696065	0.005195	13.7
1804	-0.741449	107.662141	0.005833	12.5
1805	-0.601122	107.628246	0.006041	12.5
1806	-0.303246	107.594379	0.005226	13.7
1807	-0.782166	107.560541	0.005338	11.4
1808	-0.721338	107.526731	0.004592	12.4
1809	-0.000000	107.492949	0.000000	12.2
1810	-0.000000	107.459196	0.000000	13.1
1811	-0.000000	107.425471	0.000000	10.9
1812	-0.000000	107.391774	0.000000	12.7
1813	-0.796051	107.358106	0.006043	11.5
1814	-0.504415	107.324465	0.005425	12.7
1815	-0.229705	107.290853	0.003576	12.1
1816	-0.408659	107.257268	0.005599	12.1
1817	-0.334652	107.223712	0.006418	10.1
1818	-0.689773	107.190184	0.005051	12.6
1819	-0.000000	107.156683	0.000000	12.2
1820	-0.474035	107.123211	0.005667	12.3
1821	-0.000175	107.089766	0.000031	13.0
1822	-0.423773	107.056349	0.002749	12.0
1823	-0.048521	107.022960	0.002259	12.7
1824	-0.427971	106.989599	0.003700	12.5
1825	-0.000000	106.956265	0.000000	13.1
1826	-0.473663	106.922960	0.005661	13.1
1827	-0.514783	106.889681	0.006210	12.2
1828	-0.752345	106.856431	0.006554	12.9
1829	-0.000000	106.823208	0.000000	12.0
1830	-0.421538	106.790012	0.007780	12.8
1831	-0.471610	106.756844	0.004731	11.6
1832	-0.340855	106.723703	0.003385	11.9
1833	-0.560266	106.690590	0.005305	11.5
1834	-0.000000	106.657505	0.000000	11.7
1835	-0.653404	106.624446	0.005263	11.8
1836	-0.797190	106.591415	0.005093	9.6
1837	-0.275015	106.558411	0.004385	12.6
1838	-0.225466	106.525435	0.005578	11.8
1839	-0.031614	106.492485	0.001134	11.8
1840	-0.819621	106.459563	0.007640	12.3
1841	-0.671165	106.426668	0.006268	11.9
1842	-0.578291	106.393800	0.008410	11.6
1843	-0.782369	106.360959	0.006347	11.8
1844	-0.787063	106.328145	0.008178	11.6
1845	-0.762964	106.295358	0.004648	11.6
1846	-0.031739	106.262598	0.001455	11.6
1847	-0.783618	106.229865	0.005621	12.7
1848	-0.016158	106.197158	0.001145	11.4
1849	-0.000000	106.164479	0.000000	11.6
1850	-0.024496	106.131826	0.001372	11.7
1851	-0.531619	106.099201	0.003779	11.6
1852	-0.611362	106.066602	0.007761	11.7
1853	-0.343292	106.034029	0.005660	11.5
1854	-0.522236	106.001483	0.005570	11.6
1855	-0.592933	105.968964	0.005010	12.7
1856	-0.730149	105.936472	0.006404	11.6
1857	-0.855110	105.904006	0.007553	12.9
1858	-0.792539	105.871566	0.006022	11.6
1859	-0.000000	105.839153	0.000000	11.7
1860	-0.000000	105.806767	0.000000	11.7
1861	-0.101285	105.774407	0.002254	11.7
1862	-0.447899	105.742073	0.005323	11.6
1863	-0.000000	105.709766	0.000000	12.7
1864	-0.107038	105.677485	0.002707	9.7
1865	-0.398197	105.645230	0.005171	11.4
1866	-0.183498	105.613001	0.004821	11.6
1867	-0.739650	105.580799	0.006990	12.9
1868	-0.000000	105.548623	0.000000	13.3
1869	-0.732279	105.516473	0.006332	13.1
1870	-0.692429	105.484349	0.007429	12.1
1871	-0.733434	105.452251	0.005579	13.0
1872	-0.838246	105.420179	0.005884	10.8
1873	-0.833295	105.388133	0.005298	12.7
1874	-0.692177	105.356113	0.007803	13.3
1875	-0.000785	105.324119	0.000285	12.7
1876	-0.000000	105.292151	0.000000	12.0
1877	-0.000000	105.260209	0.000000	12.8
1878	-0.174205	105.228293	0.002678	13.5
1879	-0.774310	105.196402	0.008261	13.3
1880	-0.702107	105.164537	0.005090	12.3
1881	-0.795497	105.132698	0.007961	13.7
1882	-0.618251	105.100885	0.004581	13.0
1883	-0.650009	105.069097	0.003300	12.4
1884	-0.545551	105.037335	0.003234	13.2
1885	-0.699990	105.005598	0.004900	13.5
1886	-0.046220	104.973887	0.002412	12.9
1887	-0.630003	104.942202	0.005274	13.4
1888	-0.420429	104.910542	0.006088	12.1
1889	-0.347688	104.878907	0.005428	12.9
1890	-0.000000	104.847298	0.000000	12.3
1891	-0.296969	104.815715	0.004260	13.1
1892	-0.796088	104.784156	0.006659	12.2
1893	-0.602191	104.752623	0.005557	12.3
1894	-0.380057	104.721116	0.005552	12.0
1895	-0.000123	104.689633	0.000142	13.1
1896	-0.622377	104.658176	0.005178	12.7
1897	-0.338291	104.626744	0.004498	11.6
1898	-0.000000	104.595337	0.000000	11.6
1899	-0.684460	104.563955	0.006007	11.8
1900	-0.610272	104.532599	0.005671	12.1
1901	-0.369899	104.501267	0.003673	12.4
1902	-0.643345	104.469960	0.006067	12.0
1903	-0.812041	104.438679	0.005066	12.5
1904	-1.038594	104.407422	0.007189	12.3
1905	-0.338578	104.376191	0.005247	13.1
1906	-0.095555	104.344984	0.002039	12.8
1907	-0.525046	104.313802	0.004669	12.0
1908	-0.698252	104.282645	0.005927	13.2
1909	-0.852827	104.251513	0.007362	10.3
1910	-0.000000	104.220405	0.000000	13.4
1911	-0.000000	104.189323	0.000000	14.0
1912	-0.303525	104.158265	0.003513	12.3
1913	-0.000000	104.127231	0.000000	11.7
1914	-0.000000	104.096222	0.000000	12.6
1915	-0.000000	104.065238	0.000000	13.8
1916	-0.292419	104.034279	0.004734	12.6
1917	-0.269352	104.003344	0.003033	13.0
1918	-0.000000	103.972433	0.000000	12.2
1919	-0.000000	103.941547	0.000000	13.4
1920	-0.038481	103.910686	0.000586	12.7
1921	-0.000000	103.879849	0.000000	12.6
1922	-0.351011	103.849036	0.005293	12.3
1923	-0.485755	103.818248	0.008248	12.4
1924	-0.151969	103.787484	0.002789	12.8
1925	-0.668085	103.756744	0.006332	13.2
1926	-0.000000	103.726029	0.000000	12.9
1927	-0.073844	103.695338	0.001796	13.0
1928	-0.876349	103.664671	0.005448	11.9
1929	-0.872694	103.634028	0.005645	12.3
1930	-0.943031	103.603409	0.007458	12.6
1931	-0.865455	103.572814	0.006038	12.9
1932	-0.001131	103.542244	0.000770	13.1
1933	-0.060915	103.511698	0.002460	10.8
1934	-0.000000	103.481175	0.000000	12.5
1935	-0.238690	103.450677	0.002977	13.0
1936	-0.618324	103.420202	0.004296	12.6
1937	-0.000000	103.389752	0.000000	13.1
1938	-0.350794	103.359325	0.005308	13.2
1939	-0.000000	103.328922	0.000000	17.2
1940	-0.001711	103.298543	0.000541	12.6
1941	-0.886116	103.268188	0.004847	13.7
1942	-0.851837	103.237857	0.006012	12.1
1943	-0.045745	103.207549	0.004199	12.9
1944	-0.920381	103.177265	0.006973	13.9
1945	-0.492298	103.147005	0.004106	12.2
1946	-0.043271	103.116768	0.001608	17.8
1947	-0.004129	103.086556	0.000000	14.6
1948	-0.196695	103.056366	0.003366	16.3
1949	-0.000000	103.026200	0.000000	16.7
1950	-0.745602	102.996058	0.006843	15.2
1951	-0.516409	102.965939	0.003556	16.4
1952	-0.504094	102.935844	0.006926	15.7
1953	-0.000000	102.905772	0.000000	13.9
1954	-0.950939	102.875724	0.009816	10.7
1955	-0.553238	102.845699	0.005930	12.0
1956	-0.589744	102.815697	0.004953	12.4
1957	-0.351164	102.785719	0.005351	12.8
1958	-0.714227	102.755764	0.006249	15.1
1959	-0.000000	102.725832	0.000000	13.0
1960	-0.764502	102.695924	0.004864	13.5
1961	-0.000238	102.666038	0.000241	13.0
1962	-0.823479	102.636176	0.005420	15.6
1963	-0.594966	102.606337	0.005412	14.0
1964	-0.800877	102.576521	0.005118	14.1
1965	-0.088476	102.546728	0.002668	13.3
1966	-0.256014	102.516959	0.003197	12.4
1967	-0.665941	102.487212	0.007206	14.8
1968	-0.000000	102.457488	0.000000	14.2
1969	-0.783194	102.427788	0.005375	11.2
1970	-0.793788	102.398110	0.005442	12.7
1971	-0.000000	102.368455	0.000000	13.6
1972	-0.763753	102.338823	0.003970	14.1
1973	-0.674315	102.309214	0.007033	12.6
1974	-0.729553	102.279628	0.005682	12.4
1975	-0.000000	102.250064	0.000000	12.4
1976	-0.474869	102.220524	0.007438	13.3
1977	-0.861724	102.191006	0.007091	11.0
1978	-0.648754	102.161511	0.009156	10.6
1979	-0.000000	102.132038	0.000000	14.3
1980	-0.000000	102.102588	0.000000	13.6
1981	-0.322963	102.073161	0.005700	13.1
1982	-0.000000	102.043757	0.000000	12.7
1983	-0.800828	102.014375	0.005211	12.9
1984	-0.000000	101.985015	0.000000	13.1
1985	-0.000001	101.955678	0.000001	12.4
1986	-0.647306	101.926364	0.004744	12.8
1987	-0.000000	101.897072	0.000000	12.2
1988	-0.008333	101.867802	0.000167	14.7
1989	-0.172731	101.838555	0.003362	12.6
1990	-0.014358	101.809330	0.000785	12.8
1991	-0.000000	101.780128	0.000000	12.6
1992	-0.919044	101.750948	0.007612	12.5
1993	-0.000000	101.721790	0.000000	13.9
1994	-0.008280	101.692654	0.000599	12.5
1995	-0.830413	101.663541	0.006853	12.9
1996	-0.733070	101.634450	0.007520	13.8
1997	-0.000000	101.605381	0.000000	12.4
1998	-0.754023	101.576335	0.006277	13.7
1999	-0.000000	101.547310	0.000000	12.8
