1:ItNr	2:Metric	3:StepSize	4:||Gradient||	Time[ms]
0	-0.048948	627.201626	0.001709	1034.8
1	-0.219490	623.504937	0.012314	6.4
2	-0.000006	619.865785	0.000002	8.3
3	-0.894151	616.282728	0.007056	8.1
4	-0.839213	612.754375	0.007464	7.1
5	-0.294114	609.279381	0.006123	5.8
6	-0.379333	605.856447	0.012746	8.1
7	-0.026513	602.484317	0.001156	8.0
8	-1.262073	599.161779	0.009163	8.0
9	-0.092235	595.887656	0.002447	8.2
10	-1.130352	592.660813	0.011077	7.7
11	-1.182432	589.480151	0.006889	7.7
12	-0.714618	586.344606	0.008889	6.8
13	-1.078968	583.253145	0.008142	8.4
14	-0.556629	580.204771	0.005487	8.2
15	-0.739508	577.198517	0.009373	8.1
16	-1.035318	574.233444	0.015795	8.3
17	-0.089539	571.308645	0.002713	8.2
18	-0.540461	568.423237	0.011638	8.7
19	-0.737240	565.576365	0.010493	7.9
20	-1.065255	562.767201	0.008924	7.9
21	-0.645138	559.994938	0.013064	7.6
22	-0.892514	557.258797	0.010372	11.7
23	-0.000000	554.558018	0.000000	13.0
24	-0.000035	551.891865	0.000008	9.9
25	-1.413490	549.259621	0.007938	6.7
26	-0.326515	546.660592	0.008835	7.9
27	-0.742114	544.094102	0.004588	8.1
28	-0.000000	541.559494	0.000000	8.3
29	-0.108554	539.056129	0.003333	7.6
30	-1.176920	536.583387	0.024970	8.1
31	-1.311593	534.140663	0.014376	7.9
32	-0.941373	531.727370	0.016517	8.9
33	-0.881699	529.342935	0.005385	6.7
34	-0.000000	526.986802	0.000000	7.8
35	-0.555604	524.658430	0.013998	7.8
36	-0.024882	522.357290	0.000624	7.7
37	-1.030839	520.082868	0.010954	7.7
38	-0.595721	517.834665	0.013453	7.9
39	-1.324830	515.612193	0.020943	7.9
40	-1.040144	513.414976	0.013347	9.0
41	-1.205511	511.242551	0.013480	8.4
42	-0.799263	509.094468	0.011481	8.4
43	-1.171034	506.970285	0.020004	6.3
44	-1.219026	504.869574	0.018524	9.2
45	-0.000000	502.791916	0.000000	8.2
46	-0.101629	500.736903	0.000971	8.3
47	-0.640131	498.704137	0.009421	8.0
48	-0.000004	496.693228	0.000001	5.9
49	-1.095811	494.703798	0.012687	12.2
50	-0.743839	492.735476	0.005147	12.1
51	-0.000000	490.787900	0.000000	15.9
52	-0.787633	488.860718	0.004678	12.7
53	-0.882025	486.953585	0.007564	8.6
54	-0.826076	485.066164	0.014250	10.0
55	-0.027341	483.198126	0.000884	7.8
56	-1.461542	481.349149	0.014046	7.7
57	-1.359269	479.518920	0.010100	8.1
58	-0.172478	477.707132	0.001609	8.5
59	-0.793016	475.913485	0.005947	7.4
60	-0.054723	474.137684	0.001688	7.5
61	-1.027696	472.379445	0.007884	7.5
62	-0.155232	470.638485	0.004223	7.6
63	-1.387847	468.914531	0.014653	7.4
64	-1.008723	467.207315	0.009987	7.5
65	-0.000000	465.516573	0.000000	5.5
66	-1.089630	463.842050	0.007033	8.3
67	-0.822535	462.183494	0.013655	7.9
68	-0.754014	460.540658	0.007002	9.0
69	-1.269041	458.913303	0.011739	7.5
70	-0.462683	457.301192	0.009764	7.6
71	-0.814779	455.704096	0.010053	7.5
72	-0.942360	454.121787	0.015536	7.7
73	-0.941274	452.554045	0.007617	7.4
74	-0.310752	451.000653	0.003562	7.9
75	-1.017759	449.461399	0.007682	8.4
76	-0.675441	447.936075	0.008433	5.6
77	-0.506532	446.424477	0.020052	7.5
78	-0.341436	444.926406	0.008704	8.4
79	-0.455634	443.441666	0.005828	8.0
80	-0.000000	441.970065	0.000000	8.6
81	-0.000000	440.511415	0.000000	7.5
82	-1.471301	439.065533	0.017345	7.6
83	-0.805058	437.632238	0.016891	7.4
84	-1.040844	436.211351	0.014466	7.6
85	-0.000000	434.802701	0.000000	7.5
86	-0.906267	433.406117	0.012602	7.5
87	-0.887374	432.021430	0.009081	7.9
88	-1.066076	430.648479	0.005822	7.9
89	-0.000003	429.287101	0.000001	7.5
90	-0.506615	427.937140	0.006916	8.4
91	-0.086774	426.598440	0.004475	7.9
92	-1.127588	425.270849	0.008128	7.9
93	-0.033380	423.954220	0.001382	7.9
94	-0.324246	422.648404	0.004567	7.9
95	-1.098649	421.353259	0.009451	7.8
96	-0.521380	420.068643	0.003284	8.0
97	-0.379208	418.794419	0.008327	8.1
98	-1.232214	417.530451	0.012008	7.8
99	-0.527908	416.276604	0.003198	7.7
100	-0.962799	415.032748	0.010680	7.8
101	-1.206868	413.798754	0.018306	7.1
102	-0.877235	412.574495	0.015530	7.8
103	-1.482711	411.359849	0.023571	6.7
104	-0.004908	410.154691	0.000244	7.8
105	-1.048631	408.958904	0.012609	9.2
106	-1.120770	407.772368	0.012593	7.8
107	-1.042483	406.594968	0.016136	7.9
108	-1.391462	405.426590	0.012208	8.4
109	-0.927049	404.267122	0.010596	8.0
110	-1.327019	403.116456	0.012761	8.0
111	-1.447278	401.974481	0.007501	7.9
112	-0.203978	400.841093	0.005428	9.0
113	-0.257875	399.716187	0.005067	8.5
114	-1.231780	398.599660	0.008929	7.1
115	-0.906774	397.491411	0.004862	6.3
116	0.000000	396.391342	0.000000	8.4
117	-1.124010	395.299353	0.014331	8.3
118	-0.604036	394.215350	0.004837	7.9
119	-0.115036	393.139238	0.003131	8.1
120	-0.360699	392.070924	0.004052	6.3
121	-0.355214	391.010316	0.004335	9.0
122	-0.961590	389.957325	0.011751	8.0
123	-0.819989	388.911862	0.006564	9.1
124	-0.003885	387.873839	0.000363	8.1
125	-1.416907	386.843173	0.016593	8.1
126	-1.332123	385.819777	0.011162	8.0
127	-0.000000	384.803569	0.000000	8.1
128	-0.545117	383.794468	0.004773	7.9
129	-0.000007	382.792393	0.000002	7.9
130	-0.422015	381.797264	0.010066	8.0
131	-0.306823	380.809005	0.003923	7.9
132	-0.000000	379.827537	0.000000	7.9
133	-0.993539	378.852786	0.004476	8.0
134	-0.323568	377.884678	0.003893	8.1
135	-0.593431	376.923138	0.005800	8.1
136	-0.867895	375.968095	0.014299	7.8
137	-0.374841	375.019479	0.003104	7.9
138	-0.666768	374.077218	0.004844	7.9
139	-1.030477	373.141244	0.015880	7.9
140	-0.461107	372.211489	0.006132	7.1
141	-1.296017	371.287887	0.016822	8.1
142	-0.850803	370.370370	0.008903	7.7
143	-1.044091	369.458876	0.025025	8.8
144	-1.340878	368.553338	0.006376	7.6
145	-0.000776	367.653696	0.000163	7.5
146	-1.230432	366.759885	0.012225	12.8
147	-0.001198	365.871846	0.000205	9.8
148	-0.017772	364.989518	0.001286	9.4
149	-1.254454	364.112841	0.005415	9.4
150	-1.522308	363.241757	0.018281	8.5
151	-0.716169	362.376208	0.006070	9.6
152	-1.280940	361.516137	0.010077	8.1
153	-0.000000	360.661488	0.000000	8.1
154	-0.618455	359.812206	0.008047	8.0
155	-0.012413	358.968236	0.000540	8.6
156	-0.971751	358.129524	0.012539	8.6
157	-0.638846	357.296018	0.005534	7.5
158	-0.000000	356.467665	0.000000	8.6
159	-1.516079	355.644414	0.014077	7.6
160	-1.104780	354.826213	0.011035	7.6
161	-1.194307	354.013012	0.013349	7.6
162	-0.449192	353.204763	0.009108	7.8
163	-0.223131	352.401415	0.007019	8.1
164	-0.565493	351.602922	0.007786	7.9
165	-0.135153	350.809235	0.002910	12.5
166	-1.462298	350.020308	0.007558	8.0
167	-0.682284	349.236095	0.010982	8.1
168	-0.000000	348.456550	0.000000	7.9
169	-0.199000	347.681627	0.004992	7.9
170	-1.378088	346.911283	0.004976	8.2
171	-0.000000	346.145474	0.000000	13.1
172	-1.435818	345.384157	0.032947	12.5
173	-0.499076	344.627288	0.005770	45.2
174	-1.115594	343.874826	0.017701	12.3
175	-1.404313	343.126729	0.008196	12.8
176	-0.000004	342.382957	0.000001	8.8
177	-0.527290	341.643469	0.006486	12.2
178	-1.281721	340.908224	0.016706	7.6
179	-0.466815	340.177184	0.002849	7.6
180	-1.008325	339.450309	0.011256	8.4
181	-1.581583	338.727561	0.005524	11.7
182	-0.714730	338.008902	0.008300	13.2
183	-0.006395	337.294295	0.000531	17.2
184	-0.917832	336.583703	0.011076	14.8
185	-0.270914	335.877089	0.005285	10.7
186	-0.370295	335.174416	0.004154	8.6
187	-1.250788	334.475651	0.009049	13.0
188	-0.000000	333.780756	0.000000	7.7
189	-1.202071	333.089698	0.008830	8.1
190	-1.173919	332.402443	0.014820	7.6
191	-1.119419	331.718955	0.006607	6.5
192	-0.000025	331.039203	0.000005	10.9
193	-0.655040	330.363153	0.007195	11.6
194	-1.331838	329.690771	0.008425	12.5
195	-0.776981	329.022027	0.005929	12.5
196	-0.062133	328.356888	0.001850	13.4
197	-0.008220	327.695322	0.000625	11.1
198	-0.083674	327.037299	0.004188	6.6
199	-1.067245	326.382787	0.008227	7.7
200	-0.943115	325.731758	0.007211	7.3
201	-0.476957	325.084179	0.004635	7.5
202	-0.880252	324.440023	0.011245	7.8
203	-0.140565	323.799258	0.004253	6.6
204	-0.875960	323.161858	0.010900	7.6
205	-0.941660	322.527792	0.011607	8.1
206	-0.002951	321.897034	0.000443	7.5
207	-0.000000	321.269554	0.000000	7.6
208	-0.002056	320.645325	0.000297	5.7
209	-0.950606	320.024320	0.007759	7.5
210	-0.203543	319.406512	0.003511	7.5
211	-1.443829	318.791875	0.012879	7.5
212	-1.174999	318.180381	0.010171	7.6
213	-1.287872	317.572005	0.006269	8.2
214	-0.300328	316.966721	0.004920	6.4
215	-1.456128	316.364504	0.011687	7.6
216	-0.388808	315.765329	0.002517	7.8
217	-0.000000	315.169170	0.000000	7.5
218	-0.000000	314.576003	0.000000	7.5
219	-1.363128	313.985804	0.008429	7.9
220	-1.140943	313.398548	0.011977	10.9
221	-1.491872	312.814213	0.006137	12.3
222	-0.009299	312.232773	0.000614	12.3
223	-0.000158	311.654207	0.000029	9.2
224	-1.379454	311.078491	0.005402	9.0
225	-0.008179	310.505602	0.001014	7.5
226	-0.000010	309.935518	0.000002	7.2
227	-1.420980	309.368217	0.007726	7.7
228	-0.715300	308.803676	0.009043	8.3
229	-1.431137	308.241874	0.017767	7.6
230	-0.329370	307.682789	0.003774	7.6
231	-1.180101	307.126400	0.014241	7.6
232	-0.296509	306.572687	0.004545	7.5
233	-1.005920	306.021627	0.008365	7.5
234	-0.704554	305.473201	0.004736	6.9
235	-0.552270	304.927388	0.003912	7.5
236	-0.627557	304.384168	0.012182	7.5
237	-0.000000	303.843521	0.000000	7.5
238	-0.000000	303.305427	0.000000	7.6
239	-0.181749	302.769867	0.002356	7.5
240	-0.858598	302.236821	0.015585	7.6
241	-0.012957	301.706270	0.001094	7.5
242	-1.285560	301.178196	0.008830	7.2
243	-0.649601	300.652580	0.007817	7.5
244	-1.135712	300.129402	0.012477	7.6
245	-0.505793	299.608645	0.007462	7.8
246	-0.676877	299.090291	0.008878	7.7
247	-0.810983	298.574321	0.007017	8.1
248	-1.315533	298.060718	0.014335	7.5
249	-0.783173	297.549465	0.007899	7.6
250	-0.068789	297.040543	0.004272	7.6
251	-0.273936	296.533936	0.004051	8.0
252	-0.774361	296.029626	0.006035	7.5
253	-0.527066	295.527597	0.013417	7.6
254	-0.869548	295.027832	0.010480	7.5
255	-0.000004	294.530315	0.000001	7.8
256	-1.470690	294.035028	0.007852	7.5
257	-0.199255	293.541956	0.003516	7.6
258	-0.047162	293.051083	0.001897	7.7
259	-0.940421	292.562393	0.006171	7.5
260	-0.000000	292.075870	0.000000	7.2
261	-1.228851	291.591498	0.006266	7.0
262	-1.049687	291.109263	0.019951	7.6
263	-0.605215	290.629149	0.009999	7.6
264	-1.249460	290.151140	0.007670	7.5
265	-1.070607	289.675222	0.007951	7.6
266	-0.984414	289.201380	0.009881	7.5
267	-0.030916	288.729600	0.001401	7.5
268	-0.880486	288.259866	0.009375	7.5
269	-0.651448	287.792165	0.008493	7.6
270	-0.592483	287.326481	0.010253	7.6
271	-0.524585	286.862802	0.003216	7.5
272	-0.341410	286.401113	0.004374	7.5
273	-0.399728	285.941400	0.012364	7.6
274	-0.984991	285.483649	0.011998	7.6
275	-0.814823	285.027847	0.006124	7.4
276	-0.146500	284.573981	0.003053	6.8
277	-0.252428	284.122037	0.015067	6.1
278	-1.121529	283.672002	0.006705	7.9
279	-0.614872	283.223863	0.005101	6.3
280	-1.351374	282.777607	0.014913	7.6
281	-0.039457	282.333221	0.001329	7.5
282	-0.004489	281.890692	0.000295	7.6
283	-1.231434	281.450008	0.008386	7.7
284	-1.437685	281.011157	0.012886	7.5
285	-1.321741	280.574125	0.012250	7.3
286	-0.669216	280.138901	0.012053	7.5
287	-0.000197	279.705473	0.000040	6.3
288	-0.699821	279.273829	0.019580	7.7
289	-0.963541	278.843956	0.011837	7.5
290	-0.000000	278.415844	0.000000	7.5
291	-0.622453	277.989479	0.007779	7.5
292	-0.609382	277.564851	0.007227	7.4
293	-0.993661	277.141949	0.007840	8.3
294	-0.591900	276.720761	0.009887	7.1
295	-0.078828	276.301275	0.004757	7.4
296	-0.876386	275.883480	0.010534	7.4
297	-0.917821	275.467366	0.003323	7.1
298	-0.692503	275.052922	0.004377	7.6
299	-0.690666	274.640136	0.007138	7.4
300	-0.585027	274.228998	0.007375	7.5
301	-1.193066	273.819497	0.007712	6.7
302	-1.172067	273.411623	0.007609	7.6
303	-1.334450	273.005365	0.007339	7.5
304	-0.052779	272.600712	0.001525	7.4
305	-0.788016	272.197655	0.011951	7.5
306	-0.259450	271.796184	0.006269	6.3
307	-1.264756	271.396287	0.007720	6.8
308	-0.079014	270.997956	0.001863	6.6
309	-1.393152	270.601180	0.010274	6.0
310	-0.000000	270.205949	0.000000	7.6
311	-0.092011	269.812254	0.002340	7.5
312	-0.444731	269.420085	0.009154	7.5
313	-0.291774	269.029432	0.004086	6.3
314	-0.672919	268.640287	0.005033	7.6
315	-0.920323	268.252638	0.014306	8.0
316	-0.595635	267.866478	0.013870	7.5
317	-1.120090	267.481796	0.007334	7.5
318	-1.272170	267.098584	0.022557	7.6
319	-1.006930	266.716833	0.008702	7.4
320	-0.005662	266.336533	0.000250	7.8
321	-1.020504	265.957676	0.014048	6.3
322	-0.000000	265.580253	0.000000	7.6
323	-0.398409	265.204254	0.004862	7.5
324	-0.000000	264.829672	0.000000	7.6
325	-0.597285	264.456497	0.016835	7.5
326	-0.000002	264.084721	0.000000	7.6
327	-0.818889	263.714335	0.011385	6.8
328	-0.742205	263.345332	0.004469	6.6
329	-0.696640	262.977702	0.006337	7.5
330	-0.001386	262.611438	0.000226	7.5
331	-0.678986	262.246531	0.010646	7.5
332	-0.812821	261.882973	0.010552	7.5
333	-0.812294	261.520756	0.004674	7.8
334	-0.000499	261.159871	0.000081	5.5
335	-0.494136	260.800312	0.009847	8.1
336	-0.634644	260.442070	0.010598	7.9
337	-0.741097	260.085137	0.008714	8.1
338	-1.145433	259.729505	0.010555	7.5
339	-1.084184	259.375167	0.009109	7.5
340	-1.345498	259.022116	0.024739	7.5
341	-0.856341	258.670343	0.011293	7.5
342	-0.000000	258.319841	0.000000	8.0
343	-1.256766	257.970602	0.019133	7.5
344	-0.000051	257.622620	0.000011	7.5
345	-0.896316	257.275887	0.013280	7.5
346	-1.261357	256.930396	0.009709	7.5
347	-1.517173	256.586139	0.010157	8.3
348	-0.000000	256.243109	0.000000	7.5
349	-1.243233	255.901300	0.012836	7.2
350	-0.898668	255.560703	0.020500	8.1
351	-1.189526	255.221313	0.008612	7.5
352	-0.630942	254.883122	0.007269	7.1
353	-1.217271	254.546124	0.010499	7.5
354	-0.458442	254.210311	0.008339	7.1
355	-0.014493	253.875677	0.001386	6.5
356	-0.420669	253.542215	0.005487	5.6
357	-1.088687	253.209918	0.012422	7.5
358	-0.706363	252.878781	0.008918	7.5
359	-0.000000	252.548795	0.000000	7.5
360	-0.837930	252.219956	0.005729	7.5
361	-0.711704	251.892255	0.005315	8.2
362	-0.004267	251.565688	0.000344	8.3
363	-1.213324	251.240247	0.014777	7.6
364	-0.354781	250.915926	0.007075	7.5
365	-1.051197	250.592720	0.007113	6.2
366	-0.149468	250.270621	0.002112	7.5
367	-0.576000	249.949624	0.006439	7.4
368	-0.651400	249.629723	0.010840	7.5
369	-0.741927	249.310911	0.006069	7.1
370	-0.000249	248.993182	0.000054	7.5
371	-0.524127	248.676531	0.004683	7.6
372	-0.000000	248.360952	0.000000	7.5
373	-1.042024	248.046438	0.010426	7.4
374	-1.492641	247.732984	0.010311	7.5
375	-1.297405	247.420584	0.010075	7.5
376	-0.760314	247.109233	0.005787	7.5
377	-0.000000	246.798924	0.000000	8.6
378	-0.786661	246.489652	0.009285	8.4
379	-0.000041	246.181412	0.000010	7.0
380	-0.507968	245.874197	0.007684	7.5
381	-1.368414	245.568002	0.010573	7.4
382	-1.457475	245.262822	0.021907	7.4
383	-0.141477	244.958652	0.003312	7.7
384	-1.401162	244.655485	0.005096	7.4
385	-0.666972	244.353317	0.012412	7.4
386	-0.000002	244.052142	0.000001	7.4
387	-0.296385	243.751955	0.003768	7.5
388	-0.016912	243.452750	0.000639	7.4
389	-0.000000	243.154523	0.000000	7.4
390	-0.545463	242.857268	0.014804	7.5
391	-1.315043	242.560980	0.013102	7.5
392	-0.808371	242.265654	0.009140	7.4
393	-0.006780	241.971285	0.000457	8.1
394	-1.185630	241.677868	0.011584	7.5
395	-1.389871	241.385397	0.008073	7.7
396	-1.077902	241.093869	0.010167	7.5
397	-0.000000	240.803278	0.000000	8.3
398	-1.186130	240.513619	0.009592	7.5
399	-0.017475	240.224887	0.000773	7.5
400	-0.141848	239.937077	0.002275	7.5
401	-0.004774	239.650186	0.000658	7.4
402	-0.000000	239.364207	0.000000	7.1
403	-0.329000	239.079136	0.006283	7.2
404	-1.615566	238.794969	0.007720	7.4
405	-1.078885	238.511701	0.012694	7.5
406	-0.563935	238.229327	0.012116	7.5
407	-0.000000	237.947843	0.000000	7.6
408	-0.165444	237.667244	0.005318	7.5
409	-1.086156	237.387526	0.008988	7.5
410	-0.907726	237.108684	0.011528	7.6
411	-0.000000	236.830714	0.000000	6.5
412	-0.553706	236.553610	0.008581	6.2
413	-0.444227	236.277370	0.022020	7.9
414	-1.120199	236.001989	0.010963	7.5
415	-0.628231	235.727461	0.012067	6.7
416	-0.964405	235.453784	0.010069	8.4
417	-0.596406	235.180952	0.006464	7.5
418	-0.465912	234.908962	0.008342	7.5
419	-0.576557	234.637809	0.011127	7.6
420	-1.066504	234.367488	0.005781	7.5
421	-0.964375	234.097997	0.010022	7.5
422	-1.299117	233.829331	0.011207	7.5
423	-1.252523	233.561485	0.009611	7.6
424	-0.576740	233.294456	0.007151	7.4
425	-1.464319	233.028239	0.010346	7.5
426	-0.984437	232.762831	0.007899	7.5
427	-0.000000	232.498228	0.000000	7.5
428	-0.516845	232.234425	0.004574	7.5
429	-1.185862	231.971419	0.008891	7.5
430	-1.200863	231.709205	0.006869	7.5
431	-0.384013	231.447781	0.011948	7.6
432	-1.032484	231.187141	0.015452	8.6
433	-0.070885	230.927283	0.002735	7.5
434	-0.846010	230.668202	0.007952	7.4
435	-0.000000	230.409895	0.000000	7.8
436	-0.035889	230.152358	0.001639	7.5
437	-0.698431	229.895587	0.007934	7.8
438	-1.353956	229.639578	0.006885	9.7
439	-0.906128	229.384329	0.011959	11.2
440	-0.137511	229.129834	0.003624	6.2
441	-1.252846	228.876091	0.008010	8.0
442	-0.000000	228.623096	0.000000	7.6
443	-0.785049	228.370846	0.006321	7.7
444	-0.000150	228.119336	0.000027	8.9
445	-0.000001	227.868563	0.000000	8.8
446	-0.323885	227.618525	0.008575	9.6
447	-1.002460	227.369216	0.012837	8.7
448	-1.174832	227.120635	0.005663	7.5
449	-0.051768	226.872777	0.001837	8.1
450	-0.283580	226.625638	0.005284	6.9
451	-0.828695	226.379217	0.011998	7.4
452	-0.765372	226.133509	0.006799	7.5
453	-0.000000	225.888510	0.000000	8.1
454	-0.032120	225.644218	0.001734	7.6
455	-0.185483	225.400630	0.004645	8.6
456	-0.871348	225.157741	0.011402	6.4
457	-0.510085	224.915549	0.008120	10.7
458	-0.137164	224.674051	0.002337	9.5
459	-0.907431	224.433242	0.005626	9.1
460	-0.649064	224.193121	0.005224	7.6
461	0.000000	223.953684	0.000000	8.7
462	-0.766706	223.714927	0.006559	8.7
463	-0.796624	223.476848	0.006928	9.0
464	-0.325022	223.239444	0.013169	7.6
465	-0.546860	223.002710	0.013084	9.0
466	-1.171429	222.766645	0.006911	7.5
467	-0.952748	222.531245	0.012912	7.8
468	-1.205510	222.296508	0.008578	7.5
469	-1.487150	222.062429	0.009884	6.9
470	-0.768846	221.829007	0.012994	7.5
471	-1.420359	221.596238	0.013791	8.2
472	-0.610951	221.364119	0.007104	8.0
473	-0.468326	221.132647	0.006692	9.6
474	-1.299133	220.901820	0.003343	10.1
475	-0.000000	220.671634	0.000000	8.7
476	-1.228341	220.442086	0.008186	7.9
477	-0.870676	220.213174	0.009348	9.5
478	-0.805068	219.984895	0.009667	10.6
479	-1.093726	219.757246	0.008365	7.5
480	-1.286353	219.530224	0.011428	8.6
481	-1.010725	219.303826	0.007195	12.9
482	-0.420819	219.078050	0.007859	6.8
483	-0.005401	218.852893	0.000545	7.6
484	-1.375662	218.628352	0.013116	8.1
485	-1.294758	218.404424	0.010578	7.5
486	-0.829705	218.181106	0.007345	6.3
487	-1.280415	217.958397	0.007052	6.8
488	-0.033349	217.736292	0.001075	7.5
489	-1.083756	217.514790	0.007457	10.9
490	-0.532510	217.293888	0.006262	9.7
491	-1.108507	217.073584	0.013667	7.5
492	-0.015080	216.853873	0.000748	8.0
493	-0.000000	216.634755	0.000000	7.9
494	-1.341971	216.416227	0.009979	7.5
495	-0.247816	216.198285	0.003972	8.4
496	-0.000000	215.980927	0.000000	8.3
497	-0.735759	215.764151	0.008637	7.6
498	-0.017097	215.547955	0.001027	8.7
499	-0.205727	215.332335	0.005277	7.5
500	-0.659360	215.117289	0.006780	8.5
501	-1.386479	214.902815	0.014554	9.5
502	-0.926162	214.688911	0.011658	9.3
503	-1.148985	214.475573	0.008929	7.7
504	-0.151924	214.262800	0.002878	8.4
505	-1.316637	214.050588	0.009618	7.5
506	-0.575890	213.838936	0.007733	8.6
507	-0.051960	213.627842	0.002748	7.6
508	-0.091196	213.417302	0.002427	7.6
509	-0.834277	213.207314	0.003722	7.5
510	-1.355199	212.997877	0.005488	8.2
511	-0.928872	212.788987	0.011792	8.1
512	-0.103680	212.580642	0.001775	7.5
513	-0.372049	212.372841	0.018109	7.8
514	-0.417799	212.165581	0.008101	5.2
515	-0.000000	211.958859	0.000000	8.0
516	-0.607042	211.752673	0.006040	8.7
517	-1.125991	211.547021	0.014573	7.6
518	-1.123924	211.341902	0.011645	6.4
519	-0.891884	211.137311	0.007785	8.4
520	-1.284644	210.933248	0.010335	7.6
521	-0.131343	210.729710	0.002814	7.7
522	-0.000434	210.526695	0.000076	7.5
523	-1.274417	210.324200	0.012370	9.6
524	-1.577734	210.122224	0.006711	10.2
525	-1.477964	209.920765	0.012374	8.7
526	-0.630554	209.719820	0.014579	8.4
527	-1.395364	209.519387	0.009171	9.2
528	-0.000000	209.319463	0.000000	8.2
529	-1.326650	209.120048	0.007623	8.3
530	-0.315533	208.921139	0.004066	7.5
531	-0.353504	208.722733	0.004972	8.1
532	-1.464352	208.524829	0.019460	6.1
533	-1.305899	208.327425	0.011725	8.0
534	-1.112136	208.130518	0.010659	7.5
535	-0.130045	207.934107	0.002317	7.6
536	-0.000000	207.738189	0.000000	7.6
537	-0.000000	207.542762	0.000000	8.4
538	-0.701887	207.347825	0.007925	8.1
539	-0.159167	207.153376	0.003009	7.6
540	-0.210756	206.959412	0.003976	7.8
541	-0.769667	206.765932	0.008008	7.6
542	-0.053092	206.572933	0.002227	10.0
543	-0.838448	206.380414	0.004521	9.4
544	0.000000	206.188373	0.000000	8.0
545	-1.167768	205.996807	0.006237	8.1
546	-1.425601	205.805716	0.006316	6.9
547	-0.000000	205.615096	0.000000	7.6
548	-0.659098	205.424946	0.007471	7.5
549	-1.061109	205.235265	0.006469	8.2
550	-0.295783	205.046050	0.004614	10.7
551	-0.905258	204.857299	0.003540	9.6
552	-1.274106	204.669011	0.014850	8.1
553	-1.123469	204.481184	0.015826	10.4
554	-1.465388	204.293816	0.016088	10.6
555	-0.410948	204.106905	0.006204	7.9
556	-0.811887	203.920449	0.010439	7.4
557	-0.936745	203.734447	0.005043	10.8
558	-0.000000	203.548896	0.000000	10.1
559	-0.000000	203.363795	0.000000	8.1
560	-0.611873	203.179143	0.004880	9.5
561	-1.015235	202.994937	0.007932	9.3
562	-0.911787	202.811176	0.015331	9.5
563	-1.212429	202.627857	0.012759	7.9
564	-1.267328	202.444980	0.010249	10.2
565	-0.423319	202.262543	0.005565	10.2
566	-1.557759	202.080543	0.031750	8.9
567	-1.363358	201.898979	0.009595	9.6
568	-0.104433	201.717849	0.003847	10.3
569	-0.861590	201.537153	0.009350	9.2
570	-1.144222	201.356887	0.005137	8.0
571	-0.884416	201.177050	0.013943	10.8
572	-0.073741	200.997642	0.001638	10.0
573	-0.009915	200.818659	0.000555	8.0
574	-0.999044	200.640100	0.009405	8.1
575	-0.000000	200.461965	0.000000	7.8
576	-0.000350	200.284250	0.000050	7.8
577	-0.505281	200.106955	0.008003	7.8
578	-0.939417	199.930078	0.010202	8.5
579	-0.969023	199.753617	0.011100	7.5
580	-0.033157	199.577571	0.001691	7.5
581	-0.000000	199.401938	0.000000	8.1
582	-1.242221	199.226717	0.013660	8.1
583	-1.245129	199.051905	0.005493	7.7
584	-0.180043	198.877502	0.003496	7.5
585	-0.000000	198.703506	0.000000	10.2
586	-1.175128	198.529916	0.005499	9.6
587	-1.539872	198.356729	0.015327	7.5
588	-0.163542	198.183944	0.002825	8.2
589	-1.003716	198.011560	0.007687	10.1
590	-0.494597	197.839576	0.009092	7.7
591	-1.388862	197.667989	0.010797	7.9
592	-0.000000	197.496798	0.000000	8.1
593	-0.005764	197.326002	0.000727	7.5
594	-0.000000	197.155600	0.000000	7.6
595	-0.805785	196.985589	0.005038	7.6
596	-0.000000	196.815969	0.000000	8.5
597	-0.417644	196.646738	0.006184	7.5
598	-1.110562	196.477894	0.007617	8.2
599	-0.241243	196.309436	0.003639	7.5
600	-0.330031	196.141363	0.006432	7.9
601	-0.125094	195.973673	0.002669	10.2
602	-0.682942	195.806365	0.008021	9.8
603	-0.754705	195.639437	0.009691	7.6
604	-1.199244	195.472888	0.014552	8.0
605	-0.935842	195.306717	0.011494	8.3
606	-1.456130	195.140922	0.008850	7.6
607	-0.000000	194.975501	0.000000	8.1
608	-1.094918	194.810454	0.009884	8.1
609	-0.530484	194.645779	0.007989	7.8
610	-1.277284	194.481475	0.014285	7.7
611	-0.387210	194.317540	0.005421	8.2
612	-0.000000	194.153973	0.000000	7.5
613	-0.844051	193.990773	0.008645	6.5
614	-0.652536	193.827938	0.012461	7.5
615	-0.670648	193.665467	0.010135	7.6
616	-0.812200	193.503358	0.007903	7.9
617	-0.000000	193.341611	0.000000	9.6
618	-1.505539	193.180224	0.010657	7.5
619	-0.152564	193.019196	0.003259	9.9
620	-0.966015	192.858525	0.010844	9.9
621	-0.747850	192.698210	0.006998	8.4
622	-0.695068	192.538251	0.005026	8.0
623	-1.462058	192.378644	0.014897	9.6
624	-0.000000	192.219391	0.000000	9.9
625	-1.287661	192.060488	0.020436	7.5
626	-1.454001	191.901935	0.012468	8.2
627	-0.000012	191.743730	0.000003	9.5
628	-1.418958	191.585873	0.011017	8.6
629	-0.367552	191.428362	0.006357	7.6
630	-1.405798	191.271196	0.008945	8.6
631	-0.778556	191.114374	0.009066	9.8
632	-0.730388	190.957893	0.011136	8.8
633	-1.026187	190.801755	0.007542	7.9
634	-1.463386	190.645956	0.012186	8.9
635	-0.640769	190.490495	0.005441	9.7
636	-0.523560	190.335373	0.022627	7.6
637	-0.968800	190.180587	0.006849	7.6
638	-0.328406	190.026136	0.004984	9.1
639	-0.780317	189.872019	0.007054	10.2
640	-0.000038	189.718235	0.000007	8.5
641	-0.741958	189.564782	0.013738	7.5
642	-0.000000	189.411661	0.000000	10.2
643	-1.096596	189.258868	0.005978	9.1
644	-0.000323	189.106404	0.000066	7.5
645	-1.394105	188.954267	0.015972	8.0
646	-0.039792	188.802456	0.002202	10.2
647	-1.114159	188.650969	0.008443	8.8
648	-0.100679	188.499807	0.001904	7.5
649	-0.272958	188.348967	0.005780	6.3
650	-1.451825	188.198448	0.014517	9.8
651	-1.368363	188.048250	0.008683	8.5
652	-1.336622	187.898371	0.015391	7.1
653	-0.019516	187.748810	0.001176	9.4
654	-0.639705	187.599566	0.009131	10.0
655	-0.820211	187.450638	0.005502	9.8
656	-0.639543	187.302025	0.007084	7.7
657	-1.218255	187.153725	0.006923	9.4
658	-0.774149	187.005739	0.006176	9.6
659	-0.677575	186.858064	0.007206	7.7
660	-0.829314	186.710699	0.009998	7.6
661	-0.000010	186.563645	0.000002	9.7
662	-1.107554	186.416898	0.013561	9.5
663	-1.353000	186.270459	0.013163	8.8
664	-1.316511	186.124326	0.009552	8.4
665	-1.597286	185.978499	0.006752	8.6
666	-1.094451	185.832976	0.008892	8.5
667	-1.203912	185.687756	0.005603	7.6
668	-1.583341	185.542838	0.013115	8.5
669	-0.001347	185.398222	0.000219	9.8
670	-0.056619	185.253906	0.002189	8.5
671	-0.107618	185.109889	0.004894	7.5
672	-1.267592	184.966170	0.008776	8.7
673	-0.575874	184.822748	0.005612	9.3
674	-0.843474	184.679623	0.013806	7.9
675	-0.000000	184.536792	0.000000	7.5
676	-0.000490	184.394256	0.000094	9.6
677	-0.701141	184.252013	0.006632	9.8
678	-0.006811	184.110062	0.000476	7.6
679	-0.923123	183.968403	0.003813	7.5
680	-1.533311	183.827034	0.021079	8.2
681	-0.138014	183.685954	0.004751	7.5
682	-1.098114	183.545163	0.006418	7.9
683	-0.265337	183.404658	0.002711	8.4
684	-0.931728	183.264441	0.007761	7.7
685	-1.284893	183.124509	0.013593	7.7
686	-1.267105	182.984861	0.005597	9.1
687	-0.177578	182.845497	0.003959	8.4
688	-0.305463	182.706416	0.006449	8.2
689	-0.664960	182.567616	0.005234	7.5
690	-1.160279	182.429098	0.010310	8.8
691	-0.018746	182.290859	0.000760	9.6
692	-0.002333	182.152899	0.000293	7.5
693	-0.632543	182.015217	0.004712	7.5
694	-0.769613	181.877813	0.012100	9.1
695	-1.031629	181.740684	0.010933	9.8
696	-1.123998	181.603832	0.004435	7.5
697	-0.571750	181.467253	0.014839	7.5
698	-0.000404	181.330948	0.000073	9.6
699	-0.811160	181.194916	0.008335	10.2
700	-1.179474	181.059155	0.010673	6.2
701	-0.008904	180.923666	0.000442	7.6
702	-1.392621	180.788446	0.004686	9.4
703	-0.349869	180.653496	0.003473	9.5
704	-0.997529	180.518814	0.008902	7.5
705	-1.050653	180.384399	0.007370	7.5
706	-1.014355	180.250251	0.006382	9.8
707	-0.421991	180.116369	0.004741	8.9
708	-1.141360	179.982752	0.012447	7.5
709	-1.379533	179.849398	0.007884	7.5
710	-1.449540	179.716308	0.013171	7.5
711	-1.119480	179.583480	0.004427	8.4
712	-0.679160	179.450913	0.005804	7.5
713	-1.232387	179.318607	0.008949	7.4
714	-0.000000	179.186561	0.000000	7.6
715	-0.785367	179.054774	0.011967	7.6
716	-0.976774	178.923245	0.007963	8.0
717	-0.179969	178.791973	0.004164	6.7
718	-1.468956	178.660958	0.004877	8.1
719	-0.640586	178.530199	0.007383	7.4
720	-1.150519	178.399694	0.008771	6.5
721	-0.598387	178.269444	0.007603	8.4
722	-1.017715	178.139447	0.012561	6.0
723	-1.276729	178.009702	0.009114	8.4
724	-1.365440	177.880209	0.011155	7.5
725	-0.880016	177.750967	0.009720	7.7
726	-1.107870	177.621975	0.013433	6.2
727	0.000000	177.493232	0.000000	8.0
728	-0.794689	177.364738	0.009252	8.0
729	-0.035972	177.236492	0.002262	8.4
730	-0.427782	177.108492	0.008441	8.3
731	-0.000009	176.980739	0.000002	8.0
732	-1.371827	176.853231	0.016266	8.2
733	-1.314791	176.725968	0.007076	7.5
734	-0.750009	176.598949	0.006386	8.5
735	-0.387995	176.472173	0.008228	8.0
736	-0.100788	176.345639	0.004033	8.3
737	-0.406252	176.219348	0.009612	8.0
738	-1.295213	176.093296	0.012458	7.7
739	-0.850510	175.967486	0.007762	7.8
740	-0.812356	175.841914	0.006958	7.9
741	-1.055630	175.716581	0.007099	8.3
742	-0.445674	175.591486	0.016440	6.9
743	-0.079498	175.466629	0.002617	8.1
744	-0.212960	175.342008	0.003585	8.1
745	-0.732632	175.217622	0.006644	7.4
746	-0.932729	175.093472	0.014031	8.2
747	-1.535402	174.969556	0.013651	8.4
748	-1.350142	174.845873	0.015025	8.9
749	-1.061737	174.722423	0.003791	8.1
750	-1.092890	174.599206	0.004615	7.9
751	-1.136689	174.476220	0.008791	8.1
752	-1.225106	174.353464	0.006495	8.0
753	-0.000122	174.230939	0.000023	9.4
754	-0.000000	174.108643	0.000000	5.4
755	-1.539971	173.986576	0.011381	8.2
756	-0.782493	173.864737	0.006701	6.3
757	-0.514705	173.743124	0.006927	8.7
758	-1.272807	173.621739	0.008170	7.8
759	-1.003580	173.500579	0.008298	7.8
760	-0.840044	173.379645	0.008680	7.7
761	-0.686322	173.258935	0.005549	9.1
762	-0.154163	173.138449	0.003186	8.1
763	-0.000557	173.018186	0.000082	7.8
764	-1.355247	172.898146	0.009084	6.6
765	-1.396300	172.778327	0.010201	8.6
766	-0.000001	172.658730	0.000000	7.7
767	-1.226083	172.539353	0.004880	7.7
768	-0.021795	172.420196	0.000901	5.5
769	-0.897105	172.301258	0.009470	7.5
770	-0.830738	172.182539	0.011286	7.5
771	-0.000000	172.064037	0.000000	7.5
772	-1.096916	171.945753	0.007463	7.6
773	-1.342799	171.827686	0.006902	8.3
774	-0.464483	171.709834	0.003679	7.6
775	-0.026772	171.592198	0.000922	7.7
776	-1.195057	171.474776	0.010366	7.5
777	-0.611479	171.357568	0.005701	7.5
778	-1.032682	171.240574	0.003703	7.5
779	-0.079122	171.123793	0.004603	7.1
780	-1.123164	171.007223	0.006795	7.6
781	-0.772941	170.890865	0.006439	7.5
782	-1.221829	170.774718	0.013358	9.0
783	-0.475898	170.658782	0.013641	5.7
784	-0.043885	170.543055	0.002523	5.6
785	-0.368246	170.427537	0.005719	7.5
786	-1.068369	170.312227	0.011052	7.5
787	-0.928996	170.197125	0.008036	7.5
788	-0.743679	170.082231	0.005730	7.6
789	-1.092075	169.967543	0.012784	7.9
790	-1.255634	169.853061	0.011454	7.9
791	-1.100269	169.738784	0.013335	7.8
792	-1.344513	169.624713	0.009024	7.9
793	-0.021175	169.510845	0.001787	8.0
794	-1.220815	169.397181	0.011553	7.9
795	-1.042253	169.283720	0.006900	8.0
796	-0.276727	169.170462	0.005266	8.0
797	-0.835470	169.057405	0.006379	7.9
798	-0.895270	168.944549	0.009769	8.2
799	-0.000039	168.831895	0.000009	7.9
800	-0.913902	168.719440	0.009608	8.3
801	-0.578108	168.607185	0.006104	8.0
802	-0.806231	168.495129	0.009146	6.9
803	-1.042752	168.383271	0.008604	8.1
804	-0.667592	168.271611	0.012402	7.9
805	-0.809477	168.160148	0.008036	8.3
806	-0.723885	168.048882	0.007356	8.0
807	-0.150302	167.937812	0.002444	8.9
808	-1.216398	167.826938	0.009951	8.0
809	-1.317531	167.716258	0.011801	9.0
810	-1.574680	167.605773	0.015774	8.1
811	-1.364802	167.495482	0.007865	9.7
812	-1.444035	167.385384	0.006288	9.4
813	-0.000000	167.275479	0.000000	8.7
814	-0.571258	167.165766	0.008837	6.0
815	-0.603680	167.056245	0.007371	7.9
816	-0.927702	166.946915	0.012377	7.8
817	-1.381686	166.837776	0.011067	7.8
818	-1.309062	166.728826	0.019768	8.0
819	-1.007464	166.620067	0.008069	6.3
820	-0.000000	166.511496	0.000000	7.5
821	-0.000004	166.403113	0.000001	7.6
822	-0.000000	166.294919	0.000000	7.6
823	-0.637693	166.186912	0.004088	7.5
824	-0.297219	166.079091	0.006057	7.5
825	-0.894840	165.971458	0.009954	6.9
826	-0.371653	165.864009	0.005162	8.4
827	-0.917839	165.756747	0.009636	7.8
828	-1.363585	165.649669	0.013331	6.1
829	-1.274192	165.542775	0.010035	7.5
830	-0.894187	165.436065	0.009374	7.7
831	-1.172960	165.329538	0.011645	7.5
832	-0.421048	165.223194	0.007066	7.5
833	-1.310975	165.117032	0.016708	7.4
834	-0.293716	165.011052	0.003457	7.7
835	-0.896696	164.905253	0.011401	8.4
836	-0.998051	164.799635	0.007534	7.4
837	-1.383626	164.694197	0.007908	7.6
838	-1.275265	164.588939	0.012393	7.9
839	-0.994258	164.483859	0.011311	7.0
840	-0.000378	164.378959	0.000071	7.7
841	-0.178479	164.274237	0.005687	7.5
842	-0.667425	164.169692	0.010636	7.6
843	-0.752696	164.065325	0.010600	7.5
844	-0.508244	163.961135	0.013414	6.3
845	-0.001440	163.857120	0.000213	8.4
846	-0.000000	163.753282	0.000000	8.5
847	-1.498921	163.649619	0.010159	7.5
848	-0.927695	163.546130	0.004283	8.4
849	-1.054333	163.442816	0.009748	6.5
850	-0.000073	163.339676	0.000018	7.7
851	-0.534564	163.236709	0.006826	7.5
852	-0.000100	163.133915	0.000022	7.6
853	-0.193150	163.031294	0.004817	5.5
854	-1.295321	162.928844	0.008841	7.5
855	-0.000007	162.826566	0.000002	8.3
856	-0.833346	162.724459	0.007052	7.2
857	-0.946300	162.622523	0.007261	7.5
858	-0.000000	162.520757	0.000000	7.6
859	-0.528658	162.419160	0.006338	6.2
860	-0.068621	162.317733	0.002173	8.2
861	-1.153730	162.216474	0.010205	7.6
862	-1.528557	162.115383	0.014016	7.7
863	-1.425007	162.014461	0.015965	5.6
864	-1.113597	161.913705	0.008665	7.5
865	-0.093987	161.813117	0.001763	7.5
866	-0.927498	161.712695	0.011004	7.6
867	-0.000000	161.612439	0.000000	7.5
868	-0.000000	161.512349	0.000000	7.6
869	-0.049247	161.412424	0.002758	7.6
870	-1.391842	161.312663	0.009493	5.9
871	-0.006190	161.213067	0.000441	7.5
872	-1.381123	161.113635	0.006175	7.5
873	-0.815033	161.014366	0.008918	7.5
874	-0.750858	160.915260	0.014710	7.6
875	-0.746207	160.816316	0.006808	7.5
876	-0.570484	160.717535	0.009170	7.5
877	-0.000000	160.618915	0.000000	7.7
878	-0.399158	160.520456	0.006746	7.6
879	-0.000000	160.422158	0.000000	7.5
880	-0.757777	160.324021	0.004782	7.5
881	-0.046570	160.226043	0.001673	7.5
882	-0.880520	160.128225	0.009325	7.6
883	-1.311734	160.030566	0.006273	8.7
884	-0.000014	159.933066	0.000003	7.8
885	-1.352814	159.835723	0.021255	7.6
886	-1.100995	159.738539	0.007776	6.4
887	-1.477164	159.641512	0.004586	8.2
888	-0.196784	159.544642	0.004796	6.0
889	-1.372870	159.447929	0.016618	7.5
890	-1.367881	159.351372	0.007330	7.4
891	-1.489106	159.254971	0.008570	6.7
892	-0.213099	159.158725	0.005408	7.6
893	-0.004751	159.062634	0.000583	8.3
894	-0.000000	158.966697	0.000000	7.6
895	-1.277947	158.870915	0.010419	7.5
896	-0.796149	158.775286	0.006598	7.5
897	-0.295406	158.679811	0.004609	7.5
898	-0.479392	158.584489	0.007286	7.8
899	-0.926039	158.489319	0.003219	7.5
900	-1.461518	158.394302	0.009636	7.5
901	-0.000000	158.299436	0.000000	7.6
902	-1.538718	158.204721	0.016725	7.6
903	-0.890752	158.110158	0.008881	7.5
904	-0.021434	158.015745	0.000850	7.1
905	-0.755863	157.921482	0.006305	7.5
906	-0.267617	157.827369	0.003852	8.4
907	-0.049779	157.733406	0.001770	7.5
908	-0.537830	157.639591	0.009745	7.5
909	-0.899284	157.545925	0.009932	7.5
910	-1.139894	157.452408	0.009816	5.6
911	-1.182455	157.359038	0.006931	7.5
912	-0.000000	157.265816	0.000000	7.5
913	-1.399086	157.172741	0.009342	7.5
914	-0.105554	157.079813	0.002375	8.5
915	-0.000000	156.987031	0.000000	7.5
916	-0.000636	156.894395	0.000090	7.4
917	-1.066077	156.801904	0.014870	6.0
918	-1.133804	156.709559	0.017892	7.5
919	-0.597009	156.617359	0.007750	8.5
920	-1.005892	156.525304	0.016143	6.5
921	-0.616993	156.433392	0.010190	7.4
922	-0.547322	156.341624	0.013999	8.4
923	-0.000000	156.250000	0.000000	7.5
924	-0.738638	156.158519	0.007559	7.5
925	-0.440355	156.067180	0.007771	7.6
926	-0.000000	155.975984	0.000000	8.4
927	-0.723055	155.884930	0.009836	7.5
928	-0.053582	155.794017	0.002626	7.5
929	-0.717727	155.703246	0.008299	7.5
930	-1.436948	155.612615	0.006874	7.4
931	-0.929629	155.522125	0.013929	5.8
932	-0.615922	155.431775	0.007743	7.6
933	-0.000000	155.341565	0.000000	7.5
934	-0.927440	155.251495	0.009868	7.5
935	-1.147535	155.161563	0.013429	7.5
936	-1.048863	155.071771	0.006340	8.0
937	-1.244944	154.982117	0.004984	9.4
938	-0.721188	154.892601	0.006722	7.5
939	-1.282921	154.803222	0.010577	8.4
940	0.000000	154.713981	0.000000	7.5
941	-1.494028	154.624878	0.004392	7.6
942	-0.921264	154.535910	0.005975	6.3
943	-0.000003	154.447080	0.000001	8.3
944	-0.623939	154.358385	0.010693	7.5
945	-0.964560	154.269826	0.010978	8.8
946	-0.000000	154.181402	0.000000	8.4
947	-0.808139	154.093114	0.005835	7.8
948	-0.818455	154.004960	0.008439	7.5
949	-0.000002	153.916940	0.000001	6.8
950	-1.422219	153.829054	0.010147	10.2
951	-0.000000	153.741303	0.000000	7.5
952	-0.585248	153.653684	0.015780	7.5
953	-0.571463	153.566198	0.014169	10.0
954	-0.149236	153.478846	0.004867	9.5
955	-1.041135	153.391625	0.006203	7.5
956	-0.546633	153.304537	0.007633	10.2
957	-1.094274	153.217580	0.013460	9.4
958	-0.770069	153.130755	0.006487	7.8
959	-0.000000	153.044061	0.000000	7.4
960	-0.958397	152.957498	0.012158	9.0
961	-0.000010	152.871065	0.000003	9.6
962	-0.004909	152.784762	0.000489	9.2
963	-0.000000	152.698589	0.000000	7.5
964	-0.879984	152.612545	0.006331	9.3
965	-1.145346	152.526631	0.004641	9.7
966	-1.421770	152.440845	0.014509	7.5
967	-0.678352	152.355188	0.007153	7.6
968	-0.944458	152.269660	0.008500	7.6
969	-0.083789	152.184259	0.002882	8.4
970	-1.098892	152.098986	0.013081	9.5
971	-0.000040	152.013840	0.000008	9.7
972	-0.913958	151.928821	0.006467	7.9
973	-0.502145	151.843928	0.006298	7.9
974	-0.000003	151.759163	0.000001	10.0
975	-1.417184	151.674523	0.005763	8.5
976	-1.430934	151.590009	0.008097	7.5
977	-0.000028	151.505620	0.000006	8.1
978	-0.000000	151.421357	0.000000	9.9
979	-1.029573	151.337218	0.011240	8.5
980	-0.073225	151.253204	0.001730	6.6
981	-1.243546	151.169314	0.006936	8.1
982	-1.257504	151.085549	0.008028	9.6
983	-1.011334	151.001907	0.016413	8.8
984	-1.401478	150.918388	0.009590	7.5
985	-0.010135	150.834992	0.000793	9.0
986	-0.000000	150.751719	0.000000	9.7
987	-0.708577	150.668569	0.010733	7.8
988	-0.354383	150.585541	0.014291	5.7
989	-0.893429	150.502634	0.009772	8.3
990	-0.793006	150.419849	0.006426	9.5
991	-1.082219	150.337186	0.004567	8.7
992	-0.898911	150.254644	0.005605	7.3
993	-0.392795	150.172222	0.007682	8.6
994	-1.375954	150.089921	0.005545	9.7
995	-0.630463	150.007740	0.012371	7.8
996	-0.611458	149.925679	0.010996	7.8
997	-0.000002	149.843737	0.000000	9.8
998	-1.468316	149.761915	0.014177	9.8
999	-1.205940	149.680212	0.011235	7.6
1000	-0.777580	149.598627	0.009690	7.9
1001	-0.487762	149.517161	0.006915	12.3
1002	-0.654935	149.435814	0.006617	11.2
1003	-0.000002	149.354584	0.000000	9.7
1004	-1.244904	149.273472	0.013859	9.6
1005	-0.000000	149.192477	0.000000	11.5
1006	-0.000022	149.111599	0.000005	9.8
1007	-0.276877	149.030838	0.004521	8.4
1008	-0.000000	148.950194	0.000000	8.3
1009	-0.604892	148.869666	0.008141	7.8
1010	-1.372243	148.789253	0.006433	7.0
1011	-0.073505	148.708957	0.001727	8.8
1012	-0.566949	148.628776	0.005970	9.7
1013	-0.002486	148.548710	0.000340	9.0
1014	-0.038591	148.468759	0.001991	7.5
1015	-0.000137	148.388923	0.000026	9.9
1016	-0.991123	148.309201	0.011251	9.6
1017	-0.521825	148.229594	0.008520	6.5
1018	-0.455774	148.150100	0.004465	8.4
1019	-0.892501	148.070719	0.007406	10.0
1020	-0.000005	147.991452	0.000001	9.2
1021	-0.924113	147.912298	0.009498	7.7
1022	-0.472898	147.833257	0.005886	8.0
1023	-0.598862	147.754329	0.022549	9.6
1024	-1.203503	147.675512	0.012604	8.6
1025	-1.268454	147.596808	0.014531	7.6
1026	-0.594766	147.518216	0.006009	8.8
1027	-1.166140	147.439735	0.008452	9.6
1028	-0.313392	147.361365	0.007880	8.4
1029	-1.193527	147.283106	0.005127	6.8
1030	-0.031876	147.204958	0.001372	9.1
1031	-0.646983	147.126920	0.009186	9.5
1032	-0.937389	147.048993	0.013997	8.5
1033	-0.776217	146.971175	0.007925	7.7
1034	-1.426847	146.893468	0.006218	9.1
1035	-0.591541	146.815869	0.010121	9.7
1036	-0.913447	146.738380	0.008436	7.1
1037	-0.577660	146.661000	0.005568	8.3
1038	-1.089546	146.583729	0.006531	10.4
1039	-1.293885	146.506566	0.011961	9.5
1040	-0.535635	146.429511	0.004711	7.9
1041	-0.001349	146.352565	0.000147	7.9
1042	0.000000	146.275726	0.000000	9.5
1043	-1.209107	146.198994	0.006940	8.8
1044	-0.927176	146.122370	0.006578	7.5
1045	-0.888048	146.045853	0.006510	8.1
1046	-1.016739	145.969442	0.008701	9.8
1047	-0.792964	145.893139	0.009028	8.8
1048	-1.421706	145.816941	0.008505	7.3
1049	-1.251560	145.740849	0.009264	7.1
1050	-0.255576	145.664863	0.003128	9.8
1051	-0.636507	145.588983	0.007637	8.7
1052	-1.378406	145.513208	0.013059	7.5
1053	-1.408784	145.437538	0.004621	9.3
1054	-0.872565	145.361973	0.003594	9.5
1055	-0.225692	145.286513	0.005421	7.8
1056	-0.161448	145.211157	0.003657	7.5
1057	-0.242557	145.135905	0.004389	8.0
1058	-0.076400	145.060757	0.002285	9.2
1059	-0.004901	144.985712	0.000534	8.5
1060	-0.003907	144.910771	0.000530	7.4
1061	-0.038823	144.835934	0.000881	8.5
1062	-1.216769	144.761199	0.010549	7.1
1063	-1.028499	144.686567	0.010476	8.7
1064	-1.224940	144.612037	0.011691	9.5
1065	-1.095045	144.537610	0.005047	7.6
1066	-0.053877	144.463285	0.002875	7.5
1067	-1.180184	144.389062	0.022273	7.5
1068	-1.033408	144.314940	0.007562	9.8
1069	-0.697116	144.240920	0.007662	8.4
1070	-0.000489	144.167001	0.000093	8.1
1071	-0.350448	144.093182	0.005721	9.2
1072	-0.560115	144.019465	0.011437	10.2
1073	-1.437291	143.945848	0.005172	8.3
1074	-0.599121	143.872331	0.006295	8.1
1075	-0.000000	143.798914	0.000000	9.6
1076	-0.379507	143.725597	0.005210	9.1
1077	-1.259564	143.652380	0.007300	7.3
1078	-0.022972	143.579262	0.000825	8.3
1079	-0.576856	143.506243	0.013006	9.6
1080	-0.921916	143.433323	0.006785	9.9
1081	-1.317042	143.360502	0.007730	9.6
1082	-0.635595	143.287780	0.012615	9.9
1083	-1.020455	143.215155	0.010707	9.8
1084	-0.121831	143.142629	0.003540	7.5
1085	-1.017185	143.070201	0.007787	7.8
1086	0.000000	142.997870	0.000000	8.4
1087	-0.913871	142.925637	0.011322	7.6
1088	-1.150584	142.853501	0.012711	8.4
1089	-1.364833	142.781462	0.011310	9.2
1090	-1.388062	142.709519	0.004763	8.7
1091	-1.297082	142.637674	0.015298	7.9
1092	-0.791056	142.565924	0.006074	10.2
1093	-1.524438	142.494271	0.007099	8.7
1094	-0.892091	142.422714	0.010287	7.1
1095	-1.457749	142.351252	0.003178	8.0
1096	-0.843063	142.279886	0.007908	10.0
1097	-0.066792	142.208616	0.002463	6.9
1098	-0.845806	142.137440	0.012620	8.3
1099	-1.462771	142.066360	0.007450	8.4
1100	-0.000000	141.995374	0.000000	7.7
1101	-1.509631	141.924483	0.005770	9.8
1102	-1.288194	141.853685	0.009425	8.3
1103	-0.419097	141.782983	0.005433	8.0
1104	-0.839592	141.712373	0.006900	7.5
1105	-1.383725	141.641858	0.007444	7.6
1106	-0.000998	141.571436	0.000167	7.5
1107	-0.944238	141.501108	0.005851	8.0
1108	-1.047732	141.430872	0.004765	9.3
1109	-1.144854	141.360730	0.007658	8.3
1110	-1.114050	141.290680	0.007107	7.4
1111	-0.962651	141.220722	0.008491	8.0
1112	-0.000000	141.150857	0.000000	10.0
1113	-0.000001	141.081084	0.000000	8.6
1114	-1.099049	141.011403	0.009306	7.6
1115	-0.003273	140.941813	0.000264	8.5
1116	-0.729403	140.872315	0.004848	9.8
1117	-0.974549	140.802909	0.013226	8.8
1118	-0.740949	140.733593	0.004081	6.5
1119	-0.607033	140.664369	0.005675	8.4
1120	-0.009260	140.595235	0.000854	10.3
1121	-1.138761	140.526192	0.008865	7.6
1122	-0.000000	140.457239	0.000000	7.5
1123	-0.466030	140.388376	0.007981	8.4
1124	-0.000000	140.319603	0.000000	7.5
1125	-0.542794	140.250920	0.004811	7.6
1126	-0.004304	140.182326	0.000468	7.5
1127	-0.628765	140.113822	0.008662	7.5
1128	-0.443610	140.045407	0.004327	7.5
1129	-1.091034	139.977081	0.009980	6.5
1130	-0.225617	139.908844	0.005656	7.6
1131	-0.856765	139.840696	0.007526	7.5
1132	-1.162004	139.772635	0.013425	8.4
1133	-0.521444	139.704664	0.007447	7.7
1134	-1.161570	139.636780	0.008138	6.1
1135	-1.515158	139.568984	0.018425	7.5
1136	-0.927475	139.501276	0.007246	7.5
1137	-1.532684	139.433655	0.009103	7.6
1138	-1.271488	139.366122	0.009212	8.0
1139	-1.012031	139.298676	0.016853	8.3
1140	-1.300444	139.231317	0.011696	7.5
1141	-1.193678	139.164045	0.009694	6.6
1142	-1.160950	139.096859	0.009891	7.5
1143	-0.756361	139.029760	0.018304	7.6
1144	-0.000000	138.962747	0.000000	7.5
1145	-1.061520	138.895820	0.006600	7.6
1146	-1.349463	138.828978	0.009152	7.5
1147	-1.045911	138.762223	0.008581	8.8
1148	-1.241105	138.695553	0.012083	7.7
1149	-1.084385	138.628969	0.017048	7.5
1150	-1.501514	138.562469	0.014005	9.4
1151	-1.099467	138.496055	0.006175	7.5
1152	-1.125963	138.429725	0.011032	8.4
1153	-0.513462	138.363481	0.010217	7.6
1154	-0.412870	138.297320	0.008179	7.5
1155	-0.000000	138.231244	0.000000	8.4
1156	0.000000	138.165252	0.000000	7.5
1157	-0.628641	138.099344	0.007349	7.5
1158	-0.283972	138.033520	0.004748	7.5
1159	-0.126165	137.967779	0.002882	7.5
1160	-0.999991	137.902122	0.006290	7.5
1161	-0.009065	137.836548	0.000629	7.5
1162	-1.436893	137.771057	0.011309	8.4
1163	-1.402882	137.705649	0.016617	7.4
1164	-0.284670	137.640324	0.005394	7.5
1165	-0.899381	137.575081	0.005361	7.5
1166	-1.519145	137.509921	0.011779	7.4
1167	0.000000	137.444842	0.000000	7.5
1168	-1.030613	137.379846	0.011923	7.9
1169	-0.228986	137.314932	0.005254	7.5
1170	-0.000002	137.250100	0.000001	7.4
1171	-1.348771	137.185349	0.007148	7.4
1172	-0.074562	137.120680	0.000735	8.1
1173	-1.486324	137.056092	0.006524	5.8
1174	-0.417892	136.991585	0.005590	7.5
1175	-1.295871	136.927158	0.004824	7.4
1176	-0.815627	136.862813	0.008187	7.5
1177	-0.671980	136.798548	0.007968	7.5
1178	-0.000000	136.734363	0.000000	7.5
1179	-0.025956	136.670259	0.001553	7.5
1180	-0.752255	136.606235	0.006811	7.7
1181	-0.000000	136.542291	0.000000	7.6
1182	-0.000075	136.478426	0.000018	7.4
1183	-0.000000	136.414641	0.000000	7.5
1184	-1.454295	136.350936	0.009840	7.6
1185	-1.421152	136.287310	0.006144	6.2
1186	-0.616154	136.223763	0.007306	7.5
1187	-0.855926	136.160295	0.009785	7.5
1188	-0.898461	136.096905	0.020647	7.6
1189	-0.000000	136.033594	0.000000	7.4
1190	-0.872360	135.970362	0.017927	7.5
1191	-0.818021	135.907208	0.009908	8.4
1192	-1.287823	135.844133	0.009265	6.9
1193	-0.550166	135.781135	0.009587	6.1
1194	-0.544818	135.718215	0.007258	7.5
1195	-1.412427	135.655373	0.010726	8.5
1196	-1.102750	135.592608	0.009010	7.6
1197	-0.891753	135.529921	0.015154	7.5
1198	0.000000	135.467311	0.000000	7.5
1199	-0.000000	135.404778	0.000000	5.9
1200	-0.000001	135.342322	0.000000	7.6
1201	-0.005346	135.279942	0.000514	7.5
1202	-0.593132	135.217640	0.007916	7.5
1203	-0.602586	135.155413	0.006198	7.5
1204	-0.229136	135.093263	0.005502	6.3
1205	-0.698961	135.031190	0.023241	8.4
1206	-0.804843	134.969192	0.006913	7.5
1207	-1.351552	134.907270	0.007832	8.4
1208	-1.352879	134.845424	0.008751	7.5
1209	-0.676967	134.783653	0.008879	7.5
1210	-0.012808	134.721958	0.000942	7.5
1211	-0.355407	134.660338	0.007257	7.4
1212	-0.035225	134.598793	0.001420	7.6
1213	-0.002744	134.537323	0.000299	7.8
1214	-0.805927	134.475927	0.008869	5.7
1215	-0.287765	134.414607	0.003052	7.4
1216	-0.626505	134.353361	0.005710	7.6
1217	-1.578309	134.292189	0.019173	6.0
1218	-1.021526	134.231092	0.009306	7.5
1219	-1.372545	134.170068	0.007063	5.5
1220	-0.991997	134.109119	0.009175	7.6
1221	-1.284496	134.048243	0.013313	7.7
1222	-1.238325	133.987441	0.012625	7.8
1223	-1.055586	133.926713	0.013989	7.6
1224	-0.682103	133.866057	0.009035	7.5
1225	-1.122102	133.805475	0.007392	7.6
1226	-0.621854	133.744966	0.005579	7.6
1227	-1.372438	133.684530	0.010584	7.5
1228	-1.040043	133.624167	0.003107	7.5
1229	-1.210677	133.563877	0.008783	7.6
1230	-1.449961	133.503658	0.018310	7.5
1231	-1.003443	133.443513	0.009185	8.4
1232	-0.176764	133.383439	0.003057	7.5
1233	-0.959672	133.323437	0.006673	7.7
1234	-1.463754	133.263508	0.008734	7.5
1235	-0.218713	133.203650	0.004623	7.7
1236	-0.342361	133.143864	0.006011	8.4
1237	-0.042633	133.084149	0.001395	7.5
1238	-0.314278	133.024506	0.004870	7.5
1239	-0.797228	132.964934	0.006293	7.5
1240	-0.924299	132.905433	0.007769	7.5
1241	-0.702922	132.846003	0.006300	8.3
1242	-1.421190	132.786643	0.006530	7.6
1243	-0.114587	132.727355	0.002618	5.8
1244	-0.027522	132.668137	0.001812	8.5
1245	-0.416570	132.608989	0.007001	5.6
1246	-0.713909	132.549912	0.006468	7.6
1247	-0.000000	132.490904	0.000000	7.5
1248	-0.270690	132.431967	0.002692	7.5
1249	-1.470064	132.373100	0.010557	8.4
1250	-1.521168	132.314302	0.010325	7.6
1251	-0.000003	132.255574	0.000001	7.7
1252	-1.216049	132.196916	0.010185	8.4
1253	-0.318563	132.138326	0.009560	7.6
1254	-0.443895	132.079806	0.006812	7.7
1255	-1.098671	132.021355	0.007901	7.4
1256	-1.295034	131.962973	0.005926	7.5
1257	-1.453932	131.904660	0.011712	7.0
1258	-0.371469	131.846415	0.018484	5.8
1259	-0.703324	131.788239	0.021643	7.5
1260	-1.461877	131.730131	0.020137	5.9
1261	-1.326646	131.672092	0.014068	7.3
1262	-0.000000	131.614121	0.000000	8.2
1263	-1.169112	131.556217	0.011658	7.3
1264	-0.961453	131.498382	0.010033	7.3
1265	-1.373832	131.440614	0.010368	7.5
1266	-1.160328	131.382914	0.015901	7.5
1267	-1.066299	131.325282	0.013725	7.5
1268	-1.240068	131.267717	0.005207	7.6
1269	-1.244738	131.210219	0.012872	7.5
1270	-0.080083	131.152788	0.002729	7.6
1271	-1.539740	131.095424	0.027116	7.5
1272	-0.689232	131.038127	0.006422	7.5
1273	-1.021376	130.980897	0.004578	7.7
1274	-1.083273	130.923733	0.004742	7.6
1275	-0.124943	130.866636	0.003710	7.6
1276	-1.436833	130.809605	0.006157	6.1
1277	-0.805618	130.752641	0.009769	7.6
1278	-1.376692	130.695742	0.013700	7.8
1279	-0.630744	130.638910	0.006928	7.5
1280	-1.001567	130.582143	0.006756	6.0
1281	-1.477513	130.525442	0.008508	7.5
1282	-1.460388	130.468807	0.011502	7.5
1283	-1.371703	130.412237	0.015036	7.5
1284	-0.547095	130.355733	0.006874	6.8
1285	-0.404072	130.299294	0.016563	6.0
1286	-1.314013	130.242920	0.010199	7.1
1287	-0.877808	130.186611	0.006869	7.9
1288	-0.015379	130.130366	0.000690	7.6
1289	-0.565700	130.074187	0.006221	7.5
1290	-0.008350	130.018072	0.000712	7.1
1291	-0.686078	129.962022	0.007423	7.5
1292	-0.835846	129.906036	0.007697	7.1
1293	-0.623683	129.850114	0.005178	7.9
1294	-0.252232	129.794257	0.004991	7.6
1295	-0.334327	129.738463	0.004075	7.5
1296	-0.105764	129.682734	0.002946	7.5
1297	-1.149785	129.627068	0.012227	7.6
1298	-1.091163	129.571466	0.007926	7.6
1299	-0.761925	129.515927	0.003663	7.5
1300	-0.650772	129.460452	0.007062	7.6
1301	-0.757161	129.405040	0.013593	7.6
1302	-0.001141	129.349692	0.000192	7.5
1303	-0.000000	129.294406	0.000000	7.5
1304	-0.000042	129.239183	0.000010	7.5
1305	-1.092773	129.184024	0.004759	7.5
1306	-0.325299	129.128927	0.006859	6.1
1307	-0.000000	129.073892	0.000000	7.5
1308	-1.327954	129.018921	0.011317	7.5
1309	-0.312301	128.964011	0.004329	7.6
1310	-0.968032	128.909164	0.007435	7.8
1311	-0.775584	128.854379	0.006691	7.7
1312	-0.000000	128.799656	0.000000	7.5
1313	-1.425475	128.744995	0.005398	7.4
1314	-0.750642	128.690396	0.006046	7.0
1315	-1.195110	128.635858	0.005780	7.1
1316	-0.488336	128.581382	0.008308	6.4
1317	-1.338441	128.526968	0.010911	7.6
1318	-0.060551	128.472615	0.002149	7.5
1319	-1.471429	128.418323	0.009443	5.6
1320	-0.000000	128.364092	0.000000	7.5
1321	-0.000000	128.309922	0.000000	5.6
1322	-1.280296	128.255814	0.012442	7.6
1323	-1.332062	128.201766	0.017751	7.5
1324	-1.516041	128.147778	0.005468	7.5
1325	-1.091488	128.093852	0.003218	7.5
1326	-1.020366	128.039985	0.004520	7.9
1327	-0.944409	127.986180	0.007547	7.5
1328	-1.394032	127.932434	0.010804	8.4
1329	-0.536826	127.878749	0.008915	7.5
1330	-0.335989	127.825123	0.003214	8.8
1331	-0.000000	127.771558	0.000000	7.5
1332	-0.618320	127.718052	0.011784	5.5
1333	-0.700162	127.664606	0.007723	7.5
1334	-0.095216	127.611220	0.002424	8.5
1335	-1.238079	127.557893	0.007937	7.5
1336	-1.268788	127.504625	0.007694	7.4
1337	-1.365713	127.451417	0.006581	8.4
1338	-0.916708	127.398268	0.009582	7.6
1339	-1.004726	127.345178	0.007397	7.4
1340	-1.029252	127.292147	0.009754	6.8
1341	-0.803423	127.239175	0.009295	7.5
1342	-0.862534	127.186261	0.017368	6.0
1343	-0.696204	127.133407	0.006552	7.5
1344	-0.850350	127.080610	0.008956	7.5
1345	-0.345152	127.027872	0.008468	7.1
1346	-0.537499	126.975193	0.004892	7.5
1347	-1.322198	126.922572	0.008658	7.6
1348	-0.997856	126.870008	0.011547	5.9
1349	-0.724786	126.817503	0.005600	7.5
1350	-0.000001	126.765056	0.000000	7.6
1351	-0.000000	126.712667	0.000000	7.6
1352	-0.894017	126.660335	0.008642	7.5
1353	-0.100922	126.608061	0.002222	7.4
1354	-0.000000	126.555844	0.000000	7.5
1355	-0.802100	126.503685	0.003818	7.6
1356	-0.828563	126.451583	0.013653	7.4
1357	-0.577196	126.399538	0.006886	7.5
1358	-1.148360	126.347550	0.008101	7.5
1359	-0.001536	126.295619	0.000142	7.6
1360	-0.701051	126.243745	0.006104	8.3
1361	-0.000049	126.191928	0.000012	5.7
1362	-0.279622	126.140168	0.009392	5.4
1363	-1.048566	126.088464	0.003011	7.6
1364	-0.824765	126.036817	0.007727	7.0
1365	-0.584277	125.985226	0.008551	7.4
1366	-1.565777	125.933691	0.008529	7.4
1367	-0.669209	125.882212	0.009492	7.6
1368	-0.568473	125.830790	0.007932	7.5
1369	-0.000032	125.779423	0.000007	8.4
1370	-0.944226	125.728113	0.013425	6.5
1371	-0.166146	125.676858	0.003567	7.5
1372	-0.000001	125.625659	0.000000	6.6
1373	-1.228035	125.574515	0.009236	5.7
1374	-0.000000	125.523427	0.000000	7.5
1375	-0.845797	125.472394	0.010343	5.9
1376	-0.744031	125.421417	0.005314	7.6
1377	-1.449135	125.370495	0.010636	8.4
1378	-1.504292	125.319628	0.016259	7.2
1379	-0.711643	125.268815	0.006212	7.5
1380	-1.426915	125.218058	0.012605	7.6
1381	-1.162370	125.167356	0.006781	7.4
1382	-1.117676	125.116708	0.009610	7.6
1383	-1.199166	125.066115	0.020074	6.9
1384	-0.000106	125.015576	0.000021	7.5
1385	-1.305430	124.965092	0.009588	7.5
1386	-1.222627	124.914662	0.010244	9.1
1387	-0.668692	124.864287	0.008990	7.6
1388	-0.198674	124.813965	0.004541	7.6
1389	-0.000053	124.763698	0.000010	7.4
1390	-0.352238	124.713485	0.008400	7.5
1391	-1.273111	124.663325	0.006583	7.5
1392	-0.483075	124.613219	0.007117	7.6
1393	-0.461825	124.563167	0.003148	7.5
1394	-1.129418	124.513168	0.006391	7.5
1395	-0.001928	124.463223	0.000271	7.5
1396	-1.574225	124.413332	0.006857	8.3
1397	-0.850475	124.363493	0.009263	8.3
1398	-0.917816	124.313708	0.017268	7.5
1399	-0.585479	124.263976	0.009504	8.4
1400	-0.000000	124.214297	0.000000	8.3
1401	-1.367882	124.164671	0.007410	7.5
1402	-1.114965	124.115097	0.008868	7.5
1403	-0.705695	124.065577	0.006799	8.3
1404	-0.467049	124.016109	0.009437	7.5
1405	-1.118031	123.966693	0.010484	8.4
1406	-1.297332	123.917330	0.005212	7.4
1407	-0.112136	123.868020	0.002879	7.3
1408	-1.375793	123.818762	0.006681	7.6
1409	-1.290657	123.769556	0.007100	7.5
1410	-0.001332	123.720402	0.000095	7.5
1411	-0.609890	123.671300	0.008584	8.3
1412	-1.270551	123.622250	0.010581	5.8
1413	-0.612721	123.573252	0.005917	7.5
1414	-1.310383	123.524305	0.011125	7.5
1415	-0.827920	123.475411	0.006538	9.1
1416	-0.028142	123.426568	0.001978	7.5
1417	-0.315408	123.377776	0.005308	7.5
1418	-0.235708	123.329036	0.004891	7.4
1419	-0.108006	123.280347	0.002026	7.5
1420	-0.442922	123.231709	0.006206	7.6
1421	-1.427938	123.183122	0.005023	7.5
1422	-0.504049	123.134587	0.008464	7.5
1423	-0.125648	123.086102	0.002461	7.5
1424	-0.559561	123.037669	0.007782	8.4
1425	-0.612598	122.989286	0.007144	7.5
1426	-1.410089	122.940954	0.011354	8.3
1427	-1.337865	122.892672	0.017451	5.7
1428	-0.021922	122.844441	0.001518	7.6
1429	-0.813179	122.796261	0.010274	7.5
1430	-0.000000	122.748130	0.000000	8.3
1431	-0.663911	122.700050	0.009417	7.7
1432	-1.477010	122.652021	0.008515	6.7
1433	-0.742553	122.604041	0.008132	7.9
1434	-0.000000	122.556111	0.000000	7.0
1435	-1.408365	122.508232	0.018814	8.1
1436	-0.322867	122.460402	0.005995	7.9
1437	-0.000000	122.412622	0.000000	11.6
1438	-1.228664	122.364891	0.009174	9.5
1439	-0.743174	122.317210	0.005643	15.7
1440	-0.000000	122.269579	0.000000	9.2
1441	-0.725672	122.221997	0.012603	14.7
1442	-1.125440	122.174465	0.005948	11.7
1443	0.000000	122.126981	0.000000	8.9
1444	-1.410508	122.079547	0.009456	12.2
1445	-1.014586	122.032162	0.006658	13.6
1446	-1.505412	121.984826	0.010333	12.8
1447	-0.004430	121.937539	0.000616	9.7
1448	-0.130071	121.890301	0.002462	12.8
1449	-0.699710	121.843112	0.016777	12.7
1450	-1.238806	121.795971	0.010197	7.1
1451	-0.068805	121.748879	0.002420	12.9
1452	-0.024515	121.701835	0.000698	11.5
1453	-1.183868	121.654840	0.017484	7.8
1454	-0.975973	121.607893	0.010553	13.5
1455	-0.309747	121.560994	0.004809	13.6
1456	-1.053286	121.514144	0.009422	10.4
1457	-0.000345	121.467342	0.000065	11.4
1458	-1.442821	121.420588	0.009718	13.8
1459	-0.000203	121.373882	0.000040	15.4
1460	-1.162860	121.327223	0.011139	11.1
1461	-0.470098	121.280613	0.008047	10.2
1462	-1.179325	121.234050	0.007952	13.6
1463	-1.235637	121.187535	0.015160	12.9
1464	-1.063980	121.141067	0.009400	12.2
1465	-0.939595	121.094647	0.012108	9.0
1466	-0.000000	121.048274	0.000000	12.1
1467	-0.202837	121.001949	0.003508	7.4
1468	-0.798217	120.955671	0.012395	11.9
1469	-0.598370	120.909440	0.010350	11.7
1470	-0.163998	120.863256	0.006405	6.1
1471	-0.909655	120.817119	0.007776	12.8
1472	-1.289696	120.771029	0.014414	10.9
1473	-0.806429	120.724986	0.007990	11.1
1474	-1.418527	120.678990	0.014713	12.1
1475	-0.000000	120.633040	0.000000	13.8
1476	-0.675084	120.587137	0.002882	11.9
1477	-1.138596	120.541281	0.004801	11.5
1478	-1.167111	120.495471	0.010976	10.6
1479	-0.694585	120.449707	0.006747	13.7
1480	-1.009835	120.403990	0.008224	11.6
1481	-1.193691	120.358319	0.003424	10.9
1482	-0.000000	120.312694	0.000000	12.3
1483	-1.493337	120.267115	0.011212	11.3
1484	-0.002698	120.221582	0.000468	5.9
1485	-0.001436	120.176096	0.000271	9.5
1486	-1.145552	120.130655	0.016124	7.7
1487	-1.457431	120.085260	0.011871	7.9
1488	-1.427517	120.039910	0.014296	7.5
1489	-1.267734	119.994606	0.010853	7.8
1490	-1.158126	119.949348	0.009814	7.9
1491	-0.189922	119.904135	0.004586	10.2
1492	-0.000081	119.858968	0.000017	13.8
1493	-0.840204	119.813846	0.008731	10.2
1494	-1.387566	119.768769	0.010286	13.0
1495	-0.905072	119.723738	0.006697	12.1
1496	-0.728664	119.678752	0.015378	12.5
1497	-0.557319	119.633810	0.005441	12.6
1498	-1.091175	119.588914	0.012589	12.8
1499	-0.543916	119.544062	0.009588	11.0
1500	-0.411085	119.499256	0.009015	9.5
1501	-0.002818	119.454494	0.000339	9.3
1502	-1.135208	119.409777	0.008512	10.4
1503	-0.666557	119.365104	0.003490	7.9
1504	-1.171093	119.320476	0.010479	8.1
1505	-0.861069	119.275893	0.004929	7.9
1506	-0.000000	119.231353	0.000000	7.9
1507	-0.802873	119.186859	0.013480	8.0
1508	-1.372745	119.142408	0.012719	6.7
1509	-1.306607	119.098002	0.008403	6.4
1510	-0.000000	119.053639	0.000000	8.0
1511	-1.195411	119.009321	0.012485	8.1
1512	-1.419295	118.965047	0.010181	7.9
1513	-1.159704	118.920816	0.008027	7.9
1514	-0.000000	118.876630	0.000000	7.9
1515	-1.195527	118.832487	0.008209	8.0
1516	-0.518641	118.788388	0.006372	8.9
1517	-0.619198	118.744332	0.013958	8.8
1518	-0.959807	118.700320	0.008615	6.3
1519	-1.305997	118.656352	0.007333	8.0
1520	-0.930594	118.612427	0.020783	7.9
1521	-0.856704	118.568545	0.012058	8.0
1522	-0.034226	118.524706	0.001455	8.1
1523	-1.413500	118.480911	0.004440	8.1
1524	-1.331057	118.437159	0.011737	7.9
1525	-1.356310	118.393450	0.009825	8.0
1526	-0.999154	118.349784	0.007723	8.0
1527	-1.372557	118.306160	0.012619	8.1
1528	-0.541652	118.262580	0.006583	7.8
1529	-1.340634	118.219042	0.009557	8.4
1530	-0.445899	118.175548	0.005534	7.7
1531	-1.326549	118.132095	0.010277	7.7
1532	-1.194274	118.088686	0.007867	7.7
1533	-1.374972	118.045319	0.009029	8.4
1534	-0.908749	118.001994	0.013591	7.5
1535	-0.010370	117.958712	0.000796	7.6
1536	-1.164241	117.915472	0.003774	8.3
1537	-1.089356	117.872274	0.008866	7.4
1538	-0.027872	117.829118	0.001449	7.6
1539	-0.519655	117.786005	0.006298	7.4
1540	-0.908302	117.742933	0.003572	7.6
1541	-1.068756	117.699904	0.005317	7.5
1542	-1.236090	117.656916	0.007015	7.5
1543	-0.215088	117.613971	0.005853	7.4
1544	-1.077478	117.571067	0.006534	6.0
1545	-1.230999	117.528205	0.010395	7.5
1546	-0.483703	117.485384	0.007619	7.5
1547	-1.256989	117.442605	0.009039	7.4
1548	-0.001546	117.399867	0.000193	8.1
1549	-1.313394	117.357171	0.006554	8.0
1550	-0.796684	117.314517	0.012744	7.8
1551	-0.591897	117.271903	0.006107	7.8
1552	-0.866165	117.229331	0.017545	7.8
1553	-0.003706	117.186800	0.000353	8.1
1554	-1.421593	117.144311	0.012921	8.1
1555	-0.040025	117.101862	0.001702	8.5
1556	-0.852668	117.059454	0.011418	8.2
1557	-0.213920	117.017087	0.006747	6.5
1558	-0.808086	116.974762	0.010802	8.3
1559	-0.224697	116.932476	0.004297	8.8
1560	-0.460536	116.890232	0.009351	8.6
1561	-0.640756	116.848028	0.009192	11.1
1562	-0.000003	116.805865	0.000001	8.1
1563	-0.243992	116.763743	0.003821	8.1
1564	-0.236688	116.721661	0.004370	8.5
1565	-0.236110	116.679619	0.002713	8.1
1566	-0.696928	116.637618	0.007571	8.6
1567	-0.473824	116.595657	0.007100	8.0
1568	-1.418686	116.553736	0.007220	8.0
1569	-1.252181	116.511855	0.011873	6.2
1570	-1.265319	116.470015	0.010796	7.8
1571	-0.000000	116.428214	0.000000	8.4
1572	-1.351502	116.386454	0.009828	7.8
1573	-0.965673	116.344733	0.011022	6.8
1574	-1.049530	116.303052	0.008434	7.0
1575	-0.173544	116.261412	0.006291	5.6
1576	-0.155085	116.219810	0.004307	6.0
1577	-1.058976	116.178249	0.009751	7.5
1578	-0.000001	116.136727	0.000000	8.1
1579	-0.296198	116.095245	0.004385	8.0
1580	-0.774985	116.053802	0.007653	6.9
1581	-0.681187	116.012398	0.005782	7.9
1582	-1.476959	115.971034	0.009972	7.9
1583	-0.761714	115.929710	0.013379	6.3
1584	-1.029349	115.888424	0.011735	8.0
1585	-1.456587	115.847178	0.008032	8.9
1586	-0.268429	115.805970	0.006355	7.9
1587	-0.000000	115.764802	0.000000	7.9
1588	-0.000000	115.723673	0.000000	8.8
1589	-0.907787	115.682583	0.014776	9.4
1590	-0.430870	115.641532	0.005883	11.9
1591	-1.353808	115.600519	0.014106	7.5
1592	-1.389539	115.559546	0.008702	11.6
1593	-0.001251	115.518610	0.000245	7.7
1594	-0.831917	115.477714	0.007404	9.3
1595	-1.364127	115.436856	0.003171	11.5
1596	-0.911219	115.396037	0.010216	8.2
1597	-0.308878	115.355256	0.006578	8.1
1598	-0.270069	115.314514	0.004564	7.6
1599	-1.638010	115.273810	0.005879	10.2
1600	-0.000000	115.233144	0.000000	9.7
1601	-0.156053	115.192517	0.005239	7.5
1602	-1.407512	115.151927	0.006491	11.4
1603	-0.000000	115.111376	0.000000	8.6
1604	-1.130302	115.070863	0.007855	10.8
1605	-1.517175	115.030388	0.007643	9.7
1606	-0.000006	114.989951	0.000001	10.0
1607	-0.893517	114.949551	0.006848	11.2
1608	-0.304802	114.909190	0.006183	8.3
1609	-0.962685	114.868866	0.011712	11.2
1610	-1.565826	114.828580	0.007702	10.7
1611	-0.958929	114.788332	0.003999	8.5
1612	-0.362592	114.748121	0.005900	10.2
1613	-1.549200	114.707948	0.017209	8.0
1614	-1.191355	114.667812	0.006093	11.6
1615	-0.734455	114.627714	0.011436	8.5
1616	-1.033018	114.587653	0.007279	44.4
1617	-0.965395	114.547629	0.008689	30.3
1618	-0.382401	114.507643	0.004601	17.2
1619	-1.150795	114.467693	0.006675	12.8
1620	-0.000000	114.427781	0.000000	6.4
1621	-0.000179	114.387907	0.000038	8.7
1622	-1.077042	114.348069	0.006084	7.1
1623	-1.370337	114.308268	0.006998	8.9
1624	-1.426735	114.268504	0.003538	8.9
1625	-0.763334	114.228777	0.009328	8.0
1626	-1.281007	114.189086	0.009105	8.4
1627	-1.097896	114.149433	0.010773	8.8
1628	-1.102139	114.109816	0.006907	8.0
1629	-0.004715	114.070235	0.000613	8.6
1630	-0.864280	114.030692	0.006586	8.2
1631	-0.000000	113.991185	0.000000	8.6
1632	-0.483383	113.951714	0.004491	9.3
1633	-0.513635	113.912280	0.016946	8.5
1634	-0.109576	113.872882	0.004027	9.0
1635	-1.358061	113.833521	0.008830	7.1
1636	-0.000000	113.794195	0.000000	8.9
1637	-0.313766	113.754906	0.004665	8.1
1638	-0.805527	113.715653	0.007816	9.8
1639	-0.269140	113.676437	0.004993	7.7
1640	-1.293881	113.637256	0.009323	9.2
1641	-1.274180	113.598111	0.006889	7.8
1642	-0.000010	113.559002	0.000002	7.6
1643	-0.000001	113.519929	0.000000	7.8
1644	-1.278427	113.480892	0.018126	7.5
1645	-0.846717	113.441891	0.008261	7.5
1646	-1.369452	113.402925	0.010890	7.5
1647	-0.000039	113.363995	0.000009	8.4
1648	-0.745607	113.325101	0.003900	7.5
1649	-1.078155	113.286242	0.017823	7.4
1650	-0.882061	113.247419	0.006679	7.7
1651	-0.650987	113.208631	0.012244	5.9
1652	-1.280045	113.169879	0.008664	7.5
1653	-1.450116	113.131162	0.015893	7.5
1654	-0.629210	113.092480	0.005269	7.2
1655	-0.414829	113.053833	0.004516	7.5
1656	-0.719806	113.015222	0.002282	7.5
1657	-0.864865	112.976646	0.012805	7.9
1658	-1.240657	112.938105	0.013314	5.9
1659	-0.984982	112.899599	0.013437	8.0
1660	-1.440286	112.861128	0.008616	7.9
1661	-0.027939	112.822692	0.001211	8.8
1662	-0.012385	112.784291	0.000816	9.6
1663	-0.000000	112.745924	0.000000	8.5
1664	-1.418677	112.707593	0.009558	8.7
1665	-0.376668	112.669296	0.005204	8.2
1666	-1.309001	112.631034	0.007737	8.2
1667	-1.401192	112.592806	0.005979	9.3
1668	-1.284346	112.554613	0.015945	9.3
1669	-0.000012	112.516455	0.000002	8.7
1670	-0.349007	112.478331	0.004658	8.4
1671	-0.043310	112.440241	0.001951	9.0
1672	-1.227991	112.402186	0.017470	8.4
1673	-0.000043	112.364165	0.000010	9.4
1674	-0.000000	112.326179	0.000000	8.2
1675	-1.510617	112.288227	0.008743	8.9
1676	-1.335274	112.250309	0.007374	8.6
1677	-0.777960	112.212425	0.009104	9.8
1678	-1.220345	112.174575	0.007722	7.5
1679	-0.317491	112.136759	0.002383	8.5
1680	-0.997457	112.098977	0.011064	8.2
1681	-0.807247	112.061229	0.011247	9.2
1682	-0.636759	112.023515	0.008619	8.9
1683	-0.000000	111.985834	0.000000	8.6
1684	-0.716540	111.948188	0.007742	7.7
1685	-1.325723	111.910575	0.006137	8.2
1686	-1.244172	111.872996	0.007088	8.3
1687	-0.992505	111.835450	0.005950	8.4
1688	-1.373716	111.797939	0.007619	9.4
1689	-0.403407	111.760460	0.006485	8.3
1690	-0.000000	111.723015	0.000000	9.1
1691	-0.457865	111.685604	0.005828	8.5
1692	-0.071322	111.648226	0.002568	9.2
1693	-0.000916	111.610881	0.000171	6.5
1694	-1.552966	111.573570	0.007824	14.3
1695	-0.315124	111.536292	0.003832	9.3
1696	-0.610572	111.499047	0.005788	8.2
1697	-1.162070	111.461835	0.011972	8.8
1698	-0.000006	111.424656	0.000002	8.5
1699	-0.009427	111.387510	0.000847	9.0
1700	-0.402284	111.350398	0.010112	7.9
1701	-0.914147	111.313318	0.006243	9.2
1702	-0.240684	111.276271	0.004865	8.7
1703	-0.023783	111.239257	0.001595	6.3
1704	-0.385083	111.202276	0.004355	8.1
1705	-1.421207	111.165328	0.017077	7.7
1706	-1.375909	111.128412	0.014804	8.0
1707	-1.131808	111.091529	0.010110	8.8
1708	-0.721181	111.054679	0.006549	8.4
1709	-1.433503	111.017861	0.009898	8.7
1710	-0.643236	110.981076	0.011824	8.5
1711	-1.196264	110.944323	0.004303	8.5
1712	-0.000000	110.907603	0.000000	9.8
1713	-0.000000	110.870915	0.000000	7.8
1714	-0.473806	110.834259	0.005421	9.4
1715	-0.689822	110.797636	0.009827	7.6
1716	-0.000000	110.761045	0.000000	7.5
1717	-0.786971	110.724486	0.014697	9.9
1718	-1.306213	110.687959	0.009178	8.5
1719	-0.982980	110.651465	0.006928	8.3
1720	-1.045627	110.615002	0.006163	8.5
1721	-0.677564	110.578572	0.005181	8.2
1722	-1.317381	110.542173	0.018488	9.4
1723	-0.000000	110.505807	0.000000	8.2
1724	-0.617927	110.469472	0.006728	7.9
1725	-0.018013	110.433169	0.002196	8.5
1726	-1.033310	110.396898	0.006738	7.6
1727	-0.817809	110.360659	0.014471	9.2
1728	-0.011684	110.324451	0.000462	7.7
1729	-1.471156	110.288276	0.006533	9.3
1730	-0.291071	110.252131	0.005125	8.0
1731	-0.631010	110.216019	0.013218	9.0
1732	-0.568457	110.179937	0.009145	8.7
1733	-1.032022	110.143888	0.009899	8.4
1734	-0.879197	110.107869	0.014454	8.5
1735	-1.298153	110.071882	0.008728	8.2
1736	-0.621078	110.035927	0.003915	8.6
1737	-0.338137	110.000003	0.004784	8.7
1738	-0.587770	109.964110	0.005850	8.4
1739	-1.287336	109.928248	0.003873	8.2
1740	-1.443308	109.892417	0.004906	7.9
1741	-1.232359	109.856618	0.009763	6.7
1742	-1.014018	109.820850	0.009655	8.4
1743	-1.166847	109.785112	0.026902	8.1
1744	-0.836859	109.749406	0.008511	8.5
1745	-0.971137	109.713730	0.010460	8.2
1746	-1.321525	109.678086	0.007894	7.6
1747	-0.014317	109.642472	0.000747	9.3
1748	-1.469551	109.606890	0.013778	8.1
1749	-0.447646	109.571337	0.006980	8.4
1750	-0.822850	109.535816	0.009921	8.5
1751	-0.000000	109.500326	0.000000	8.2
1752	-0.552825	109.464866	0.006538	8.4
1753	-0.000000	109.429436	0.000000	8.2
1754	-0.000575	109.394038	0.000119	8.7
1755	-1.255844	109.358669	0.006798	8.3
1756	-1.094214	109.323331	0.010224	8.8
1757	-1.427275	109.288024	0.013502	8.0
1758	-0.000266	109.252747	0.000049	8.6
1759	-1.031428	109.217501	0.007720	7.9
1760	-1.343480	109.182284	0.007839	7.8
1761	-0.661139	109.147098	0.007543	9.9
1762	-1.372536	109.111942	0.006284	8.6
1763	-0.000107	109.076817	0.000019	8.6
1764	-0.427408	109.041721	0.007339	8.3
1765	-1.558282	109.006656	0.006682	8.2
1766	-1.190716	108.971620	0.008185	8.3
1767	-1.024279	108.936615	0.005828	8.6
1768	-0.832247	108.901640	0.006151	8.5
1769	-1.447015	108.866694	0.010176	8.6
1770	-1.126208	108.831779	0.006266	8.0
1771	-1.273539	108.796893	0.009516	9.1
1772	-1.371137	108.762037	0.012013	8.2
1773	-0.000000	108.727211	0.000000	8.4
1774	-0.353712	108.692415	0.006807	7.1
1775	-0.000000	108.657648	0.000000	8.7
1776	-0.000000	108.622911	0.000000	7.4
1777	-0.564464	108.588203	0.007408	9.4
1778	-1.345584	108.553525	0.008561	8.5
1779	-0.727338	108.518877	0.007398	8.7
1780	-0.070163	108.484258	0.001723	8.1
1781	-0.811224	108.449668	0.009786	8.6
1782	-0.468204	108.415108	0.005123	8.1
1783	-1.241270	108.380578	0.016513	8.8
1784	-0.820234	108.346076	0.005701	8.3
1785	-0.022989	108.311604	0.001315	8.8
1786	-1.277030	108.277161	0.013722	8.6
1787	-1.273963	108.242747	0.008557	8.4
1788	-0.969854	108.208363	0.006761	8.2
1789	-1.276870	108.174007	0.008221	7.8
1790	-1.409687	108.139681	0.009819	7.6
1791	-0.171765	108.105383	0.004741	8.1
1792	-0.655581	108.071115	0.006991	7.8
1793	-0.538493	108.036875	0.005989	7.6
1794	-0.000000	108.002665	0.000000	8.4
1795	-0.405823	107.968483	0.006323	7.9
1796	-0.000348	107.934330	0.000068	8.3
1797	-0.000000	107.900206	0.000000	8.4
1798	-0.155521	107.866111	0.002455	7.4
1799	-0.264773	107.832044	0.004042	8.5
1800	-1.467204	107.798007	0.005199	7.5
1801	-1.345491	107.763997	0.007066	9.1
1802	-0.762568	107.730017	0.004961	8.0
1803	-0.294492	107.696065	0.007172	6.4
1804	-0.000002	107.662141	0.000000	8.1
1805	-1.248580	107.628246	0.006617	8.8
1806	-0.981442	107.594379	0.010423	7.9
1807	-0.684158	107.560541	0.008838	9.1
1808	-1.474464	107.526731	0.010752	7.7
1809	-1.085313	107.492949	0.009747	9.0
1810	-1.070815	107.459196	0.005719	7.6
1811	-0.000502	107.425471	0.000087	8.1
1812	-0.000013	107.391774	0.000003	8.3
1813	-1.183953	107.358106	0.010248	8.7
1814	-0.185836	107.324465	0.004277	8.0
1815	-1.180965	107.290853	0.009881	8.4
1816	-0.482106	107.257268	0.007922	6.9
1817	-0.922714	107.223712	0.007756	7.6
1818	-1.460335	107.190184	0.006032	9.3
1819	-0.000371	107.156683	0.000064	19.6
1820	-0.025757	107.123211	0.000869	14.3
1821	-1.079211	107.089766	0.006300	13.9
1822	-1.087609	107.056349	0.009355	10.8
1823	-1.100949	107.022960	0.008229	8.8
1824	-1.023350	106.989599	0.011210	8.8
1825	-0.932904	106.956265	0.005803	8.4
1826	-1.262717	106.922960	0.008007	8.4
1827	-0.533714	106.889681	0.007504	7.3
1828	-1.309858	106.856431	0.003570	8.8
1829	-0.041946	106.823208	0.001690	8.5
1830	-0.936777	106.790012	0.004139	10.8
1831	-0.468568	106.756844	0.005275	11.2
1832	-1.153854	106.723703	0.011182	9.5
1833	-0.035757	106.690590	0.001605	11.4
1834	-0.147997	106.657505	0.002838	9.3
1835	-0.949708	106.624446	0.008639	10.4
1836	-1.535277	106.591415	0.008481	12.5
1837	-1.352867	106.558411	0.009665	9.2
1838	-0.008108	106.525435	0.000737	8.1
1839	-1.275530	106.492485	0.009457	9.3
1840	-0.874697	106.459563	0.012778	7.7
1841	-0.004001	106.426668	0.000310	10.6
1842	-0.504242	106.393800	0.005650	9.7
1843	-0.518739	106.360959	0.006163	9.3
1844	-0.054488	106.328145	0.001954	8.4
1845	-0.804845	106.295358	0.007668	8.5
1846	-1.092571	106.262598	0.009166	8.4
1847	-1.455842	106.229865	0.008126	12.0
1848	-0.501357	106.197158	0.009205	10.9
1849	-0.838210	106.164479	0.008504	12.9
1850	-1.076219	106.131826	0.012942	12.7
1851	-0.379441	106.099201	0.005687	10.8
1852	-1.318076	106.066602	0.009085	7.8
1853	-1.253484	106.034029	0.019357	11.6
1854	-0.423197	106.001483	0.006588	9.8
1855	-0.883500	105.968964	0.011727	5.6
1856	-0.280563	105.936472	0.004174	8.4
1857	-1.214505	105.904006	0.003149	8.4
1858	-0.673968	105.871566	0.009699	8.2
1859	-0.609794	105.839153	0.003535	7.8
1860	-0.458973	105.806767	0.004437	7.9
1861	-0.632965	105.774407	0.007397	8.1
1862	-1.154180	105.742073	0.008023	7.8
1863	-0.639492	105.709766	0.014943	6.7
1864	-0.825057	105.677485	0.011940	8.0
1865	-1.133560	105.645230	0.009083	7.1
1866	-0.335080	105.613001	0.003948	8.1
1867	-0.089037	105.580799	0.003195	8.0
1868	-1.142099	105.548623	0.005915	7.5
1869	-0.000000	105.516473	0.000000	8.8
1870	-0.681669	105.484349	0.012669	8.5
1871	-0.656920	105.452251	0.008301	9.5
1872	-1.196154	105.420179	0.008355	9.4
1873	-0.828450	105.388133	0.009300	7.5
1874	-1.143933	105.356113	0.008579	10.2
1875	-0.874967	105.324119	0.003638	11.1
1876	-1.289509	105.292151	0.006813	12.4
1877	-0.329097	105.260209	0.004136	10.5
1878	-0.907542	105.228293	0.007505	10.0
1879	-1.229764	105.196402	0.005420	12.5
1880	-0.000000	105.164537	0.000000	10.8
1881	-0.721239	105.132698	0.010751	9.1
1882	-1.258140	105.100885	0.012223	12.7
1883	-0.880651	105.069097	0.011807	11.1
1884	-0.016158	105.037335	0.000723	10.2
1885	-0.025554	105.005598	0.001908	14.0
1886	-0.000000	104.973887	0.000000	8.6
1887	-1.004159	104.942202	0.006005	9.4
1888	-0.261181	104.910542	0.002848	9.9
1889	-0.962027	104.878907	0.005172	9.3
1890	-1.426891	104.847298	0.009548	9.7
1891	-1.084429	104.815715	0.009224	6.3
1892	-0.003310	104.784156	0.000192	8.5
1893	-1.209127	104.752623	0.011362	9.1
1894	-1.097884	104.721116	0.007834	7.7
1895	-1.173084	104.689633	0.009206	9.9
1896	-0.077642	104.658176	0.002646	8.9
1897	-0.401025	104.626744	0.004641	8.6
1898	-0.000000	104.595337	0.000000	7.9
1899	-0.322041	104.563955	0.005557	8.1
1900	-1.450939	104.532599	0.009511	8.5
1901	-0.148212	104.501267	0.003801	8.0
1902	-0.933360	104.469960	0.005731	8.0
1903	-1.143960	104.438679	0.022912	8.1
1904	-1.178856	104.407422	0.007857	8.0
1905	-0.000000	104.376191	0.000000	7.9
1906	-0.660844	104.344984	0.006331	7.9
1907	-1.191638	104.313802	0.009469	8.2
1908	-0.717901	104.282645	0.005403	8.5
1909	-1.303009	104.251513	0.009699	8.1
1910	-0.973308	104.220405	0.005847	7.7
1911	-0.600502	104.189323	0.016828	8.1
1912	-0.460923	104.158265	0.007663	7.6
1913	-0.000000	104.127231	0.000000	8.1
1914	-1.056573	104.096222	0.012623	7.5
1915	-1.314484	104.065238	0.014210	8.0
1916	-0.478593	104.034279	0.014191	8.6
1917	-0.000000	104.003344	0.000000	8.5
1918	-1.086472	103.972433	0.005999	7.5
1919	-0.125785	103.941547	0.004407	8.7
1920	-0.000040	103.910686	0.000009	7.7
1921	-1.443545	103.879849	0.008965	8.9
1922	-0.433249	103.849036	0.005703	7.5
1923	-0.000880	103.818248	0.000161	10.2
1924	-1.413973	103.787484	0.012495	8.2
1925	-0.381385	103.756744	0.002617	9.6
1926	-0.506794	103.726029	0.005867	8.2
1927	-0.732815	103.695338	0.005775	12.6
1928	-1.027242	103.664671	0.009057	9.7
1929	-0.806532	103.634028	0.011250	5.4
1930	-0.671144	103.603409	0.004962	8.8
1931	-0.315616	103.572814	0.008142	8.1
1932	-0.000000	103.542244	0.000000	9.2
1933	-1.449640	103.511698	0.011560	8.1
1934	-1.278927	103.481175	0.011947	6.8
1935	-1.410529	103.450677	0.015420	8.2
1936	-1.186284	103.420202	0.009656	6.0
1937	-1.382149	103.389752	0.004825	7.1
1938	-1.478941	103.359325	0.011454	9.5
1939	-0.992811	103.328922	0.013724	6.6
1940	0.000000	103.298543	0.000000	6.2
1941	-0.059546	103.268188	0.001930	8.5
1942	-0.164836	103.237857	0.003680	8.5
1943	-1.364335	103.207549	0.008721	8.8
1944	-0.574416	103.177265	0.017110	7.9
1945	-0.673552	103.147005	0.007001	9.1
1946	-1.318729	103.116768	0.013349	7.9
1947	-1.385206	103.086556	0.018667	7.9
1948	-0.000000	103.056366	0.000000	8.2
1949	-1.055466	103.026200	0.019415	8.7
1950	-0.817102	102.996058	0.010401	7.9
1951	-1.213931	102.965939	0.010125	8.1
1952	-0.393808	102.935844	0.006644	7.1
1953	-0.977598	102.905772	0.003581	8.2
1954	-1.105012	102.875724	0.013762	7.3
1955	-1.423399	102.845699	0.005035	7.9
1956	-1.528807	102.815697	0.013355	8.2
1957	-0.006043	102.785719	0.000750	9.1
1958	-1.477469	102.755764	0.007982	8.1
1959	-1.297192	102.725832	0.005002	7.5
1960	-1.379071	102.695924	0.008433	8.1
1961	-1.631092	102.666038	0.016141	9.5
1962	-1.018401	102.636176	0.009954	8.7
1963	-1.365472	102.606337	0.020181	8.4
1964	-0.609503	102.576521	0.003684	8.5
1965	-0.452153	102.546728	0.005056	7.9
1966	-0.982945	102.516959	0.006455	9.5
1967	-1.198661	102.487212	0.011176	7.8
1968	-1.426812	102.457488	0.011126	12.4
1969	-0.000000	102.427788	0.000000	8.1
1970	-0.398847	102.398110	0.004168	8.8
1971	-1.347433	102.368455	0.013006	8.1
1972	-0.076749	102.338823	0.003324	5.7
1973	-1.356830	102.309214	0.009378	7.6
1974	-0.240645	102.279628	0.003849	7.8
1975	-0.549182	102.250064	0.006395	8.0
1976	-1.453312	102.220524	0.006717	7.5
1977	-1.621351	102.191006	0.012691	7.6
1978	-1.197988	102.161511	0.012264	7.5
1979	-0.000000	102.132038	0.000000	7.5
1980	-0.937910	102.102588	0.009791	7.5
1981	-0.986166	102.073161	0.009138	9.0
1982	-1.289869	102.043757	0.005246	7.5
1983	-0.985136	102.014375	0.004887	7.7
1984	-0.000000	101.985015	0.000000	7.6
1985	-1.360197	101.955678	0.007855	6.5
1986	-0.000000	101.926364	0.000000	7.6
1987	-1.429873	101.897072	0.013415	8.4
1988	-0.000000	101.867802	0.000000	7.5
1989	-1.399108	101.838555	0.006762	6.1
1990	-1.000944	101.809330	0.011915	7.6
1991	-0.002419	101.780128	0.000323	7.6
1992	-1.238821	101.750948	0.008303	8.1
1993	-1.376497	101.721790	0.004262	7.4
1994	-0.594385	101.692654	0.007657	5.7
1995	-1.213403	101.663541	0.006028	7.9
1996	-1.402779	101.634450	0.012202	7.6
1997	-0.000005	101.605381	0.000001	7.7
1998	-1.428867	101.576335	0.007081	7.4
1999	-0.583776	101.547310	0.007153	7.6
