1:ItNr	2:Metric	3:StepSize	4:||Gradient||	Time[ms]
0	-0.554680	627.201626	0.007976	1062.4
1	-0.847239	623.504937	0.007081	12.2
2	-0.000000	619.865785	0.000000	8.7
3	-0.000000	616.282728	0.000000	12.2
4	-0.028644	612.754375	0.000930	12.0
5	-0.588683	609.279381	0.006116	10.0
6	-0.474709	605.856447	0.006878	12.3
7	-0.156443	602.484317	0.003898	9.5
8	-0.768024	599.161779	0.004948	9.9
9	-0.392679	595.887656	0.006661	11.9
10	-0.445612	592.660813	0.004513	11.6
11	-0.115717	589.480151	0.004455	8.2
12	-0.493832	586.344606	0.008313	11.6
13	-0.000000	583.253145	0.000000	9.3
14	-0.000000	580.204771	0.000000	10.8
15	-0.723335	577.198517	0.005262	11.7
16	-0.831956	574.233444	0.007104	9.3
17	-0.272349	571.308645	0.004693	9.7
18	-0.382346	568.423237	0.006569	12.6
19	-0.005014	565.576365	0.000481	8.8
20	-0.000000	562.767201	0.000000	9.8
21	-0.000000	559.994938	0.000000	9.4
22	-0.464229	557.258797	0.005775	9.5
23	-0.782103	554.558018	0.007707	11.5
24	-0.689836	551.891865	0.008847	8.7
25	-0.445403	549.259621	0.003115	11.7
26	-0.542471	546.660592	0.009812	9.2
27	-0.500775	544.094102	0.004021	9.3
28	-0.669180	541.559494	0.006609	10.8
29	-0.303258	539.056129	0.004052	9.5
30	-0.881838	536.583387	0.010333	10.0
31	-0.312073	534.140663	0.005346	11.3
32	-0.721841	531.727370	0.009604	8.6
33	-0.629543	529.342935	0.007634	11.7
34	-0.577888	526.986802	0.007245	11.9
35	-0.616080	524.658430	0.011987	8.6
36	-0.000000	522.357290	0.000000	11.5
37	-0.689762	520.082868	0.005292	11.1
38	-0.787196	517.834665	0.008816	9.0
39	-0.737404	515.612193	0.006431	10.5
40	-0.206378	513.414976	0.005971	8.2
41	-0.787703	511.242551	0.008210	11.4
42	-0.389774	509.094468	0.004464	12.3
43	-0.000000	506.970285	0.000000	8.4
44	-0.697441	504.869574	0.003637	10.7
45	-0.808351	502.791916	0.009263	7.4
46	-0.216149	500.736903	0.004350	10.4
47	-0.000000	498.704137	0.000000	11.3
48	-0.729759	496.693228	0.007845	8.4
49	-0.795023	494.703798	0.008263	9.1
50	-0.078614	492.735476	0.006608	8.5
51	-0.829198	490.787900	0.005495	8.5
52	-0.749121	488.860718	0.006927	8.6
53	-0.258374	486.953585	0.004488	7.4
54	-0.290360	485.066164	0.006505	8.6
55	-0.000000	483.198126	0.000000	8.6
56	-0.812517	481.349149	0.008670	10.3
57	-0.396767	479.518920	0.005861	8.7
58	-0.254551	477.707132	0.002018	8.5
59	-0.775910	475.913485	0.007979	6.7
60	-0.529830	474.137684	0.007970	8.6
61	-0.000000	472.379445	0.000000	8.7
62	-0.749681	470.638485	0.006821	8.5
63	-0.735382	468.914531	0.008246	8.6
64	-0.000393	467.207315	0.000244	9.8
65	-0.299378	465.516573	0.005012	9.5
66	-0.091977	463.842050	0.001992	9.3
67	-0.661243	462.183494	0.008226	8.6
68	-0.529689	460.540658	0.006006	9.0
69	-0.269677	458.913303	0.006105	8.7
70	-0.636299	457.301192	0.006837	8.8
71	-0.000000	455.704096	0.000000	12.4
72	-0.416411	454.121787	0.006340	8.1
73	-0.748942	452.554045	0.007400	11.7
74	-0.304475	451.000653	0.005043	10.4
75	-0.000000	449.461399	0.000000	10.6
76	-0.588291	447.936075	0.010366	12.3
77	-0.000000	446.424477	0.000000	9.3
78	-0.000000	444.926406	0.000000	11.8
79	-0.000000	443.441666	0.000000	10.8
80	-0.415635	441.970065	0.006377	9.3
81	-0.590827	440.511415	0.007928	10.4
82	-0.651175	439.065533	0.007253	12.6
83	-0.491215	437.632238	0.005360	10.7
84	-0.767309	436.211351	0.008614	10.5
85	-0.660533	434.802701	0.006322	10.3
86	-0.000000	433.406117	0.000000	8.7
87	-0.255393	432.021430	0.006212	8.0
88	-0.000000	430.648479	0.000000	9.2
89	-0.192817	429.287101	0.004392	9.3
90	-0.461347	427.937140	0.008808	10.8
91	-0.313818	426.598440	0.005189	9.3
92	-0.701117	425.270849	0.003933	10.2
93	-0.854567	423.954220	0.008176	9.1
94	-0.249501	422.648404	0.005426	11.7
95	-0.013519	421.353259	0.000438	10.5
96	-0.801922	420.068643	0.004793	9.0
97	-0.555580	418.794419	0.006559	8.6
98	-0.312180	417.530451	0.005040	8.7
99	-0.530093	416.276604	0.007229	8.8
100	-0.365349	415.032748	0.009895	9.0
101	-0.705441	413.798754	0.006440	9.0
102	-0.302548	412.574495	0.004748	7.0
103	-0.732346	411.359849	0.004059	8.9
104	-0.000000	410.154691	0.000000	9.3
105	-0.781614	408.958904	0.010725	9.1
106	-0.688029	407.772368	0.007244	8.9
107	-0.494306	406.594968	0.005595	7.4
108	-0.776172	405.426590	0.009472	8.8
109	-0.286270	404.267122	0.006163	8.7
110	-0.402339	403.116456	0.007294	8.5
111	-0.799697	401.974481	0.008702	8.5
112	-0.891793	400.841093	0.006057	9.5
113	-0.791910	399.716187	0.004157	8.5
114	-0.025780	398.599660	0.002501	8.6
115	-0.560158	397.491411	0.006461	8.2
116	-0.018611	396.391342	0.001592	8.8
117	-0.413029	395.299353	0.003036	9.3
118	-0.317405	394.215350	0.004675	9.3
119	-0.661729	393.139238	0.006485	8.3
120	-0.582239	392.070924	0.008015	8.6
121	-0.214724	391.010316	0.002525	8.7
122	-0.054328	389.957325	0.002221	9.4
123	-0.024476	388.911862	0.001465	7.3
124	-0.711468	387.873839	0.007366	9.2
125	-0.584637	386.843173	0.007549	7.1
126	-0.000009	385.819777	0.000015	8.6
127	-0.138804	384.803569	0.002778	8.1
128	-0.242598	383.794468	0.004005	9.2
129	-0.127927	382.792393	0.003935	8.8
130	-0.000000	381.797264	0.000000	9.6
131	-0.000000	380.809005	0.000000	9.6
132	-0.000000	379.827537	0.000000	8.4
133	-0.708375	378.852786	0.006090	9.2
134	-0.783310	377.884678	0.005395	8.8
135	-0.975785	376.923138	0.008846	9.4
136	-0.857278	375.968095	0.007836	8.7
137	-0.272516	375.019479	0.004587	8.9
138	-0.170077	374.077218	0.007867	7.2
139	-0.544889	373.141244	0.009970	9.1
140	-0.419733	372.211489	0.006295	9.2
141	-0.550685	371.287887	0.005876	9.1
142	-0.019553	370.370370	0.002741	8.0
143	-0.014361	369.458876	0.000712	8.2
144	-0.055958	368.553338	0.003906	8.7
145	-0.000000	367.653696	0.000000	9.0
146	-0.000000	366.759885	0.000000	8.8
147	-0.085747	365.871846	0.003076	9.6
148	-0.719297	364.989518	0.008037	9.0
149	-0.700149	364.112841	0.007781	8.7
150	-0.006694	363.241757	0.000664	8.8
151	-0.380216	362.376208	0.006263	8.9
152	-0.641014	361.516137	0.008534	9.2
153	-0.733249	360.661488	0.004078	9.2
154	-0.287395	359.812206	0.004081	9.0
155	-0.510258	358.968236	0.004536	9.1
156	-0.850523	358.129524	0.007516	8.9
157	-0.220659	357.296018	0.003521	9.0
158	-0.000000	356.467665	0.000000	8.1
159	-0.600797	355.644414	0.004422	8.3
160	-0.318464	354.826213	0.005358	9.3
161	-0.000000	354.013012	0.000000	8.9
162	-0.000000	353.204763	0.000000	8.6
163	-0.001450	352.401415	0.000659	8.8
164	-0.265091	351.602922	0.002834	8.6
165	-0.819867	350.809235	0.010549	8.9
166	-0.651354	350.020308	0.007306	8.8
167	-0.493511	349.236095	0.005199	8.6
168	-0.405124	348.456550	0.006974	8.6
169	-0.472737	347.681627	0.004973	8.6
170	-0.789121	346.911283	0.004612	9.3
171	-0.707176	346.145474	0.005907	8.4
172	-0.000000	345.384157	0.000000	8.8
173	-0.460187	344.627288	0.005540	8.7
174	-0.384670	343.874826	0.005407	8.9
175	-0.396719	343.126729	0.006294	8.2
176	-0.000000	342.382957	0.000000	8.6
177	-0.817898	341.643469	0.008684	8.5
178	-0.487428	340.908224	0.005036	8.5
179	-0.866562	340.177184	0.005317	8.4
180	-0.489345	339.450309	0.005792	8.7
181	-0.000000	338.727561	0.000000	8.6
182	-0.322070	338.008902	0.004884	8.5
183	-0.757898	337.294295	0.006850	8.4
184	-0.563693	336.583703	0.006714	8.8
185	-0.850883	335.877089	0.007302	8.6
186	-0.000000	335.174416	0.000000	9.9
187	-0.721747	334.475651	0.004696	9.9
188	-0.503819	333.780756	0.008172	11.6
189	-0.615644	333.089698	0.007097	8.6
190	-0.274914	332.402443	0.006469	9.1
191	-0.000000	331.718955	0.000000	8.8
192	-0.474757	331.039203	0.010756	9.0
193	-0.000000	330.363153	0.000000	9.2
194	-0.746882	329.690771	0.005592	8.8
195	-0.389364	329.022027	0.004191	8.8
196	-0.083821	328.356888	0.002232	8.0
197	-0.638818	327.695322	0.010009	6.9
198	-0.000000	327.037299	0.000000	8.4
199	-0.699995	326.382787	0.011015	9.3
200	-0.544569	325.731758	0.006464	8.9
201	-0.000000	325.084179	0.000000	8.9
202	-0.660601	324.440023	0.007678	9.7
203	-0.540804	323.799258	0.006267	7.5
204	-0.662397	323.161858	0.007653	8.2
205	-0.499226	322.527792	0.006783	9.8
206	-0.947006	321.897034	0.010397	9.0
207	-0.453693	321.269554	0.007178	8.7
208	-0.745464	320.645325	0.004118	9.1
209	-0.057226	320.024320	0.001543	8.8
210	-0.900715	319.406512	0.008359	8.5
211	-0.000039	318.791875	0.000033	8.3
212	-0.003599	318.180381	0.001137	9.9
213	-0.229858	317.572005	0.005192	8.8
214	-0.595749	316.966721	0.004954	8.7
215	-0.000000	316.364504	0.000000	9.1
216	-0.188392	315.765329	0.004747	8.8
217	-0.533676	315.169170	0.006633	8.9
218	-0.000000	314.576003	0.000000	9.2
219	-0.538011	313.985804	0.006317	7.7
220	-0.776087	313.398548	0.007407	8.9
221	-0.803856	312.814213	0.008066	8.5
222	-0.228635	312.232773	0.004952	8.5
223	-0.000506	311.654207	0.000605	9.5
224	-0.000000	311.078491	0.000000	8.9
225	-0.897316	310.505602	0.008468	7.4
226	-0.738762	309.935518	0.007398	8.9
227	-0.006069	309.368217	0.000436	9.1
228	-0.621938	308.803676	0.005162	10.1
229	-0.085449	308.241874	0.002334	8.7
230	-0.000000	307.682789	0.000000	8.6
231	-0.414399	307.126400	0.005661	9.2
232	-0.606602	306.572687	0.009613	9.0
233	-0.654449	306.021627	0.010216	8.9
234	-0.000000	305.473201	0.000000	8.9
235	-0.000000	304.927388	0.000000	8.7
236	-0.793010	304.384168	0.010375	9.7
237	-0.823288	303.843521	0.008721	9.4
238	-0.572862	303.305427	0.007552	9.0
239	-0.503687	302.769867	0.007469	9.0
240	-0.326813	302.236821	0.006340	8.7
241	-0.890662	301.706270	0.005486	9.1
242	-0.701863	301.178196	0.006713	8.9
243	-0.849126	300.652580	0.006086	8.6
244	-0.709687	300.129402	0.008223	8.5
245	-0.003343	299.608645	0.000562	9.1
246	-0.688721	299.090291	0.007816	8.7
247	-0.029642	298.574321	0.000909	8.9
248	-0.534479	298.060718	0.007978	9.0
249	-0.485207	297.549465	0.005720	9.4
250	-0.518325	297.040543	0.003928	8.9
251	-0.512166	296.533936	0.006142	9.0
252	-0.366254	296.029626	0.003944	9.5
253	-0.089309	295.527597	0.005474	8.7
254	-0.160257	295.027832	0.003472	8.7
255	-0.380080	294.530315	0.003169	8.9
256	-0.000000	294.035028	0.000000	10.8
257	-0.225685	293.541956	0.003876	9.0
258	-0.540414	293.051083	0.006830	8.6
259	-0.000000	292.562393	0.000000	9.7
260	-0.888400	292.075870	0.006592	9.2
261	-0.584791	291.591498	0.005959	8.6
262	-0.863302	291.109263	0.004833	8.9
263	-0.583113	290.629149	0.007045	10.8
264	-0.000000	290.151140	0.000000	8.7
265	-0.272468	289.675222	0.005776	8.5
266	-0.272820	289.201380	0.004158	9.4
267	-0.000000	288.729600	0.000000	9.0
268	-0.359559	288.259866	0.006041	9.1
269	-0.285755	287.792165	0.002159	9.1
270	-0.784584	287.326481	0.009422	10.1
271	-0.000000	286.862802	0.000000	9.0
272	-0.703617	286.401113	0.009365	8.8
273	-0.768180	285.941400	0.007832	9.9
274	-0.000001	285.483649	0.000001	12.0
275	-0.627613	285.027847	0.006551	12.1
276	-0.367444	284.573981	0.004610	8.9
277	-0.820163	284.122037	0.007480	8.0
278	-0.016475	283.672002	0.001250	8.6
279	-0.425920	283.223863	0.005721	8.5
280	-0.824674	282.777607	0.011685	10.2
281	-0.000000	282.333221	0.000000	8.7
282	-0.312495	281.890692	0.006014	9.0
283	-0.000000	281.450008	0.000000	8.2
284	-1.010944	281.011157	0.008781	11.1
285	-0.555781	280.574125	0.005075	8.6
286	-0.733243	280.138901	0.007929	9.0
287	-0.747208	279.705473	0.008466	9.5
288	-0.000000	279.273829	0.000000	10.6
289	-0.138197	278.843956	0.002518	9.0
290	-0.315338	278.415844	0.004745	8.8
291	-0.451929	277.989479	0.007382	10.6
292	-0.122671	277.564851	0.002350	8.8
293	-0.750706	277.141949	0.006781	9.3
294	-0.711338	276.720761	0.005804	9.7
295	-0.570122	276.301275	0.008272	8.3
296	-0.641271	275.883480	0.007579	9.5
297	-0.000000	275.467366	0.000000	9.3
298	-0.000000	275.052922	0.000000	11.0
299	-0.806654	274.640136	0.004451	10.1
300	-0.000000	274.228998	0.000000	9.3
301	-0.000000	273.819497	0.000000	8.6
302	-0.007011	273.411623	0.000959	8.8
303	-0.965261	273.005365	0.011912	9.4
304	-0.948665	272.600712	0.007490	9.1
305	-0.454222	272.197655	0.003801	11.1
306	-0.678186	271.796184	0.008134	10.8
307	-0.817404	271.396287	0.007914	9.3
308	-0.000000	270.997956	0.000000	8.4
309	-0.030512	270.601180	0.001639	7.7
310	-0.387380	270.205949	0.007867	9.6
311	-0.922920	269.812254	0.008587	9.1
312	-0.491984	269.420085	0.003711	9.0
313	-0.502489	269.029432	0.008175	10.0
314	-0.029314	268.640287	0.001080	10.3
315	-0.000000	268.252638	0.000000	8.8
316	-0.057057	267.866478	0.001633	7.7
317	-0.427398	267.481796	0.009771	10.5
318	-0.443463	267.098584	0.005617	8.7
319	-0.693931	266.716833	0.007452	8.5
320	-0.066998	266.336533	0.001183	7.7
321	-0.662496	265.957676	0.004553	11.0
322	-0.000000	265.580253	0.000000	9.7
323	-0.000000	265.204254	0.000000	8.8
324	-0.670996	264.829672	0.007872	9.2
325	-0.000000	264.456497	0.000000	9.0
326	-0.000000	264.084721	0.000000	10.7
327	-0.714330	263.714335	0.005687	8.5
328	-0.000000	263.345332	0.000000	7.0
329	-0.911275	262.977702	0.009080	7.0
330	-0.870644	262.611438	0.004381	11.1
331	-0.000001	262.246531	0.000002	10.1
332	-0.114434	261.882973	0.002759	9.9
333	-0.295379	261.520756	0.004011	11.9
334	-0.053190	261.159871	0.001278	9.2
335	-0.000000	260.800312	0.000000	9.7
336	-0.688898	260.442070	0.004146	8.7
337	-0.723077	260.085137	0.006124	10.7
338	-0.494721	259.729505	0.005828	11.6
339	-0.832753	259.375167	0.005346	10.9
340	-0.436233	259.022116	0.006879	10.5
341	-0.619839	258.670343	0.005012	11.9
342	-0.000000	258.319841	0.000000	12.1
343	-0.509545	257.970602	0.006119	13.2
344	-0.000000	257.622620	0.000000	9.3
345	-0.000000	257.275887	0.000000	12.4
346	-0.266920	256.930396	0.002418	10.4
347	-0.542999	256.586139	0.006277	10.8
348	-0.000000	256.243109	0.000000	12.7
349	-0.000488	255.901300	0.000045	11.5
350	-0.754085	255.560703	0.008954	10.4
351	-0.000000	255.221313	0.000000	11.7
352	-0.016059	254.883122	0.001274	11.0
353	-0.825887	254.546124	0.005647	12.7
354	-0.830655	254.210311	0.006349	11.2
355	-0.770060	253.875677	0.003560	10.5
356	-0.826914	253.542215	0.007710	8.7
357	-0.364647	253.209918	0.005212	11.7
358	-0.005129	252.878781	0.001244	10.5
359	-0.000000	252.548795	0.000000	9.8
360	-0.652845	252.219956	0.006134	12.9
361	-0.529612	251.892255	0.006416	9.4
362	-0.742484	251.565688	0.009748	9.3
363	-0.618425	251.240247	0.005815	8.7
364	-0.000012	250.915926	0.000012	10.0
365	-0.247125	250.592720	0.006497	9.8
366	-0.789022	250.270621	0.012949	6.3
367	-0.066866	249.949624	0.002616	11.1
368	-0.585112	249.629723	0.007754	9.0
369	-0.000000	249.310911	0.000000	8.9
370	-0.043888	248.993182	0.003279	10.1
371	-0.670858	248.676531	0.006100	8.5
372	-0.575566	248.360952	0.005081	9.6
373	-0.653012	248.046438	0.008878	8.3
374	-0.451999	247.732984	0.005489	10.7
375	-0.000001	247.420584	0.000001	8.8
376	-0.711543	247.109233	0.006142	9.6
377	-0.000000	246.798924	0.000000	10.1
378	-0.049221	246.489652	0.003081	7.1
379	-0.040908	246.181412	0.000412	9.2
380	-0.154289	245.874197	0.002863	9.0
381	-0.774819	245.568002	0.008316	10.5
382	-0.000000	245.262822	0.000000	9.2
383	-1.048712	244.958652	0.009607	6.1
384	-0.727928	244.655485	0.005111	9.7
385	-0.388694	244.353317	0.003352	9.8
386	-0.342172	244.052142	0.006533	7.7
387	-0.863206	243.751955	0.006750	8.6
388	-0.000000	243.452750	0.000000	10.1
389	-0.598442	243.154523	0.008120	9.2
390	-0.741324	242.857268	0.005928	8.7
391	-0.726512	242.560980	0.005622	8.6
392	-0.442881	242.265654	0.006647	8.7
393	-1.027858	241.971285	0.007235	8.2
394	-0.000000	241.677868	0.000000	11.0
395	-0.628415	241.385397	0.006348	8.2
396	-0.014494	241.093869	0.000770	8.4
397	-0.369103	240.803278	0.008293	9.0
398	-0.000000	240.513619	0.000000	11.7
399	-0.868299	240.224887	0.005764	8.2
400	-0.000000	239.937077	0.000000	6.3
401	-0.601714	239.650186	0.006054	9.0
402	-0.909932	239.364207	0.005278	8.7
403	-0.408337	239.079136	0.004718	8.2
404	-0.796624	238.794969	0.007731	9.1
405	-0.065881	238.511701	0.002379	10.1
406	-0.821694	238.229327	0.004267	8.3
407	-0.341793	237.947843	0.004708	8.3
408	-0.620671	237.667244	0.006738	8.2
409	-0.682742	237.387526	0.006624	8.2
410	-0.000000	237.108684	0.000000	8.5
411	-0.492294	236.830714	0.004195	8.8
412	-0.000000	236.553610	0.000000	8.3
413	-0.133927	236.277370	0.003265	6.6
414	-0.000000	236.001989	0.000000	8.3
415	-0.274926	235.727461	0.002888	7.5
416	-0.434887	235.453784	0.005276	8.1
417	-0.000067	235.180952	0.000077	8.3
418	-0.097268	234.908962	0.002649	8.2
419	-0.619054	234.637809	0.007697	8.2
420	-0.374861	234.367488	0.003576	13.5
421	-0.515019	234.097997	0.006567	8.2
422	-0.002969	233.829331	0.000262	10.2
423	-0.745865	233.561485	0.005033	8.2
424	-0.076324	233.294456	0.003033	7.2
425	-0.737546	233.028239	0.004500	8.2
426	-0.747693	232.762831	0.006729	8.3
427	-0.137918	232.498228	0.003309	9.1
428	-0.819674	232.234425	0.007657	8.3
429	-0.862597	231.971419	0.005442	8.1
430	-0.162950	231.709205	0.004655	7.5
431	-0.373504	231.447781	0.004945	9.1
432	-0.813306	231.187141	0.003394	10.0
433	-0.233008	230.927283	0.004821	9.8
434	-0.886785	230.668202	0.005830	7.5
435	-0.432736	230.409895	0.005399	8.3
436	-0.001065	230.152358	0.000397	8.3
437	-0.000000	229.895587	0.000000	9.3
438	-0.261886	229.639578	0.005242	8.3
439	-0.445436	229.384329	0.004850	9.1
440	-0.000000	229.129834	0.000000	9.3
441	-0.392933	228.876091	0.005488	9.2
442	-0.667806	228.623096	0.008324	8.5
443	-0.760912	228.370846	0.009126	8.9
444	-0.000000	228.119336	0.000000	8.3
445	-0.511548	227.868563	0.005952	8.2
446	-0.818565	227.618525	0.003739	8.2
447	-0.000000	227.369216	0.000000	8.3
448	-0.000000	227.120635	0.000000	8.2
449	-0.679153	226.872777	0.009185	7.2
450	-0.815393	226.625638	0.007051	6.2
451	-0.000000	226.379217	0.000000	8.2
452	-0.000225	226.133509	0.000157	9.1
453	-0.000000	225.888510	0.000000	8.3
454	-0.554317	225.644218	0.007927	8.6
455	-0.134699	225.400630	0.001871	8.0
456	-0.819563	225.157741	0.008009	8.9
457	-0.540451	224.915549	0.005135	9.1
458	-0.232772	224.674051	0.005143	8.2
459	-0.645857	224.433242	0.007705	8.3
460	-0.006756	224.193121	0.000188	8.5
461	-0.649725	223.953684	0.009983	8.2
462	-0.731531	223.714927	0.004604	9.1
463	-0.406845	223.476848	0.006136	8.2
464	-0.866050	223.239444	0.003952	9.1
465	-0.000000	223.002710	0.000000	8.1
466	-0.270087	222.766645	0.003300	8.2
467	-0.367133	222.531245	0.005794	8.2
468	-0.377761	222.296508	0.004207	8.1
469	-0.864597	222.062429	0.005413	9.0
470	-0.732876	221.829007	0.006436	8.2
471	-0.641675	221.596238	0.009592	8.2
472	-0.000000	221.364119	0.000000	8.2
473	-0.311646	221.132647	0.006125	8.6
474	-0.685533	220.901820	0.004609	8.2
475	-0.948121	220.671634	0.008369	8.0
476	-0.000008	220.442086	0.000001	9.6
477	-0.074459	220.213174	0.002497	7.3
478	-0.484097	219.984895	0.005888	9.1
479	-0.630304	219.757246	0.005771	8.1
480	-0.515608	219.530224	0.004389	8.1
481	-0.461123	219.303826	0.004186	8.2
482	-0.000000	219.078050	0.000000	9.5
483	-0.912394	218.852893	0.007421	7.2
484	-0.586283	218.628352	0.006675	8.2
485	-0.759680	218.404424	0.009406	7.3
486	-0.000000	218.181106	0.000000	9.7
487	-0.761765	217.958397	0.007757	7.8
488	-0.395399	217.736292	0.006029	9.3
489	-0.556479	217.514790	0.007735	8.1
490	-0.435837	217.293888	0.005035	8.2
491	-0.915199	217.073584	0.005866	8.7
492	-0.733885	216.853873	0.005804	8.2
493	-0.769183	216.634755	0.010432	8.1
494	-0.836683	216.416227	0.005022	8.3
495	-0.738007	216.198285	0.004286	8.3
496	-0.000000	215.980927	0.000000	9.2
497	-0.630033	215.764151	0.006980	8.2
498	-0.089516	215.547955	0.003328	9.1
499	-0.382092	215.332335	0.004701	8.2
500	-0.000000	215.117289	0.000000	9.2
501	-0.000354	214.902815	0.000229	8.4
502	-0.000000	214.688911	0.000000	8.3
503	-0.371975	214.475573	0.002863	8.2
504	-0.471633	214.262800	0.006886	8.2
505	-0.313223	214.050588	0.007629	6.4
506	-0.851622	213.838936	0.005553	8.1
507	-0.573477	213.627842	0.004969	8.1
508	-0.710403	213.417302	0.005121	8.1
509	0.000000	213.207314	0.000000	6.5
510	-0.825709	212.997877	0.006728	8.1
511	-0.890196	212.788987	0.008977	7.3
512	-0.399979	212.580642	0.006345	8.2
513	-0.000000	212.372841	0.000000	8.3
514	-0.892561	212.165581	0.006302	8.2
515	-0.513564	211.958859	0.004829	8.1
516	-0.405842	211.752673	0.006208	9.0
517	-0.000000	211.547021	0.000000	8.3
518	-0.506298	211.341902	0.004497	8.1
519	-0.000000	211.137311	0.000000	8.5
520	-0.000000	210.933248	0.000000	8.7
521	-0.000000	210.729710	0.000000	11.5
522	-0.043498	210.526695	0.002374	8.4
523	-0.608238	210.324200	0.006002	8.4
524	-0.231747	210.122224	0.001787	9.6
525	-0.227889	209.920765	0.005736	6.9
526	-0.715754	209.719820	0.007749	8.8
527	-0.047858	209.519387	0.000688	8.7
528	-0.031453	209.319463	0.000511	7.1
529	-0.259731	209.120048	0.006082	8.7
530	-0.807347	208.921139	0.005981	8.6
531	-0.240735	208.722733	0.003748	8.5
532	-0.488569	208.524829	0.006655	6.5
533	-0.135848	208.327425	0.002521	9.6
534	-0.761405	208.130518	0.006619	8.6
535	-0.294796	207.934107	0.002800	9.1
536	-0.514969	207.738189	0.004517	9.0
537	-0.000000	207.542762	0.000000	8.9
538	-0.000000	207.347825	0.000000	8.5
539	-0.569880	207.153376	0.005125	8.8
540	-0.489279	206.959412	0.007177	9.2
541	-0.154561	206.765932	0.004066	8.9
542	-0.000000	206.572933	0.000000	9.0
543	-0.047276	206.380414	0.001806	9.8
544	-0.724448	206.188373	0.005882	9.6
545	-0.783139	205.996807	0.008677	9.0
546	-0.000000	205.805716	0.000000	9.1
547	-0.350342	205.615096	0.005233	9.1
548	-0.600776	205.424946	0.006984	8.8
549	-0.806093	205.235265	0.004019	9.0
550	-0.724689	205.046050	0.005206	9.1
551	-0.282967	204.857299	0.004053	9.2
552	-0.000000	204.669011	0.000000	9.9
553	-0.813872	204.481184	0.006877	9.4
554	-0.007868	204.293816	0.001182	9.0
555	-0.000000	204.106905	0.000000	9.8
556	-0.000000	203.920449	0.000000	8.9
557	-0.333214	203.734447	0.004762	8.8
558	-0.783451	203.548896	0.007103	8.6
559	-0.781019	203.363795	0.005199	8.9
560	-0.222013	203.179143	0.004249	8.4
561	-0.000000	202.994937	0.000000	8.8
562	-0.753648	202.811176	0.007774	9.5
563	-0.842022	202.627857	0.007316	8.7
564	-0.295012	202.444980	0.004887	9.2
565	-0.739752	202.262543	0.007583	9.1
566	-0.972469	202.080543	0.005580	8.9
567	-0.886780	201.898979	0.008942	10.1
568	-0.000477	201.717849	0.000178	9.0
569	-0.138823	201.537153	0.003866	9.1
570	-0.772111	201.356887	0.005733	9.0
571	-0.010160	201.177050	0.000905	8.7
572	-0.685550	200.997642	0.005299	9.7
573	-0.571113	200.818659	0.007102	8.8
574	-0.605310	200.640100	0.004829	8.6
575	-0.000000	200.461965	0.000000	9.2
576	-0.675899	200.284250	0.004171	8.7
577	-0.673311	200.106955	0.006073	8.4
578	-0.721743	199.930078	0.007368	8.7
579	-0.609890	199.753617	0.006763	8.4
580	-0.000000	199.577571	0.000000	8.6
581	-0.681585	199.401938	0.005000	8.7
582	-0.596043	199.226717	0.007390	8.5
583	-0.356092	199.051905	0.005483	8.6
584	-0.573761	198.877502	0.007876	8.7
585	-0.255915	198.703506	0.004964	7.3
586	-0.000000	198.529916	0.000000	8.8
587	-0.000000	198.356729	0.000000	8.8
588	-0.930427	198.183944	0.006249	9.5
589	-0.873144	198.011560	0.004166	8.9
590	-0.554358	197.839576	0.004658	9.1
591	-0.000000	197.667989	0.000000	10.0
592	-0.245581	197.496798	0.008756	8.3
593	-0.518303	197.326002	0.006775	9.1
594	-0.669674	197.155600	0.008464	9.1
595	-0.324923	196.985589	0.004785	9.5
596	-0.367397	196.815969	0.004788	8.6
597	-0.383957	196.646738	0.003641	9.1
598	-0.670275	196.477894	0.006546	8.6
599	-0.000030	196.309436	0.000021	8.6
600	-0.332417	196.141363	0.007154	10.1
601	-0.579216	195.973673	0.009089	8.5
602	-0.818426	195.806365	0.006037	8.6
603	-0.005511	195.639437	0.000574	8.8
604	-0.745122	195.472888	0.004520	8.5
605	-0.100136	195.306717	0.002761	8.5
606	-0.000000	195.140922	0.000000	8.5
607	-0.397170	194.975501	0.004907	8.8
608	-0.576199	194.810454	0.006888	8.4
609	-0.510460	194.645779	0.005041	7.2
610	-0.628154	194.481475	0.006942	9.2
611	-0.329516	194.317540	0.002525	9.4
612	-0.530607	194.153973	0.008726	9.1
613	-0.267852	193.990773	0.003612	8.5
614	-0.623346	193.827938	0.004538	8.5
615	-0.004583	193.665467	0.000670	8.4
616	-0.000000	193.503358	0.000000	8.9
617	-0.710923	193.341611	0.005462	8.6
618	-0.481945	193.180224	0.007339	8.5
619	-0.000000	193.019196	0.000000	9.2
620	-0.604547	192.858525	0.006018	8.6
621	-0.442086	192.698210	0.005288	9.6
622	-0.674907	192.538251	0.006760	9.2
623	-0.129155	192.378644	0.002759	6.6
624	-0.692640	192.219391	0.006986	9.2
625	-0.267472	192.060488	0.004770	8.5
626	-0.000000	191.901935	0.000000	9.1
627	-0.821347	191.743730	0.007483	9.1
628	-0.002234	191.585873	0.000666	9.5
629	-0.284701	191.428362	0.004133	9.1
630	-0.000000	191.271196	0.000000	8.8
631	-0.979346	191.114374	0.009134	8.4
632	-0.611031	190.957893	0.003446	9.2
633	-0.221280	190.801755	0.003158	9.2
634	-0.398309	190.645956	0.005255	9.1
635	-0.087695	190.490495	0.002838	8.8
636	-0.689305	190.335373	0.009634	6.5
637	-0.796588	190.180587	0.004023	8.9
638	-0.299264	190.026136	0.003010	8.0
639	-0.217593	189.872019	0.003495	9.9
640	-0.819397	189.718235	0.006879	8.1
641	-0.000000	189.564782	0.000000	8.8
642	-0.633763	189.411661	0.003945	8.6
643	-0.727265	189.258868	0.005629	8.7
644	-0.000108	189.106404	0.000073	9.0
645	-0.843917	188.954267	0.004662	9.6
646	-0.153305	188.802456	0.002814	8.8
647	-0.492322	188.650969	0.004791	9.1
648	-0.084839	188.499807	0.002389	8.9
649	-0.000015	188.348967	0.000018	7.1
650	-0.934486	188.198448	0.007961	8.8
651	-0.493661	188.048250	0.006619	8.7
652	-0.392219	187.898371	0.006179	8.7
653	-0.603557	187.748810	0.008188	7.4
654	-0.347560	187.599566	0.010337	9.3
655	-0.509126	187.450638	0.005440	9.2
656	-0.015653	187.302025	0.001627	9.3
657	-0.570826	187.153725	0.007895	7.6
658	-0.735357	187.005739	0.007117	9.1
659	-0.481265	186.858064	0.004528	8.9
660	-0.000000	186.710699	0.000000	9.1
661	-0.355954	186.563645	0.004958	8.9
662	-0.000000	186.416898	0.000000	9.0
663	-0.438793	186.270459	0.006619	9.3
664	-0.495028	186.124326	0.007398	8.9
665	-0.776859	185.978499	0.005365	9.7
666	-0.000000	185.832976	0.000000	9.6
667	-0.752316	185.687756	0.008815	9.2
668	-0.654922	185.542838	0.006218	9.7
669	-0.000000	185.398222	0.000000	8.9
670	-0.799133	185.253906	0.007534	9.1
671	-0.757123	185.109889	0.007394	7.0
672	-0.588096	184.966170	0.005118	7.2
673	-0.030287	184.822748	0.003038	6.7
674	-0.000000	184.679623	0.000000	8.9
675	-0.483433	184.536792	0.008616	10.2
676	-0.005952	184.394256	0.000866	8.9
677	-0.756742	184.252013	0.004564	8.9
678	-0.654543	184.110062	0.006735	9.0
679	-0.000000	183.968403	0.000000	9.4
680	0.000000	183.827034	0.000000	7.0
681	-0.000000	183.685954	0.000000	9.3
682	-0.541382	183.545163	0.006089	8.7
683	-0.797762	183.404658	0.005487	9.3
684	-0.756366	183.264441	0.007553	8.7
685	-0.000000	183.124509	0.000000	9.6
686	-0.238512	182.984861	0.005870	7.8
687	-0.978831	182.845497	0.006550	8.9
688	-0.000000	182.706416	0.000000	9.0
689	-0.837812	182.567616	0.003964	8.3
690	-0.745315	182.429098	0.004961	9.4
691	-0.000534	182.290859	0.000286	8.8
692	-0.148701	182.152899	0.003552	8.5
693	-0.088981	182.015217	0.002356	8.4
694	-0.832713	181.877813	0.006935	8.4
695	-0.685527	181.740684	0.006858	9.0
696	-0.515422	181.603832	0.002950	8.5
697	-0.948359	181.467253	0.005492	9.5
698	-0.842326	181.330948	0.004787	9.3
699	-0.776133	181.194916	0.007179	8.7
700	-0.002083	181.059155	0.001022	8.5
701	-0.000000	180.923666	0.000000	8.9
702	-0.513957	180.788446	0.006125	8.9
703	-0.027483	180.653496	0.000133	6.8
704	-0.241249	180.518814	0.003023	8.5
705	-0.829354	180.384399	0.004189	8.7
706	-0.000000	180.250251	0.000000	9.2
707	-0.032510	180.116369	0.002113	9.2
708	-0.000000	179.982752	0.000000	8.0
709	-0.544165	179.849398	0.006238	8.5
710	-0.694953	179.716308	0.004504	9.4
711	-0.666153	179.583480	0.005067	9.3
712	-0.000000	179.450913	0.000000	8.5
713	-0.404142	179.318607	0.004981	9.2
714	-0.964264	179.186561	0.006011	9.4
715	-0.857946	179.054774	0.011834	8.4
716	-0.299609	178.923245	0.002917	8.5
717	-0.011746	178.791973	0.001685	8.6
718	-0.577383	178.660958	0.006626	8.8
719	-0.000000	178.530199	0.000000	9.0
720	-0.935793	178.399694	0.006019	8.3
721	-0.000000	178.269444	0.000000	9.2
722	-0.861906	178.139447	0.007600	9.0
723	-0.126502	178.009702	0.003531	9.0
724	-0.514273	177.880209	0.004351	9.0
725	-0.449257	177.750967	0.006280	8.8
726	-0.810499	177.621975	0.006585	9.2
727	-0.538418	177.493232	0.005648	9.1
728	-0.686741	177.364738	0.007474	8.9
729	-0.252124	177.236492	0.003389	8.8
730	-0.824838	177.108492	0.008386	8.8
731	-0.862743	176.980739	0.007727	8.9
732	-0.386661	176.853231	0.004005	9.8
733	-0.689209	176.725968	0.006822	8.9
734	-0.000000	176.598949	0.000000	9.2
735	-0.711085	176.472173	0.007403	8.5
736	-0.000000	176.345639	0.000000	8.5
737	-0.774044	176.219348	0.004383	8.6
738	-0.775556	176.093296	0.007476	9.0
739	-0.000000	175.967486	0.000000	8.6
740	-0.284988	175.841914	0.005116	8.5
741	-0.842151	175.716581	0.006884	9.2
742	-0.282198	175.591486	0.003523	8.6
743	-0.698546	175.466629	0.007811	8.6
744	-0.593424	175.342008	0.007711	8.6
745	-0.632825	175.217622	0.005575	7.7
746	-0.594181	175.093472	0.007713	8.5
747	-0.217501	174.969556	0.002058	8.4
748	-0.568106	174.845873	0.004387	8.6
749	-0.000000	174.722423	0.000000	8.7
750	-0.000000	174.599206	0.000000	8.6
751	-0.036222	174.476220	0.001191	8.3
752	-0.819820	174.353464	0.007431	8.8
753	-0.308223	174.230939	0.003209	8.4
754	-0.093157	174.108643	0.002642	8.5
755	-0.071900	173.986576	0.010123	6.5
756	-0.898654	173.864737	0.004961	9.3
757	-0.000000	173.743124	0.000000	8.7
758	-0.100983	173.621739	0.001873	8.5
759	-0.759615	173.500579	0.004763	8.1
760	-0.649198	173.379645	0.008330	8.5
761	-0.301118	173.258935	0.004641	8.4
762	-0.068703	173.138449	0.003073	6.8
763	-0.555949	173.018186	0.006679	8.9
764	-0.000000	172.898146	0.000000	9.1
765	-0.006511	172.778327	0.000322	7.7
766	-0.005068	172.658730	0.001759	9.2
767	-0.996755	172.539353	0.008237	8.7
768	-0.000000	172.420196	0.000000	8.5
769	-0.655174	172.301258	0.008614	9.0
770	-0.051653	172.182539	0.003514	9.3
771	-0.621460	172.064037	0.007615	8.5
772	-0.648137	171.945753	0.007438	8.5
773	-0.019295	171.827686	0.001246	8.3
774	-0.810823	171.709834	0.008509	7.4
775	0.000000	171.592198	0.000000	7.0
776	-0.520959	171.474776	0.005620	6.7
777	-0.646845	171.357568	0.007495	9.1
778	-0.243781	171.240574	0.006937	6.1
779	-0.935978	171.123793	0.012239	7.8
780	-0.361251	171.007223	0.005134	10.4
781	-0.000000	170.890865	0.000000	9.2
782	-0.605238	170.774718	0.004380	9.2
783	-0.797741	170.658782	0.007268	9.2
784	-0.000000	170.543055	0.000000	9.8
785	-0.369079	170.427537	0.007871	8.8
786	-0.649226	170.312227	0.007087	8.5
787	-0.000000	170.197125	0.000000	8.6
788	-0.000000	170.082231	0.000000	8.9
789	-0.008438	169.967543	0.001391	9.2
790	-0.053745	169.853061	0.001862	11.1
791	-0.653465	169.738784	0.006761	9.0
792	-0.525539	169.624713	0.005034	8.6
793	-0.030457	169.510845	0.002547	8.2
794	-0.000775	169.397181	0.000241	8.8
795	-0.257586	169.283720	0.005064	6.9
796	-0.503942	169.170462	0.003890	8.7
797	-0.824748	169.057405	0.004315	8.8
798	-0.405095	168.944549	0.006897	8.8
799	-0.830300	168.831895	0.005249	9.9
800	-0.854598	168.719440	0.006406	8.7
801	-0.728999	168.607185	0.005102	10.2
802	-0.333370	168.495129	0.004707	8.8
803	-0.832566	168.383271	0.006545	9.4
804	-0.510511	168.271611	0.004142	9.0
805	-0.000000	168.160148	0.000000	9.7
806	-0.000000	168.048882	0.000000	8.9
807	-0.907515	167.937812	0.005403	8.7
808	-0.346455	167.826938	0.004488	8.6
809	-0.000238	167.716258	0.000135	8.5
810	-0.828423	167.605773	0.007189	8.5
811	-0.000000	167.495482	0.000000	8.7
812	-0.697050	167.385384	0.006503	8.1
813	-0.457699	167.275479	0.004925	7.8
814	-0.513936	167.165766	0.004678	7.3
815	-0.712163	167.056245	0.006362	8.2
816	-0.798288	166.946915	0.006154	8.6
817	-0.709898	166.837776	0.003912	8.3
818	-0.636915	166.728826	0.006923	8.2
819	-0.262470	166.620067	0.005255	5.9
820	-0.000000	166.511496	0.000000	8.5
821	-0.000000	166.403113	0.000000	9.2
822	-0.803091	166.294919	0.006331	8.7
823	-0.496074	166.186912	0.005280	8.7
824	-0.641448	166.079091	0.005442	8.8
825	-0.208476	165.971458	0.004771	7.2
826	-0.469584	165.864009	0.005861	12.0
827	-0.587009	165.756747	0.006845	9.6
828	-0.632039	165.649669	0.006097	14.2
829	-0.442742	165.542775	0.004400	12.4
830	-0.000000	165.436065	0.000000	11.3
831	-0.628566	165.329538	0.004471	9.1
832	-0.593315	165.223194	0.003784	12.1
833	-0.000000	165.117032	0.000000	9.1
834	-0.694309	165.011052	0.005775	10.3
835	-0.000000	164.905253	0.000000	11.5
836	-0.608869	164.799635	0.012593	7.1
837	-0.403478	164.694197	0.005891	11.6
838	-0.706086	164.588939	0.006859	12.6
839	-0.737439	164.483859	0.003668	9.4
840	-0.000000	164.378959	0.000000	11.7
841	-0.000000	164.274237	0.000000	12.2
842	-0.703560	164.169692	0.006056	8.7
843	-0.000000	164.065325	0.000000	12.3
844	-0.721230	163.961135	0.005660	11.0
845	-0.617587	163.857120	0.006102	8.7
846	-0.000000	163.753282	0.000000	11.3
847	-0.268001	163.649619	0.004840	7.6
848	-0.872154	163.546130	0.006428	11.1
849	-0.000000	163.442816	0.000000	11.4
850	-0.755594	163.339676	0.008634	8.3
851	-0.475456	163.236709	0.005048	10.9
852	-1.044843	163.133915	0.011555	6.9
853	-0.159214	163.031294	0.003767	8.3
854	-1.066752	162.928844	0.010722	7.8
855	-0.683399	162.826566	0.005747	11.5
856	-0.576329	162.724459	0.005842	11.0
857	-0.481225	162.622523	0.008818	8.9
858	-0.000000	162.520757	0.000000	10.1
859	-0.907200	162.419160	0.005007	10.7
860	-0.000000	162.317733	0.000000	8.8
861	-0.000000	162.216474	0.000000	10.1
862	-0.447547	162.115383	0.004455	8.1
863	-0.618854	162.014461	0.007576	10.3
864	-0.000000	161.913705	0.000000	9.1
865	-0.279126	161.813117	0.004802	10.4
866	-0.469266	161.712695	0.004591	10.0
867	-0.000000	161.612439	0.000000	9.1
868	-0.050426	161.512349	0.001516	9.7
869	-0.526480	161.412424	0.003500	8.8
870	-0.000000	161.312663	0.000000	11.1
871	-0.827224	161.213067	0.005284	9.0
872	-0.699423	161.113635	0.005072	9.1
873	-0.465697	161.014366	0.003639	8.9
874	-0.698365	160.915260	0.007342	6.6
875	-0.749805	160.816316	0.004919	8.7
876	-0.174817	160.717535	0.003874	6.7
877	-0.354069	160.618915	0.004766	9.3
878	-0.010088	160.520456	0.001007	8.8
879	-0.139614	160.422158	0.003172	8.5
880	-0.112299	160.324021	0.003379	7.4
881	-0.248920	160.226043	0.004166	8.3
882	-0.235059	160.128225	0.003419	8.3
883	-0.000000	160.030566	0.000000	8.1
884	-0.000000	159.933066	0.000000	8.6
885	-0.183549	159.835723	0.005322	8.8
886	-0.750723	159.738539	0.008937	8.9
887	-0.652830	159.641512	0.005111	8.9
888	-0.055323	159.544642	0.002693	8.5
889	-0.547339	159.447929	0.004214	9.4
890	-0.000000	159.351372	0.000000	8.5
891	-0.629803	159.254971	0.006648	9.5
892	-0.604224	159.158725	0.006427	10.8
893	-0.641911	159.062634	0.008680	8.0
894	-0.000000	158.966697	0.000000	11.2
895	-0.112859	158.870915	0.003795	7.3
896	-0.917398	158.775286	0.007389	11.9
897	-0.000000	158.679811	0.000000	10.6
898	-0.564848	158.584489	0.008011	7.9
899	-0.501352	158.489319	0.005970	10.9
900	-0.090119	158.394302	0.002816	9.6
901	-0.530736	158.299436	0.005912	10.1
902	-0.795957	158.204721	0.006233	10.3
903	-0.415775	158.110158	0.003523	9.1
904	-0.918119	158.015745	0.009147	11.1
905	-0.766205	157.921482	0.007135	8.1
906	-0.509605	157.827369	0.007508	10.7
907	-0.757037	157.733406	0.003733	8.4
908	-0.701465	157.639591	0.006955	10.4
909	-0.754467	157.545925	0.008212	12.0
910	-0.000000	157.452408	0.000000	7.7
911	-0.753298	157.359038	0.006530	10.4
912	-0.633698	157.265816	0.007944	10.6
913	-0.000000	157.172741	0.000000	9.8
914	-0.361788	157.079813	0.004424	10.6
915	-0.000000	156.987031	0.000000	8.7
916	-0.522784	156.894395	0.005291	9.7
917	-0.000000	156.801904	0.000000	11.0
918	-0.632759	156.709559	0.010755	7.2
919	-0.415898	156.617359	0.003418	10.5
920	-0.904045	156.525304	0.006404	8.8
921	-0.792879	156.433392	0.005473	11.9
922	-0.655469	156.341624	0.005177	10.6
923	-0.494691	156.250000	0.003281	9.7
924	-0.540458	156.158519	0.008089	12.7
925	-0.921884	156.067180	0.011158	10.3
926	-0.875775	155.975984	0.005515	9.4
927	-0.674183	155.884930	0.006889	12.9
928	-0.456041	155.794017	0.004022	10.1
929	-0.517300	155.703246	0.007270	11.3
930	-0.000000	155.612615	0.000000	11.1
931	-0.457712	155.522125	0.006578	10.4
932	-0.000000	155.431775	0.000000	10.7
933	-0.311431	155.341565	0.003992	10.8
934	-0.924533	155.251495	0.008952	7.9
935	-0.139266	155.161563	0.003287	11.6
936	-0.373095	155.071771	0.004203	10.3
937	-0.053355	154.982117	0.001467	9.4
938	-0.000001	154.892601	0.000001	10.6
939	-0.629168	154.803222	0.004104	11.6
940	-0.874822	154.713981	0.008403	10.0
941	-0.705123	154.624878	0.004898	10.0
942	-0.000000	154.535910	0.000000	8.3
943	-0.002017	154.447080	0.000128	10.2
944	-0.799152	154.358385	0.005057	9.6
945	-0.000000	154.269826	0.000000	8.4
946	-0.561491	154.181402	0.004389	9.6
947	-0.000000	154.093114	0.000000	8.3
948	-0.115629	154.004960	0.005632	7.6
949	-0.000000	153.916940	0.000000	10.5
950	-0.603414	153.829054	0.010082	10.3
951	-0.086019	153.741303	0.003092	10.4
952	-0.652891	153.653684	0.003737	7.6
953	-0.980003	153.566198	0.008848	10.0
954	-0.382938	153.478846	0.004525	9.7
955	-0.445070	153.391625	0.004988	9.7
956	-0.474355	153.304537	0.006260	8.8
957	-0.722478	153.217580	0.006758	9.6
958	-0.747969	153.130755	0.007569	10.7
959	-0.000000	153.044061	0.000000	9.1
960	-0.621304	152.957498	0.005918	9.7
961	-0.000863	152.871065	0.000373	10.3
962	-0.000000	152.784762	0.000000	11.2
963	-0.673151	152.698589	0.006784	9.5
964	-0.712324	152.612545	0.003735	9.1
965	-0.345123	152.526631	0.007038	9.1
966	-0.696990	152.440845	0.004150	8.8
967	-0.558704	152.355188	0.006970	9.3
968	-0.842614	152.269660	0.008605	8.9
969	-0.585729	152.184259	0.007483	9.3
970	-0.000000	152.098986	0.000000	8.9
971	-0.633966	152.013840	0.009385	7.1
972	-0.045972	151.928821	0.002912	9.6
973	-0.491104	151.843928	0.005028	8.9
974	-0.802125	151.759163	0.005237	9.0
975	-0.000000	151.674523	0.000000	9.2
976	-0.679304	151.590009	0.007080	8.8
977	-0.598971	151.505620	0.007507	8.3
978	-0.543328	151.421357	0.006741	9.1
979	-0.148338	151.337218	0.003380	9.2
980	-0.695285	151.253204	0.008245	8.6
981	-0.301293	151.169314	0.002665	9.1
982	-0.838250	151.085549	0.007890	8.8
983	-0.865200	151.001907	0.005642	8.3
984	-0.700172	150.918388	0.006036	8.6
985	-1.094056	150.834992	0.008401	8.6
986	-0.582982	150.751719	0.005380	7.9
987	-0.494703	150.668569	0.006922	7.5
988	-0.534000	150.585541	0.006500	9.1
989	-0.000000	150.502634	0.000000	9.1
990	-0.000000	150.419849	0.000000	8.2
991	-0.431682	150.337186	0.005442	9.4
992	-0.653493	150.254644	0.004757	8.8
993	-0.330450	150.172222	0.003846	9.1
994	-0.470566	150.089921	0.003722	8.6
995	-0.004496	150.007740	0.000731	7.1
996	-0.054172	149.925679	0.001767	9.8
997	-0.720652	149.843737	0.009970	12.7
998	-0.356886	149.761915	0.004907	9.9
999	-0.399806	149.680212	0.007229	8.6
1000	-0.787698	149.598627	0.009663	8.6
1001	-0.350407	149.517161	0.005499	8.9
1002	-0.000000	149.435814	0.000000	8.3
1003	-0.000000	149.354584	0.000000	9.1
1004	-0.000000	149.273472	0.000000	8.7
1005	-0.690987	149.192477	0.004870	8.6
1006	-0.000000	149.111599	0.000000	8.6
1007	-0.000024	149.030838	0.000024	8.8
1008	-0.000000	148.950194	0.000000	8.7
1009	-0.231965	148.869666	0.007161	7.5
1010	-0.167026	148.789253	0.003297	7.4
1011	-0.657979	148.708957	0.007257	8.5
1012	-0.370342	148.628776	0.005192	7.8
1013	-0.000775	148.548710	0.000107	8.5
1014	-0.279375	148.468759	0.005148	8.9
1015	-0.000000	148.388923	0.000000	8.5
1016	-0.697978	148.309201	0.007399	8.1
1017	-0.613470	148.229594	0.005379	8.9
1018	-0.000001	148.150100	0.000001	8.6
1019	-0.000000	148.070719	0.000000	8.6
1020	-0.383813	147.991452	0.006342	7.1
1021	-0.000000	147.912298	0.000001	6.9
1022	-0.941260	147.833257	0.008661	8.6
1023	-0.101556	147.754329	0.002895	8.7
1024	-0.000000	147.675512	0.000000	8.7
1025	-0.645675	147.596808	0.006844	9.2
1026	-0.000000	147.518216	0.000000	9.1
1027	-0.001463	147.439735	0.000356	8.9
1028	-0.291450	147.361365	0.005463	7.7
1029	-0.000000	147.283106	0.000000	9.6
1030	-0.000000	147.204958	0.000000	8.8
1031	-0.808717	147.126920	0.005148	8.7
1032	-0.612165	147.048993	0.006151	7.6
1033	-0.686763	146.971175	0.005065	8.6
1034	-0.149370	146.893468	0.002385	9.0
1035	-0.804707	146.815869	0.007622	7.6
1036	-0.561112	146.738380	0.007214	10.1
1037	-0.000000	146.661000	0.000000	11.3
1038	-0.763520	146.583729	0.003511	12.1
1039	-0.168862	146.506566	0.004499	9.3
1040	-0.027329	146.429511	0.000874	11.2
1041	-0.700445	146.352565	0.008560	12.4
1042	-0.898023	146.275726	0.004271	12.3
1043	-0.861548	146.198994	0.004109	8.8
1044	-0.856728	146.122370	0.006532	12.0
1045	-0.655602	146.045853	0.005035	9.6
1046	-0.421797	145.969442	0.005960	11.8
1047	-0.917207	145.893139	0.007465	9.5
1048	-0.865394	145.816941	0.006281	9.3
1049	-0.866240	145.740849	0.005870	11.8
1050	-0.525546	145.664863	0.005049	10.4
1051	-0.000000	145.588983	0.000000	10.9
1052	-0.631394	145.513208	0.003842	12.3
1053	-0.404981	145.437538	0.005118	11.5
1054	-0.000001	145.361973	0.000001	8.8
1055	-0.716802	145.286513	0.007182	8.8
1056	-0.308232	145.211157	0.002602	9.5
1057	-0.352562	145.135905	0.004942	9.2
1058	-0.474445	145.060757	0.005662	7.7
1059	-0.859032	144.985712	0.009049	7.9
1060	-0.000000	144.910771	0.000000	9.2
1061	-0.347718	144.835934	0.004040	8.7
1062	-0.622075	144.761199	0.007872	9.2
1063	-0.579552	144.686567	0.008482	8.6
1064	-0.886620	144.612037	0.006255	8.6
1065	-0.000000	144.537610	0.000000	8.7
1066	-0.501457	144.463285	0.005350	9.4
1067	-0.038265	144.389062	0.002404	9.1
1068	-0.460146	144.314940	0.006365	8.5
1069	-0.629675	144.240920	0.006703	9.0
1070	-0.124796	144.167001	0.003214	9.7
1071	-0.009248	144.093182	0.000759	9.3
1072	-0.693049	144.019465	0.006822	11.5
1073	-0.887720	143.945848	0.004392	9.7
1074	-0.265242	143.872331	0.003478	11.2
1075	-0.611245	143.798914	0.004582	10.7
1076	-0.863425	143.725597	0.006009	9.9
1077	-0.577301	143.652380	0.005196	9.8
1078	-0.792300	143.579262	0.003548	10.2
1079	-0.664185	143.506243	0.004662	11.1
1080	-0.727090	143.433323	0.004856	10.0
1081	-0.390929	143.360502	0.003741	10.5
1082	-0.810137	143.287780	0.004898	10.6
1083	-0.737388	143.215155	0.007591	10.0
1084	-0.436054	143.142629	0.005814	10.2
1085	-0.544025	143.070201	0.008241	9.7
1086	-0.705367	142.997870	0.006344	11.3
1087	-0.000000	142.925637	0.000000	10.7
1088	-0.566908	142.853501	0.004790	9.8
1089	-0.308449	142.781462	0.004668	10.7
1090	-0.825382	142.709519	0.004827	10.6
1091	-0.889477	142.637674	0.005248	10.2
1092	-0.322531	142.565924	0.004632	10.4
1093	-0.016705	142.494271	0.001348	12.1
1094	-0.113265	142.422714	0.003113	9.7
1095	-0.773822	142.351252	0.007697	10.1
1096	-0.000000	142.279886	0.000000	9.7
1097	-0.851013	142.208616	0.010753	9.1
1098	-0.000000	142.137440	0.000000	10.7
1099	-0.692378	142.066360	0.005807	9.9
1100	-0.090790	141.995374	0.002196	9.8
1101	-0.145013	141.924483	0.003157	10.4
1102	-0.585151	141.853685	0.003005	11.5
1103	-0.507941	141.782983	0.006200	9.9
1104	-1.016695	141.712373	0.012281	8.1
1105	-0.819830	141.641858	0.004010	10.4
1106	-0.000000	141.571436	0.000000	11.0
1107	-0.287497	141.501108	0.004851	8.5
1108	-0.625852	141.430872	0.007186	10.0
1109	-0.442759	141.360730	0.005056	10.0
1110	-0.000000	141.290680	0.000000	10.4
1111	-1.019375	141.220722	0.010246	7.8
1112	-0.501802	141.150857	0.005841	10.4
1113	-0.000000	141.081084	0.000000	10.9
1114	-0.852270	141.011403	0.007062	9.7
1115	-0.282708	140.941813	0.004854	10.3
1116	-0.839197	140.872315	0.007578	7.5
1117	-0.537285	140.802909	0.003879	10.7
1118	-0.313953	140.733593	0.004758	10.4
1119	-0.000000	140.664369	0.000000	9.9
1120	-0.619241	140.595235	0.006201	10.4
1121	-0.000000	140.526192	0.000000	11.3
1122	-0.367938	140.457239	0.004828	10.2
1123	-0.000000	140.388376	0.000000	10.1
1124	-0.308669	140.319603	0.004209	10.6
1125	-0.000348	140.250920	0.000254	7.4
1126	-0.396122	140.182326	0.004837	8.8
1127	-0.000000	140.113822	0.000000	10.6
1128	-0.380478	140.045407	0.003888	11.4
1129	-0.809074	139.977081	0.005458	10.7
1130	-0.000000	139.908844	0.000000	9.6
1131	-0.000000	139.840696	0.000000	10.7
1132	-0.341138	139.772635	0.002596	8.7
1133	-0.202893	139.704664	0.004282	7.9
1134	-0.364087	139.636780	0.003594	8.6
1135	-0.644881	139.568984	0.005338	10.1
1136	-0.000000	139.501276	0.000000	8.7
1137	-0.598276	139.433655	0.007647	10.4
1138	-0.662767	139.366122	0.007760	10.6
1139	-0.957056	139.298676	0.007082	8.8
1140	-0.669264	139.231317	0.005565	9.9
1141	-0.738534	139.164045	0.004759	9.8
1142	-0.591795	139.096859	0.007072	11.3
1143	-0.916571	139.029760	0.006506	10.4
1144	-0.000000	138.962747	0.000000	9.7
1145	-0.630426	138.895820	0.004269	11.4
1146	-0.000000	138.828978	0.000000	10.5
1147	-0.000000	138.762223	0.000000	10.0
1148	-0.403695	138.695553	0.004613	8.9
1149	-0.002140	138.628969	0.000507	10.5
1150	-0.855112	138.562469	0.006557	10.4
1151	-0.000000	138.496055	0.000000	10.6
1152	-0.759696	138.429725	0.006624	9.6
1153	-0.487570	138.363481	0.004639	11.5
1154	-0.000000	138.297320	0.000000	6.9
1155	-0.000000	138.231244	0.000000	11.5
1156	-0.054580	138.165252	0.002677	9.8
1157	-0.740192	138.099344	0.004782	9.9
1158	-0.010384	138.033520	0.000606	11.2
1159	-0.345427	137.967779	0.003360	10.0
1160	-0.000002	137.902122	0.000002	10.4
1161	-0.000010	137.836548	0.000009	10.8
1162	-0.000000	137.771057	0.000000	10.1
1163	-0.382204	137.705649	0.005185	10.5
1164	-0.644671	137.640324	0.004120	9.9
1165	-0.829751	137.575081	0.004654	12.7
1166	-0.831699	137.509921	0.005538	10.3
1167	-0.037695	137.444842	0.001436	9.8
1168	-0.746187	137.379846	0.004458	10.7
1169	-0.230307	137.314932	0.002390	9.5
1170	-0.558618	137.250100	0.007178	10.2
1171	-0.000000	137.185349	0.000000	9.9
1172	-0.301989	137.120680	0.004900	10.4
1173	-0.856339	137.056092	0.006858	8.9
1174	-0.545206	136.991585	0.007409	9.3
1175	-0.000399	136.927158	0.000181	10.2
1176	-0.000000	136.862813	0.000000	9.9
1177	-0.000349	136.798548	0.000520	8.5
1178	-0.811421	136.734363	0.006067	8.5
1179	-0.000000	136.670259	0.000000	10.0
1180	-0.930624	136.606235	0.006702	8.8
1181	-0.506272	136.542291	0.005298	9.5
1182	-0.579170	136.478426	0.006511	9.1
1183	-0.668505	136.414641	0.005100	10.2
1184	-0.510295	136.350936	0.003399	9.0
1185	-0.606768	136.287310	0.004345	8.7
1186	-0.654149	136.223763	0.005240	10.7
1187	-0.000003	136.160295	0.000004	9.9
1188	-0.388976	136.096905	0.003598	10.5
1189	-0.865268	136.033594	0.006259	8.7
1190	-0.830032	135.970362	0.005923	9.6
1191	-0.651214	135.907208	0.004670	11.6
1192	-0.000000	135.844133	0.000000	8.7
1193	-0.229693	135.781135	0.003003	12.5
1194	-0.019785	135.718215	0.001084	11.0
1195	-0.007165	135.655373	0.000438	9.1
1196	-0.791526	135.592608	0.006917	11.4
1197	-0.008478	135.529921	0.000598	8.9
1198	-0.565553	135.467311	0.008736	9.4
1199	-0.818184	135.404778	0.005472	10.7
1200	-0.768988	135.342322	0.009125	8.8
1201	-0.000000	135.279942	0.000000	12.7
1202	-0.012438	135.217640	0.001836	7.2
1203	-0.657121	135.155413	0.011110	11.0
1204	-0.000000	135.093263	0.000000	10.7
1205	-0.366413	135.031190	0.003340	8.2
1206	-0.304714	134.969192	0.007007	10.0
1207	-0.047547	134.907270	0.002289	7.6
1208	-0.712672	134.845424	0.004329	9.9
1209	-0.007478	134.783653	0.001133	10.2
1210	-0.000000	134.721958	0.000000	9.1
1211	-0.000000	134.660338	0.000000	9.7
1212	-0.201340	134.598793	0.003539	8.9
1213	-0.016896	134.537323	0.000279	11.0
1214	-0.892737	134.475927	0.007934	7.7
1215	-0.587989	134.414607	0.004375	9.9
1216	-0.897926	134.353361	0.004036	10.4
1217	-0.820721	134.292189	0.004280	8.8
1218	-0.816899	134.231092	0.008939	8.9
1219	-0.000000	134.170068	0.000000	8.7
1220	-0.001246	134.109119	0.000583	10.0
1221	-0.601803	134.048243	0.005792	8.3
1222	-0.521928	133.987441	0.006190	10.1
1223	-0.000000	133.926713	0.000000	9.4
1224	-0.792622	133.866057	0.005859	9.7
1225	-0.606096	133.805475	0.004427	9.9
1226	0.000000	133.744966	0.000000	6.7
1227	-0.849910	133.684530	0.004729	8.6
1228	-0.000000	133.624167	0.000000	8.5
1229	-0.918445	133.563877	0.007334	8.5
1230	-0.492611	133.503658	0.004476	9.8
1231	-0.251581	133.443513	0.005166	13.6
1232	-0.000000	133.383439	0.000000	14.6
1233	-0.849786	133.323437	0.006500	11.2
1234	-0.706303	133.263508	0.006794	8.8
1235	-0.000000	133.203650	0.000000	12.6
1236	-0.789322	133.143864	0.006954	12.5
1237	-0.733356	133.084149	0.004075	9.9
1238	-0.000000	133.024506	0.000000	11.4
1239	-0.853952	132.964934	0.006788	11.1
1240	-0.258298	132.905433	0.005116	10.0
1241	-0.961863	132.846003	0.007070	11.0
1242	-0.000000	132.786643	0.000000	11.2
1243	-0.457169	132.727355	0.006630	7.2
1244	-0.717285	132.668137	0.005255	13.5
1245	-0.000000	132.608989	0.000000	11.2
1246	-0.395654	132.549912	0.007977	10.2
1247	-0.833887	132.490904	0.006920	12.3
1248	-0.636051	132.431967	0.004481	10.8
1249	-0.000000	132.373100	0.000000	10.5
1250	-0.790238	132.314302	0.005910	10.8
1251	-0.592865	132.255574	0.004805	12.6
1252	-0.743300	132.196916	0.007919	11.5
1253	-0.000000	132.138326	0.000000	11.6
1254	-0.000000	132.079806	0.000000	10.9
1255	-0.000000	132.021355	0.000000	9.1
1256	-0.707625	131.962973	0.006504	11.4
1257	-0.516205	131.904660	0.006658	10.4
1258	-0.000000	131.846415	0.000000	9.7
1259	-0.173111	131.788239	0.001661	12.0
1260	-0.391241	131.730131	0.006464	11.2
1261	-0.357473	131.672092	0.004702	9.9
1262	-0.000000	131.614121	0.000000	11.0
1263	-0.694742	131.556217	0.009081	12.3
1264	-0.597330	131.498382	0.005878	10.4
1265	-0.280973	131.440614	0.003898	9.9
1266	-0.216410	131.382914	0.007167	6.4
1267	-0.000000	131.325282	0.000000	8.4
1268	-0.000000	131.267717	0.000000	8.7
1269	-0.776475	131.210219	0.006118	8.7
1270	-0.564054	131.152788	0.008667	8.4
1271	-0.000000	131.095424	0.000000	9.8
1272	-0.000000	131.038127	0.000000	11.0
1273	-0.784200	130.980897	0.005007	11.6
1274	-0.894935	130.923733	0.006132	11.3
1275	-0.001549	130.866636	0.000366	10.3
1276	-0.793912	130.809605	0.004308	10.8
1277	-0.074251	130.752641	0.002430	11.5
1278	-0.920464	130.695742	0.008608	11.9
1279	-0.413344	130.638910	0.003074	10.6
1280	-0.846094	130.582143	0.004216	12.7
1281	-0.845170	130.525442	0.008495	9.8
1282	-0.000000	130.468807	0.000000	10.0
1283	-0.878210	130.412237	0.004405	12.4
1284	-0.060103	130.355733	0.005258	11.0
1285	-0.000000	130.299294	0.000000	8.9
1286	-0.620970	130.242920	0.005107	12.1
1287	-0.249515	130.186611	0.004048	11.0
1288	-0.711634	130.130366	0.006099	9.0
1289	-0.046910	130.074187	0.003195	6.7
1290	-0.881480	130.018072	0.007072	8.9
1291	-0.000000	129.962022	0.000000	8.3
1292	-0.505624	129.906036	0.003561	9.7
1293	-0.274771	129.850114	0.005013	8.4
1294	-0.173314	129.794257	0.003390	8.4
1295	-0.782522	129.738463	0.006023	9.0
1296	-0.778370	129.682734	0.009633	9.0
1297	-0.789271	129.627068	0.005251	9.1
1298	-0.857247	129.571466	0.007534	9.0
1299	-0.676314	129.515927	0.006556	8.1
1300	-0.296623	129.460452	0.003949	8.9
1301	-0.000000	129.405040	0.000000	8.5
1302	-0.673277	129.349692	0.005501	8.6
1303	-0.750689	129.294406	0.006708	6.6
1304	-0.000000	129.239183	0.000000	9.9
1305	-0.140176	129.184024	0.004095	7.8
1306	-0.000001	129.128927	0.000000	10.0
1307	-0.511987	129.073892	0.006842	8.4
1308	-0.599958	129.018921	0.004970	8.6
1309	-0.000000	128.964011	0.000000	9.5
1310	-0.928894	128.909164	0.007433	8.2
1311	-0.000036	128.854379	0.000032	9.2
1312	-0.000000	128.799656	0.000000	8.2
1313	-0.521921	128.744995	0.006008	8.2
1314	-0.000000	128.690396	0.000000	8.3
1315	-0.000000	128.635858	0.000000	8.8
1316	-0.655110	128.581382	0.005769	9.0
1317	-0.836162	128.526968	0.004523	8.1
1318	-0.308561	128.472615	0.003439	7.4
1319	-0.328318	128.418323	0.004451	8.5
1320	-0.909408	128.364092	0.006188	8.1
1321	-0.565248	128.309922	0.004678	9.0
1322	-0.848945	128.255814	0.004456	8.2
1323	-0.289668	128.201766	0.006011	6.7
1324	-0.056746	128.147778	0.000978	8.1
1325	-0.026230	128.093852	0.001863	9.3
1326	-0.782928	128.039985	0.005228	8.3
1327	-0.081540	127.986180	0.001414	8.2
1328	-0.825120	127.932434	0.008262	9.0
1329	-0.000000	127.878749	0.000000	9.0
1330	-0.000000	127.825123	0.000000	8.4
1331	-0.000000	127.771558	0.000000	9.3
1332	-0.247765	127.718052	0.004295	8.1
1333	-0.000866	127.664606	0.000209	8.3
1334	-0.656235	127.611220	0.008644	7.8
1335	-0.422794	127.557893	0.005549	8.8
1336	-0.000000	127.504625	0.000000	12.8
1337	-0.039903	127.451417	0.001021	11.3
1338	-0.562591	127.398268	0.005861	9.2
1339	-0.000000	127.345178	0.000000	9.1
1340	-0.247264	127.292147	0.004304	9.0
1341	-1.060526	127.239175	0.008739	8.8
1342	-0.361263	127.186261	0.005215	9.2
1343	-0.033307	127.133407	0.001591	8.2
1344	-0.515207	127.080610	0.004912	8.2
1345	-0.422786	127.027872	0.004045	7.9
1346	-0.650525	126.975193	0.007435	8.7
1347	-0.000000	126.922572	0.000000	8.2
1348	-0.333039	126.870008	0.005704	8.5
1349	-0.296919	126.817503	0.004796	7.9
1350	-0.245166	126.765056	0.003039	8.2
1351	-0.000000	126.712667	0.000000	8.3
1352	-0.000000	126.660335	0.000000	8.3
1353	-0.071929	126.608061	0.003030	8.2
1354	-0.049118	126.555844	0.001648	8.2
1355	-0.517997	126.503685	0.006402	9.0
1356	-0.396532	126.451583	0.005247	8.2
1357	-0.000000	126.399538	0.000000	8.1
1358	-0.000000	126.347550	0.000000	8.4
1359	-0.855446	126.295619	0.007413	8.2
1360	-0.016849	126.243745	0.002041	8.2
1361	-0.517801	126.191928	0.005974	8.1
1362	-0.740276	126.140168	0.005531	9.1
1363	-0.452424	126.088464	0.005414	8.3
1364	-0.445487	126.036817	0.005803	8.2
1365	-0.026666	125.985226	0.001375	8.2
1366	-0.656089	125.933691	0.007366	8.2
1367	-0.000000	125.882212	0.000000	8.5
1368	-0.107855	125.830790	0.002438	8.7
1369	-0.238633	125.779423	0.006750	7.4
1370	-0.461559	125.728113	0.006472	8.2
1371	-0.665079	125.676858	0.006483	9.4
1372	-0.837736	125.625659	0.007225	6.1
1373	-0.434842	125.574515	0.005027	8.1
1374	-0.727028	125.523427	0.004618	8.2
1375	-0.163798	125.472394	0.004320	6.5
1376	-0.212580	125.421417	0.004565	8.4
1377	-0.562249	125.370495	0.007820	8.3
1378	-0.000000	125.319628	0.000000	8.3
1379	-0.714771	125.268815	0.006568	8.7
1380	-0.000000	125.218058	0.000000	8.2
1381	-0.878618	125.167356	0.005514	6.9
1382	-0.699827	125.116708	0.005264	8.2
1383	-0.000000	125.066115	0.000000	8.4
1384	-0.828922	125.015576	0.007188	8.2
1385	-0.000000	124.965092	0.000000	9.1
1386	-0.002317	124.914662	0.000122	8.3
1387	-0.607891	124.864287	0.006157	8.2
1388	-0.851302	124.813965	0.004300	8.2
1389	-1.097578	124.763698	0.010141	6.0
1390	-0.313229	124.713485	0.003719	8.8
1391	-0.819027	124.663325	0.004044	8.1
1392	-0.839489	124.613219	0.005793	8.0
1393	-0.000000	124.563167	0.000000	8.3
1394	-0.452135	124.513168	0.004247	8.1
1395	-0.000000	124.463223	0.000000	9.5
1396	-0.000764	124.413332	0.000035	9.2
1397	-0.000000	124.363493	0.000000	9.3
1398	-0.000914	124.313708	0.000435	9.2
1399	-0.742832	124.263976	0.007528	7.9
1400	-0.000000	124.214297	0.000000	9.2
1401	-0.910665	124.164671	0.008320	6.7
1402	-0.710585	124.115097	0.007141	8.3
1403	-0.484792	124.065577	0.005154	8.2
1404	-0.000000	124.016109	0.000000	10.4
1405	-0.000000	123.966693	0.000000	8.8
1406	-0.714128	123.917330	0.007718	8.4
1407	-0.314873	123.868020	0.003380	8.2
1408	-0.629927	123.818762	0.009636	8.1
1409	-0.000000	123.769556	0.000000	8.3
1410	-0.000000	123.720402	0.000000	9.2
1411	-0.560506	123.671300	0.006580	8.2
1412	-0.376479	123.622250	0.003064	9.1
1413	-0.356746	123.573252	0.003452	8.2
1414	-0.237039	123.524305	0.004126	8.2
1415	-0.821496	123.475411	0.005912	6.6
1416	-0.359146	123.426568	0.006350	7.3
1417	-0.660323	123.377776	0.004636	8.7
1418	-0.000000	123.329036	0.000000	9.3
1419	-0.000000	123.280347	0.000000	6.1
1420	-0.207777	123.231709	0.003599	9.1
1421	-0.665101	123.183122	0.007268	9.2
1422	-0.551170	123.134587	0.005133	8.2
1423	-0.562163	123.086102	0.007227	8.2
1424	-0.340425	123.037669	0.004095	8.3
1425	-0.748710	122.989286	0.006533	9.0
1426	-0.042448	122.940954	0.002852	8.3
1427	-0.735841	122.892672	0.005462	8.7
1428	-0.486438	122.844441	0.003477	8.2
1429	-0.710105	122.796261	0.004564	8.9
1430	-0.899011	122.748130	0.006920	9.1
1431	-0.794902	122.700050	0.008053	8.1
1432	-0.000000	122.652021	0.000000	9.2
1433	-0.861380	122.604041	0.006355	8.3
1434	-0.786885	122.556111	0.005419	8.2
1435	-0.342204	122.508232	0.005686	9.0
1436	-0.000000	122.460402	0.000000	8.3
1437	-0.025581	122.412622	0.001601	9.1
1438	-0.267732	122.364891	0.003892	8.2
1439	-0.539230	122.317210	0.005958	8.1
1440	-0.366363	122.269579	0.004602	8.2
1441	-0.033498	122.221997	0.001399	8.1
1442	-0.593286	122.174465	0.005815	8.3
1443	-0.342232	122.126981	0.005732	8.3
1444	-0.152417	122.079547	0.004341	5.9
1445	-0.000000	122.032162	0.000000	8.1
1446	-0.842760	121.984826	0.007165	9.0
1447	-0.622472	121.937539	0.006473	8.7
1448	-0.808083	121.890301	0.003833	9.1
1449	-0.000000	121.843112	0.000000	9.0
1450	-0.662672	121.795971	0.005349	11.9
1451	-0.000010	121.748879	0.000012	8.3
1452	-0.859601	121.701835	0.006412	9.3
1453	-0.000000	121.654840	0.000000	8.2
1454	-0.282369	121.607893	0.004969	8.4
1455	-0.040559	121.560994	0.002279	9.1
1456	-0.026313	121.514144	0.001542	8.3
1457	-0.547315	121.467342	0.004556	10.1
1458	-0.865221	121.420588	0.004723	9.0
1459	-0.916289	121.373882	0.005375	8.8
1460	-0.939557	121.327223	0.004837	9.4
1461	-1.023848	121.280613	0.007895	10.5
1462	-0.611014	121.234050	0.006755	8.3
1463	-0.233917	121.187535	0.004522	6.6
1464	-0.204256	121.141067	0.003939	7.5
1465	-0.710041	121.094647	0.007284	5.9
1466	-0.000000	121.048274	0.000000	8.4
1467	-0.830745	121.001949	0.007004	8.3
1468	-0.033273	120.955671	0.001638	8.2
1469	-0.606252	120.909440	0.006794	8.2
1470	-0.258078	120.863256	0.002225	8.2
1471	-0.773651	120.817119	0.007994	8.2
1472	-0.602359	120.771029	0.006339	8.1
1473	-0.755691	120.724986	0.004692	9.1
1474	-0.419340	120.678990	0.003632	6.5
1475	-0.504094	120.633040	0.004452	9.0
1476	-0.000000	120.587137	0.000000	9.1
1477	-0.950439	120.541281	0.008179	8.3
1478	-0.662082	120.495471	0.006615	8.2
1479	-0.422362	120.449707	0.005209	8.2
1480	-0.001816	120.403990	0.000295	8.1
1481	-0.603357	120.358319	0.005739	8.4
1482	-0.743387	120.312694	0.004336	8.2
1483	-0.846197	120.267115	0.005284	8.1
1484	-0.009129	120.221582	0.001140	8.2
1485	-0.592953	120.176096	0.007328	8.2
1486	-0.029263	120.130655	0.000689	9.0
1487	-0.000000	120.085260	0.000001	8.3
1488	-0.126817	120.039910	0.002887	9.0
1489	-1.017939	119.994606	0.010699	6.6
1490	-0.000000	119.949348	0.000000	8.3
1491	-0.182432	119.904135	0.004309	8.2
1492	-0.116025	119.858968	0.001381	8.6
1493	-0.599731	119.813846	0.006104	8.8
1494	-0.843904	119.768769	0.007414	8.6
1495	-0.097032	119.723738	0.002029	8.7
1496	-0.709225	119.678752	0.005274	9.0
1497	-0.030609	119.633810	0.005077	8.5
1498	-0.032111	119.588914	0.001842	7.1
1499	-0.922590	119.544062	0.006940	6.4
1500	-0.073549	119.499256	0.002084	8.4
1501	-1.014412	119.454494	0.005693	9.2
1502	-0.209059	119.409777	0.005357	6.4
1503	-0.947343	119.365104	0.005483	9.0
1504	-0.059643	119.320476	0.001947	9.1
1505	-0.809484	119.275893	0.004828	9.0
1506	-0.249027	119.231353	0.004316	10.8
1507	-0.970445	119.186859	0.005904	11.4
1508	-0.000000	119.142408	0.000000	9.0
1509	-0.148056	119.098002	0.003576	8.9
1510	-0.000000	119.053639	0.000000	8.8
1511	-0.509554	119.009321	0.004665	8.7
1512	-0.002430	118.965047	0.000945	8.9
1513	-0.000001	118.920816	0.000001	9.2
1514	-0.661270	118.876630	0.005268	8.9
1515	-0.000000	118.832487	0.000000	9.0
1516	-0.000000	118.788388	0.000000	10.4
1517	-0.733710	118.744332	0.007564	8.9
1518	-0.003655	118.700320	0.001168	8.4
1519	-0.912311	118.656352	0.007177	8.4
1520	-0.673439	118.612427	0.008895	9.4
1521	-0.398518	118.568545	0.004732	8.9
1522	-0.274681	118.524706	0.006534	6.5
1523	-0.655766	118.480911	0.005415	8.4
1524	-0.304765	118.437159	0.005530	7.7
1525	-0.482887	118.393450	0.003651	8.5
1526	-0.000000	118.349784	0.000000	8.3
1527	-0.536340	118.306160	0.004685	8.3
1528	-0.673627	118.262580	0.006132	8.2
1529	-0.014776	118.219042	0.001850	8.2
1530	-0.000000	118.175548	0.000000	8.2
1531	-0.000000	118.132095	0.000000	8.4
1532	-0.471893	118.088686	0.005824	8.1
1533	-0.000000	118.045319	0.000000	8.2
1534	-0.623712	118.001994	0.005844	8.1
1535	-0.738588	117.958712	0.008003	8.3
1536	-0.521164	117.915472	0.005916	8.1
1537	-0.829695	117.872274	0.005260	8.2
1538	-0.000000	117.829118	0.000000	8.2
1539	-0.287052	117.786005	0.004443	6.9
1540	-0.947367	117.742933	0.005682	8.1
1541	-0.796801	117.699904	0.008347	6.3
1542	-0.912528	117.656916	0.006639	8.1
1543	-0.361006	117.613971	0.004778	9.2
1544	-0.320869	117.571067	0.004755	8.2
1545	-0.691682	117.528205	0.006304	8.3
1546	-0.000000	117.485384	0.000000	8.5
1547	-0.024923	117.442605	0.001753	8.2
1548	-0.529305	117.399867	0.006951	8.1
1549	-0.476663	117.357171	0.003555	8.2
1550	-0.299271	117.314517	0.004094	8.2
1551	-0.000000	117.271903	0.000000	8.2
1552	-0.000003	117.229331	0.000006	8.2
1553	-0.000000	117.186800	0.000000	8.2
1554	-0.698705	117.144311	0.005953	8.1
1555	-0.864108	117.101862	0.004585	8.1
1556	-0.447294	117.059454	0.005328	8.1
1557	-0.524906	117.017087	0.005723	8.1
1558	-0.845340	116.974762	0.005335	8.1
1559	-0.000000	116.932476	0.000000	9.4
1560	-0.000000	116.890232	0.000000	8.4
1561	-0.438966	116.848028	0.007379	8.0
1562	-0.000000	116.805865	0.000000	8.1
1563	-0.618085	116.763743	0.006533	8.4
1564	-0.438727	116.721661	0.004596	8.4
1565	-0.889532	116.679619	0.010158	6.3
1566	-0.201173	116.637618	0.003923	6.9
1567	-0.889828	116.595657	0.005444	8.1
1568	-0.664701	116.553736	0.003749	8.2
1569	-0.872941	116.511855	0.007463	7.8
1570	-0.426887	116.470015	0.003320	8.1
1571	-0.000000	116.428214	0.000000	8.2
1572	-0.494289	116.386454	0.005917	8.2
1573	-0.000864	116.344733	0.000480	8.3
1574	-0.792668	116.303052	0.005103	9.0
1575	-0.000000	116.261412	0.000000	8.2
1576	-0.642490	116.219810	0.005417	8.3
1577	-0.258274	116.178249	0.005227	8.9
1578	-0.000000	116.136727	0.000000	8.2
1579	-0.000000	116.095245	0.000000	8.2
1580	-0.818223	116.053802	0.003643	8.1
1581	-0.442296	116.012398	0.004441	7.1
1582	-0.000000	115.971034	0.000000	8.2
1583	-0.523056	115.929710	0.006644	8.2
1584	-1.042426	115.888424	0.006408	7.3
1585	-0.122624	115.847178	0.002542	8.2
1586	-0.821135	115.805970	0.009006	8.1
1587	-0.211387	115.764802	0.005881	6.5
1588	-0.552515	115.723673	0.005635	9.0
1589	-0.839253	115.682583	0.004767	8.6
1590	-0.000000	115.641532	0.000000	8.3
1591	-1.004626	115.600519	0.007144	8.2
1592	-0.034714	115.559546	0.001799	9.1
1593	-0.671981	115.518610	0.004620	8.2
1594	-0.850853	115.477714	0.009708	8.3
1595	-0.289901	115.436856	0.004254	8.0
1596	-0.903351	115.396037	0.007837	8.2
1597	-0.015600	115.355256	0.000863	8.2
1598	-0.000000	115.314514	0.000000	8.1
1599	-0.207197	115.273810	0.002753	8.3
1600	-0.000000	115.233144	0.000000	9.0
1601	-0.814776	115.192517	0.004038	8.2
1602	-0.001399	115.151927	0.000077	8.3
1603	-0.000000	115.111376	0.000000	8.2
1604	-0.403241	115.070863	0.006098	6.3
1605	-0.000000	115.030388	0.000000	8.1
1606	-0.483094	114.989951	0.006032	8.2
1607	-0.524604	114.949551	0.005274	8.4
1608	-0.902339	114.909190	0.007193	8.3
1609	-0.545575	114.868866	0.004783	9.4
1610	-0.903936	114.828580	0.006273	9.1
1611	-0.555050	114.788332	0.005448	8.1
1612	-0.814566	114.748121	0.005112	9.1
1613	-0.000000	114.707948	0.000000	8.0
1614	-0.618160	114.667812	0.005814	8.2
1615	-0.840374	114.627714	0.006897	7.7
1616	-0.516224	114.587653	0.006276	9.0
1617	-0.316224	114.547629	0.004749	8.2
1618	-0.802286	114.507643	0.005811	8.2
1619	-0.699355	114.467693	0.004892	9.1
1620	-0.879455	114.427781	0.006217	8.3
1621	-0.314056	114.387907	0.003872	8.1
1622	-0.735964	114.348069	0.008766	7.4
1623	-0.941027	114.308268	0.008544	8.2
1624	-0.435294	114.268504	0.006897	8.2
1625	-0.710339	114.228777	0.006519	8.1
1626	-0.907946	114.189086	0.007769	8.1
1627	-0.554011	114.149433	0.005134	9.2
1628	-0.549558	114.109816	0.006375	8.2
1629	-0.092340	114.070235	0.004645	8.2
1630	-0.395686	114.030692	0.005039	8.2
1631	-0.523697	113.991185	0.006015	8.3
1632	-0.749718	113.951714	0.005054	8.3
1633	-0.160455	113.912280	0.005125	8.8
1634	-0.692868	113.872882	0.004463	8.2
1635	-0.000000	113.833521	0.000000	9.4
1636	-0.745498	113.794195	0.005969	8.1
1637	-0.926325	113.754906	0.006479	8.9
1638	-0.602604	113.715653	0.006391	8.2
1639	-0.000000	113.676437	0.000000	8.3
1640	-0.007815	113.637256	0.000173	8.9
1641	-0.593925	113.598111	0.005604	6.9
1642	-0.833361	113.559002	0.007271	7.8
1643	-0.725305	113.519929	0.008930	8.1
1644	-0.000000	113.480892	0.000000	8.4
1645	-0.944579	113.441891	0.005683	7.0
1646	-0.710296	113.402925	0.004185	8.7
1647	-0.004657	113.363995	0.000984	8.5
1648	-0.000000	113.325101	0.000000	9.3
1649	-0.154490	113.286242	0.007082	9.0
1650	-0.000000	113.247419	0.000000	9.3
1651	-0.000000	113.208631	0.000000	8.8
1652	-0.350324	113.169879	0.003538	8.8
1653	-0.000000	113.131162	0.000000	8.9
1654	-0.010070	113.092480	0.000600	8.9
1655	-0.422438	113.053833	0.005987	9.3
1656	-0.308245	113.015222	0.005316	8.8
1657	-0.001907	112.976646	0.000320	9.3
1658	-0.629318	112.938105	0.003679	8.8
1659	-0.004625	112.899599	0.000516	9.0
1660	-0.515017	112.861128	0.004978	8.9
1661	-1.017997	112.822692	0.009337	8.6
1662	-0.705305	112.784291	0.007748	7.1
1663	-0.000000	112.745924	0.000000	8.9
1664	-0.843676	112.707593	0.008285	9.1
1665	-0.410065	112.669296	0.003734	8.7
1666	-0.645010	112.631034	0.007179	9.1
1667	-0.934726	112.592806	0.006606	9.4
1668	-0.000000	112.554613	0.000000	9.0
1669	-0.000000	112.516455	0.000000	9.1
1670	-0.302378	112.478331	0.002298	8.9
1671	-0.928788	112.440241	0.005709	9.2
1672	-0.505676	112.402186	0.004844	9.5
1673	-0.099852	112.364165	0.002382	9.3
1674	-0.913235	112.326179	0.008323	6.9
1675	-0.836936	112.288227	0.006991	6.5
1676	-0.455076	112.250309	0.005234	8.5
1677	-0.251782	112.212425	0.005442	9.2
1678	-0.446457	112.174575	0.003212	8.4
1679	-0.187335	112.136759	0.003714	9.1
1680	-0.000000	112.098977	0.000000	9.2
1681	-0.728412	112.061229	0.004320	8.7
1682	-0.000000	112.023515	0.000000	8.1
1683	-0.927319	111.985834	0.005920	8.3
1684	-0.727882	111.948188	0.007224	8.2
1685	-0.026269	111.910575	0.000224	9.1
1686	-0.635490	111.872996	0.005132	8.2
1687	-0.784780	111.835450	0.005765	8.8
1688	-0.314882	111.797939	0.003525	8.3
1689	-0.872836	111.760460	0.005320	7.7
1690	-0.645804	111.723015	0.007039	8.2
1691	-0.177709	111.685604	0.002485	8.2
1692	-0.790845	111.648226	0.005297	8.2
1693	-0.262214	111.610881	0.004129	8.7
1694	-0.560269	111.573570	0.006302	8.7
1695	-0.820218	111.536292	0.008525	8.9
1696	-0.705081	111.499047	0.005029	8.7
1697	0.000000	111.461835	0.000000	7.0
1698	-0.000000	111.424656	0.000000	8.7
1699	-0.003994	111.387510	0.000952	8.6
1700	-0.347732	111.350398	0.005155	8.4
1701	-0.196896	111.313318	0.002466	8.6
1702	-0.005646	111.276271	0.000411	8.6
1703	-0.832608	111.239257	0.006969	7.9
1704	-0.732974	111.202276	0.006455	8.7
1705	-0.690798	111.165328	0.004520	8.7
1706	-0.773234	111.128412	0.006407	8.2
1707	-0.822768	111.091529	0.003121	9.0
1708	-0.000000	111.054679	0.000000	8.7
1709	-0.936416	111.017861	0.007772	7.9
1710	-0.811020	110.981076	0.006403	8.9
1711	-0.906888	110.944323	0.006007	8.3
1712	-0.814684	110.907603	0.005641	8.6
1713	-0.442652	110.870915	0.003358	8.6
1714	-0.000000	110.834259	0.000000	8.6
1715	-0.334925	110.797636	0.005042	9.7
1716	-0.697648	110.761045	0.005613	8.7
1717	-0.000000	110.724486	0.000000	8.2
1718	-0.909648	110.687959	0.006665	9.7
1719	-0.679492	110.651465	0.007094	8.6
1720	-0.000000	110.615002	0.000000	8.5
1721	-0.504311	110.578572	0.005805	8.5
1722	-0.604174	110.542173	0.003967	9.6
1723	-0.450108	110.505807	0.005161	8.5
1724	-0.480262	110.469472	0.008818	7.3
1725	-0.000000	110.433169	0.000000	8.9
1726	-0.701898	110.396898	0.008687	8.5
1727	-0.829309	110.360659	0.005139	7.8
1728	-0.288334	110.324451	0.003018	8.9
1729	-0.115066	110.288276	0.005216	6.9
1730	-0.901082	110.252131	0.007156	8.0
1731	-0.031419	110.216019	0.001316	9.7
1732	-0.886901	110.179937	0.006814	8.6
1733	-0.671161	110.143888	0.006559	8.4
1734	-0.000000	110.107869	0.000000	8.6
1735	-0.000000	110.071882	0.000000	9.4
1736	-0.376992	110.035927	0.005539	8.9
1737	-0.714044	110.000003	0.006123	8.4
1738	-0.000000	109.964110	0.000000	8.3
1739	-0.619013	109.928248	0.006073	9.1
1740	-0.000000	109.892417	0.000000	8.2
1741	-0.000000	109.856618	0.000000	9.4
1742	-0.554342	109.820850	0.002840	8.9
1743	-0.214198	109.785112	0.005342	8.1
1744	-0.022902	109.749406	0.001454	9.5
1745	-0.097004	109.713730	0.002748	9.0
1746	-0.003113	109.678086	0.000404	8.6
1747	-0.248763	109.642472	0.002730	8.9
1748	-0.066535	109.606890	0.001171	8.2
1749	-0.154935	109.571337	0.005010	7.1
1750	-0.539082	109.535816	0.006875	6.8
1751	-0.362677	109.500326	0.005292	8.4
1752	-0.549725	109.464866	0.008068	8.5
1753	-0.890086	109.429436	0.007797	9.0
1754	-0.720625	109.394038	0.006477	8.8
1755	-0.000000	109.358669	0.000000	9.2
1756	-0.000000	109.323331	0.000000	10.1
1757	-0.000000	109.288024	0.000000	7.8
1758	-0.214303	109.252747	0.003656	10.0
1759	-0.984075	109.217501	0.006484	9.2
1760	-0.062542	109.182284	0.000247	8.9
1761	-0.008600	109.147098	0.001578	8.8
1762	-0.579162	109.111942	0.008179	7.0
1763	-0.001254	109.076817	0.000456	8.9
1764	-0.669330	109.041721	0.004480	8.9
1765	-0.135759	109.006656	0.002007	9.0
1766	-0.655490	108.971620	0.005184	8.9
1767	-0.443991	108.936615	0.005153	9.1
1768	-0.303905	108.901640	0.004359	8.8
1769	-0.198968	108.866694	0.003395	8.9
1770	-0.037529	108.831779	0.002322	9.0
1771	-0.669713	108.796893	0.003477	8.8
1772	-0.314686	108.762037	0.004058	8.7
1773	-0.534845	108.727211	0.005710	8.8
1774	-0.364169	108.692415	0.003352	8.7
1775	-0.641723	108.657648	0.005871	8.6
1776	-0.788039	108.622911	0.005121	8.3
1777	-0.000000	108.588203	0.000000	9.0
1778	-0.595387	108.553525	0.005535	8.1
1779	-0.749928	108.518877	0.005577	8.4
1780	-0.097892	108.484258	0.004019	9.2
1781	-0.042939	108.449668	0.000758	9.5
1782	-0.811742	108.415108	0.005927	8.6
1783	-0.000000	108.380578	0.000000	8.7
1784	0.000000	108.346076	0.000000	6.9
1785	-0.000000	108.311604	0.000000	8.7
1786	-0.077833	108.277161	0.002090	8.4
1787	-0.000000	108.242747	0.000000	6.4
1788	-0.800649	108.208363	0.003949	8.6
1789	-0.846335	108.174007	0.007610	8.7
1790	-0.018773	108.139681	0.000945	8.6
1791	-0.000000	108.105383	0.000000	8.7
1792	-1.138470	108.071115	0.008154	6.8
1793	-0.771669	108.036875	0.006459	10.3
1794	-0.164343	108.002665	0.005461	7.6
1795	-0.837912	107.968483	0.004928	9.2
1796	-0.913382	107.934330	0.008882	9.2
1797	-0.563139	107.900206	0.004263	9.3
1798	-0.000000	107.866111	0.000000	8.9
1799	-0.438920	107.832044	0.004872	8.3
1800	-0.724965	107.798007	0.005730	8.8
1801	-0.875717	107.763997	0.004434	8.9
1802	-0.890954	107.730017	0.010089	9.7
1803	-0.000000	107.696065	0.000000	9.3
1804	-0.882529	107.662141	0.005318	8.8
1805	-0.669807	107.628246	0.006174	8.8
1806	-0.852862	107.594379	0.005404	9.0
1807	-0.698739	107.560541	0.006244	9.0
1808	-1.061168	107.526731	0.006473	9.2
1809	-0.000000	107.492949	0.000000	9.8
1810	-0.000212	107.459196	0.000229	9.5
1811	-0.756512	107.425471	0.006732	7.5
1812	-0.664734	107.391774	0.005935	9.0
1813	-0.518464	107.358106	0.005595	8.7
1814	-0.661435	107.324465	0.005727	9.4
1815	-0.701256	107.290853	0.006177	8.5
1816	-0.200389	107.257268	0.003832	8.4
1817	-0.436497	107.223712	0.003680	9.4
1818	-0.459657	107.190184	0.006795	8.1
1819	-0.739852	107.156683	0.006396	8.3
1820	-0.043750	107.123211	0.002434	8.9
1821	-0.000000	107.089766	0.000000	9.2
1822	-0.685790	107.056349	0.005764	7.0
1823	-0.000000	107.022960	0.000000	8.3
1824	-0.000000	106.989599	0.000000	8.2
1825	-0.382493	106.956265	0.003488	8.2
1826	-0.784042	106.922960	0.003925	8.2
1827	-0.274940	106.889681	0.004839	9.1
1828	-0.705744	106.856431	0.007084	9.0
1829	-0.638886	106.823208	0.006752	9.2
1830	-0.801605	106.790012	0.005101	9.0
1831	-0.522337	106.756844	0.005068	8.2
1832	-0.407392	106.723703	0.003104	8.2
1833	-0.762826	106.690590	0.006535	8.1
1834	-0.172002	106.657505	0.004757	8.1
1835	-0.190179	106.624446	0.002719	8.2
1836	-0.591637	106.591415	0.007019	8.2
1837	-0.525364	106.558411	0.004183	8.3
1838	-0.807284	106.525435	0.009822	7.1
1839	-0.459820	106.492485	0.004270	9.0
1840	-0.558635	106.459563	0.005545	8.1
1841	-0.796150	106.426668	0.005915	8.2
1842	-0.855692	106.393800	0.006488	8.7
1843	-0.456126	106.360959	0.004366	8.2
1844	-0.738525	106.328145	0.005739	8.3
1845	-0.765624	106.295358	0.006632	8.4
1846	-0.809213	106.262598	0.006949	8.1
1847	-0.535488	106.229865	0.006997	8.3
1848	-0.000000	106.197158	0.000000	8.3
1849	-0.991547	106.164479	0.005242	9.0
1850	-0.047853	106.131826	0.002168	8.3
1851	-0.000000	106.099201	0.000000	8.3
1852	-0.000000	106.066602	0.000000	7.8
1853	-0.000000	106.034029	0.000000	8.1
1854	-1.053110	106.001483	0.005546	8.2
1855	-0.691967	105.968964	0.009065	8.1
1856	-0.420638	105.936472	0.006351	7.4
1857	-0.000000	105.904006	0.000000	8.2
1858	-0.000000	105.871566	0.000000	8.2
1859	-0.515780	105.839153	0.006374	8.1
1860	-0.000000	105.806767	0.000000	13.7
1861	-0.410868	105.774407	0.004256	9.3
1862	-0.060709	105.742073	0.001955	16.2
1863	-0.000000	105.709766	0.000000	12.7
1864	-0.345969	105.677485	0.004828	14.2
1865	-0.945332	105.645230	0.006674	8.9
1866	-0.553624	105.613001	0.008294	8.8
1867	-0.784610	105.580799	0.004651	12.6
1868	-0.764546	105.548623	0.006749	8.9
1869	-0.826996	105.516473	0.007480	12.8
1870	-0.520587	105.484349	0.006614	12.7
1871	-0.456022	105.452251	0.005460	9.5
1872	-1.035679	105.420179	0.007041	10.3
1873	-0.998416	105.388133	0.005753	14.7
1874	-0.000000	105.356113	0.000000	13.9
1875	-0.069024	105.324119	0.002942	8.0
1876	-0.850234	105.292151	0.008209	13.4
1877	-0.455622	105.260209	0.007097	14.6
1878	-0.399901	105.228293	0.006368	15.3
1879	-0.000000	105.196402	0.000000	15.2
1880	-0.817948	105.164537	0.005034	10.2
1881	-0.147983	105.132698	0.003482	16.8
1882	-0.763806	105.100885	0.007971	15.9
1883	-0.879812	105.069097	0.004060	10.0
1884	-0.000000	105.037335	0.000000	11.1
1885	-0.702937	105.005598	0.007790	9.1
1886	-0.720058	104.973887	0.004129	9.8
1887	-0.252081	104.942202	0.005210	8.8
1888	-0.000366	104.910542	0.000258	6.0
1889	-0.490194	104.878907	0.005477	7.0
1890	-0.356055	104.847298	0.003376	9.3
1891	-0.005791	104.815715	0.000736	10.2
1892	-0.794971	104.784156	0.005079	9.0
1893	-0.571922	104.752623	0.005112	9.6
1894	-0.533477	104.721116	0.006897	8.8
1895	-0.000000	104.689633	0.000000	10.3
1896	-0.777191	104.658176	0.005078	9.4
1897	-0.520528	104.626744	0.004755	8.4
1898	-0.180843	104.595337	0.001269	9.4
1899	-0.887124	104.563955	0.005985	8.8
1900	-0.454067	104.532599	0.005537	9.4
1901	-0.000000	104.501267	0.000000	8.6
1902	-0.514873	104.469960	0.006943	9.6
1903	-0.684012	104.438679	0.006655	9.1
1904	-0.844957	104.407422	0.005342	9.7
1905	-0.727295	104.376191	0.006190	8.5
1906	-0.285427	104.344984	0.005500	7.4
1907	-0.721123	104.313802	0.008138	7.8
1908	-0.770919	104.282645	0.006651	7.6
1909	-0.776391	104.251513	0.004684	8.3
1910	-0.000000	104.220405	0.000000	8.4
1911	-0.000231	104.189323	0.000036	8.2
1912	-0.701260	104.158265	0.010317	9.1
1913	-0.000000	104.127231	0.000000	8.2
1914	-0.049528	104.096222	0.001394	9.0
1915	-0.701665	104.065238	0.004246	9.1
1916	-0.227097	104.034279	0.004158	8.8
1917	-0.019592	104.003344	0.001844	9.1
1918	-0.000000	103.972433	0.000000	9.3
1919	-0.878798	103.941547	0.005840	8.6
1920	-0.814396	103.910686	0.005454	8.6
1921	-0.334091	103.879849	0.002893	8.5
1922	-0.153601	103.849036	0.003387	9.0
1923	-0.566798	103.818248	0.004767	9.0
1924	-0.400920	103.787484	0.003294	8.9
1925	-0.000000	103.756744	0.000000	9.0
1926	-0.075506	103.726029	0.001957	9.0
1927	-0.797877	103.695338	0.004796	9.1
1928	-0.000000	103.664671	0.000000	9.5
1929	-0.260331	103.634028	0.004967	9.1
1930	-0.000000	103.603409	0.000000	9.1
1931	-0.733048	103.572814	0.008486	9.6
1932	-0.737669	103.542244	0.005072	9.3
1933	-0.561897	103.511698	0.005338	9.0
1934	-0.897855	103.481175	0.004599	9.0
1935	-0.969804	103.450677	0.005812	9.1
1936	-0.479558	103.420202	0.004653	8.9
1937	-0.000000	103.389752	0.000000	8.9
1938	-0.000000	103.359325	0.000000	9.3
1939	-0.736252	103.328922	0.007753	9.9
1940	-0.000000	103.298543	0.000000	9.3
1941	-0.892544	103.268188	0.009062	11.0
1942	-0.772927	103.237857	0.008152	10.7
1943	-0.882746	103.207549	0.005819	8.6
1944	-0.000000	103.177265	0.000000	8.0
1945	-0.581203	103.147005	0.002757	8.7
1946	-0.000000	103.116768	0.000000	9.1
1947	-0.000000	103.086556	0.000000	9.3
1948	-0.121439	103.056366	0.002229	9.0
1949	-0.532722	103.026200	0.007070	8.0
1950	-0.569340	102.996058	0.003790	8.7
1951	-0.196639	102.965939	0.004189	7.5
1952	-0.699853	102.935844	0.006622	9.1
1953	-0.862904	102.905772	0.004897	8.8
1954	-0.708670	102.875724	0.005723	8.9
1955	-0.866204	102.845699	0.005942	8.7
1956	-0.000003	102.815697	0.000003	9.4
1957	-0.826783	102.785719	0.006573	9.7
1958	-0.000000	102.755764	0.000000	9.7
1959	-0.313318	102.725832	0.003615	8.7
1960	-0.875078	102.695924	0.007931	8.9
1961	-0.000000	102.666038	0.000000	8.9
1962	-0.766025	102.636176	0.005721	9.0
1963	-0.862732	102.606337	0.004198	9.2
1964	-0.683425	102.576521	0.005205	8.9
1965	-0.000000	102.546728	0.000000	9.0
1966	-0.798062	102.516959	0.003866	9.0
1967	-0.088524	102.487212	0.002551	16.1
1968	-0.000000	102.457488	0.000000	14.3
1969	-0.000000	102.427788	0.000000	13.6
1970	-0.000000	102.398110	0.000000	13.9
1971	-0.694740	102.368455	0.007213	13.1
1972	-0.780802	102.338823	0.007897	13.6
1973	-0.587958	102.309214	0.006889	11.3
1974	-0.799938	102.279628	0.006642	10.7
1975	-0.142262	102.250064	0.002326	8.6
1976	-0.491522	102.220524	0.006344	9.2
1977	-0.191084	102.191006	0.003084	8.8
1978	-0.434617	102.161511	0.003076	8.8
1979	-0.122856	102.132038	0.002935	8.4
1980	-0.757224	102.102588	0.010215	9.1
1981	-0.933900	102.073161	0.004803	8.9
1982	-0.959813	102.043757	0.009016	8.9
1983	-0.861846	102.014375	0.007871	8.1
1984	-0.000000	101.985015	0.000000	9.0
1985	-0.000000	101.955678	0.000000	8.7
1986	-0.065741	101.926364	0.001710	9.0
1987	-0.000000	101.897072	0.000000	11.8
1988	-0.587392	101.867802	0.005854	8.2
1989	-0.266824	101.838555	0.002971	7.5
1990	-0.284680	101.809330	0.002992	9.0
1991	-0.585118	101.780128	0.005848	9.0
1992	-0.933234	101.750948	0.009687	7.0
1993	-0.973172	101.721790	0.006522	8.6
1994	-0.766667	101.692654	0.003549	8.9
1995	-0.170084	101.663541	0.005968	7.6
1996	-0.047698	101.634450	0.002306	8.5
1997	-0.315029	101.605381	0.003715	8.3
1998	-0.025678	101.576335	0.002030	8.3
1999	-0.323395	101.547310	0.003623	8.4
