1:ItNr	2:Metric	3:StepSize	4:||Gradient||	Time[ms]
0	-0.068186	627.201626	0.001755	1258.2
1	-1.306542	623.504937	0.005959	7.4
2	-0.000006	619.865785	0.000001	8.0
3	-0.814058	616.282728	0.005809	7.5
4	-1.145492	612.754375	0.015027	10.0
5	-1.488885	609.279381	0.008205	7.5
6	-0.397723	605.856447	0.015242	9.3
7	-0.021295	602.484317	0.001663	7.5
8	-1.343402	599.161779	0.010521	7.6
9	-0.075040	595.887656	0.003458	12.4
10	-1.180871	592.660813	0.013017	7.6
11	-1.119911	589.480151	0.005030	7.4
12	-1.493190	586.344606	0.016900	7.4
13	-1.476470	583.253145	0.016831	8.5
14	-0.566918	580.204771	0.003772	10.9
15	-0.814944	577.198517	0.017800	9.3
16	-1.600059	574.233444	0.009451	7.9
17	-0.096444	571.308645	0.002372	8.6
18	-0.441779	568.423237	0.012599	7.5
19	-0.601047	565.576365	0.010800	11.7
20	-1.098221	562.767201	0.008954	7.7
21	-0.708831	559.994938	0.014919	9.4
22	-0.963814	557.258797	0.009415	7.4
23	-0.000000	554.558018	0.000000	7.9
24	-0.000069	551.891865	0.000013	12.4
25	-1.076249	549.259621	0.012676	7.5
26	-0.305286	546.660592	0.009319	7.5
27	-0.745641	544.094102	0.003547	7.5
28	-0.000000	541.559494	0.000000	10.6
29	-0.005950	539.056129	0.001089	7.9
30	-1.497379	536.583387	0.013837	9.1
31	-1.596988	534.140663	0.011838	7.5
32	-0.825464	531.727370	0.021864	8.2
33	-0.497012	529.342935	0.004533	11.0
34	-0.000000	526.986802	0.000000	9.0
35	-0.756696	524.658430	0.007775	7.6
36	-0.022248	522.357290	0.000770	9.2
37	-1.192076	520.082868	0.013173	7.8
38	-0.533805	517.834665	0.015178	11.7
39	-1.311471	515.612193	0.012929	9.0
40	-1.365126	513.414976	0.022993	7.5
41	-1.238872	511.242551	0.014298	7.5
42	-0.816177	509.094468	0.006833	8.4
43	-1.326948	506.970285	0.011822	12.0
44	-1.199560	504.869574	0.014805	7.6
45	-0.000000	502.791916	0.000000	8.3
46	-0.096094	500.736903	0.001646	7.6
47	-0.686118	498.704137	0.009399	10.8
48	-0.000000	496.693228	0.000000	9.9
49	-1.442536	494.703798	0.014253	7.5
50	-0.738745	492.735476	0.009050	8.4
51	-0.000000	490.787900	0.000000	7.5
52	-1.158920	488.860718	0.014372	10.9
53	-0.802821	486.953585	0.010816	7.5
54	-1.106467	485.066164	0.011083	9.1
55	-0.019080	483.198126	0.001601	8.4
56	-1.730313	481.349149	0.007654	7.7
57	-1.343833	479.518920	0.013278	11.8
58	-0.170895	477.707132	0.001963	9.7
59	-0.802873	475.913485	0.004815	8.3
60	-0.016397	474.137684	0.001892	7.6
61	-1.001935	472.379445	0.016738	7.8
62	-0.144922	470.638485	0.004059	12.4
63	-1.553338	468.914531	0.012896	9.8
64	-1.057179	467.207315	0.005608	7.6
65	-0.000000	465.516573	0.000000	8.3
66	-1.537279	463.842050	0.017663	9.0
67	-0.744941	462.183494	0.014165	9.7
68	-0.769650	460.540658	0.004698	7.6
69	-1.209455	458.913303	0.011792	8.7
70	-0.675689	457.301192	0.005545	8.5
71	-0.763481	455.704096	0.013703	10.2
72	-1.155921	454.121787	0.015319	9.1
73	-1.022886	452.554045	0.015662	8.3
74	-0.261459	451.000653	0.005160	7.8
75	-1.203653	449.461399	0.017598	8.3
76	-1.084116	447.936075	0.011174	13.2
77	-0.419799	446.424477	0.008940	7.6
78	-0.375498	444.926406	0.007572	8.9
79	-0.458169	443.441666	0.007597	7.6
80	-0.000000	441.970065	0.000000	9.9
81	-0.000000	440.511415	0.000000	12.0
82	-1.648175	439.065533	0.017266	7.8
83	-1.016000	437.632238	0.013309	8.4
84	-1.164716	436.211351	0.013550	8.5
85	-0.000000	434.802701	0.000000	10.7
86	-0.873779	433.406117	0.018868	7.5
87	-0.887032	432.021430	0.015194	8.9
88	-1.018400	430.648479	0.010056	8.5
89	-0.000011	429.287101	0.000002	8.4
90	-0.406148	427.937140	0.009334	13.2
91	-0.083096	426.598440	0.004157	7.5
92	-1.519593	425.270849	0.022665	9.3
93	-0.031967	423.954220	0.001615	7.6
94	-0.520285	422.648404	0.006148	10.0
95	-1.040866	421.353259	0.011208	11.0
96	-0.494203	420.068643	0.005956	8.8
97	-0.355959	418.794419	0.008388	8.2
98	-1.304928	417.530451	0.016415	8.4
99	-0.459254	416.276604	0.007776	11.5
100	-0.940615	415.032748	0.008150	7.7
101	-1.045637	413.798754	0.009534	9.2
102	-0.936211	412.574495	0.020645	7.5
103	-1.253200	411.359849	0.004757	7.5
104	-0.005859	410.154691	0.000086	11.4
105	-1.099125	408.958904	0.017075	8.6
106	-1.205849	407.772368	0.014630	8.8
107	-1.231568	406.594968	0.021591	7.5
108	-1.483248	405.426590	0.011702	7.6
109	-1.176689	404.267122	0.013390	12.4
110	-1.297793	403.116456	0.011947	9.4
111	-1.419683	401.974481	0.006146	7.6
112	-0.182587	400.841093	0.006087	8.5
113	-0.247333	399.716187	0.004996	7.5
114	-1.142445	398.599660	0.010501	11.0
115	-0.675814	397.491411	0.006587	7.5
116	0.000000	396.391342	0.000000	8.6
117	-0.855562	395.299353	0.019269	7.7
118	-0.621169	394.215350	0.008376	7.6
119	-0.111686	393.139238	0.003115	11.4
120	-0.239953	392.070924	0.002657	7.6
121	-0.347289	391.010316	0.005208	7.7
122	-1.383153	389.957325	0.012187	9.1
123	-0.857988	388.911862	0.005355	8.3
124	-0.004111	387.873839	0.000388	11.4
125	-1.502889	386.843173	0.015233	8.7
126	-1.200539	385.819777	0.017059	7.9
127	-0.000000	384.803569	0.000000	7.8
128	-0.516029	383.794468	0.007406	9.6
129	-0.000007	382.792393	0.000002	10.7
130	-0.446534	381.797264	0.008827	8.2
131	-0.317803	380.809005	0.002698	8.3
132	-0.000000	379.827537	0.000000	7.1
133	-0.949467	378.852786	0.007611	10.1
134	-0.329965	377.884678	0.004928	10.1
135	-0.641973	376.923138	0.008807	7.0
136	-1.173768	375.968095	0.009285	8.7
137	-0.391009	375.019479	0.001941	7.5
138	-0.850176	374.077218	0.011613	11.9
139	-1.155840	373.141244	0.013574	7.4
140	-0.393933	372.211489	0.006527	9.1
141	-1.160111	371.287887	0.011907	7.5
142	-0.832022	370.370370	0.006703	8.8
143	-0.901773	369.458876	0.021201	14.1
144	-1.523216	368.553338	0.014735	7.4
145	-0.001419	367.653696	0.000191	9.1
146	-1.357413	366.759885	0.012961	7.4
147	-0.002160	365.871846	0.000333	10.2
148	-0.017720	364.989518	0.001147	9.1
149	-1.208499	364.112841	0.010078	9.7
150	-1.544561	363.241757	0.016857	7.5
151	-0.722919	362.376208	0.006680	7.5
152	-1.212948	361.516137	0.010213	10.7
153	-0.000000	360.661488	0.000000	8.1
154	-0.841447	359.812206	0.015150	8.6
155	-0.013554	358.968236	0.000485	8.3
156	-0.898344	358.129524	0.022440	8.7
157	-0.750855	357.296018	0.009434	12.0
158	-0.000000	356.467665	0.000000	9.2
159	-1.485069	355.644414	0.018981	7.5
160	-1.377771	354.826213	0.011006	8.9
161	-1.554171	354.013012	0.007984	10.6
162	-0.438603	353.204763	0.012251	8.8
163	-0.133003	352.401415	0.003949	9.7
164	-0.965109	351.602922	0.014906	7.4
165	-0.126277	350.809235	0.003516	7.4
166	-1.373625	350.020308	0.007397	10.5
167	-0.733764	349.236095	0.010572	9.1
168	-0.000000	348.456550	0.000000	7.4
169	-0.187855	347.681627	0.005260	7.4
170	-1.408127	346.911283	0.004843	7.5
171	-0.000000	346.145474	0.000000	10.8
172	-1.390884	345.384157	0.010763	7.4
173	-0.541259	344.627288	0.012124	9.4
174	-0.981408	343.874826	0.018442	8.6
175	-1.162145	343.126729	0.017968	8.5
176	-0.000002	342.382957	0.000000	12.4
177	-0.521804	341.643469	0.013207	7.6
178	-1.500227	340.908224	0.011730	9.3
179	-0.447198	340.177184	0.007003	7.5
180	-1.195153	339.450309	0.013920	8.1
181	-1.605914	338.727561	0.014026	11.0
182	-0.877506	338.008902	0.014164	8.8
183	-0.004888	337.294295	0.000590	7.5
184	-0.787089	336.583703	0.016271	7.4
185	-0.299502	335.877089	0.003422	8.9
186	-0.275735	335.174416	0.003553	12.0
187	-1.495576	334.475651	0.008022	9.0
188	-0.000000	333.780756	0.000000	7.4
189	-1.234913	333.089698	0.010417	8.2
190	-1.372669	332.402443	0.011387	11.0
191	-0.816733	331.718955	0.003260	9.1
192	-0.000004	331.039203	0.000001	7.7
193	-0.521524	330.363153	0.022292	8.1
194	-1.293594	329.690771	0.008399	7.4
195	-0.750825	329.022027	0.008062	11.0
196	-0.059009	328.356888	0.002062	7.4
197	-0.008813	327.695322	0.000651	9.4
198	-0.042097	327.037299	0.001950	7.6
199	-1.029744	326.382787	0.008535	7.5
200	-0.907955	325.731758	0.005582	12.2
201	-0.448372	325.084179	0.005246	7.5
202	-1.086318	324.440023	0.025852	8.7
203	-0.122084	323.799258	0.001814	8.3
204	-0.775139	323.161858	0.017323	8.7
205	-1.446476	322.527792	0.011311	11.7
206	-0.002286	321.897034	0.000369	8.9
207	-0.000000	321.269554	0.000000	8.2
208	-0.000563	320.645325	0.000095	8.5
209	-0.927180	320.024320	0.006338	7.4
210	-0.235489	319.406512	0.002637	11.8
211	-1.385529	318.791875	0.008890	8.7
212	-1.242238	318.180381	0.010437	8.5
213	-0.732147	317.572005	0.003652	7.6
214	-0.182201	316.966721	0.004843	7.5
215	-1.344489	316.364504	0.015908	11.5
216	-0.340309	315.765329	0.005929	7.6
217	-0.000000	315.169170	0.000000	10.0
218	-0.000000	314.576003	0.000000	7.6
219	-1.412095	313.985804	0.017251	8.4
220	-1.386324	313.398548	0.011791	13.9
221	-1.422927	312.814213	0.008328	8.5
222	-0.009976	312.232773	0.000578	8.2
223	-0.000128	311.654207	0.000027	7.4
224	-1.385657	311.078491	0.014237	9.3
225	-0.001915	310.505602	0.000321	9.6
226	-0.000004	309.935518	0.000001	9.1
227	-1.458257	309.368217	0.010935	7.5
228	-0.859742	308.803676	0.013598	7.8
229	-1.522988	308.241874	0.013573	10.0
230	-0.698478	307.682789	0.006916	9.8
231	-1.618003	307.126400	0.010017	7.8
232	-0.307032	306.572687	0.003208	7.7
233	-1.313994	306.021627	0.011243	7.6
234	-0.632044	305.473201	0.007492	12.7
235	-0.525344	304.927388	0.005138	9.6
236	-0.351360	304.384168	0.014251	8.3
237	-0.000000	303.843521	0.000000	7.9
238	-0.000000	303.305427	0.000000	7.5
239	-0.184154	302.769867	0.003307	11.7
240	-1.461141	302.236821	0.007975	7.9
241	-0.009205	301.706270	0.000941	10.2
242	-1.287463	301.178196	0.009561	8.7
243	-0.849260	300.652580	0.003062	10.8
244	-1.285939	300.129402	0.008872	9.7
245	-0.519321	299.608645	0.006223	8.3
246	-0.602626	299.090291	0.010057	7.5
247	-1.455150	298.574321	0.012709	7.5
248	-1.210763	298.060718	0.018065	12.3
249	-0.765599	297.549465	0.009767	7.6
250	-0.056477	297.040543	0.005574	9.0
251	-0.293646	296.533936	0.005975	7.2
252	-0.973450	296.029626	0.011549	8.9
253	-0.229267	295.527597	0.008610	11.6
254	-0.798163	295.027832	0.014119	7.7
255	-0.000025	294.530315	0.000005	9.2
256	-1.414504	294.035028	0.008589	7.6
257	-0.206439	293.541956	0.003231	7.6
258	-0.048405	293.051083	0.001920	10.9
259	-0.916164	292.562393	0.006714	9.1
260	-0.000000	292.075870	0.000000	7.5
261	-1.144795	291.591498	0.004965	7.6
262	-1.266954	291.109263	0.017758	7.7
263	-0.981104	290.629149	0.014222	11.6
264	-1.187970	290.151140	0.011780	7.8
265	-1.419746	289.675222	0.007446	9.2
266	-1.327478	289.201380	0.016223	7.7
267	-0.026668	288.729600	0.001679	8.1
268	-0.800324	288.259866	0.011047	12.0
269	-0.656542	287.792165	0.006409	7.6
270	-0.856083	287.326481	0.008686	9.4
271	-0.725383	286.862802	0.017069	7.6
272	-0.346567	286.401113	0.003749	7.5
273	-0.282888	285.941400	0.012142	10.7
274	-0.994081	285.483649	0.007506	9.2
275	-0.765995	285.027847	0.007203	8.1
276	-0.127301	284.573981	0.002303	7.6
277	-1.394581	284.122037	0.005279	7.6
278	-1.186417	283.672002	0.003931	12.3
279	-0.413073	283.223863	0.004424	8.2
280	-1.531942	282.777607	0.008021	8.6
281	-0.040027	282.333221	0.001160	8.2
282	-0.004557	281.890692	0.000302	8.1
283	-1.328376	281.450008	0.011667	12.5
284	-1.398203	281.011157	0.007170	7.5
285	-1.532982	280.574125	0.014210	9.1
286	-0.312245	280.138901	0.006337	7.5
287	-0.000073	279.705473	0.000016	8.0
288	-0.503001	279.273829	0.018334	12.7
289	-1.288658	278.843956	0.017713	7.9
290	-0.000000	278.415844	0.000000	6.9
291	-0.612290	277.989479	0.016616	8.3
292	-0.529942	277.564851	0.009881	9.6
293	-1.152885	277.141949	0.013240	10.2
294	-1.425655	276.720761	0.009424	8.8
295	-0.088812	276.301275	0.004729	7.6
296	-0.864951	275.883480	0.016396	8.3
297	-0.824328	275.467366	0.005319	9.9
298	-0.875385	275.052922	0.005358	8.2
299	-0.715881	274.640136	0.004091	7.6
300	-0.861375	274.228998	0.019053	9.5
301	-1.296972	273.819497	0.018226	7.7
302	-1.242557	273.411623	0.004558	11.0
303	-1.260833	273.005365	0.012260	9.2
304	-0.051672	272.600712	0.001426	7.8
305	-1.204114	272.197655	0.019407	7.6
306	-1.327874	271.796184	0.011300	7.5
307	-1.452327	271.396287	0.014055	12.2
308	-0.059590	270.997956	0.001460	7.5
309	-1.163165	270.601180	0.010544	9.1
310	-0.000001	270.205949	0.000000	7.7
311	-0.083987	269.812254	0.002781	8.8
312	-0.392806	269.420085	0.013621	13.8
313	-0.202184	269.029432	0.003383	7.6
314	-0.595183	268.640287	0.008496	8.3
315	-1.319449	268.252638	0.009337	7.6
316	-1.125499	267.866478	0.014152	9.2
317	-1.166289	267.481796	0.016467	9.5
318	-1.446342	267.098584	0.011302	8.8
319	-1.201658	266.716833	0.012732	7.5
320	-0.004766	266.336533	0.000403	7.3
321	-0.810652	265.957676	0.008470	9.2
322	-0.000000	265.580253	0.000000	9.7
323	-0.443805	265.204254	0.001858	7.5
324	-0.000000	264.829672	0.000000	9.0
325	-0.346570	264.456497	0.006595	7.5
326	-0.000000	264.084721	0.000000	11.3
327	-1.400823	263.714335	0.009873	8.7
328	-0.469136	263.345332	0.005072	9.0
329	-0.763107	262.977702	0.026136	8.4
330	-0.000626	262.611438	0.000128	7.2
331	-0.645008	262.246531	0.007685	11.4
332	-1.120569	261.882973	0.007818	8.9
333	-0.757423	261.520756	0.002140	8.9
334	-0.000498	261.159871	0.000031	7.7
335	-0.305242	260.800312	0.006558	7.6
336	-0.566375	260.442070	0.017580	11.3
337	-0.825002	260.085137	0.005747	10.1
338	-1.371675	259.729505	0.013736	7.7
339	-0.983214	259.375167	0.009801	7.7
340	-1.086511	259.022116	0.009801	7.6
341	-0.760574	258.670343	0.019738	13.6
342	-0.000000	258.319841	0.000000	9.3
343	-1.403242	257.970602	0.015015	7.7
344	-0.000077	257.622620	0.000016	8.6
345	-1.004896	257.275887	0.018326	8.6
346	-1.287681	256.930396	0.007169	10.3
347	-1.385271	256.586139	0.016453	7.8
348	-0.000000	256.243109	0.000000	9.2
349	-1.555556	255.901300	0.013827	7.5
350	-0.814431	255.560703	0.019362	9.9
351	-1.528271	255.221313	0.006920	9.8
352	-0.517497	254.883122	0.009884	8.0
353	-1.112800	254.546124	0.008506	7.6
354	-1.217029	254.210311	0.009426	7.5
355	-0.006293	253.875677	0.000636	12.0
356	-0.205439	253.542215	0.003394	7.6
357	-1.711404	253.209918	0.009836	9.4
358	-0.461670	252.878781	0.013802	7.4
359	-0.000000	252.548795	0.000000	8.1
360	-1.016688	252.219956	0.005111	13.0
361	-0.764090	251.892255	0.008014	7.7
362	-0.001318	251.565688	0.000194	8.4
363	-1.344815	251.240247	0.024479	7.3
364	-0.350936	250.915926	0.006975	7.5
365	-0.695309	250.592720	0.006403	10.4
366	-0.144540	250.270621	0.002086	9.3
367	-1.129891	249.949624	0.008228	7.6
368	-0.606938	249.629723	0.012001	7.4
369	-1.463009	249.310911	0.013314	8.1
370	-0.001033	248.993182	0.000149	12.2
371	-0.417592	248.676531	0.006030	7.5
372	-0.000000	248.360952	0.000000	9.2
373	-0.990227	248.046438	0.008180	7.5
374	-1.575172	247.732984	0.006573	8.5
375	-1.374506	247.420584	0.004990	11.9
376	-0.752303	247.109233	0.007128	7.6
377	-0.000000	246.798924	0.000000	8.9
378	-1.152719	246.489652	0.015581	9.0
379	-0.000017	246.181412	0.000004	7.8
380	-0.494854	245.874197	0.011004	12.3
381	-1.438087	245.568002	0.010356	8.8
382	-1.648394	245.262822	0.018746	7.5
383	-0.139541	244.958652	0.003644	7.5
384	-1.448079	244.655485	0.011875	8.1
385	-0.725452	244.353317	0.006165	12.2
386	-0.000003	244.052142	0.000001	9.0
387	-0.302269	243.751955	0.002610	8.2
388	-0.012798	243.452750	0.000907	8.1
389	-0.000000	243.154523	0.000000	9.3
390	-0.553614	242.857268	0.005593	11.1
391	-1.318628	242.560980	0.011990	7.4
392	-0.974818	242.265654	0.006738	7.7
393	-0.003810	241.971285	0.000438	7.9
394	-1.448146	241.677868	0.008412	10.2
395	-1.292123	241.385397	0.014871	7.9
396	-1.167356	241.093869	0.002110	9.7
397	-0.000000	240.803278	0.000000	7.5
398	-1.323795	240.513619	0.011123	7.5
399	-0.018299	240.224887	0.000675	12.6
400	-0.119387	239.937077	0.005332	7.9
401	-0.011910	239.650186	0.000523	7.5
402	-0.000000	239.364207	0.000000	7.4
403	-0.284564	239.079136	0.007918	7.5
404	-1.700474	238.794969	0.012749	10.8
405	-1.411780	238.511701	0.012846	9.4
406	-0.255043	238.229327	0.013719	7.6
407	-0.000000	237.947843	0.000000	8.1
408	-0.168327	237.667244	0.004832	7.4
409	-1.518468	237.387526	0.019746	10.8
410	-1.044789	237.108684	0.012333	7.6
411	-0.000000	236.830714	0.000000	9.0
412	-1.446134	236.553610	0.015184	7.5
413	-0.249747	236.277370	0.008642	7.4
414	-1.055427	236.001989	0.011432	11.0
415	-1.600877	235.727461	0.007602	9.2
416	-1.058255	235.453784	0.008339	7.5
417	-0.413595	235.180952	0.005931	7.6
418	-0.565014	234.908962	0.003629	7.6
419	-0.490630	234.637809	0.019241	12.3
420	-1.058524	234.367488	0.007426	9.1
421	-0.818164	234.097997	0.017986	8.3
422	-1.272758	233.829331	0.009459	8.6
423	-1.211775	233.561485	0.009512	7.5
424	-0.561932	233.294456	0.010374	12.2
425	-1.343264	233.028239	0.012052	7.5
426	-0.721290	232.762831	0.018441	9.2
427	-0.000000	232.498228	0.000000	7.2
428	-0.495103	232.234425	0.008965	9.1
429	-1.538691	231.971419	0.011450	12.9
430	-1.211864	231.709205	0.005711	7.7
431	-0.415449	231.447781	0.011154	7.6
432	-1.209135	231.187141	0.005628	7.6
433	-0.083987	230.927283	0.001999	10.4
434	-0.822327	230.668202	0.012140	9.6
435	-0.000000	230.409895	0.000000	9.3
436	-0.029228	230.152358	0.002300	7.6
437	-0.688312	229.895587	0.008546	8.5
438	-1.526188	229.639578	0.011280	11.2
439	-0.915603	229.384329	0.015173	7.6
440	-0.094415	229.129834	0.002242	7.8
441	-1.226234	228.876091	0.009585	10.5
442	-0.000000	228.623096	0.000000	7.0
443	-0.824802	228.370846	0.009258	11.6
444	-0.000033	228.119336	0.000007	9.6
445	-0.000001	227.868563	0.000000	7.5
446	-0.393788	227.618525	0.006626	8.4
447	-1.056056	227.369216	0.013023	8.4
448	-1.126799	227.120635	0.006867	12.4
449	-0.051919	226.872777	0.001865	9.0
450	-0.251149	226.625638	0.002234	8.6
451	-0.888115	226.379217	0.013214	9.0
452	-0.791310	226.133509	0.004521	10.0
453	-0.000000	225.888510	0.000000	10.0
454	-0.031990	225.644218	0.001869	8.5
455	-0.169440	225.400630	0.003035	8.7
456	-1.520503	225.157741	0.013518	7.5
457	-0.506903	224.915549	0.007920	13.5
458	-0.139230	224.674051	0.002031	9.2
459	-1.497654	224.433242	0.012616	7.4
460	-0.696113	224.193121	0.006361	7.5
461	0.000000	223.953684	0.000000	7.2
462	-1.210292	223.714927	0.016012	13.1
463	-0.763737	223.476848	0.015031	7.5
464	-0.698319	223.239444	0.005046	9.5
465	-0.291529	223.002710	0.005615	7.5
466	-1.552220	222.766645	0.014746	10.2
467	-1.069695	222.531245	0.013957	11.3
468	-1.505818	222.296508	0.010546	7.7
469	-1.269168	222.062429	0.011466	8.2
470	-0.873590	221.829007	0.015317	7.5
471	-1.761655	221.596238	0.014277	10.3
472	-0.609469	221.364119	0.004813	8.6
473	-0.491124	221.132647	0.004629	9.5
474	-1.487455	220.901820	0.006653	7.6
475	0.000000	220.671634	0.000000	6.9
476	-1.484175	220.442086	0.010734	10.8
477	-0.848113	220.213174	0.010989	9.5
478	-0.790643	219.984895	0.009292	7.7
479	-1.562978	219.757246	0.011314	7.5
480	-1.559385	219.530224	0.012368	8.5
481	-0.992220	219.303826	0.006007	12.3
482	-1.399276	219.078050	0.007862	9.3
483	-0.005862	218.852893	0.000565	7.4
484	-1.332116	218.628352	0.013722	8.2
485	-1.349464	218.404424	0.008463	7.4
486	-1.405321	218.181106	0.021152	11.1
487	-1.102609	217.958397	0.007576	9.7
488	-0.029907	217.736292	0.001343	9.0
489	-1.337868	217.514790	0.006527	7.5
490	-0.736272	217.293888	0.011317	8.6
491	-1.491307	217.073584	0.023075	13.1
492	-0.018751	216.853873	0.000813	7.4
493	-0.000000	216.634755	0.000000	7.2
494	-1.395724	216.416227	0.009070	7.4
495	-0.239717	216.198285	0.005125	8.8
496	0.000000	215.980927	0.000000	12.1
497	-0.722371	215.764151	0.009090	9.3
498	-0.018229	215.547955	0.000863	8.4
499	-0.200856	215.332335	0.006468	8.2
500	-0.836491	215.117289	0.007447	10.3
501	-1.136826	214.902815	0.013092	7.8
502	-1.038687	214.688911	0.011556	7.4
503	-1.144394	214.475573	0.009487	9.3
504	-0.129915	214.262800	0.004732	8.2
505	-1.478758	214.050588	0.008342	10.7
506	-0.590878	213.838936	0.017242	8.6
507	-0.051855	213.627842	0.003654	7.4
508	-0.085759	213.417302	0.002833	7.5
509	-0.806122	213.207314	0.003819	7.5
510	-1.311047	212.997877	0.010274	10.9
511	-0.770509	212.788987	0.016133	7.8
512	-0.087307	212.580642	0.002286	8.9
513	-0.331643	212.372841	0.006595	7.6
514	-0.175982	212.165581	0.002698	8.4
515	-0.000000	211.958859	0.000000	10.9
516	-0.634500	211.752673	0.012763	9.1
517	-1.567892	211.547021	0.016482	7.6
518	-0.757245	211.341902	0.007938	8.5
519	-0.921858	211.137311	0.007701	7.3
520	-1.157855	210.933248	0.010207	11.0
521	-0.127465	210.729710	0.004305	8.0
522	-0.000300	210.526695	0.000060	8.3
523	-1.566410	210.324200	0.011000	7.5
524	-1.555522	210.122224	0.015205	7.6
525	-1.572371	209.920765	0.009161	12.2
526	-0.464803	209.719820	0.012102	7.5
527	-1.387117	209.519387	0.009501	9.1
528	-0.000000	209.319463	0.000000	7.8
529	-1.444137	209.120048	0.014655	8.6
530	-0.415279	208.921139	0.006043	11.4
531	-0.361581	208.722733	0.004130	9.5
532	-1.280477	208.524829	0.005958	7.7
533	-1.296923	208.327425	0.007985	8.3
534	-1.355246	208.130518	0.022994	7.7
535	-0.130073	207.934107	0.002231	11.6
536	-0.000000	207.738189	0.000000	9.1
537	-0.000000	207.542762	0.000000	7.6
538	-0.813713	207.347825	0.007931	7.6
539	-0.124008	207.153376	0.003707	7.5
540	-0.209368	206.959412	0.004099	10.9
541	-0.873582	206.765932	0.007085	8.0
542	-0.051686	206.572933	0.002517	8.9
543	-0.729400	206.380414	0.004158	7.5
544	-0.000000	206.188373	0.000000	9.2
545	-1.620395	205.996807	0.013131	12.6
546	-1.304017	205.805716	0.003883	8.6
547	-0.000000	205.615096	0.000000	8.0
548	-0.731326	205.424946	0.005066	7.6
549	-1.045268	205.235265	0.014857	8.4
550	-0.638320	205.046050	0.007755	11.2
551	-0.961271	204.857299	0.012473	9.0
552	-1.360716	204.669011	0.014622	7.5
553	-1.258316	204.481184	0.024241	7.5
554	-1.547315	204.293816	0.006854	8.6
555	-0.405135	204.106905	0.006843	12.7
556	-0.887823	203.920449	0.006511	7.6
557	-1.248297	203.734447	0.014412	9.2
558	-0.000000	203.548896	0.000000	7.2
559	-0.000000	203.363795	0.000000	7.4
560	-0.598667	203.179143	0.010032	10.9
561	-1.616472	202.994937	0.011547	7.4
562	-1.118496	202.811176	0.010534	7.8
563	-1.072826	202.627857	0.015604	9.8
564	-1.550171	202.444980	0.004727	7.5
565	-0.445079	202.262543	0.004475	11.3
566	-1.367263	202.080543	0.018441	8.9
567	-1.713285	201.898979	0.010033	7.5
568	-0.096034	201.717849	0.004470	7.5
569	-1.261879	201.537153	0.013998	7.9
570	-1.305007	201.356887	0.002938	11.4
571	-0.851196	201.177050	0.016389	7.6
572	-0.070576	200.997642	0.002656	9.0
573	-0.010536	200.818659	0.000540	7.7
574	-1.005700	200.640100	0.007973	9.2
575	-0.000000	200.461965	0.000000	12.9
576	-0.000091	200.284250	0.000018	7.7
577	-0.518345	200.106955	0.008156	9.4
578	-0.934590	199.930078	0.006577	7.6
579	-1.110334	199.753617	0.010855	8.4
580	-0.031361	199.577571	0.001807	10.5
581	-0.000000	199.401938	0.000000	8.7
582	-1.245636	199.226717	0.011694	8.3
583	-1.227993	199.051905	0.012658	7.5
584	-0.176477	198.877502	0.003437	9.1
585	-0.000000	198.703506	0.000000	11.2
586	-1.077184	198.529916	0.010374	9.0
587	-1.822250	198.356729	0.010723	8.4
588	-0.163858	198.183944	0.002720	8.5
589	-1.009051	198.011560	0.004848	11.1
590	-1.356384	197.839576	0.010842	9.6
591	-1.522799	197.667989	0.010021	7.4
592	-0.000000	197.496798	0.000000	7.7
593	-0.008291	197.326002	0.000757	7.4
594	-0.000000	197.155600	0.000000	9.9
595	-0.770918	196.985589	0.005532	7.7
596	0.000000	196.815969	0.000000	9.6
597	-0.425564	196.646738	0.005783	8.3
598	-1.371161	196.477894	0.015524	7.5
599	-0.238105	196.309436	0.003314	12.9
600	-0.354398	196.141363	0.005665	7.3
601	-0.134836	195.973673	0.001628	7.7
602	-0.669518	195.806365	0.007580	7.8
603	-0.970361	195.639437	0.008504	8.0
604	-1.573125	195.472888	0.008475	10.2
605	-1.017215	195.306717	0.010443	9.4
606	-1.442375	195.140922	0.012982	7.5
607	-0.000000	194.975501	0.000000	8.5
608	-1.355904	194.810454	0.013251	8.4
609	-0.489785	194.645779	0.009458	12.5
610	-1.169458	194.481475	0.008997	7.7
611	-0.382130	194.317540	0.005582	9.0
612	-0.000000	194.153973	0.000000	7.7
613	-0.672614	193.990773	0.006683	8.5
614	-0.432234	193.827938	0.005830	11.0
615	-0.614968	193.665467	0.011071	7.5
616	-0.810586	193.503358	0.006308	9.8
617	-0.000000	193.341611	0.000000	7.3
618	-1.181452	193.180224	0.012041	9.6
619	-0.152930	193.019196	0.003015	10.2
620	-0.930698	192.858525	0.006982	9.6
621	-0.691478	192.698210	0.016337	7.5
622	-0.702939	192.538251	0.011143	8.7
623	-1.542035	192.378644	0.005678	10.2
624	-0.000000	192.219391	0.000000	7.7
625	-1.227351	192.060488	0.010856	7.4
626	-1.520794	191.901935	0.013868	9.8
627	-0.000041	191.743730	0.000008	7.6
628	-1.543563	191.585873	0.015682	10.9
629	-0.379134	191.428362	0.007574	8.7
630	-1.410792	191.271196	0.011375	7.7
631	-1.163342	191.114374	0.014002	7.7
632	-1.121880	190.957893	0.007443	7.5
633	-0.989709	190.801755	0.014733	10.7
634	-1.477762	190.645956	0.010228	8.4
635	-0.555019	190.490495	0.006138	9.5
636	-0.318689	190.335373	0.008760	7.5
637	-0.636572	190.180587	0.019242	8.8
638	-0.335590	190.026136	0.004107	12.8
639	-0.727786	189.872019	0.009329	7.7
640	-0.000008	189.718235	0.000002	9.6
641	-0.928555	189.564782	0.014721	7.5
642	-0.000000	189.411661	0.000000	7.4
643	-1.195305	189.258868	0.012446	10.8
644	-0.000609	189.106404	0.000091	8.9
645	-1.706726	188.954267	0.008235	7.6
646	-0.034250	188.802456	0.002202	7.6
647	-1.226165	188.650969	0.010243	7.5
648	-0.087780	188.499807	0.002946	10.8
649	-0.176838	188.348967	0.003083	8.4
650	-1.443685	188.198448	0.009977	9.5
651	-1.564450	188.048250	0.009101	7.7
652	-1.559386	187.898371	0.008726	8.4
653	-0.017572	187.748810	0.001413	11.2
654	-0.580276	187.599566	0.012773	7.6
655	-0.743576	187.450638	0.007949	8.6
656	-0.520628	187.302025	0.017874	8.6
657	-1.272666	187.153725	0.013520	7.7
658	-0.774321	187.005739	0.007023	11.4
659	-0.550351	186.858064	0.016672	9.1
660	-0.899992	186.710699	0.017555	7.7
661	-0.000004	186.563645	0.000001	7.9
662	-0.913167	186.416898	0.013608	7.4
663	-1.595336	186.270459	0.007599	12.0
664	-1.594165	186.124326	0.010898	7.8
665	-1.396937	185.978499	0.011353	9.8
666	-1.389329	185.832976	0.012667	8.4
667	-1.346626	185.687756	0.011820	7.6
668	-1.762554	185.542838	0.006474	12.3
669	-0.000674	185.398222	0.000143	7.3
670	-0.045884	185.253906	0.003099	9.5
671	-0.089061	185.109889	0.005547	7.6
672	-1.389004	184.966170	0.011544	8.5
673	-0.535626	184.822748	0.004543	10.9
674	-0.702249	184.679623	0.017080	9.2
675	-0.000000	184.536792	0.000000	7.5
676	-0.000532	184.394256	0.000098	7.6
677	-0.448873	184.252013	0.012500	8.8
678	-0.008314	184.110062	0.000410	11.3
679	-0.896233	183.968403	0.004407	8.8
680	-1.273792	183.827034	0.016611	7.8
681	-0.133705	183.685954	0.004864	8.0
682	-1.063203	183.545163	0.007951	8.5
683	-0.257078	183.404658	0.003887	9.3
684	-1.114787	183.264441	0.004125	7.8
685	-1.602233	183.124509	0.017149	9.2
686	-1.243658	182.984861	0.011224	7.8
687	-0.144973	182.845497	0.001917	9.4
688	-0.425340	182.706416	0.010623	9.4
689	-0.646725	182.567616	0.004668	9.3
690	-1.381507	182.429098	0.008198	7.6
691	-0.019779	182.290859	0.000736	8.5
692	-0.003234	182.152899	0.000312	11.7
693	-0.599700	182.015217	0.006903	7.6
694	-0.807545	181.877813	0.015202	9.0
695	-1.047392	181.740684	0.007030	7.9
696	-1.131340	181.603832	0.005541	8.5
697	-1.125526	181.467253	0.011412	11.5
698	-0.000229	181.330948	0.000041	9.3
699	-0.819531	181.194916	0.010091	7.5
700	-0.973320	181.059155	0.004945	9.3
701	-0.009855	180.923666	0.000370	7.7
702	-1.313833	180.788446	0.007229	12.6
703	-0.599566	180.653496	0.006168	9.0
704	-0.971936	180.518814	0.009907	7.5
705	-1.102160	180.384399	0.011238	7.6
706	-0.992263	180.250251	0.007145	8.0
707	-0.411988	180.116369	0.003252	12.5
708	-1.626045	179.982752	0.007786	8.5
709	-1.361787	179.849398	0.009894	9.3
710	-1.708972	179.716308	0.012081	9.3
711	-1.074365	179.583480	0.005497	10.6
712	-0.702143	179.450913	0.014509	10.3
713	-1.100722	179.318607	0.015537	7.8
714	0.000000	179.186561	0.000000	8.4
715	-0.782544	179.054774	0.015868	7.5
716	-0.745740	178.923245	0.005414	12.3
717	-0.161506	178.791973	0.001189	8.5
718	-1.458578	178.660958	0.008042	8.7
719	-0.744178	178.530199	0.004617	8.3
720	-0.854761	178.399694	0.011950	9.6
721	-0.740646	178.269444	0.016744	10.3
722	-0.737184	178.139447	0.006720	7.4
723	-1.245234	178.009702	0.008946	7.7
724	-1.458241	177.880209	0.010793	7.5
725	-1.070121	177.750967	0.018257	10.0
726	-0.834655	177.621975	0.003865	8.1
727	-0.000000	177.493232	0.000000	9.9
728	-0.990902	177.364738	0.014841	8.8
729	-0.042763	177.236492	0.002197	8.2
730	-0.426030	177.108492	0.007814	12.6
731	-0.000002	176.980739	0.000001	7.0
732	-1.303513	176.853231	0.013269	8.9
733	-1.413535	176.725968	0.011701	7.5
734	-1.011696	176.598949	0.007654	7.7
735	-0.408408	176.472173	0.008179	12.0
736	-0.100639	176.345639	0.003243	9.3
737	-0.626902	176.219348	0.007441	7.6
738	-1.328011	176.093296	0.013015	7.5
739	-0.852156	175.967486	0.007172	8.4
740	-0.829472	175.841914	0.008170	11.7
741	-1.033461	175.716581	0.012659	9.2
742	-0.935613	175.591486	0.008548	8.4
743	-0.070646	175.466629	0.003529	8.3
744	-0.211346	175.342008	0.003604	9.8
745	-0.629009	175.217622	0.007908	9.6
746	-1.222375	175.093472	0.013390	8.4
747	-1.627677	174.969556	0.015495	9.5
748	-1.324863	174.845873	0.010419	8.7
749	-1.034719	174.722423	0.006850	11.7
750	-1.047210	174.599206	0.006942	9.5
751	-1.083490	174.476220	0.007830	7.6
752	-1.401547	174.353464	0.007045	7.9
753	-0.000121	174.230939	0.000022	9.4
754	-0.000000	174.108643	0.000000	10.7
755	-1.519463	173.986576	0.004853	7.5
756	-0.513587	173.864737	0.005215	7.7
757	-0.292111	173.743124	0.013148	7.6
758	-1.399476	173.621739	0.012836	9.4
759	-0.968789	173.500579	0.008815	10.2
760	-0.842788	173.379645	0.008344	9.0
761	-0.631220	173.258935	0.007117	7.7
762	-0.151745	173.138449	0.003203	8.3
763	-0.000122	173.018186	0.000024	10.6
764	-1.113429	172.898146	0.009390	8.0
765	-1.364376	172.778327	0.013316	9.0
766	-0.000000	172.658730	0.000000	7.0
767	-1.488804	172.539353	0.013317	7.5
768	-0.009852	172.420196	0.000441	10.0
769	-1.059555	172.301258	0.011406	9.6
770	-1.040567	172.182539	0.010435	7.4
771	-0.000000	172.064037	0.000000	7.6
772	-1.111169	171.945753	0.009635	7.5
773	-1.479566	171.827686	0.004379	11.7
774	-0.414257	171.709834	0.011093	7.2
775	-0.025917	171.592198	0.001071	8.8
776	-1.202558	171.474776	0.023348	7.9
777	-0.584496	171.357568	0.005136	8.6
778	-1.011546	171.240574	0.005095	11.9
779	-0.078355	171.123793	0.003711	7.5
780	-1.234088	171.007223	0.008219	7.6
781	-0.759549	170.890865	0.004769	9.4
782	-1.221010	170.774718	0.008678	7.7
783	-1.450261	170.658782	0.011621	10.8
784	-0.018278	170.543055	0.001373	9.3
785	-0.345880	170.427537	0.008340	7.6
786	-1.312411	170.312227	0.013829	7.6
787	-1.159424	170.197125	0.009527	7.6
788	-1.040185	170.082231	0.014057	11.3
789	-1.435745	169.967543	0.006107	7.6
790	-1.410520	169.853061	0.012921	9.0
791	-1.015807	169.738784	0.019170	7.8
792	-1.467019	169.624713	0.008619	8.6
793	-0.034050	169.510845	0.002010	11.5
794	-1.171776	169.397181	0.011200	7.6
795	-1.183639	169.283720	0.013397	7.8
796	-0.285833	169.170462	0.005978	8.6
797	-1.017981	169.057405	0.012176	8.0
798	-1.219142	168.944549	0.009741	10.8
799	-0.000042	168.831895	0.000010	8.8
800	-1.120861	168.719440	0.009186	7.6
801	-0.578602	168.607185	0.007557	7.6
802	-1.167473	168.495129	0.011996	7.6
803	-1.566228	168.383271	0.013537	11.4
804	-0.414309	168.271611	0.007870	7.5
805	-0.871362	168.160148	0.005436	9.5
806	-0.776045	168.048882	0.004668	7.6
807	-0.154604	167.937812	0.001970	8.3
808	-1.529443	167.826938	0.014222	13.0
809	-1.333363	167.716258	0.013089	8.2
810	-1.493449	167.605773	0.016461	8.5
811	-1.371921	167.495482	0.009486	8.3
812	-1.642001	167.385384	0.006023	7.5
813	-0.000000	167.275479	0.000000	11.5
814	-0.270717	167.165766	0.004590	8.8
815	-0.606234	167.056245	0.005659	7.5
816	-0.772245	166.946915	0.016713	7.5
817	-1.405824	166.837776	0.011494	7.4
818	-1.146561	166.728826	0.006540	11.0
819	-0.731025	166.620067	0.007675	7.8
820	-0.000000	166.511496	0.000000	8.5
821	-0.000001	166.403113	0.000000	7.5
822	-0.000001	166.294919	0.000000	8.5
823	-0.401387	166.186912	0.019238	10.4
824	-0.324685	166.079091	0.008628	8.6
825	-0.827749	165.971458	0.005671	7.5
826	-0.390144	165.864009	0.004143	9.4
827	-0.879298	165.756747	0.014725	7.5
828	-0.987495	165.649669	0.008343	11.5
829	-1.219216	165.542775	0.008873	9.0
830	-0.889931	165.436065	0.010330	8.1
831	-1.581738	165.329538	0.009904	7.4
832	-0.473940	165.223194	0.009993	7.6
833	-1.277949	165.117032	0.011894	11.4
834	-0.401398	165.011052	0.005534	7.4
835	-0.840866	164.905253	0.010798	9.7
836	-1.030283	164.799635	0.008968	7.4
837	-1.594802	164.694197	0.008927	7.6
838	-1.431434	164.588939	0.016200	11.4
839	-1.350969	164.483859	0.010959	9.1
840	-0.000301	164.378959	0.000056	7.6
841	-0.168639	164.274237	0.007871	8.3
842	-0.515258	164.169692	0.012977	7.5
843	-0.784823	164.065325	0.009360	12.6
844	-1.432953	163.961135	0.005886	8.9
845	-0.001498	163.857120	0.000212	7.4
846	-0.000000	163.753282	0.000000	8.2
847	-1.500093	163.649619	0.009072	7.6
848	-1.115740	163.546130	0.007564	14.0
849	-0.851333	163.442816	0.010379	9.3
850	-0.000139	163.339676	0.000033	9.6
851	-0.550462	163.236709	0.004555	10.1
852	-0.000420	163.133915	0.000059	9.1
853	-0.093353	163.031294	0.002596	10.1
854	-1.361830	162.928844	0.007755	8.3
855	-0.000016	162.826566	0.000004	9.3
856	-0.836634	162.724459	0.003099	7.6
857	-1.123068	162.622523	0.010190	10.1
858	-0.000000	162.520757	0.000000	9.2
859	-0.362473	162.419160	0.004469	8.5
860	-0.069868	162.317733	0.002094	7.5
861	-1.200192	162.216474	0.009473	7.5
862	-1.464759	162.115383	0.015844	11.8
863	-0.982407	162.014461	0.008807	7.5
864	-1.275702	161.913705	0.012643	9.0
865	-0.086126	161.813117	0.002551	7.6
866	-0.823817	161.712695	0.020295	8.8
867	-0.000000	161.612439	0.000000	10.2
868	-0.000000	161.512349	0.000000	9.3
869	-0.057140	161.412424	0.002736	7.6
870	-1.090337	161.312663	0.005390	8.4
871	-0.003573	161.213067	0.000372	7.4
872	-1.316981	161.113635	0.011865	11.8
873	-0.646790	161.014366	0.014057	8.9
874	-0.851853	160.915260	0.022179	8.2
875	-0.937148	160.816316	0.005411	7.5
876	-0.839559	160.717535	0.006849	7.5
877	-0.000000	160.618915	0.000000	12.8
878	-0.338747	160.520456	0.003768	7.6
879	-0.000000	160.422158	0.000000	8.8
880	-0.740457	160.324021	0.008080	7.5
881	-0.040013	160.226043	0.002282	8.8
882	-1.218441	160.128225	0.009999	11.7
883	-1.276825	160.030566	0.005879	7.7
884	-0.000005	159.933066	0.000001	7.6
885	-1.689455	159.835723	0.012722	8.9
886	-1.581555	159.738539	0.012678	7.7
887	-1.506785	159.641512	0.012798	11.4
888	-0.127205	159.544642	0.002163	9.2
889	-1.664816	159.447929	0.011895	8.5
890	-1.174490	159.351372	0.011525	8.3
891	-1.219541	159.254971	0.007073	7.6
892	-0.224843	159.158725	0.004487	12.4
893	-0.007242	159.062634	0.000462	7.6
894	-0.000000	158.966697	0.000000	8.5
895	-1.382663	158.870915	0.018039	7.5
896	-0.954660	158.775286	0.006144	9.4
897	-0.311461	158.679811	0.006876	12.5
898	-0.522128	158.584489	0.013415	7.6
899	-0.959004	158.489319	0.005082	8.4
900	-1.466638	158.394302	0.009670	7.4
901	-0.000000	158.299436	0.000000	10.0
902	-1.421841	158.204721	0.016327	8.4
903	-0.899786	158.110158	0.005622	8.8
904	-0.018491	158.015745	0.000928	7.0
905	-1.036095	157.921482	0.012673	7.9
906	-0.269641	157.827369	0.003306	10.3
907	-0.050717	157.733406	0.001817	9.4
908	-0.992520	157.639591	0.014633	7.6
909	-1.241491	157.545925	0.015834	7.9
910	-0.673192	157.452408	0.004525	7.5
911	-1.324776	157.359038	0.005316	12.0
912	-0.000000	157.265816	0.000000	6.9
913	-1.544756	157.172741	0.009674	9.4
914	-0.101709	157.079813	0.002531	7.7
915	-0.000000	156.987031	0.000000	8.1
916	-0.000174	156.894395	0.000033	11.7
917	-1.513193	156.801904	0.010708	7.5
918	-1.465436	156.709559	0.016249	9.2
919	-0.660215	156.617359	0.006280	7.4
920	-1.415314	156.525304	0.016766	7.6
921	-0.998481	156.433392	0.006205	10.9
922	-0.339021	156.341624	0.014203	9.0
923	0.000000	156.250000	0.000000	7.2
924	-1.003480	156.158519	0.006909	7.6
925	-0.481513	156.067180	0.008523	7.5
926	-0.000000	155.975984	0.000000	10.6
927	-0.993704	155.884930	0.017450	8.8
928	-0.054776	155.794017	0.002482	9.2
929	-0.703278	155.703246	0.010135	7.6
930	-1.469000	155.612615	0.008022	9.1
931	-0.622149	155.522125	0.008051	11.7
932	-0.599728	155.431775	0.007969	7.4
933	-0.000000	155.341565	0.000000	9.4
934	-0.910436	155.251495	0.015526	7.5
935	-1.431047	155.161563	0.013410	7.7
936	-1.127532	155.071771	0.019961	10.8
937	-1.243933	154.982117	0.013418	9.3
938	-1.011325	154.892601	0.008880	7.4
939	-1.588300	154.803222	0.006989	7.6
940	0.000000	154.713981	0.000000	7.4
941	-1.464584	154.624878	0.013477	12.0
942	-1.407766	154.535910	0.017078	7.5
943	-0.000010	154.447080	0.000002	9.8
944	-0.871661	154.358385	0.006706	7.5
945	-1.217231	154.269826	0.008851	8.2
946	-0.000000	154.181402	0.000000	11.5
947	-0.955875	154.093114	0.007608	7.5
948	-0.825930	154.004960	0.008188	9.4
949	-0.000002	153.916940	0.000001	7.4
950	-1.637405	153.829054	0.009397	8.8
951	-0.000000	153.741303	0.000000	11.9
952	-0.576347	153.653684	0.011966	9.0
953	-0.404338	153.566198	0.014742	7.5
954	-0.159050	153.478846	0.004459	7.6
955	-1.164493	153.391625	0.015965	7.8
956	-0.519377	153.304537	0.007955	12.4
957	-1.156302	153.217580	0.011994	9.0
958	-1.544703	153.130755	0.012660	8.2
959	-0.000000	153.044061	0.000000	8.6
960	-1.101060	152.957498	0.009090	10.1
961	-0.000045	152.871065	0.000010	9.8
962	-0.004943	152.784762	0.000512	7.5
963	-0.000000	152.698589	0.000000	9.3
964	-0.767610	152.612545	0.015430	8.6
965	-1.169780	152.526631	0.012392	12.3
966	-1.584231	152.440845	0.009738	9.1
967	-0.519967	152.355188	0.012792	7.6
968	-1.015812	152.269660	0.004990	7.6
969	-0.067281	152.184259	0.004635	7.7
970	-1.563718	152.098986	0.011210	12.6
971	-0.000017	152.013840	0.000004	7.1
972	-0.923842	151.928821	0.003939	9.2
973	-0.489133	151.843928	0.007939	7.6
974	-0.000003	151.759163	0.000001	10.5
975	-1.348049	151.674523	0.015324	11.8
976	-1.510674	151.590009	0.009679	7.9
977	-0.000048	151.505620	0.000009	8.7
978	0.000000	151.421357	0.000000	7.7
979	-1.176201	151.337218	0.014320	11.3
980	-0.049584	151.253204	0.002307	7.1
981	-1.564332	151.169314	0.007630	9.1
982	-1.103726	151.085549	0.014340	7.6
983	-0.955258	151.001907	0.019805	7.5
984	-1.598501	150.918388	0.013852	10.4
985	-0.014677	150.834992	0.000388	8.4
986	-0.000000	150.751719	0.000000	7.0
987	-0.650517	150.668569	0.017243	9.1
988	-1.404454	150.585541	0.006898	7.6
989	-0.867235	150.502634	0.018044	13.2
990	-0.838751	150.419849	0.011087	8.8
991	-1.089225	150.337186	0.007533	7.5
992	-1.299282	150.254644	0.017280	8.2
993	-0.400530	150.172222	0.006302	7.6
994	-1.429903	150.089921	0.010742	11.3
995	-1.069158	150.007740	0.010601	7.3
996	-0.489839	149.925679	0.012327	8.7
997	-0.000005	149.843737	0.000001	7.5
998	-1.412994	149.761915	0.017690	7.5
999	-1.124272	149.680212	0.015711	10.8
1000	-0.788972	149.598627	0.007603	9.1
1001	-0.824142	149.517161	0.004676	7.5
1002	-0.626437	149.435814	0.005376	7.5
1003	-0.000000	149.354584	0.000000	7.0
1004	-1.482167	149.273472	0.019131	10.2
1005	-0.000000	149.192477	0.000000	7.5
1006	-0.000005	149.111599	0.000001	8.8
1007	-0.291758	149.030838	0.003279	7.5
1008	-0.000000	148.950194	0.000000	8.6
1009	-0.867960	148.869666	0.009209	10.8
1010	-1.114024	148.789253	0.006982	7.8
1011	-0.052418	148.708957	0.002568	7.5
1012	-0.819282	148.628776	0.007401	8.9
1013	-0.000745	148.548710	0.000159	7.3
1014	-0.030370	148.468759	0.002252	11.3
1015	-0.000133	148.388923	0.000024	9.1
1016	-1.380908	148.309201	0.015592	7.5
1017	-0.315835	148.229594	0.004828	7.4
1018	-0.429965	148.150100	0.006528	7.5
1019	-1.288636	148.070719	0.006962	11.9
1020	-0.000000	147.991452	0.000000	7.1
1021	-1.293232	147.912298	0.009870	9.3
1022	-0.553948	147.833257	0.011838	8.0
1023	-0.422793	147.754329	0.010807	8.3
1024	-1.322976	147.675512	0.010101	11.3
1025	-1.372774	147.596808	0.009638	9.0
1026	-0.810233	147.518216	0.009658	9.2
1027	-1.395546	147.439735	0.011351	7.3
1028	-0.287883	147.361365	0.007958	7.5
1029	-1.575911	147.283106	0.010261	11.4
1030	-0.036769	147.204958	0.001148	8.7
1031	-0.691734	147.126920	0.007864	7.4
1032	-1.117674	147.048993	0.019047	7.5
1033	-0.819169	146.971175	0.009623	7.6
1034	-1.381505	146.893468	0.015404	10.7
1035	-0.727183	146.815869	0.013174	8.1
1036	-1.172539	146.738380	0.009913	8.9
1037	-0.806011	146.661000	0.017863	7.4
1038	-1.398851	146.583729	0.012698	8.2
1039	-1.743547	146.506566	0.011854	10.5
1040	-0.637488	146.429511	0.007517	9.4
1041	-0.001147	146.352565	0.000149	7.4
1042	0.000000	146.275726	0.000000	8.3
1043	-1.459428	146.198994	0.007182	7.4
1044	-0.877039	146.122370	0.009706	11.4
1045	-0.824720	146.045853	0.014195	7.4
1046	-0.971161	145.969442	0.007597	8.5
1047	-0.990105	145.893139	0.011712	7.6
1048	-1.492413	145.816941	0.008810	8.5
1049	-1.229218	145.740849	0.008658	11.8
1050	-0.249234	145.664863	0.003900	7.7
1051	-1.023614	145.588983	0.004276	9.5
1052	-1.278074	145.513208	0.014621	7.4
1053	-1.265225	145.437538	0.015901	8.4
1054	-0.850382	145.361973	0.004439	11.7
1055	-0.199897	145.286513	0.006457	9.4
1056	-0.140909	145.211157	0.004454	7.4
1057	-0.175015	145.135905	0.003684	8.2
1058	-0.076196	145.060757	0.002008	7.4
1059	-0.004501	144.985712	0.000711	10.8
1060	-0.002203	144.910771	0.000428	9.5
1061	-0.034494	144.835934	0.001343	8.1
1062	-1.112650	144.761199	0.007669	7.6
1063	-1.310944	144.686567	0.019368	8.3
1064	-1.615957	144.612037	0.007625	14.1
1065	-1.001009	144.537610	0.007401	7.5
1066	-0.050706	144.463285	0.003101	9.1
1067	-1.265305	144.389062	0.012845	7.4
1068	-0.892039	144.314940	0.015189	9.8
1069	-0.670675	144.240920	0.007899	11.6
1070	-0.000609	144.167001	0.000101	7.6
1071	-0.425749	144.093182	0.010170	8.2
1072	-0.567260	144.019465	0.015388	7.4
1073	-1.490747	143.945848	0.007992	10.1
1074	-0.602625	143.872331	0.007840	7.9
1075	-0.000000	143.798914	0.000000	8.8
1076	-0.361934	143.725597	0.004979	7.5
1077	-1.466753	143.652380	0.008727	7.5
1078	-0.020411	143.579262	0.001001	10.2
1079	-0.312913	143.506243	0.007554	9.5
1080	-0.966224	143.433323	0.006712	7.5
1081	-1.521403	143.360502	0.008887	7.4
1082	-0.806359	143.287780	0.011531	8.2
1083	-1.272856	143.215155	0.014566	11.6
1084	-0.125307	143.142629	0.003552	7.9
1085	-1.103233	143.070201	0.008506	8.9
1086	0.000000	142.997870	0.000000	7.5
1087	-0.872813	142.925637	0.015405	8.5
1088	-1.381495	142.853501	0.007775	11.5
1089	-1.358420	142.781462	0.007858	7.5
1090	-1.263947	142.709519	0.008549	9.2
1091	-1.313935	142.637674	0.014650	8.0
1092	-0.650748	142.565924	0.014609	7.5
1093	-1.522951	142.494271	0.017561	11.1
1094	-0.775612	142.422714	0.009056	8.9
1095	-1.431286	142.351252	0.018229	8.4
1096	-0.950786	142.279886	0.007248	7.4
1097	-0.040092	142.208616	0.001378	7.3
1098	-0.964176	142.137440	0.007602	12.3
1099	-1.451177	142.066360	0.014686	7.6
1100	-0.000000	141.995374	0.000000	9.1
1101	-1.445816	141.924483	0.013264	7.6
1102	-1.232539	141.853685	0.013871	8.0
1103	-0.704867	141.782983	0.009630	11.3
1104	-0.710682	141.712373	0.016100	7.6
1105	-1.677663	141.641858	0.004138	8.8
1106	-0.001915	141.571436	0.000270	7.8
1107	-1.061392	141.501108	0.018016	8.1
1108	-1.265920	141.430872	0.004259	11.3
1109	-1.109615	141.360730	0.010887	9.4
1110	-1.003160	141.290680	0.006914	7.5
1111	-1.033148	141.220722	0.016808	7.6
1112	0.000000	141.150857	0.000000	7.1
1113	-0.000001	141.081084	0.000000	10.9
1114	-1.372949	141.011403	0.005075	7.7
1115	-0.001501	140.941813	0.000213	9.4
1116	-0.704192	140.872315	0.007186	7.6
1117	-1.098958	140.802909	0.017617	7.6
1118	-1.111142	140.733593	0.010010	11.0
1119	-0.589697	140.664369	0.006278	9.1
1120	-0.007074	140.595235	0.000912	8.3
1121	-1.384705	140.526192	0.006503	7.5
1122	-0.000000	140.457239	0.000000	7.3
1123	-0.470168	140.388376	0.006291	11.0
1124	-0.000000	140.319603	0.000000	8.4
1125	-0.580811	140.250920	0.003890	8.0
1126	-0.006557	140.182326	0.000413	7.4
1127	-0.648027	140.113822	0.012508	8.1
1128	-0.461569	140.045407	0.004691	11.5
1129	-0.960398	139.977081	0.011119	7.5
1130	-0.237028	139.908844	0.004749	9.0
1131	-1.009363	139.840696	0.013554	7.5
1132	-1.249394	139.772635	0.006989	8.2
1133	-0.452851	139.704664	0.006309	11.3
1134	-0.864569	139.636780	0.007500	7.6
1135	-1.345329	139.568984	0.016253	7.8
1136	-0.931739	139.501276	0.008649	9.6
1137	-1.435023	139.433655	0.009840	7.5
1138	-1.567158	139.366122	0.010271	11.3
1139	-0.767140	139.298676	0.007073	9.5
1140	-1.325178	139.231317	0.012252	7.4
1141	-0.871600	139.164045	0.008748	7.4
1142	-1.137797	139.096859	0.016061	7.4
1143	-0.723166	139.029760	0.016315	11.3
1144	-0.000000	138.962747	0.000000	7.8
1145	-0.920795	138.895820	0.007126	9.4
1146	-1.602006	138.828978	0.005982	7.6
1147	-1.041701	138.762223	0.009207	8.4
1148	-1.479787	138.695553	0.014751	11.6
1149	-1.512621	138.628969	0.014660	9.4
1150	-1.493879	138.562469	0.011527	8.3
1151	-1.319891	138.496055	0.007265	7.6
1152	-1.131119	138.429725	0.007064	7.4
1153	-1.412665	138.363481	0.022096	11.0
1154	-0.407105	138.297320	0.007834	9.3
1155	-0.000000	138.231244	0.000000	7.3
1156	-0.000000	138.165252	0.000000	7.5
1157	-0.646976	138.099344	0.007121	7.5
1158	-0.288208	138.033520	0.005191	11.0
1159	-0.117815	137.967779	0.003728	7.5
1160	-1.092925	137.902122	0.007157	9.2
1161	-0.005020	137.836548	0.000662	7.4
1162	-1.612048	137.771057	0.015798	8.5
1163	-1.413033	137.705649	0.012197	11.7
1164	-0.444597	137.640324	0.009103	9.1
1165	-0.918179	137.575081	0.006358	7.6
1166	-1.432644	137.509921	0.012828	8.7
1167	0.000000	137.444842	0.000000	7.5
1168	-1.024555	137.379846	0.007682	11.7
1169	-0.249694	137.314932	0.003721	9.2
1170	-0.000002	137.250100	0.000000	7.5
1171	-1.604903	137.185349	0.004807	7.4
1172	-0.062079	137.120680	0.002732	7.4
1173	-1.384504	137.056092	0.007481	10.8
1174	-0.729252	136.991585	0.012670	7.5
1175	-1.285974	136.927158	0.010104	8.9
1176	-0.827887	136.862813	0.003902	7.4
1177	-0.449948	136.798548	0.017798	8.3
1178	-0.000000	136.734363	0.000000	10.6
1179	-0.024352	136.670259	0.001834	9.6
1180	-0.765960	136.606235	0.009816	7.5
1181	-0.000000	136.542291	0.000000	8.2
1182	-0.000136	136.478426	0.000029	7.4
1183	-0.000000	136.414641	0.000000	10.5
1184	-1.463554	136.350936	0.008504	7.6
1185	-1.189566	136.287310	0.007400	9.3
1186	-0.729157	136.223763	0.008591	7.4
1187	-0.873637	136.160295	0.009208	7.5
1188	-1.134728	136.096905	0.007523	11.7
1189	-0.000000	136.033594	0.000000	7.4
1190	-0.841891	135.970362	0.016536	8.9
1191	-0.791318	135.907208	0.011330	8.6
1192	-1.211243	135.844133	0.010191	8.5
1193	-1.497552	135.781135	0.010706	12.2
1194	-0.913641	135.718215	0.013105	9.5
1195	-1.465625	135.655373	0.011566	7.5
1196	-1.468818	135.592608	0.013115	8.3
1197	-0.946985	135.529921	0.013594	9.4
1198	-0.000000	135.467311	0.000000	9.3
1199	-0.000000	135.404778	0.000000	8.9
1200	-0.000001	135.342322	0.000000	7.9
1201	-0.008713	135.279942	0.000509	7.5
1202	-0.448269	135.217640	0.009637	10.0
1203	-0.564655	135.155413	0.015790	9.7
1204	-0.126870	135.093263	0.002014	7.4
1205	-0.507631	135.031190	0.015115	7.3
1206	-0.758278	134.969192	0.007156	7.9
1207	-1.403232	134.907270	0.007082	11.0
1208	-1.467991	134.845424	0.019162	7.9
1209	-0.669352	134.783653	0.005717	9.5
1210	-0.015304	134.721958	0.000926	7.6
1211	-0.322640	134.660338	0.007299	8.5
1212	-0.034857	134.598793	0.001568	11.0
1213	-0.002950	134.537323	0.000312	7.6
1214	-1.519559	134.475927	0.003688	7.5
1215	-0.269111	134.414607	0.006596	9.3
1216	-0.602410	134.353361	0.006883	7.4
1217	-1.305383	134.292189	0.004318	10.8
1218	-0.944906	134.231092	0.009200	9.7
1219	-1.139465	134.170068	0.008483	7.5
1220	-0.949526	134.109119	0.013802	8.2
1221	-1.225929	134.048243	0.010604	7.4
1222	-1.145973	133.987441	0.011793	11.9
1223	-1.107438	133.926713	0.012020	7.4
1224	-0.646297	133.866057	0.014141	9.5
1225	-1.370119	133.805475	0.008975	7.7
1226	-0.603401	133.744966	0.006175	8.9
1227	-1.296729	133.684530	0.011403	12.7
1228	-0.993508	133.624167	0.005259	7.6
1229	-1.153300	133.563877	0.011312	9.7
1230	-1.434835	133.503658	0.011405	7.4
1231	-1.274839	133.443513	0.022099	8.9
1232	-0.173548	133.383439	0.003154	10.0
1233	-1.032215	133.323437	0.013949	9.1
1234	-1.437198	133.263508	0.019208	8.4
1235	-0.208603	133.203650	0.005837	7.6
1236	-0.338399	133.143864	0.005181	9.9
1237	-0.043148	133.084149	0.001278	9.4
1238	-0.310497	133.024506	0.004561	7.7
1239	-0.712276	132.964934	0.007785	9.6
1240	-1.134713	132.905433	0.010925	8.4
1241	-0.710010	132.846003	0.007061	11.5
1242	-1.349911	132.786643	0.010742	9.6
1243	-0.059242	132.727355	0.002949	8.4
1244	-0.030169	132.668137	0.001732	8.6
1245	-1.480410	132.608989	0.005349	9.0
1246	-0.531340	132.549912	0.017600	10.4
1247	-0.000000	132.490904	0.000000	8.9
1248	-0.267608	132.431967	0.002804	8.4
1249	-1.583979	132.373100	0.004923	7.5
1250	-1.656167	132.314302	0.017040	8.8
1251	-0.000008	132.255574	0.000002	11.6
1252	-1.409193	132.196916	0.004051	7.3
1253	-0.339538	132.138326	0.009703	7.5
1254	-0.436174	132.079806	0.006147	7.8
1255	-1.226862	132.021355	0.011334	10.7
1256	-1.263271	131.962973	0.012687	8.9
1257	-1.394309	131.904660	0.006961	9.7
1258	-1.410543	131.846415	0.006375	7.6
1259	-0.597312	131.788239	0.011576	8.3
1260	-1.331626	131.730131	0.006015	11.5
1261	-1.166437	131.672092	0.011928	7.6
1262	-0.000000	131.614121	0.000000	9.3
1263	-1.164781	131.556217	0.009442	7.7
1264	-0.955317	131.498382	0.014122	8.4
1265	-1.337876	131.440614	0.009554	11.6
1266	-0.975006	131.382914	0.011525	9.5
1267	-1.529254	131.325282	0.009985	8.6
1268	-1.296646	131.267717	0.006464	7.6
1269	-1.651822	131.210219	0.009384	7.7
1270	-0.087061	131.152788	0.002204	13.5
1271	-1.342901	131.095424	0.017365	9.5
1272	-0.652322	131.038127	0.016606	7.4
1273	-1.148110	130.980897	0.011985	8.6
1274	-1.032408	130.923733	0.008529	8.7
1275	-0.121161	130.866636	0.003845	10.5
1276	-1.191169	130.809605	0.006945	8.0
1277	-0.794552	130.752641	0.011561	9.3
1278	-1.473280	130.695742	0.007287	7.6
1279	-0.559691	130.638910	0.016066	10.2
1280	-1.590657	130.582143	0.004690	9.4
1281	-1.447643	130.525442	0.009301	7.6
1282	-1.573067	130.468807	0.009938	7.6
1283	-1.471552	130.412237	0.015351	7.6
1284	-0.467588	130.355733	0.004187	10.9
1285	-1.435568	130.299294	0.005887	7.5
1286	-1.347115	130.242920	0.007885	9.4
1287	-0.551820	130.186611	0.021323	7.6
1288	-0.015500	130.130366	0.000638	8.1
1289	-0.589743	130.074187	0.007287	12.0
1290	-0.006677	130.018072	0.000337	9.2
1291	-0.890722	129.962022	0.011413	7.6
1292	-0.741307	129.906036	0.007587	9.1
1293	-0.768858	129.850114	0.009051	7.6
1294	-0.256624	129.794257	0.004156	12.6
1295	-0.609602	129.738463	0.005627	8.7
1296	-0.112643	129.682734	0.002420	7.4
1297	-1.434034	129.627068	0.005829	7.5
1298	-1.027097	129.571466	0.017457	8.7
1299	-0.787785	129.515927	0.015890	12.0
1300	-0.657817	129.460452	0.006990	7.4
1301	-0.602436	129.405040	0.014018	9.0
1302	-0.000361	129.349692	0.000079	7.2
1303	-0.000000	129.294406	0.000000	9.5
1304	-0.000089	129.239183	0.000019	12.3
1305	-1.182949	129.184024	0.007873	7.5
1306	-0.202140	129.128927	0.005162	8.2
1307	-0.000000	129.073892	0.000000	6.9
1308	-1.551916	129.018921	0.013182	9.1
1309	-0.359410	128.964011	0.003773	10.2
1310	-1.457590	128.909164	0.008630	8.9
1311	-1.022126	128.854379	0.006473	7.7
1312	-0.000000	128.799656	0.000000	7.6
1313	-1.404927	128.744995	0.009126	9.9
1314	-1.462258	128.690396	0.016511	9.7
1315	-1.391981	128.635858	0.010147	7.8
1316	-0.366978	128.581382	0.004646	7.6
1317	-1.268521	128.526968	0.011757	8.4
1318	-0.058141	128.472615	0.002272	12.9
1319	-1.176896	128.418323	0.011657	9.9
1320	-0.000000	128.364092	0.000000	7.3
1321	-0.000000	128.309922	0.000000	8.2
1322	-1.668274	128.255814	0.011321	7.4
1323	-1.176339	128.201766	0.009558	11.0
1324	-1.468866	128.147778	0.007757	7.6
1325	-1.064958	128.093852	0.006917	9.5
1326	-1.024268	128.039985	0.006596	7.6
1327	-0.955883	127.986180	0.006464	8.5
1328	-1.295286	127.932434	0.016103	13.0
1329	-0.324023	127.878749	0.015312	8.1
1330	-0.576592	127.825123	0.016928	8.4
1331	-0.000000	127.771558	0.000000	7.1
1332	-0.327644	127.718052	0.007415	8.4
1333	-0.836458	127.664606	0.007910	10.8
1334	-0.104924	127.611220	0.001757	9.4
1335	-1.241182	127.557893	0.011848	7.5
1336	-1.380435	127.504625	0.011301	8.5
1337	-1.496805	127.451417	0.002424	7.5
1338	-1.011614	127.398268	0.011474	11.2
1339	-0.990214	127.345178	0.008224	7.6
1340	-0.941086	127.292147	0.007145	9.1
1341	-1.024899	127.239175	0.007725	7.6
1342	-1.599464	127.186261	0.006608	8.2
1343	-0.444610	127.133407	0.017635	12.1
1344	-0.549654	127.080610	0.018101	7.4
1345	-0.309761	127.027872	0.006443	9.4
1346	-0.542338	126.975193	0.004602	7.6
1347	-1.396213	126.922572	0.006448	8.1
1348	-1.429601	126.870008	0.010732	11.3
1349	-0.709301	126.817503	0.005842	9.9
1350	-0.000001	126.765056	0.000000	7.0
1351	0.000000	126.712667	0.000000	13.0
1352	-0.869427	126.660335	0.010585	14.9
1353	-0.097600	126.608061	0.002190	14.7
1354	-0.000000	126.555844	0.000000	13.7
1355	-0.733462	126.503685	0.012451	14.6
1356	-1.422391	126.451583	0.008246	13.5
1357	-0.384803	126.399538	0.006684	11.3
1358	-1.148075	126.347550	0.008246	9.4
1359	-0.000454	126.295619	0.000089	7.4
1360	-0.833956	126.243745	0.004392	7.7
1361	-0.000031	126.191928	0.000008	10.3
1362	-0.156343	126.140168	0.004840	11.1
1363	-0.835099	126.088464	0.015779	7.8
1364	-0.706645	126.036817	0.008055	9.7
1365	-0.923219	125.985226	0.009265	10.4
1366	-1.657391	125.933691	0.008928	9.4
1367	-0.829379	125.882212	0.010823	9.7
1368	-0.424150	125.830790	0.008375	7.8
1369	-0.000009	125.779423	0.000002	9.4
1370	-1.444567	125.728113	0.013074	11.2
1371	-0.166777	125.676858	0.003313	7.6
1372	-0.000001	125.625659	0.000000	9.5
1373	-0.811845	125.574515	0.007307	7.7
1374	-0.000000	125.523427	0.000000	7.2
1375	-0.582881	125.472394	0.005817	11.1
1376	-0.857552	125.421417	0.006853	9.2
1377	-1.367778	125.370495	0.012967	7.6
1378	-1.484025	125.319628	0.015821	8.2
1379	-0.700144	125.268815	0.006874	7.6
1380	-1.559178	125.218058	0.012473	12.4
1381	-1.088658	125.167356	0.012196	7.7
1382	-1.557823	125.116708	0.007907	9.9
1383	-1.536323	125.066115	0.012350	9.0
1384	-0.000071	125.015576	0.000013	7.4
1385	-1.321209	124.965092	0.011795	12.7
1386	-1.531499	124.914662	0.008335	7.6
1387	-0.647732	124.864287	0.010104	9.5
1388	-0.197528	124.813965	0.004202	7.6
1389	-0.000023	124.763698	0.000004	9.0
1390	-0.372421	124.713485	0.009456	10.9
1391	-1.215022	124.663325	0.014776	8.6
1392	-0.670281	124.613219	0.008280	7.6
1393	-0.487401	124.563167	0.002278	7.5
1394	-1.663815	124.513168	0.010759	10.8
1395	-0.002299	124.463223	0.000256	8.3
1396	-1.679355	124.413332	0.006148	10.1
1397	-0.921918	124.363493	0.021137	8.4
1398	-0.783764	124.313708	0.012750	9.0
1399	-0.605726	124.263976	0.012841	13.6
1400	-0.000000	124.214297	0.000000	7.6
1401	-1.586373	124.164671	0.009248	8.4
1402	-1.230449	124.115097	0.009490	7.5
1403	-0.981807	124.065577	0.011076	9.5
1404	-0.516320	124.016109	0.010623	9.5
1405	-0.984648	123.966693	0.006895	8.8
1406	-1.284151	123.917330	0.003530	7.5
1407	-0.094857	123.868020	0.003414	7.7
1408	-1.526851	123.818762	0.004106	9.7
1409	-1.459971	123.769556	0.007932	10.2
1410	-0.000240	123.720402	0.000048	7.4
1411	-0.643672	123.671300	0.006467	8.1
1412	-1.015343	123.622250	0.005121	7.7
1413	-0.573830	123.573252	0.017243	12.1
1414	-1.552767	123.524305	0.012574	9.1
1415	-0.678769	123.475411	0.020451	8.1
1416	-0.018453	123.426568	0.002362	9.2
1417	-0.322653	123.377776	0.005049	7.5
1418	-0.216135	123.329036	0.006151	11.3
1419	-0.092171	123.280347	0.002360	8.6
1420	-0.338993	123.231709	0.007259	10.0
1421	-1.597640	123.183122	0.010363	7.6
1422	-0.523693	123.134587	0.008263	10.0
1423	-0.115091	123.086102	0.003255	10.1
1424	-0.608431	123.037669	0.008195	7.4
1425	-0.600823	122.989286	0.004562	8.1
1426	-1.543823	122.940954	0.005360	7.5
1427	-1.397096	122.892672	0.012279	12.0
1428	-0.018661	122.844441	0.001703	7.5
1429	-1.168013	122.796261	0.009597	9.1
1430	-0.000000	122.748130	0.000000	7.3
1431	-0.713309	122.700050	0.008467	8.4
1432	-1.291524	122.652021	0.004472	10.9
1433	-0.740837	122.604041	0.016955	7.5
1434	-0.000000	122.556111	0.000000	8.3
1435	-1.452807	122.508232	0.004448	9.1
1436	-0.359427	122.460402	0.006489	7.7
1437	-0.000000	122.412622	0.000000	11.1
1438	-1.066168	122.364891	0.005020	10.0
1439	-0.927362	122.317210	0.013934	7.4
1440	-0.000000	122.269579	0.000000	8.0
1441	-1.390754	122.221997	0.009908	9.1
1442	-0.831694	122.174465	0.005533	12.2
1443	-0.000000	122.126981	0.000000	6.6
1444	-1.399627	122.079547	0.003992	9.6
1445	-1.090580	122.032162	0.009753	7.5
1446	-1.789876	121.984826	0.011220	9.4
1447	-0.006084	121.937539	0.000602	11.7
1448	-0.128186	121.890301	0.002482	7.8
1449	-0.623561	121.843112	0.010363	8.3
1450	-1.103778	121.795971	0.007711	8.5
1451	-0.073300	121.748879	0.002009	10.1
1452	-0.021141	121.701835	0.001025	7.9
1453	-1.160156	121.654840	0.009113	8.5
1454	-0.965855	121.607893	0.014105	8.2
1455	-0.327887	121.560994	0.005533	10.1
1456	-1.139620	121.514144	0.012915	15.5
1457	-0.000336	121.467342	0.000062	8.5
1458	-1.479465	121.420588	0.012737	9.8
1459	-0.000189	121.373882	0.000040	7.7
1460	-1.637883	121.327223	0.014905	12.2
1461	-0.476226	121.280613	0.008547	9.3
1462	-1.146154	121.234050	0.016790	7.6
1463	-1.401348	121.187535	0.010722	8.5
1464	-1.077370	121.141067	0.012814	7.5
1465	-1.031058	121.094647	0.009326	11.8
1466	-0.000000	121.048274	0.000000	7.5
1467	-0.161043	121.001949	0.001721	9.1
1468	-1.195136	120.955671	0.013064	7.6
1469	-0.972311	120.909440	0.011797	7.6
1470	-0.110877	120.863256	0.002116	10.8
1471	-0.906804	120.817119	0.009475	9.5
1472	-1.246492	120.771029	0.013127	8.0
1473	-0.812287	120.724986	0.007221	9.2
1474	-1.410847	120.678990	0.006317	9.1
1475	-0.000000	120.633040	0.000000	11.0
1476	-0.689818	120.587137	0.016812	9.0
1477	-1.411361	120.541281	0.011537	7.5
1478	-1.496170	120.495471	0.014524	8.6
1479	-0.696708	120.449707	0.006331	8.9
1480	-1.049031	120.403990	0.007177	9.9
1481	-1.167505	120.358319	0.004736	7.9
1482	-0.000000	120.312694	0.000000	8.2
1483	-1.552004	120.267115	0.014592	7.5
1484	-0.001886	120.221582	0.000245	9.3
1485	-0.003332	120.176096	0.000312	10.9
1486	-1.017278	120.130655	0.013623	7.3
1487	-1.421774	120.085260	0.010401	7.6
1488	-1.444788	120.039910	0.012991	7.4
1489	-1.506359	119.994606	0.008370	10.5
1490	-1.342445	119.949348	0.015404	8.4
1491	-0.193455	119.904135	0.003788	9.0
1492	-0.000093	119.858968	0.000020	7.4
1493	-0.556577	119.813846	0.007127	8.3
1494	-1.426835	119.768769	0.007641	10.9
1495	-1.013091	119.723738	0.020331	9.1
1496	-1.307661	119.678752	0.006042	7.4
1497	-0.566033	119.633810	0.008286	8.1
1498	-1.118838	119.588914	0.011879	7.4
1499	-0.635477	119.544062	0.004377	11.5
1500	-1.108668	119.499256	0.012981	7.5
1501	-0.003487	119.454494	0.000333	9.1
1502	-1.103370	119.409777	0.010371	7.6
1503	-0.487333	119.365104	0.009245	7.4
1504	-1.253018	119.320476	0.013976	11.5
1505	-0.888411	119.275893	0.009974	7.5
1506	-0.000000	119.231353	0.000000	8.3
1507	-0.545214	119.186859	0.006839	8.9
1508	-1.066606	119.142408	0.008204	8.4
1509	-1.198455	119.098002	0.010120	12.3
1510	-0.000000	119.053639	0.000000	9.3
1511	-1.069728	119.009321	0.011102	7.5
1512	-1.563345	118.965047	0.005572	8.4
1513	-1.094460	118.920816	0.015829	8.9
1514	-0.000000	118.876630	0.000000	9.9
1515	-1.168906	118.832487	0.010678	9.0
1516	-0.466244	118.788388	0.005826	8.0
1517	-0.316109	118.744332	0.010275	7.4
1518	-1.497857	118.700320	0.015875	9.9
1519	-1.268132	118.656352	0.008216	9.0
1520	-1.118123	118.612427	0.012173	7.4
1521	-0.765618	118.568545	0.016564	7.8
1522	-0.035989	118.524706	0.001321	7.5
1523	-1.550013	118.480911	0.002313	11.0
1524	-1.336919	118.437159	0.008081	8.0
1525	-1.403057	118.393450	0.011148	9.2
1526	-1.034688	118.349784	0.007762	7.6
1527	-1.385438	118.306160	0.010125	8.9
1528	-0.547193	118.262580	0.006347	11.8
1529	-1.472237	118.219042	0.009804	7.6
1530	-0.457684	118.175548	0.004161	7.6
1531	-1.537669	118.132095	0.011655	8.9
1532	-1.481371	118.088686	0.013695	7.5
1533	-1.540941	118.045319	0.005390	10.6
1534	-1.259785	118.001994	0.011805	9.4
1535	-0.010464	117.958712	0.000861	7.5
1536	-1.247747	117.915472	0.007996	7.4
1537	-1.180128	117.872274	0.006324	7.5
1538	-0.036975	117.829118	0.000937	11.1
1539	-0.594860	117.786005	0.006613	7.9
1540	-0.733770	117.742933	0.017597	9.1
1541	-1.065763	117.699904	0.008880	7.4
1542	-1.372229	117.656916	0.008621	8.2
1543	-0.225474	117.613971	0.005154	11.2
1544	-1.463809	117.571067	0.011783	9.0
1545	-1.316518	117.528205	0.004337	7.5
1546	-0.464002	117.485384	0.006292	8.5
1547	-1.598837	117.442605	0.010048	7.5
1548	-0.000909	117.399867	0.000162	12.0
1549	-1.164363	117.357171	0.009504	8.9
1550	-0.888636	117.314517	0.014171	7.9
1551	-0.846749	117.271903	0.014310	7.5
1552	-0.733374	117.229331	0.016638	7.5
1553	-0.003853	117.186800	0.000343	11.6
1554	-1.428298	117.144311	0.008988	7.4
1555	-0.042331	117.101862	0.002736	8.4
1556	-1.329914	117.059454	0.011778	7.4
1557	-1.441858	117.017087	0.002775	7.7
1558	-0.800678	116.974762	0.009089	9.9
1559	-0.234864	116.932476	0.003305	8.9
1560	-0.278140	116.890232	0.008423	7.4
1561	-0.648264	116.848028	0.009652	8.1
1562	-0.000001	116.805865	0.000000	6.8
1563	-0.251434	116.763743	0.003143	10.2
1564	-0.232311	116.721661	0.003895	7.9
1565	-0.233183	116.679619	0.002394	8.9
1566	-0.726250	116.637618	0.009832	7.4
1567	-0.763836	116.595657	0.009569	7.5
1568	-1.410437	116.553736	0.010323	10.2
1569	-1.340064	116.511855	0.011015	9.2
1570	-1.555908	116.470015	0.013286	7.5
1571	-0.000000	116.428214	0.000000	8.2
1572	-1.500126	116.386454	0.007135	7.5
1573	-0.727353	116.344733	0.003787	11.9
1574	-0.909570	116.303052	0.005478	7.4
1575	-1.436970	116.261412	0.002254	9.2
1576	-0.086146	116.219810	0.001440	7.6
1577	-1.375358	116.178249	0.003541	8.2
1578	-0.000014	116.136727	0.000003	11.5
1579	-0.307620	116.095245	0.003090	7.5
1580	-0.573175	116.053802	0.003862	8.8
1581	-0.673659	116.012398	0.009172	7.8
1582	-1.487527	115.971034	0.013671	7.5
1583	-1.512299	115.929710	0.011738	10.8
1584	-1.348416	115.888424	0.010857	8.8
1585	-1.414328	115.847178	0.009343	7.5
1586	-0.282078	115.805970	0.006847	7.5
1587	-0.000000	115.764802	0.000000	7.5
1588	-0.000000	115.723673	0.000000	10.7
1589	-1.049917	115.682583	0.013695	7.6
1590	-0.438794	115.641532	0.004208	8.9
1591	-0.946750	115.600519	0.008946	7.5
1592	-1.571273	115.559546	0.009748	8.2
1593	-0.001239	115.518610	0.000158	10.4
1594	-0.624894	115.477714	0.020442	7.7
1595	-1.288984	115.436856	0.009351	7.5
1596	-0.942074	115.396037	0.014958	9.0
1597	-0.117661	115.355256	0.004617	7.5
1598	-0.277410	115.314514	0.003641	10.6
1599	-1.620108	115.273810	0.008567	7.6
1600	-0.000000	115.233144	0.000000	8.6
1601	-0.116071	115.192517	0.002713	7.4
1602	-1.384635	115.151927	0.012750	7.5
1603	-0.000000	115.111376	0.000000	9.6
1604	-1.271117	115.070863	0.013055	9.8
1605	-1.634113	115.030388	0.008878	9.1
1606	-0.000006	114.989951	0.000002	7.9
1607	-0.855115	114.949551	0.008169	8.4
1608	-0.321655	114.909190	0.006397	11.1
1609	-1.162101	114.868866	0.007868	9.0
1610	-1.676786	114.828580	0.007749	7.4
1611	-0.928505	114.788332	0.009151	8.3
1612	-1.353017	114.748121	0.004932	7.3
1613	-1.511624	114.707948	0.011215	11.0
1614	-1.242493	114.667812	0.007722	7.4
1615	-0.397918	114.627714	0.006547	9.0
1616	-1.249509	114.587653	0.013319	7.5
1617	-0.991987	114.547629	0.008160	7.6
1618	-0.356906	114.507643	0.004485	11.5
1619	-1.337854	114.467693	0.014286	7.6
1620	-0.000000	114.427781	0.000000	7.6
1621	-0.000255	114.387907	0.000052	9.4
1622	-1.529773	114.348069	0.010947	8.4
1623	-1.399392	114.308268	0.007394	13.1
1624	-1.397711	114.268504	0.006880	9.2
1625	-0.670740	114.228777	0.009588	7.7
1626	-1.542172	114.189086	0.006141	8.5
1627	-1.081738	114.149433	0.014091	9.1
1628	-1.063702	114.109816	0.007898	9.7
1629	-0.004450	114.070235	0.000635	9.2
1630	-1.248524	114.030692	0.015848	8.1
1631	-0.000000	113.991185	0.000000	7.4
1632	-0.471592	113.951714	0.006502	10.1
1633	-0.299746	113.912280	0.013730	9.1
1634	-0.139399	113.872882	0.002415	7.4
1635	-1.069091	113.833521	0.008507	8.2
1636	-0.000000	113.794195	0.000000	7.3
1637	-0.325109	113.754906	0.005937	12.0
1638	-1.052988	113.715653	0.012675	7.5
1639	-0.764867	113.676437	0.003604	9.3
1640	-1.362281	113.637256	0.014196	7.4
1641	-1.639427	113.598111	0.004828	8.1
1642	-0.000002	113.559002	0.000001	12.0
1643	-0.000001	113.519929	0.000000	7.4
1644	-1.231601	113.480892	0.012394	7.8
1645	-0.938543	113.441891	0.012856	8.7
1646	-1.501694	113.402925	0.009733	7.5
1647	-0.000084	113.363995	0.000016	10.9
1648	-0.701891	113.325101	0.003054	9.4
1649	-1.358783	113.286242	0.012023	7.5
1650	-0.893373	113.247419	0.010073	7.5
1651	-1.435967	113.208631	0.011435	7.5
1652	-1.473129	113.169879	0.010511	11.4
1653	-1.500296	113.131162	0.014104	7.4
1654	-0.580683	113.092480	0.006712	9.4
1655	-0.457515	113.053833	0.007916	7.4
1656	-0.782239	113.015222	0.004486	8.2
1657	-0.872959	112.976646	0.012688	11.1
1658	-0.713575	112.938105	0.005843	9.1
1659	-1.115374	112.899599	0.012273	7.7
1660	-1.405400	112.861128	0.008329	8.7
1661	-0.029876	112.822692	0.001031	8.1
1662	-0.014432	112.784291	0.000623	12.2
1663	-0.000000	112.745924	0.000000	8.8
1664	-1.404546	112.707593	0.004863	7.5
1665	-0.405051	112.669296	0.003322	7.7
1666	-1.285843	112.631034	0.010023	7.9
1667	-1.369548	112.592806	0.011581	12.4
1668	-1.726658	112.554613	0.010226	7.4
1669	-0.000006	112.516455	0.000002	8.5
1670	-0.341632	112.478331	0.005708	7.4
1671	-0.044577	112.440241	0.001787	8.2
1672	-1.041662	112.402186	0.017430	12.3
1673	-0.000082	112.364165	0.000018	8.2
1674	-0.000000	112.326179	0.000000	8.4
1675	-1.541356	112.288227	0.010459	8.0
1676	-1.428728	112.250309	0.005441	9.2
1677	-0.795655	112.212425	0.007809	9.3
1678	-1.675085	112.174575	0.014222	8.6
1679	-0.340621	112.136759	0.002454	7.4
1680	-1.314075	112.098977	0.012565	7.5
1681	-1.110687	112.061229	0.009274	8.9
1682	-0.812536	112.023515	0.007501	11.5
1683	-0.000000	111.985834	0.000000	7.4
1684	-0.515158	111.948188	0.004697	7.6
1685	-1.475189	111.910575	0.008690	7.7
1686	-1.159631	111.872996	0.008337	10.3
1687	-1.157848	111.835450	0.007803	10.1
1688	-1.332759	111.797939	0.008347	9.1
1689	-0.417585	111.760460	0.004825	7.6
1690	-0.000000	111.723015	0.000000	8.3
1691	-0.446695	111.685604	0.005671	11.6
1692	-0.081969	111.648226	0.001683	7.3
1693	-0.001377	111.610881	0.000071	9.0
1694	-1.640882	111.573570	0.013581	7.6
1695	-0.311100	111.536292	0.003870	7.4
1696	-0.727718	111.499047	0.006318	10.1
1697	-1.617403	111.461835	0.011674	9.5
1698	-0.000004	111.424656	0.000001	7.4
1699	-0.007759	111.387510	0.000920	7.5
1700	-0.474435	111.350398	0.009834	7.4
1701	-1.173333	111.313318	0.009309	10.9
1702	-0.244757	111.276271	0.004270	7.8
1703	-0.011294	111.239257	0.000534	8.7
1704	-0.375212	111.202276	0.003011	7.3
1705	-1.013459	111.165328	0.014117	8.4
1706	-1.508296	111.128412	0.010824	11.3
1707	-1.148084	111.091529	0.005923	7.5
1708	-0.747138	111.054679	0.006230	7.4
1709	-1.389122	111.017861	0.012891	9.2
1710	-0.918993	110.981076	0.008167	7.3
1711	-1.622440	110.944323	0.011507	10.5
1712	-0.000000	110.907603	0.000000	7.7
1713	-0.000000	110.870915	0.000000	8.4
1714	-0.466404	110.834259	0.007962	7.5
1715	-1.505815	110.797636	0.004979	7.5
1716	-0.000000	110.761045	0.000000	11.8
1717	-0.943169	110.724486	0.010442	7.9
1718	-1.526255	110.687959	0.005723	9.1
1719	-1.119570	110.651465	0.008924	7.4
1720	-1.047376	110.615002	0.007673	8.5
1721	-0.521140	110.578572	0.010922	11.4
1722	-1.537077	110.542173	0.010262	9.4
1723	-0.000000	110.505807	0.000000	7.5
1724	-0.721953	110.469472	0.009594	8.4
1725	-0.027539	110.433169	0.002048	7.4
1726	-1.200670	110.396898	0.012289	11.6
1727	-0.702223	110.360659	0.016517	8.9
1728	-0.011882	110.324451	0.000431	8.2
1729	-1.444312	110.288276	0.011699	7.6
1730	-0.306271	110.252131	0.003370	7.5
1731	-0.253665	110.216019	0.011070	11.5
1732	-0.324114	110.179937	0.006867	7.6
1733	-1.269574	110.143888	0.007553	9.9
1734	-0.733083	110.107869	0.008204	7.6
1735	-1.180522	110.071882	0.011724	8.8
1736	-0.621264	110.035927	0.005646	12.7
1737	-0.343620	110.000003	0.004859	7.5
1738	-0.576797	109.964110	0.007925	8.7
1739	-1.385510	109.928248	0.004117	8.2
1740	-1.396126	109.892417	0.010867	8.4
1741	-0.873504	109.856618	0.003928	10.7
1742	-0.966661	109.820850	0.007143	9.0
1743	-0.896481	109.785112	0.025055	7.5
1744	-1.107962	109.749406	0.009504	7.6
1745	-0.971657	109.713730	0.010644	8.6
1746	-1.472432	109.678086	0.009245	11.0
1747	-0.017534	109.642472	0.000641	7.5
1748	-1.452897	109.606890	0.011323	9.2
1749	-0.477326	109.571337	0.006465	7.5
1750	-0.832133	109.535816	0.017317	10.0
1751	-0.000000	109.500326	0.000000	10.8
1752	-0.453300	109.464866	0.007208	7.4
1753	-0.000000	109.429436	0.000000	8.6
1754	-0.001635	109.394038	0.000226	7.5
1755	-1.350416	109.358669	0.013138	11.0
1756	-1.098959	109.323331	0.009235	7.5
1757	-1.490979	109.288024	0.012251	9.0
1758	-0.000169	109.252747	0.000040	7.3
1759	-0.891918	109.217501	0.008534	7.5
1760	-1.532296	109.182284	0.003159	10.9
1761	-0.673432	109.147098	0.005519	9.7
1762	-1.324299	109.111942	0.011548	7.5
1763	-0.000038	109.076817	0.000009	7.4
1764	-0.706170	109.041721	0.009617	8.3
1765	-1.644798	109.006656	0.013437	12.3
1766	-1.318596	108.971620	0.004830	9.2
1767	-1.086895	108.936615	0.008451	8.3
1768	-0.911231	108.901640	0.010379	8.5
1769	-1.428492	108.866694	0.013117	7.6
1770	-1.676389	108.831779	0.015073	12.4
1771	-1.346427	108.796893	0.010620	7.5
1772	-1.474542	108.762037	0.011091	9.1
1773	-0.000000	108.727211	0.000000	7.2
1774	-0.294694	108.692415	0.004388	8.8
1775	-0.000000	108.657648	0.000000	12.7
1776	-0.000000	108.622911	0.000000	7.7
1777	-0.669416	108.588203	0.005060	7.6
1778	-1.373785	108.553525	0.013211	7.6
1779	-0.737045	108.518877	0.007283	10.6
1780	-0.073753	108.484258	0.002213	9.6
1781	-0.853834	108.449668	0.014533	9.6
1782	-0.440586	108.415108	0.006540	7.4
1783	-1.699754	108.380578	0.014132	7.7
1784	-0.841649	108.346076	0.003916	10.1
1785	-0.022583	108.311604	0.001264	7.8
1786	-1.198793	108.277161	0.011761	7.5
1787	-1.119387	108.242747	0.010146	8.9
1788	-0.960394	108.208363	0.007755	7.7
1789	-1.616579	108.174007	0.016448	10.6
1790	-1.147754	108.139681	0.005509	8.2
1791	-0.180802	108.105383	0.003763	8.5
1792	-0.607573	108.071115	0.020187	8.4
1793	-0.546324	108.036875	0.006052	7.4
1794	-0.000000	108.002665	0.000000	13.4
1795	-0.636855	107.968483	0.009678	7.5
1796	-0.000696	107.934330	0.000111	9.1
1797	-0.000000	107.900206	0.000000	7.1
1798	-0.159050	107.866111	0.002184	9.0
1799	-0.260947	107.832044	0.003826	12.2
1800	-1.490389	107.798007	0.005880	8.6
1801	-1.475307	107.763997	0.004710	8.3
1802	-0.695523	107.730017	0.013539	7.4
1803	-0.166736	107.696065	0.003201	9.4
1804	-0.000001	107.662141	0.000000	8.7
1805	-1.190547	107.628246	0.009124	8.6
1806	-1.607007	107.594379	0.011098	7.5
1807	-0.660821	107.560541	0.010293	7.4
1808	-1.559096	107.526731	0.012078	8.9
1809	-1.284829	107.492949	0.011788	11.1
1810	-1.097014	107.459196	0.006508	7.5
1811	-0.000247	107.425471	0.000046	7.9
1812	-0.000019	107.391774	0.000004	7.5
1813	-1.574605	107.358106	0.007253	10.7
1814	-0.206658	107.324465	0.002953	8.6
1815	-1.147539	107.290853	0.012905	9.5
1816	-0.306180	107.257268	0.003176	7.6
1817	-0.743741	107.223712	0.006506	8.3
1818	-1.574528	107.190184	0.008024	11.4
1819	-0.000608	107.156683	0.000079	7.6
1820	-0.026641	107.123211	0.000796	9.3
1821	-1.040637	107.089766	0.006873	7.8
1822	-1.135807	107.056349	0.019952	7.7
1823	-1.232611	107.022960	0.016400	11.4
1824	-1.091629	106.989599	0.011818	10.0
1825	-0.901882	106.956265	0.006641	7.7
1826	-1.448010	106.922960	0.004080	7.5
1827	-1.428751	106.889681	0.005246	7.4
1828	-1.292753	106.856431	0.005002	12.3
1829	-0.033298	106.823208	0.002617	8.9
1830	-0.884399	106.790012	0.008709	8.2
1831	-0.496731	106.756844	0.004542	8.6
1832	-1.357410	106.723703	0.010917	8.0
1833	-0.036058	106.690590	0.001817	12.1
1834	-0.107893	106.657505	0.003751	8.4
1835	-1.070838	106.624446	0.020359	9.2
1836	-1.402187	106.591415	0.015172	7.5
1837	-1.370331	106.558411	0.010685	8.9
1838	-0.009270	106.525435	0.000548	12.3
1839	-1.641486	106.492485	0.013475	7.5
1840	-1.454344	106.459563	0.007235	7.6
1841	-0.004697	106.426668	0.000303	7.3
1842	-0.528182	106.393800	0.006682	10.8
1843	-0.835742	106.360959	0.006777	8.3
1844	-0.058290	106.328145	0.002639	9.6
1845	-0.494009	106.295358	0.005441	7.5
1846	-1.397469	106.262598	0.012218	8.4
1847	-1.404883	106.229865	0.003477	11.2
1848	-0.520098	106.197158	0.010198	9.3
1849	-0.727163	106.164479	0.010768	7.4
1850	-1.081789	106.131826	0.017507	8.4
1851	-0.369704	106.099201	0.005112	8.6
1852	-1.286911	106.066602	0.011776	12.6
1853	-1.383951	106.034029	0.010411	9.0
1854	-0.431973	106.001483	0.004345	7.6
1855	-0.421548	105.968964	0.004339	7.6
1856	-0.239715	105.936472	0.004182	8.2
1857	-1.229193	105.904006	0.005525	11.3
1858	-0.866963	105.871566	0.012708	7.7
1859	-0.918708	105.839153	0.013789	9.8
1860	-0.434517	105.806767	0.005370	7.6
1861	-0.608808	105.774407	0.016601	10.8
1862	-1.474598	105.742073	0.008798	9.3
1863	-1.138254	105.709766	0.007539	7.5
1864	-0.618245	105.677485	0.006894	8.5
1865	-1.413042	105.645230	0.019918	7.5
1866	-0.351835	105.613001	0.008308	11.5
1867	-0.082354	105.580799	0.003499	7.6
1868	-1.611868	105.548623	0.014972	10.0
1869	-0.000000	105.516473	0.000000	7.6
1870	-0.942231	105.484349	0.024421	7.5
1871	-0.548087	105.452251	0.008072	12.3
1872	-1.176310	105.420179	0.005281	8.4
1873	-1.097985	105.388133	0.010258	7.4
1874	-1.232667	105.356113	0.011423	7.4
1875	-0.941767	105.324119	0.014852	7.7
1876	-1.203216	105.292151	0.005837	11.5
1877	-0.327509	105.260209	0.004320	9.8
1878	-0.852603	105.228293	0.007573	7.5
1879	-1.189211	105.196402	0.006185	8.3
1880	-0.000000	105.164537	0.000000	7.6
1881	-1.450590	105.132698	0.007604	11.8
1882	-1.461158	105.100885	0.011273	7.8
1883	-1.001046	105.069097	0.011299	9.2
1884	-0.014999	105.037335	0.000870	8.3
1885	-0.022282	105.005598	0.001859	8.8
1886	-0.000000	104.973887	0.000000	13.0
1887	-1.001104	104.942202	0.006928	7.9
1888	-0.244980	104.910542	0.003666	11.4
1889	-0.967580	104.878907	0.005726	7.5
1890	-1.375696	104.847298	0.009160	11.5
1891	-1.455157	104.815715	0.005802	9.4
1892	-0.002985	104.784156	0.000223	7.7
1893	-1.196019	104.752623	0.016412	7.7
1894	-1.057571	104.721116	0.010588	7.5
1895	-1.598407	104.689633	0.010763	10.9
1896	-0.074138	104.658176	0.002617	7.5
1897	-0.424058	104.626744	0.003959	8.9
1898	-0.000000	104.595337	0.000000	7.0
1899	-0.303538	104.563955	0.005834	7.5
1900	-1.573781	104.532599	0.003703	10.1
1901	-0.148651	104.501267	0.003886	9.1
1902	-1.094264	104.469960	0.009228	7.6
1903	-1.090862	104.438679	0.009047	8.2
1904	-1.201035	104.407422	0.017728	7.7
1905	-0.000000	104.376191	0.000000	11.8
1906	-0.737256	104.344984	0.006828	7.6
1907	-1.184304	104.313802	0.014061	10.0
1908	-0.593603	104.282645	0.009436	7.7
1909	-1.354386	104.251513	0.010708	8.7
1910	-1.389275	104.220405	0.007890	12.6
1911	-0.374988	104.189323	0.011821	7.6
1912	-0.424544	104.158265	0.008468	9.3
1913	-0.000000	104.127231	0.000000	7.6
1914	-1.199325	104.096222	0.014253	8.9
1915	-1.654107	104.065238	0.007355	10.4
1916	-0.476487	104.034279	0.011149	9.1
1917	-0.000000	104.003344	0.000000	7.3
1918	-1.248189	103.972433	0.009267	7.6
1919	-0.141024	103.941547	0.003157	11.0
1920	-0.000027	103.910686	0.000006	7.5
1921	-1.228014	103.879849	0.010596	7.7
1922	-0.431891	103.849036	0.004201	9.3
1923	-0.000859	103.818248	0.000141	8.7
1924	-1.395747	103.787484	0.013008	11.6
1925	-0.381278	103.756744	0.003258	8.9
1926	-1.566428	103.726029	0.010012	8.3
1927	-0.792762	103.695338	0.013814	8.7
1928	-1.104574	103.664671	0.007794	7.5
1929	-0.355468	103.634028	0.005641	11.8
1930	-0.671850	103.603409	0.006639	9.0
1931	-0.402987	103.572814	0.009957	8.2
1932	-0.000000	103.542244	0.000000	7.6
1933	-1.508723	103.511698	0.011961	7.5
1934	-1.252873	103.481175	0.006546	11.5
1935	-1.372628	103.450677	0.018857	7.6
1936	-0.764920	103.420202	0.007257	9.3
1937	-1.186263	103.389752	0.005686	7.8
1938	-1.579409	103.359325	0.010717	8.4
1939	-1.341205	103.328922	0.004165	11.4
1940	0.000000	103.298543	0.000000	9.5
1941	-0.066981	103.268188	0.001201	7.5
1942	-0.170250	103.237857	0.003246	8.1
1943	-1.393099	103.207549	0.005010	7.9
1944	-0.322936	103.177265	0.013257	11.2
1945	-0.792577	103.147005	0.004970	9.1
1946	-1.393273	103.116768	0.012790	7.5
1947	-1.624116	103.086556	0.014636	9.0
1948	-0.000000	103.056366	0.000000	7.4
1949	-1.043990	103.026200	0.009397	11.7
1950	-0.675358	102.996058	0.018825	7.6
1951	-1.401054	102.965939	0.010153	9.2
1952	-0.230191	102.935844	0.002362	7.6
1953	-0.955930	102.905772	0.008065	8.7
1954	-1.027799	102.875724	0.007458	11.9
1955	-1.387322	102.845699	0.016712	7.7
1956	-1.379302	102.815697	0.017449	7.7
1957	-0.004920	102.785719	0.000730	9.6
1958	-1.399253	102.755764	0.011036	7.6
1959	-1.595297	102.725832	0.005980	10.9
1960	-1.302866	102.695924	0.012133	9.0
1961	-1.272233	102.666038	0.003302	7.8
1962	-1.288531	102.636176	0.012640	7.6
1963	-1.189045	102.606337	0.020182	7.5
1964	-0.751798	102.576521	0.010856	11.0
1965	-0.465157	102.546728	0.005383	7.8
1966	-1.433697	102.516959	0.006989	9.5
1967	-1.249804	102.487212	0.014017	7.6
1968	-1.405201	102.457488	0.007778	8.6
1969	-0.000000	102.427788	0.000000	10.6
1970	-0.403354	102.398110	0.003848	7.6
1971	-1.421075	102.368455	0.008571	8.0
1972	-0.036766	102.338823	0.001370	8.8
1973	-1.344504	102.309214	0.012695	7.9
1974	-0.252679	102.279628	0.003142	10.9
1975	-0.612597	102.250064	0.008612	8.1
1976	-1.441519	102.220524	0.009270	8.5
1977	-1.500048	102.191006	0.017743	7.5
1978	-1.306509	102.161511	0.013806	8.2
1979	-0.000000	102.132038	0.000000	11.9
1980	-0.965671	102.102588	0.010412	7.5
1981	-1.135608	102.073161	0.007872	9.0
1982	-1.339216	102.043757	0.007176	7.5
1983	-1.032301	102.014375	0.005545	8.8
1984	-0.000000	101.985015	0.000000	12.0
1985	-1.319348	101.955678	0.006096	8.7
1986	-0.000000	101.926364	0.000000	8.9
1987	-1.486771	101.897072	0.015615	7.5
1988	-0.000000	101.867802	0.000000	7.6
1989	-1.234827	101.838555	0.004910	11.4
1990	-1.435399	101.809330	0.017606	9.0
1991	-0.001611	101.780128	0.000276	7.5
1992	-1.578559	101.750948	0.008899	7.6
1993	-1.302856	101.721790	0.010035	7.6
1994	-0.316265	101.692654	0.003124	11.5
1995	-1.658530	101.663541	0.011679	7.9
1996	-1.644385	101.634450	0.012575	10.2
1997	-0.000003	101.605381	0.000001	7.1
1998	-1.369205	101.576335	0.011590	8.6
1999	-0.564631	101.547310	0.010484	13.7
