1:ItNr	2:Metric	3:StepSize	4:||Gradient||	Time[ms]
0	-0.724078	627.201626	0.018983	1235.6
1	-1.078160	623.504937	0.019475	7.5
2	-1.148821	619.865785	0.029928	8.2
3	-0.595468	616.282728	0.049136	7.5
4	0.000000	612.754375	0.000000	10.8
5	-0.386664	609.279381	0.008470	7.5
6	-0.734982	605.856447	0.012567	10.0
7	0.000000	602.484317	0.000000	7.9
8	0.000000	599.161779	0.000000	8.4
9	-0.503470	595.887656	0.024868	12.6
10	-0.000000	592.660813	0.000000	7.6
11	-0.492643	589.480151	0.010843	9.2
12	-0.757202	586.344606	0.013073	7.6
13	-0.253006	583.253145	0.001891	10.5
14	0.000000	580.204771	0.000000	8.5
15	-0.748731	577.198517	0.017816	9.4
16	-0.954214	574.233444	0.028597	7.7
17	-0.868806	571.308645	0.024697	9.3
18	-0.900580	568.423237	0.029077	10.9
19	-0.495878	565.576365	0.013351	7.6
20	0.000000	562.767201	0.000000	9.8
21	-0.947056	559.994938	0.011277	7.6
22	-0.446906	557.258797	0.011764	8.0
23	-0.035785	554.558018	0.001061	12.9
24	-1.060995	551.891865	0.010991	9.4
25	-0.986368	549.259621	0.016368	7.6
26	-0.658221	546.660592	0.023985	7.6
27	-0.743901	544.094102	0.008320	10.9
28	-0.536870	541.559494	0.004632	7.7
29	-0.343537	539.056129	0.010555	9.4
30	0.000000	536.583387	0.000000	7.5
31	-0.673383	534.140663	0.015905	8.6
32	0.000000	531.727370	0.000000	11.3
33	-0.102780	529.342935	0.003918	9.0
34	-1.020820	526.986802	0.009423	7.6
35	-0.222592	524.658430	0.006889	8.4
36	-0.183884	522.357290	0.006480	7.6
37	0.000000	520.082868	0.000000	11.4
38	-0.012415	517.834665	0.000863	9.7
39	-0.960424	515.612193	0.012230	7.5
40	-0.620047	513.414976	0.013227	8.4
41	-0.314580	511.242551	0.005694	7.6
42	-1.002757	509.094468	0.025386	13.2
43	-0.903815	506.970285	0.020314	7.7
44	0.000000	504.869574	0.000000	9.8
45	-0.490352	502.791916	0.016822	8.5
46	-0.323485	500.736903	0.006320	9.7
47	-0.940361	498.704137	0.030045	10.0
48	-0.124398	496.693228	0.006268	7.7
49	0.000000	494.703798	0.000000	8.6
50	0.000000	492.735476	0.000000	7.5
51	0.000000	490.787900	0.000000	10.8
52	-0.544647	488.860718	0.032985	7.6
53	-0.285734	486.953585	0.007606	10.4
54	-0.876713	485.066164	0.011635	7.6
55	-0.250998	483.198126	0.005237	8.5
56	-0.867061	481.349149	0.010263	12.9
57	-0.200979	479.518920	0.007658	7.8
58	-0.844279	477.707132	0.030517	7.9
59	-0.505708	475.913485	0.004978	7.8
60	-0.934554	474.137684	0.016679	11.4
61	-0.598379	472.379445	0.011749	8.1
62	0.000000	470.638485	0.000000	9.2
63	-0.286828	468.914531	0.005482	7.7
64	-0.528217	467.207315	0.011029	8.3
65	-0.846837	465.516573	0.029304	11.5
66	0.000000	463.842050	0.000000	7.6
67	-0.855620	462.183494	0.010787	9.2
68	-0.636100	460.540658	0.010120	7.9
69	-0.630416	458.913303	0.009915	7.6
70	-0.473915	457.301192	0.011497	11.7
71	-0.286874	455.704096	0.004172	9.8
72	0.000000	454.121787	0.000000	7.6
73	-1.009388	452.554045	0.028763	7.5
74	-0.696925	451.000653	0.024165	8.2
75	-0.738585	449.461399	0.016793	13.3
76	-0.000005	447.936075	0.000002	10.2
77	-0.772327	446.424477	0.013889	7.8
78	-0.017334	444.926406	0.000590	8.8
79	-0.644556	443.441666	0.008541	10.3
80	-0.805266	441.970065	0.006102	8.3
81	-0.641123	440.511415	0.011215	7.7
82	-0.701547	439.065533	0.042289	9.7
83	-0.487857	437.632238	0.009820	7.6
84	-0.374656	436.211351	0.003915	12.1
85	-0.000000	434.802701	0.000000	9.3
86	-0.751994	433.406117	0.010642	7.6
87	-0.068744	432.021430	0.004842	8.5
88	-0.000009	430.648479	0.000009	8.1
89	0.000000	429.287101	0.000000	12.2
90	-0.892143	427.937140	0.011441	9.9
91	-0.172136	426.598440	0.001634	8.4
92	-0.623075	425.270849	0.022175	8.7
93	-0.079310	423.954220	0.003813	10.2
94	-0.635521	422.648404	0.010386	10.0
95	-0.055311	421.353259	0.003595	7.5
96	-0.039546	420.068643	0.002617	8.5
97	-0.030665	418.794419	0.000867	7.4
98	-0.000000	417.530451	0.000000	11.6
99	-0.522725	416.276604	0.010177	7.7
100	-1.018124	415.032748	0.013870	9.0
101	-1.035627	413.798754	0.017689	7.7
102	0.000000	412.574495	0.000000	7.9
103	-0.598486	411.359849	0.015283	11.7
104	-0.898445	410.154691	0.034954	7.5
105	-0.534822	408.958904	0.009889	9.3
106	-0.490093	407.772368	0.009857	7.6
107	-0.638922	406.594968	0.010238	8.2
108	-0.870407	405.426590	0.015924	11.4
109	-0.000000	404.267122	0.000000	9.9
110	-0.532700	403.116456	0.010596	9.6
111	-1.066499	401.974481	0.008026	7.5
112	0.000000	400.841093	0.000000	7.7
113	-0.982064	399.716187	0.025385	12.5
114	-0.074285	398.599660	0.001907	9.7
115	0.000000	397.491411	0.000000	7.0
116	0.000000	396.391342	0.000000	7.9
117	-0.205936	395.299353	0.003223	9.6
118	-0.812146	394.215350	0.019275	11.9
119	-0.108566	393.139238	0.004928	9.3
120	-0.863586	392.070924	0.016561	7.9
121	-0.758800	391.010316	0.020475	8.6
122	-0.000214	389.957325	0.000046	11.2
123	-0.974416	388.911862	0.034954	9.8
124	-0.530979	387.873839	0.009180	7.8
125	-0.841025	386.843173	0.009343	8.7
126	-0.000000	385.819777	0.000000	9.0
127	-0.924790	384.803569	0.022640	11.6
128	-0.726231	383.794468	0.020967	9.4
129	-0.651456	382.792393	0.010041	7.6
130	-0.980697	381.797264	0.019489	7.7
131	-0.220473	380.809005	0.007638	8.9
132	-0.864320	379.827537	0.009177	11.5
133	-0.000924	378.852786	0.000249	7.6
134	-1.064097	377.884678	0.031094	10.3
135	-0.560623	376.923138	0.010520	8.8
136	-0.703991	375.968095	0.008536	11.3
137	-0.516374	375.019479	0.008862	9.6
138	-0.616955	374.077218	0.014844	7.5
139	-0.738569	373.141244	0.009573	8.6
140	-0.099022	372.211489	0.002416	7.5
141	-0.973679	371.287887	0.009781	11.7
142	-0.611029	370.370370	0.014827	7.7
143	-0.372324	369.458876	0.002659	9.1
144	0.000000	368.553338	0.000000	7.5
145	-1.021199	367.653696	0.021989	7.5
146	-0.960121	366.759885	0.018184	12.1
147	-0.550823	365.871846	0.011416	8.4
148	-0.000221	364.989518	0.000059	9.0
149	-0.565466	364.112841	0.031613	7.8
150	0.000000	363.241757	0.000000	8.5
151	-0.452139	362.376208	0.010139	14.3
152	-0.019976	361.516137	0.002132	8.7
153	-0.431999	360.661488	0.009559	8.4
154	-0.592978	359.812206	0.010016	7.8
155	-0.084671	358.968236	0.006122	11.2
156	-0.535631	358.129524	0.005491	8.1
157	-0.451572	357.296018	0.009336	9.4
158	0.000000	356.467665	0.000000	7.9
159	-0.667554	355.644414	0.008535	7.6
160	-0.861461	354.826213	0.014713	11.3
161	-1.123272	354.013012	0.018904	9.2
162	0.000000	353.204763	0.000000	7.8
163	-0.788118	352.401415	0.009062	7.8
164	0.000000	351.602922	0.000000	7.5
165	-0.000000	350.809235	0.000000	12.1
166	-0.284744	350.020308	0.008901	9.2
167	-0.947033	349.236095	0.016466	8.0
168	-0.714942	348.456550	0.009310	7.9
169	0.000000	347.681627	0.000000	7.6
170	-0.798581	346.911283	0.031477	12.0
171	-0.738178	346.145474	0.013743	7.5
172	-0.311198	345.384157	0.004369	9.7
173	-1.040024	344.627288	0.017723	7.9
174	-0.958615	343.874826	0.029076	7.8
175	-0.001560	343.126729	0.000391	12.8
176	-0.984114	342.382957	0.007214	7.9
177	0.000000	341.643469	0.000000	8.6
178	-0.167218	340.908224	0.004170	8.2
179	-0.415524	340.177184	0.010425	8.7
180	-0.672204	339.450309	0.006824	13.9
181	0.000000	338.727561	0.000000	8.3
182	-0.088283	338.008902	0.003589	8.4
183	-0.760448	337.294295	0.010874	7.4
184	-0.565923	336.583703	0.007424	9.5
185	-0.981207	335.877089	0.007938	9.6
186	-0.280523	335.174416	0.004782	9.2
187	-1.066251	334.475651	0.022262	7.5
188	-0.670912	333.780756	0.008841	7.5
189	-0.000163	333.089698	0.000118	10.2
190	0.000000	332.402443	0.000000	9.7
191	-0.809616	331.718955	0.021014	7.7
192	-0.675223	331.039203	0.007395	7.6
193	-0.755487	330.363153	0.013475	7.5
194	-0.370449	329.690771	0.002847	12.0
195	0.000000	329.022027	0.000000	9.3
196	-1.047509	328.356888	0.022077	9.2
197	0.000000	327.695322	0.000000	8.3
198	-0.480176	327.037299	0.017696	7.7
199	0.000000	326.382787	0.000000	11.3
200	-0.303845	325.731758	0.006976	7.6
201	0.000000	325.084179	0.000000	9.3
202	-1.021851	324.440023	0.027200	7.6
203	-0.899547	323.799258	0.029393	8.6
204	-0.923263	323.161858	0.015239	11.8
205	-0.000324	322.527792	0.000221	8.3
206	-0.430095	321.897034	0.006967	7.6
207	-0.015554	321.269554	0.001711	7.6
208	-0.421920	320.645325	0.007951	10.4
209	-0.061144	320.024320	0.002960	9.4
210	-0.219787	319.406512	0.007459	9.6
211	-0.811280	318.791875	0.015587	7.6
212	-0.965233	318.180381	0.026758	8.6
213	0.000000	317.572005	0.000000	11.5
214	-0.634881	316.966721	0.007475	7.6
215	0.000000	316.364504	0.000000	7.9
216	0.000000	315.765329	0.000000	9.2
217	0.000000	315.169170	0.000000	7.7
218	-1.035125	314.576003	0.021183	12.5
219	-0.974199	313.985804	0.030997	9.1
220	-0.960359	313.398548	0.012698	7.6
221	0.000000	312.814213	0.000000	7.7
222	-0.556398	312.232773	0.005990	8.4
223	-1.071987	311.654207	0.019190	12.1
224	-0.531422	311.078491	0.011896	7.6
225	0.000000	310.505602	0.000000	9.4
226	0.000000	309.935518	0.000000	7.5
227	-0.715787	309.368217	0.010429	8.3
228	-0.942171	308.803676	0.015172	11.9
229	0.000000	308.241874	0.000000	7.6
230	-0.489433	307.682789	0.007277	9.3
231	-0.108922	307.126400	0.008471	7.6
232	0.000000	306.572687	0.000000	7.5
233	0.000000	306.021627	0.000000	10.8
234	-0.381212	305.473201	0.008816	9.1
235	-0.456854	304.927388	0.009649	7.6
236	-0.445040	304.384168	0.008839	7.5
237	0.000000	303.843521	0.000000	7.6
238	-0.725102	303.305427	0.014608	11.2
239	-0.913961	302.769867	0.007419	7.9
240	-0.923744	302.236821	0.022726	9.3
241	0.000000	301.706270	0.000000	7.7
242	-1.076271	301.178196	0.010356	8.5
243	0.000000	300.652580	0.000000	11.9
244	-0.617727	300.129402	0.017340	7.6
245	-0.811759	299.608645	0.018234	9.1
246	-0.127466	299.090291	0.003198	7.5
247	-0.691683	298.574321	0.017820	7.6
248	-0.938301	298.060718	0.006885	10.8
249	-0.915431	297.549465	0.027921	9.0
250	-0.680758	297.040543	0.007710	7.6
251	-0.634558	296.533936	0.009491	7.5
252	0.000000	296.029626	0.000000	7.5
253	-0.734087	295.527597	0.005599	11.8
254	-0.501253	295.027832	0.006008	7.5
255	-0.044934	294.530315	0.003102	10.1
256	-0.318794	294.035028	0.006714	7.6
257	-0.802295	293.541956	0.009022	8.5
258	0.000000	293.051083	0.000000	12.5
259	-0.449237	292.562393	0.007777	7.5
260	0.000000	292.075870	0.000000	8.9
261	-1.004460	291.591498	0.006485	7.5
262	-0.000000	291.109263	0.000000	8.0
263	-1.070376	290.629149	0.023322	11.7
264	-0.000006	290.151140	0.000004	8.8
265	-0.495130	289.675222	0.008689	7.6
266	-0.116580	289.201380	0.002937	7.5
267	0.000000	288.729600	0.000000	8.8
268	0.000000	288.259866	0.000000	11.7
269	-0.854163	287.792165	0.011891	9.3
270	0.000000	287.326481	0.000000	7.7
271	-0.730468	286.862802	0.007211	9.2
272	-0.000460	286.401113	0.000157	10.3
273	-0.119152	285.941400	0.004190	10.2
274	0.000000	285.483649	0.000000	7.3
275	-0.664036	285.027847	0.015115	8.9
276	-0.597777	284.573981	0.009610	7.7
277	-0.587806	284.122037	0.006993	12.3
278	-0.947106	283.672002	0.006596	9.9
279	-0.267014	283.223863	0.003410	7.6
280	-0.958731	282.777607	0.018927	7.7
281	0.000000	282.333221	0.000000	9.4
282	-0.688147	281.890692	0.010594	10.7
283	-0.507373	281.450008	0.007562	7.7
284	-0.794900	281.011157	0.012185	9.1
285	-0.900566	280.574125	0.025190	7.6
286	-0.703342	280.138901	0.010784	11.5
287	-0.224542	279.705473	0.009160	9.6
288	-0.421604	279.273829	0.008409	8.1
289	0.000000	278.843956	0.000000	8.6
290	-0.710648	278.415844	0.010036	7.6
291	-0.167977	277.989479	0.005480	12.4
292	-0.206053	277.564851	0.006072	7.7
293	-0.240396	277.141949	0.009555	9.4
294	-1.049774	276.720761	0.015929	7.5
295	-0.751047	276.301275	0.018799	8.7
296	-1.171015	275.883480	0.013492	12.9
297	-0.032952	275.467366	0.001625	8.4
298	0.000000	275.052922	0.000000	7.5
299	-0.247557	274.640136	0.004066	7.5
300	-0.897017	274.228998	0.014009	11.2
301	-0.420255	273.819497	0.014530	7.9
302	0.000000	273.411623	0.000000	9.6
303	-0.535788	273.005365	0.005841	7.6
304	-0.579275	272.600712	0.012191	8.6
305	0.000000	272.197655	0.000000	11.0
306	-0.009116	271.796184	0.000518	7.5
307	-0.240371	271.396287	0.005301	9.0
308	-0.527424	270.997956	0.005534	8.4
309	-0.929421	270.601180	0.025357	7.6
310	-0.000008	270.205949	0.000008	11.5
311	-0.555304	269.812254	0.008327	9.1
312	-0.752312	269.420085	0.008548	7.5
313	-1.042725	269.029432	0.015001	7.8
314	-0.439402	268.640287	0.006945	7.5
315	-0.866480	268.252638	0.009566	12.4
316	0.000000	267.866478	0.000000	7.4
317	-0.116678	267.481796	0.004851	9.6
318	-0.000020	267.098584	0.000013	7.2
319	0.000000	266.716833	0.000000	8.5
320	-0.524011	266.336533	0.007366	10.8
321	-0.667065	265.957676	0.010765	7.6
322	0.000000	265.580253	0.000000	9.1
323	-0.738498	265.204254	0.009137	8.2
324	-0.212689	264.829672	0.003800	7.5
325	-1.059945	264.456497	0.016047	11.7
326	-0.332805	264.084721	0.008777	9.9
327	-0.183882	263.714335	0.002755	7.6
328	-0.575861	263.345332	0.008975	7.6
329	-0.518828	262.977702	0.007551	7.6
330	-0.477280	262.611438	0.006019	12.8
331	-0.600617	262.246531	0.009875	9.5
332	-0.428515	261.882973	0.010286	7.7
333	-1.094213	261.520756	0.007321	7.8
334	-0.788896	261.159871	0.006420	7.5
335	-0.790000	260.800312	0.006693	11.6
336	-0.000000	260.442070	0.000000	7.4
337	-0.391661	260.085137	0.003553	9.2
338	-1.078781	259.729505	0.016232	7.6
339	-0.000000	259.375167	0.000000	7.7
340	-0.283434	259.022116	0.005625	11.3
341	-0.687257	258.670343	0.006650	9.3
342	-0.016578	258.319841	0.001559	7.6
343	-0.801230	257.970602	0.024825	7.7
344	-1.029957	257.622620	0.032625	7.6
345	-0.030680	257.275887	0.000684	12.4
346	-1.125666	256.930396	0.006927	9.3
347	-0.354404	256.586139	0.008205	7.4
348	-1.041421	256.243109	0.016539	8.5
349	-0.313486	255.901300	0.006510	7.6
350	-0.624001	255.560703	0.008995	11.8
351	-0.653868	255.221313	0.007242	7.5
352	-0.566164	254.883122	0.010091	9.6
353	-0.568690	254.546124	0.007610	8.0
354	-0.678259	254.210311	0.013032	8.8
355	-0.493232	253.875677	0.007199	12.2
356	-0.100229	253.542215	0.002172	7.6
357	-1.003985	253.209918	0.014451	7.6
358	-0.001900	252.878781	0.000469	7.6
359	-0.669004	252.548795	0.011344	10.3
360	-0.325548	252.219956	0.005571	9.7
361	-0.600109	251.892255	0.014117	9.3
362	-0.618711	251.565688	0.007768	7.6
363	0.000000	251.240247	0.000000	8.7
364	-0.057116	250.915926	0.003263	10.8
365	-0.000003	250.592720	0.000002	7.7
366	-0.998209	250.270621	0.011534	7.6
367	-0.533680	249.949624	0.009661	9.2
368	-0.558670	249.629723	0.010814	7.7
369	-0.000001	249.310911	0.000001	10.8
370	0.000000	248.993182	0.000000	9.6
371	-1.155844	248.676531	0.019710	7.7
372	-0.753783	248.360952	0.009426	7.6
373	0.000000	248.046438	0.000000	6.9
374	-0.000001	247.732984	0.000001	12.2
375	-0.939603	247.420584	0.014811	7.7
376	-0.567372	247.109233	0.008488	9.5
377	-0.026478	246.798924	0.000894	7.6
378	0.000000	246.489652	0.000000	7.8
379	0.000000	246.181412	0.000000	11.1
380	0.000000	245.874197	0.000000	7.1
381	-0.162067	245.568002	0.005668	7.6
382	-0.001195	245.262822	0.000021	9.6
383	-0.688834	244.958652	0.007375	7.7
384	-0.280810	244.655485	0.003021	11.5
385	-0.211254	244.353317	0.006045	9.5
386	-0.004927	244.052142	0.000696	7.8
387	-0.187632	243.751955	0.005405	7.8
388	-0.585935	243.452750	0.006511	7.6
389	-0.397646	243.154523	0.005066	12.0
390	-0.938767	242.857268	0.015610	7.5
391	-1.057106	242.560980	0.008785	9.7
392	-0.492455	242.265654	0.006130	7.6
393	0.000000	241.971285	0.000000	8.8
394	-0.773154	241.677868	0.008328	12.3
395	-0.661809	241.385397	0.020376	7.7
396	-0.540392	241.093869	0.006861	9.2
397	-1.032964	240.803278	0.007003	8.1
398	-0.000374	240.513619	0.000380	9.1
399	-0.372090	240.224887	0.005852	10.8
400	-0.000000	239.937077	0.000000	9.6
401	-0.479696	239.650186	0.008517	8.0
402	0.000000	239.364207	0.000000	8.4
403	-0.921601	239.079136	0.014029	11.5
404	-0.736075	238.794969	0.018685	7.7
405	-0.000000	238.511701	0.000000	9.9
406	-1.034250	238.229327	0.009827	7.7
407	-1.046558	237.947843	0.007736	8.8
408	-1.104123	237.667244	0.020458	14.0
409	-0.010802	237.387526	0.000368	8.3
410	-0.000000	237.108684	0.000000	8.6
411	-0.786048	236.830714	0.007975	7.6
412	-0.150137	236.553610	0.001720	9.5
413	0.000000	236.277370	0.000000	9.6
414	0.000000	236.001989	0.000000	9.1
415	-0.000000	235.727461	0.000000	7.6
416	-0.554201	235.453784	0.005139	7.5
417	-0.549909	235.180952	0.009659	10.2
418	-0.306590	234.908962	0.006224	10.0
419	-0.648222	234.637809	0.006402	7.6
420	-0.206892	234.367488	0.003376	7.6
421	0.000000	234.097997	0.000000	7.6
422	-0.696990	233.829331	0.004652	11.9
423	-0.934922	233.561485	0.028466	9.0
424	-0.086617	233.294456	0.001255	8.4
425	-0.199889	233.028239	0.007187	8.3
426	-0.660343	232.762831	0.008092	7.6
427	-0.825483	232.498228	0.007078	12.2
428	-0.157992	232.234425	0.003093	7.6
429	-0.481206	231.971419	0.005313	9.2
430	-0.638532	231.709205	0.007405	7.7
431	-0.599108	231.447781	0.006867	9.3
432	-1.053996	231.187141	0.029152	11.6
433	-0.794523	230.927283	0.019959	8.6
434	0.000000	230.668202	0.000000	8.5
435	-0.000000	230.409895	0.000000	7.6
436	0.000000	230.152358	0.000000	11.5
437	0.000000	229.895587	0.000000	7.7
438	-0.045606	229.639578	0.002837	9.4
439	-0.577299	229.384329	0.009778	7.5
440	-0.822843	229.129834	0.009717	8.9
441	-0.903943	228.876091	0.011728	12.3
442	-1.113118	228.623096	0.031576	7.6
443	-1.099924	228.370846	0.012779	9.5
444	-0.347784	228.119336	0.004686	7.6
445	-0.000000	227.868563	0.000000	9.3
446	-0.022658	227.618525	0.001711	9.8
447	-0.945397	227.369216	0.006732	9.4
448	-0.927602	227.120635	0.009688	7.6
449	-1.158999	226.872777	0.015537	7.6
450	-0.198768	226.625638	0.003181	10.1
451	-0.194387	226.379217	0.006042	9.8
452	-0.382716	226.133509	0.010664	7.6
453	-0.656342	225.888510	0.014913	8.2
454	-1.155077	225.644218	0.024443	7.5
455	0.000000	225.400630	0.000000	11.9
456	-0.855298	225.157741	0.015921	9.5
457	-0.482634	224.915549	0.008237	7.6
458	0.000000	224.674051	0.000000	8.4
459	0.000000	224.433242	0.000000	7.7
460	-0.028577	224.193121	0.001220	12.7
461	0.000000	223.953684	0.000000	7.6
462	-0.571025	223.714927	0.010617	9.6
463	-0.009210	223.476848	0.001660	7.7
464	-0.103383	223.239444	0.004761	11.0
465	-0.627701	223.002710	0.018876	10.7
466	-0.171817	222.766645	0.002549	7.5
467	-0.365218	222.531245	0.006436	7.6
468	-0.691773	222.296508	0.005090	7.5
469	-0.952594	222.062429	0.014113	11.1
470	0.000000	221.829007	0.000000	7.9
471	-0.273220	221.596238	0.003278	9.6
472	-1.007506	221.364119	0.009361	7.6
473	-0.157914	221.132647	0.005934	9.2
474	-0.261734	220.901820	0.006227	13.0
475	-0.974359	220.671634	0.023861	7.8
476	-0.988795	220.442086	0.023795	9.0
477	-0.210051	220.213174	0.005673	7.8
478	-0.153378	219.984895	0.001719	8.8
479	-0.688451	219.757246	0.008227	10.3
480	-0.256687	219.530224	0.005841	9.5
481	-0.348794	219.303826	0.004071	7.6
482	-0.376066	219.078050	0.002844	7.5
483	0.000000	218.852893	0.000000	9.4
484	-1.014312	218.628352	0.010604	10.9
485	-1.091230	218.404424	0.015741	9.4
486	-0.067198	218.181106	0.001352	7.6
487	-0.619341	217.958397	0.008649	8.8
488	-0.000000	217.736292	0.000000	11.6
489	-0.000284	217.514790	0.000084	9.3
490	0.000000	217.293888	0.000000	7.8
491	0.000000	217.073584	0.000000	8.4
492	-0.013904	216.853873	0.000431	8.7
493	-0.436542	216.634755	0.006754	13.1
494	-0.866501	216.416227	0.005647	9.3
495	-0.614108	216.198285	0.003928	7.7
496	0.000000	215.980927	0.000000	7.3
497	-0.071121	215.764151	0.002249	9.4
498	-0.600337	215.547955	0.006329	9.7
499	-0.762890	215.332335	0.008189	8.4
500	0.000000	215.117289	0.000000	9.6
501	-0.000000	214.902815	0.000000	8.3
502	-1.080959	214.688911	0.010784	11.9
503	-0.955143	214.475573	0.024477	9.5
504	-0.537496	214.262800	0.007641	7.7
505	-0.651757	214.050588	0.005309	8.9
506	-0.300192	213.838936	0.002417	7.6
507	-0.406342	213.627842	0.004297	12.9
508	-0.062526	213.417302	0.000847	9.6
509	0.000000	213.207314	0.000000	8.1
510	-0.036931	212.997877	0.002025	7.7
511	-0.972015	212.788987	0.011321	11.0
512	-0.039681	212.580642	0.000891	12.5
513	0.000000	212.372841	0.000000	8.1
514	-0.569599	212.165581	0.006221	7.7
515	-0.351918	211.958859	0.007277	9.4
516	-0.000043	211.752673	0.000014	12.4
517	-1.094838	211.547021	0.023630	9.9
518	-0.513000	211.341902	0.005796	8.0
519	-1.149520	211.137311	0.009802	8.7
520	-1.021757	210.933248	0.029957	10.0
521	-0.734640	210.729710	0.004311	8.3
522	-0.392357	210.526695	0.004400	10.0
523	-1.082435	210.324200	0.006717	7.7
524	-0.000005	210.122224	0.000004	8.4
525	0.000000	209.920765	0.000000	11.5
526	0.000000	209.719820	0.000000	10.1
527	-0.459940	209.519387	0.007900	8.8
528	-0.639415	209.319463	0.013353	7.6
529	-1.011604	209.120048	0.020297	7.9
530	-0.629018	208.921139	0.017428	13.8
531	-0.710329	208.722733	0.014094	10.0
532	-1.014298	208.524829	0.009605	7.8
533	-1.061113	208.327425	0.010800	9.4
534	0.000000	208.130518	0.000000	10.8
535	-1.036432	207.934107	0.015487	7.7
536	-1.030504	207.738189	0.009394	9.8
537	-0.903534	207.542762	0.018498	7.6
538	-0.850001	207.347825	0.013554	7.9
539	-0.539478	207.153376	0.007722	12.1
540	-0.000011	206.959412	0.000007	9.8
541	-0.460506	206.765932	0.006487	7.7
542	-0.553787	206.572933	0.010251	7.8
543	-1.057752	206.380414	0.004337	7.7
544	-0.453695	206.188373	0.006289	13.1
545	-0.008794	205.996807	0.000537	10.1
546	-0.006381	205.805716	0.000804	7.5
547	-0.695277	205.615096	0.024426	8.7
548	-1.111555	205.424946	0.023543	7.6
549	-0.033409	205.235265	0.001606	12.6
550	-0.929242	205.046050	0.014413	7.8
551	-0.524683	204.857299	0.003133	9.5
552	-0.837091	204.669011	0.010269	7.8
553	-0.325668	204.481184	0.007177	8.9
554	0.000000	204.293816	0.000000	11.7
555	-0.818423	204.106905	0.014788	7.6
556	-0.475007	203.920449	0.004461	7.6
557	-0.724012	203.734447	0.009325	7.6
558	-1.183120	203.548896	0.023099	10.4
559	-0.898893	203.363795	0.012543	9.9
560	-0.341185	203.179143	0.005034	9.9
561	-0.122704	202.994937	0.005187	8.5
562	-1.121316	202.811176	0.008023	8.0
563	0.000000	202.627857	0.000000	11.2
564	-0.427574	202.444980	0.005696	7.6
565	-0.494622	202.262543	0.004457	8.7
566	0.000000	202.080543	0.000000	7.6
567	-0.885659	201.898979	0.017713	7.6
568	-0.658308	201.717849	0.009834	10.9
569	-0.832276	201.537153	0.009291	9.5
570	-0.471901	201.356887	0.006345	7.5
571	-0.743218	201.177050	0.007380	7.6
572	-0.243587	200.997642	0.003986	7.5
573	-0.121651	200.818659	0.002161	12.0
574	-0.616607	200.640100	0.007430	7.6
575	0.000000	200.461965	0.000000	9.8
576	-0.590987	200.284250	0.015547	8.0
577	-0.687429	200.106955	0.006847	8.0
578	-0.494849	199.930078	0.007501	12.4
579	-0.566095	199.753617	0.005127	7.5
580	-0.675592	199.577571	0.007224	9.2
581	-0.737177	199.401938	0.005993	7.7
582	-0.498477	199.226717	0.006111	8.5
583	-0.618121	199.051905	0.013223	10.9
584	-0.857715	198.877502	0.011698	9.2
585	-0.410512	198.703506	0.002664	7.7
586	-0.455548	198.529916	0.004476	7.7
587	-0.019507	198.356729	0.000795	10.9
588	-1.081834	198.183944	0.007111	9.9
589	0.000000	198.011560	0.000000	9.2
590	0.000000	197.839576	0.000000	8.5
591	-0.619543	197.667989	0.006709	8.9
592	-1.116940	197.496798	0.009133	12.8
593	-0.000000	197.326002	0.000000	7.5
594	-0.965203	197.155600	0.008077	9.1
595	-0.388819	196.985589	0.005089	8.6
596	-1.212531	196.815969	0.012067	9.0
597	0.000000	196.646738	0.000000	10.0
598	0.000000	196.477894	0.000000	9.9
599	-0.478153	196.309436	0.005634	7.6
600	0.000000	196.141363	0.000000	7.7
601	0.000000	195.973673	0.000000	10.1
602	-0.000088	195.806365	0.000039	9.1
603	0.000000	195.639437	0.000000	8.1
604	-0.748377	195.472888	0.016337	8.8
605	-0.001535	195.306717	0.000286	7.9
606	-0.150525	195.140922	0.004972	11.1
607	-1.021295	194.975501	0.012731	9.3
608	0.000000	194.810454	0.000000	7.4
609	-1.033949	194.645779	0.013536	8.7
610	-0.000717	194.481475	0.000116	7.7
611	-0.002293	194.317540	0.000848	11.4
612	-1.136228	194.153973	0.015726	7.7
613	-0.589980	193.990773	0.003956	9.1
614	-0.707370	193.827938	0.007863	7.7
615	-0.001518	193.665467	0.000435	8.3
616	-0.575961	193.503358	0.007271	12.5
617	-1.058953	193.341611	0.012838	7.6
618	0.000000	193.180224	0.000000	9.7
619	-0.000011	193.019196	0.000010	7.8
620	-0.609302	192.858525	0.012240	8.7
621	-1.012220	192.698210	0.009989	14.2
622	-0.000000	192.538251	0.000000	8.3
623	-1.057724	192.378644	0.010963	8.4
624	-0.115201	192.219391	0.004630	7.4
625	-0.961802	192.060488	0.015134	10.1
626	-0.688600	191.901935	0.012550	7.8
627	-0.609488	191.743730	0.005197	9.5
628	-0.576347	191.585873	0.006476	7.7
629	-0.882139	191.428362	0.011669	7.7
630	-0.133302	191.271196	0.006785	11.5
631	-1.117312	191.114374	0.007422	9.3
632	-0.000032	190.957893	0.000015	7.6
633	-0.702989	190.801755	0.006127	7.8
634	-1.095748	190.645956	0.019262	7.5
635	-0.837592	190.490495	0.007881	13.0
636	-0.879062	190.335373	0.006086	9.4
637	0.000000	190.180587	0.000000	7.7
638	-1.088071	190.026136	0.021835	8.4
639	-0.766546	189.872019	0.011184	7.7
640	-0.623921	189.718235	0.004854	11.6
641	-0.834417	189.564782	0.004594	7.7
642	-0.736077	189.411661	0.006958	9.5
643	-1.153932	189.258868	0.013232	8.2
644	-0.729283	189.106404	0.003533	7.9
645	-1.166299	188.954267	0.010389	14.1
646	-0.072022	188.802456	0.003992	7.5
647	-0.637726	188.650969	0.009785	8.0
648	-1.152369	188.499807	0.011819	8.5
649	-0.658488	188.348967	0.008608	12.4
650	-0.366726	188.198448	0.005167	10.9
651	-0.068201	188.048250	0.004152	8.0
652	-1.105858	187.898371	0.013970	8.4
653	-0.000000	187.748810	0.000000	7.4
654	-1.097979	187.599566	0.010943	11.7
655	-0.564306	187.450638	0.010834	7.7
656	-0.778609	187.302025	0.008516	9.5
657	-0.872038	187.153725	0.007886	8.6
658	-0.375205	187.005739	0.005989	7.6
659	-0.013388	186.858064	0.001453	12.8
660	-0.422585	186.710699	0.007802	9.8
661	-0.001665	186.563645	0.000211	7.8
662	0.000000	186.416898	0.000000	7.6
663	-0.343581	186.270459	0.003507	8.7
664	-0.693388	186.124326	0.009550	11.3
665	-0.034186	185.978499	0.001592	9.6
666	-0.822844	185.832976	0.008158	7.7
667	-0.720748	185.687756	0.009075	8.6
668	-0.959167	185.542838	0.009752	9.3
669	-0.000037	185.398222	0.000023	9.5
670	-1.040943	185.253906	0.028384	9.1
671	-0.444161	185.109889	0.006982	8.0
672	-0.322599	184.966170	0.011390	7.5
673	-0.823770	184.822748	0.007442	10.4
674	0.000000	184.679623	0.000000	8.7
675	-0.000000	184.536792	0.000000	7.7
676	-0.981712	184.394256	0.011573	7.7
677	-0.832059	184.252013	0.009052	7.7
678	-0.854388	184.110062	0.009224	11.8
679	0.000000	183.968403	0.000000	8.9
680	0.000000	183.827034	0.000000	9.5
681	-0.795065	183.685954	0.006655	8.6
682	0.000000	183.545163	0.000000	8.4
683	-0.778393	183.404658	0.009082	11.6
684	-0.283943	183.264441	0.003624	7.6
685	0.000000	183.124509	0.000000	9.1
686	-0.487701	182.984861	0.007112	7.6
687	-0.751762	182.845497	0.010615	8.7
688	-0.595000	182.706416	0.007989	10.5
689	-0.309759	182.567616	0.004566	9.1
690	0.000000	182.429098	0.000000	7.2
691	-0.000019	182.290859	0.000006	7.7
692	-0.544696	182.152899	0.006157	9.0
693	-0.834156	182.015217	0.007411	11.3
694	-0.818748	181.877813	0.018183	10.0
695	-0.793484	181.740684	0.009566	7.7
696	-0.925305	181.603832	0.004748	8.8
697	-0.254202	181.467253	0.005544	11.1
698	-0.673744	181.330948	0.006842	7.8
699	-0.465328	181.194916	0.004363	7.7
700	-0.000000	181.059155	0.000000	10.0
701	0.000000	180.923666	0.000000	7.7
702	-0.329551	180.788446	0.009875	11.4
703	-0.031233	180.653496	0.002401	9.3
704	-1.060150	180.518814	0.028142	7.7
705	-0.762317	180.384399	0.011455	8.6
706	-0.946593	180.250251	0.009554	7.7
707	-0.119265	180.116369	0.003099	12.8
708	0.000000	179.982752	0.000000	7.6
709	-0.959596	179.849398	0.012675	9.9
710	0.000000	179.716308	0.000000	9.2
711	0.000000	179.583480	0.000000	8.1
712	-0.000000	179.450913	0.000000	11.6
713	-1.051373	179.318607	0.008079	7.7
714	-0.264849	179.186561	0.009175	10.1
715	-0.000000	179.054774	0.000000	8.2
716	-1.057790	178.923245	0.012161	10.6
717	-0.623799	178.791973	0.006029	8.0
718	0.000000	178.660958	0.000000	9.0
719	-0.561119	178.530199	0.005645	7.7
720	-0.665143	178.399694	0.010339	8.5
721	-1.090953	178.269444	0.021572	12.2
722	-0.839005	178.139447	0.008543	7.7
723	0.000000	178.009702	0.000000	9.2
724	-1.086928	177.880209	0.008246	7.6
725	-0.454798	177.750967	0.007151	8.8
726	-0.641261	177.621975	0.007986	11.9
727	0.000000	177.493232	0.000000	7.2
728	-0.637122	177.364738	0.020083	7.9
729	-0.798641	177.236492	0.009535	8.8
730	-0.972222	177.108492	0.010949	7.7
731	-0.351173	176.980739	0.008915	10.8
732	-0.480251	176.853231	0.007822	9.4
733	-0.952940	176.725968	0.008294	7.7
734	-0.416303	176.598949	0.006971	7.5
735	-0.354784	176.472173	0.006114	7.6
736	-0.552239	176.345639	0.006873	12.1
737	-1.102898	176.219348	0.006742	7.5
738	-0.560469	176.093296	0.005299	9.4
739	-0.385699	175.967486	0.005927	7.7
740	-0.394296	175.841914	0.008229	8.7
741	-0.905185	175.716581	0.009542	12.8
742	-0.356813	175.591486	0.006617	7.5
743	-0.604203	175.466629	0.006591	9.6
744	-0.000000	175.342008	0.000000	7.6
745	0.000000	175.217622	0.000000	8.4
746	-0.001066	175.093472	0.000264	10.6
747	-0.745190	174.969556	0.009041	9.5
748	-1.213365	174.845873	0.016361	7.6
749	-0.444098	174.722423	0.005814	7.6
750	-0.269198	174.599206	0.003159	9.0
751	0.000000	174.476220	0.000000	11.1
752	-1.198403	174.353464	0.022964	9.4
753	-0.251233	174.230939	0.007187	8.2
754	-0.612483	174.108643	0.009289	8.6
755	-0.165764	173.986576	0.002463	11.3
756	-1.001633	173.864737	0.004069	9.6
757	-0.780000	173.743124	0.010309	7.6
758	-0.607050	173.621739	0.007292	8.6
759	-0.000001	173.500579	0.000001	8.3
760	-0.558367	173.379645	0.009225	11.2
761	-0.701102	173.258935	0.010025	9.1
762	-1.113938	173.138449	0.013047	7.8
763	0.000000	173.018186	0.000000	7.2
764	-0.954785	172.898146	0.018548	8.7
765	-0.758106	172.778327	0.006939	11.8
766	-0.001086	172.658730	0.000578	7.4
767	-0.708403	172.539353	0.006389	8.6
768	-1.074497	172.420196	0.009212	7.6
769	-0.307896	172.301258	0.006281	10.4
770	-0.034127	172.182539	0.002069	8.9
771	-0.276224	172.064037	0.003724	9.9
772	-0.976714	171.945753	0.014052	7.9
773	-0.071184	171.827686	0.002865	8.3
774	-1.186975	171.709834	0.036640	12.3
775	-0.114320	171.592198	0.005375	7.6
776	-0.883877	171.474776	0.004745	8.8
777	-0.937604	171.357568	0.008533	7.6
778	-0.896424	171.240574	0.011126	8.5
779	0.000000	171.123793	0.000000	10.9
780	-0.029114	171.007223	0.002815	9.3
781	-0.734573	170.890865	0.012170	7.7
782	-0.614122	170.774718	0.007312	7.7
783	-0.323284	170.658782	0.007117	10.3
784	-0.000000	170.543055	0.000000	10.1
785	-1.038497	170.427537	0.005017	9.4
786	0.000000	170.312227	0.000000	7.3
787	0.000000	170.197125	0.000000	8.2
788	-0.897319	170.082231	0.023135	10.3
789	0.000000	169.967543	0.000000	9.9
790	-1.169758	169.853061	0.024437	8.2
791	-0.051152	169.738784	0.002404	8.8
792	-0.203047	169.624713	0.005136	8.1
793	0.000000	169.510845	0.000000	12.0
794	-0.799941	169.397181	0.007281	9.4
795	-0.996389	169.283720	0.005103	7.6
796	-0.484926	169.170462	0.007878	7.5
797	-0.523314	169.057405	0.008300	8.7
798	-0.927246	168.944549	0.009308	11.8
799	0.000000	168.831895	0.000000	7.7
800	-0.484907	168.719440	0.006465	9.7
801	-0.909604	168.607185	0.018571	7.7
802	-0.456990	168.495129	0.007518	11.6
803	-0.932618	168.383271	0.020059	9.3
804	-0.802676	168.271611	0.015315	7.7
805	-0.848408	168.160148	0.009031	8.7
806	-0.000000	168.048882	0.000000	7.5
807	-0.000013	167.937812	0.000009	12.7
808	-1.026816	167.826938	0.011602	7.8
809	-0.817778	167.716258	0.006845	9.5
810	0.000000	167.605773	0.000000	7.7
811	-1.139887	167.495482	0.010266	8.7
812	-1.051625	167.385384	0.009166	12.3
813	0.000000	167.275479	0.000000	7.1
814	-0.243424	167.165766	0.007082	7.7
815	-0.831262	167.056245	0.010350	7.5
816	-0.431780	166.946915	0.010514	11.2
817	0.000000	166.837776	0.000000	9.8
818	-0.000000	166.728826	0.000000	9.2
819	-0.504801	166.620067	0.010167	7.2
820	-0.131917	166.511496	0.004835	8.7
821	0.000000	166.403113	0.000000	11.1
822	-0.316500	166.294919	0.007509	7.6
823	-0.796898	166.186912	0.006571	9.2
824	-1.070979	166.079091	0.039746	8.4
825	-0.308367	165.971458	0.009919	8.0
826	-0.342392	165.864009	0.006111	11.9
827	-0.679914	165.756747	0.023491	9.6
828	-0.461046	165.649669	0.006860	8.5
829	-0.708753	165.542775	0.005203	7.7
830	-0.938115	165.436065	0.010713	7.6
831	-0.670316	165.329538	0.003034	12.8
832	-0.717447	165.223194	0.009900	9.7
833	-0.137111	165.117032	0.004706	7.5
834	-1.159285	165.011052	0.009246	8.7
835	-0.682080	164.905253	0.004900	7.7
836	-1.009972	164.799635	0.010404	12.5
837	-0.106849	164.694197	0.003663	8.0
838	-0.767373	164.588939	0.008702	9.0
839	-0.170947	164.483859	0.004770	7.6
840	0.000000	164.378959	0.000000	9.0
841	0.000000	164.274237	0.000000	11.8
842	-0.431486	164.169692	0.007471	8.6
843	-0.649404	164.065325	0.006371	8.6
844	-1.048994	163.961135	0.019889	7.7
845	-0.000000	163.857120	0.000000	11.9
846	-0.651227	163.753282	0.003378	7.8
847	-0.494087	163.649619	0.004974	9.5
848	-0.043052	163.546130	0.002890	8.0
849	-0.150674	163.442816	0.004079	9.2
850	0.000000	163.339676	0.000000	12.4
851	-1.116261	163.236709	0.023663	7.7
852	0.000000	163.133915	0.000000	9.9
853	0.000000	163.031294	0.000000	7.4
854	0.000000	162.928844	0.000000	8.8
855	-0.017084	162.826566	0.001166	12.3
856	-1.171968	162.724459	0.020070	7.9
857	-0.463264	162.622523	0.009726	7.7
858	-0.614035	162.520757	0.004111	7.7
859	-0.000000	162.419160	0.000000	10.6
860	-0.923682	162.317733	0.008815	8.9
861	-0.000483	162.216474	0.000123	9.4
862	-0.558016	162.115383	0.007149	7.6
863	-0.455913	162.014461	0.005704	8.9
864	-0.000005	161.913705	0.000003	11.8
865	-0.884737	161.813117	0.021117	7.6
866	0.000000	161.712695	0.000000	7.6
867	-0.989259	161.612439	0.005928	9.0
868	-1.101727	161.512349	0.011717	8.3
869	-0.000000	161.412424	0.000000	11.2
870	-0.156354	161.312663	0.004148	8.9
871	0.000000	161.213067	0.000000	7.4
872	-0.000000	161.113635	0.000000	7.7
873	-0.011410	161.014366	0.000781	7.6
874	0.000000	160.915260	0.000000	11.2
875	-0.348615	160.816316	0.004555	7.7
876	-0.966140	160.717535	0.007323	9.6
877	-0.766561	160.618915	0.010330	7.6
878	-0.002576	160.520456	0.000137	7.8
879	-1.134242	160.422158	0.016351	12.5
880	0.000000	160.324021	0.000000	8.7
881	-0.001056	160.226043	0.000447	8.4
882	0.000000	160.128225	0.000000	7.7
883	-0.445084	160.030566	0.006469	7.7
884	0.000000	159.933066	0.000000	10.0
885	-0.000000	159.835723	0.000000	9.3
886	-0.954290	159.738539	0.006624	7.6
887	-0.109115	159.641512	0.004259	7.6
888	-0.847323	159.544642	0.007547	7.8
889	-0.580510	159.447929	0.007012	12.0
890	-1.087643	159.351372	0.023007	7.5
891	-0.280897	159.254971	0.007662	9.6
892	0.000000	159.158725	0.000000	7.5
893	-0.448282	159.062634	0.008701	8.4
894	-1.072803	158.966697	0.019474	11.7
895	-0.618340	158.870915	0.011435	7.5
896	-0.934773	158.775286	0.005820	9.6
897	-0.817545	158.679811	0.004955	8.4
898	-0.726689	158.584489	0.007285	8.2
899	-0.350071	158.489319	0.005092	12.0
900	-0.000000	158.394302	0.000000	10.0
901	-0.661158	158.299436	0.008589	7.6
902	-0.742728	158.204721	0.009186	7.7
903	-0.000000	158.110158	0.000000	9.1
904	0.000000	158.015745	0.000000	11.4
905	-1.007011	157.921482	0.010710	10.1
906	0.000000	157.827369	0.000000	7.3
907	0.000000	157.733406	0.000000	9.0
908	-0.184744	157.639591	0.003510	11.2
909	-0.911848	157.545925	0.005391	7.7
910	-0.140892	157.452408	0.003591	7.6
911	-1.085005	157.359038	0.010476	9.2
912	-0.572516	157.265816	0.005917	7.7
913	-1.260440	157.172741	0.009183	11.0
914	-0.970578	157.079813	0.007139	9.8
915	-0.589243	156.987031	0.006281	7.6
916	-0.000002	156.894395	0.000001	7.7
917	-1.118453	156.801904	0.008789	7.8
918	-1.161502	156.709559	0.006803	11.7
919	-0.299781	156.617359	0.002608	8.7
920	-0.657195	156.525304	0.009592	9.7
921	-0.847181	156.433392	0.005473	7.7
922	-1.093923	156.341624	0.029808	8.7
923	-1.028860	156.250000	0.009831	12.5
924	-1.131758	156.158519	0.010460	7.6
925	-0.811536	156.067180	0.011077	9.5
926	-1.060219	155.975984	0.008602	7.4
927	-0.884334	155.884930	0.008290	8.4
928	-0.495157	155.794017	0.003649	10.7
929	-0.912076	155.703246	0.005034	10.0
930	-0.590707	155.612615	0.003878	7.8
931	-0.424766	155.522125	0.002583	7.5
932	0.000000	155.431775	0.000000	10.2
933	-1.049972	155.341565	0.010950	7.9
934	-1.023889	155.251495	0.009479	7.7
935	-0.623538	155.161563	0.009539	9.4
936	0.000000	155.071771	0.000000	8.0
937	-0.030511	154.982117	0.000623	12.1
938	-0.000001	154.892601	0.000001	9.5
939	-0.577706	154.803222	0.007897	7.8
940	0.000000	154.713981	0.000000	9.0
941	-0.272085	154.624878	0.012837	7.6
942	-0.921419	154.535910	0.009907	12.5
943	-0.566454	154.447080	0.007203	9.7
944	-1.080004	154.358385	0.013403	7.8
945	-0.005652	154.269826	0.001315	7.6
946	0.000000	154.181402	0.000000	9.0
947	-0.596440	154.093114	0.006103	11.7
948	-0.907838	154.004960	0.007360	7.5
949	-1.082134	153.916940	0.012294	10.0
950	-0.006958	153.829054	0.000673	7.5
951	-0.795422	153.741303	0.011681	11.7
952	-0.851789	153.653684	0.008992	9.5
953	-0.885945	153.566198	0.008048	7.6
954	-0.045557	153.478846	0.002342	8.4
955	-0.032246	153.391625	0.002909	7.6
956	-0.944099	153.304537	0.007954	12.6
957	-1.097385	153.217580	0.009109	7.6
958	-0.768837	153.130755	0.010385	9.8
959	-0.197056	153.044061	0.005441	7.7
960	-0.000368	152.957498	0.000096	8.7
961	-0.706018	152.871065	0.005836	12.3
962	-1.047554	152.784762	0.010431	7.6
963	-0.839681	152.698589	0.005815	7.7
964	-1.157610	152.612545	0.017583	7.6
965	-0.049102	152.526631	0.002028	10.9
966	-0.775060	152.440845	0.011085	8.4
967	-0.625156	152.355188	0.009331	9.5
968	-0.427905	152.269660	0.007095	7.8
969	-1.070816	152.184259	0.031786	8.6
970	-0.411492	152.098986	0.002119	12.1
971	-0.852580	152.013840	0.007739	8.0
972	-0.000000	151.928821	0.000000	9.2
973	-0.818672	151.843928	0.006581	8.4
974	-1.016461	151.759163	0.012754	9.8
975	-0.606800	151.674523	0.004831	9.9
976	-0.771370	151.590009	0.010887	9.3
977	-1.058775	151.505620	0.004140	7.7
978	-0.540632	151.421357	0.009957	7.7
979	0.000000	151.337218	0.000000	11.3
980	-0.706407	151.253204	0.008572	7.6
981	-0.712868	151.169314	0.004248	9.4
982	-0.374156	151.085549	0.007285	8.2
983	-1.139440	151.001907	0.011497	8.8
984	-0.847384	150.918388	0.008588	12.1
985	-0.400644	150.834992	0.007566	9.1
986	-0.000815	150.751719	0.000419	7.8
987	-0.575517	150.668569	0.005829	7.8
988	-1.052124	150.585541	0.045172	8.9
989	-0.838510	150.502634	0.005762	10.5
990	-0.735724	150.419849	0.006005	9.9
991	-0.738242	150.337186	0.004736	8.5
992	-0.069040	150.254644	0.003792	7.7
993	-0.468123	150.172222	0.003012	10.5
994	-1.002441	150.089921	0.007676	9.4
995	-0.008093	150.007740	0.000447	8.3
996	-0.988088	149.925679	0.007204	7.6
997	0.000000	149.843737	0.000000	7.7
998	-0.982560	149.761915	0.026590	12.5
999	-0.770428	149.680212	0.004906	9.5
1000	-1.068879	149.598627	0.005903	7.7
1001	-0.001045	149.517161	0.000161	8.5
1002	-0.388678	149.435814	0.005097	7.7
1003	-0.686382	149.354584	0.008110	12.2
1004	-0.875154	149.273472	0.008841	7.4
1005	-0.736997	149.192477	0.008222	9.9
1006	-1.157428	149.111599	0.020461	8.5
1007	0.000000	149.030838	0.000000	10.1
1008	-0.741670	148.950194	0.004655	9.9
1009	-0.000000	148.869666	0.000000	7.7
1010	-0.761642	148.789253	0.009356	8.4
1011	-0.869217	148.708957	0.011612	7.6
1012	-0.571168	148.628776	0.010318	11.4
1013	-0.294490	148.548710	0.010880	7.6
1014	0.000000	148.468759	0.000000	9.4
1015	0.000000	148.388923	0.000000	7.6
1016	-1.047118	148.309201	0.005858	8.6
1017	-0.766990	148.229594	0.010721	11.5
1018	-0.642608	148.150100	0.005979	8.5
1019	-0.439572	148.070719	0.005266	9.1
1020	-0.654123	147.991452	0.006074	8.3
1021	-1.176524	147.912298	0.008393	7.7
1022	0.000000	147.833257	0.000000	12.5
1023	-0.764571	147.754329	0.007318	9.2
1024	-1.015786	147.675512	0.009559	7.6
1025	-0.753016	147.596808	0.008832	7.5
1026	-0.101632	147.518216	0.003705	8.9
1027	-0.511995	147.439735	0.009652	11.4
1028	0.000000	147.361365	0.000000	10.1
1029	-0.728770	147.283106	0.012367	7.5
1030	-0.671695	147.204958	0.007559	8.8
1031	-0.457150	147.126920	0.006026	11.2
1032	-0.230649	147.048993	0.004254	9.5
1033	-0.972744	146.971175	0.005945	7.7
1034	-0.585529	146.893468	0.016155	9.4
1035	-0.887421	146.815869	0.007512	7.7
1036	-1.186642	146.738380	0.025426	13.3
1037	-0.983884	146.661000	0.009495	9.2
1038	-0.977337	146.583729	0.008075	7.7
1039	-0.801082	146.506566	0.010070	7.7
1040	0.000000	146.429511	0.000000	7.9
1041	-0.223263	146.352565	0.005978	10.7
1042	-0.415779	146.275726	0.002615	7.6
1043	-0.000000	146.198994	0.000000	10.0
1044	0.000000	146.122370	0.000000	7.6
1045	-0.813057	146.045853	0.005311	11.5
1046	-0.014218	145.969442	0.000417	9.3
1047	-0.000010	145.893139	0.000007	8.4
1048	-0.001258	145.816941	0.000126	9.2
1049	-0.601795	145.740849	0.005833	7.8
1050	-0.311442	145.664863	0.010022	13.6
1051	-0.875658	145.588983	0.006693	9.3
1052	-0.849631	145.513208	0.020955	9.0
1053	-0.837863	145.437538	0.009616	7.7
1054	-0.522197	145.361973	0.006517	11.7
1055	-0.000000	145.286513	0.000000	11.6
1056	0.000000	145.211157	0.000000	8.2
1057	0.000000	145.135905	0.000000	7.4
1058	-0.752764	145.060757	0.008324	9.3
1059	0.000000	144.985712	0.000000	12.1
1060	-0.804230	144.910771	0.008507	9.1
1061	-0.614552	144.835934	0.009071	7.8
1062	-0.405973	144.761199	0.009166	8.4
1063	0.000000	144.686567	0.000000	9.6
1064	0.000000	144.612037	0.000000	9.6
1065	0.000000	144.537610	0.000000	10.2
1066	-0.612042	144.463285	0.004339	7.8
1067	-0.765607	144.389062	0.009972	7.8
1068	-0.711690	144.314940	0.009867	11.0
1069	-0.278276	144.240920	0.006584	9.2
1070	-0.795951	144.167001	0.013481	8.1
1071	-0.777613	144.093182	0.007839	8.5
1072	-0.647185	144.019465	0.005829	7.7
1073	-0.772690	143.945848	0.010154	12.8
1074	-0.987903	143.872331	0.009111	9.9
1075	-0.695813	143.798914	0.009822	8.5
1076	-0.244084	143.725597	0.003587	8.8
1077	-1.133304	143.652380	0.018555	10.5
1078	-1.142480	143.579262	0.017273	8.0
1079	-1.015680	143.506243	0.014506	8.1
1080	-1.147616	143.433323	0.011406	9.7
1081	-0.761178	143.360502	0.008262	8.0
1082	-0.921405	143.287780	0.008631	11.4
1083	-0.476144	143.215155	0.004304	10.0
1084	-0.290747	143.142629	0.004600	7.6
1085	-0.781959	143.070201	0.016723	7.7
1086	0.000000	142.997870	0.000000	7.6
1087	-0.517573	142.925637	0.005822	11.8
1088	-1.048917	142.853501	0.015180	7.6
1089	-0.606899	142.781462	0.004521	10.0
1090	-0.166798	142.709519	0.004649	7.8
1091	-0.466863	142.637674	0.005883	8.8
1092	-0.750102	142.565924	0.013452	12.7
1093	-0.791991	142.494271	0.008033	7.7
1094	-0.761323	142.422714	0.009947	9.2
1095	-0.393197	142.351252	0.002616	7.6
1096	-0.874217	142.279886	0.009235	8.8
1097	-0.659629	142.208616	0.013143	10.8
1098	0.000000	142.137440	0.000000	9.6
1099	-0.075820	142.066360	0.002978	8.3
1100	-0.882382	141.995374	0.004987	7.7
1101	0.000000	141.924483	0.000000	11.3
1102	-0.989014	141.853685	0.011170	8.7
1103	-0.864945	141.782983	0.010466	9.3
1104	-0.195352	141.712373	0.003609	7.6
1105	-0.239594	141.641858	0.003128	8.8
1106	-1.081933	141.571436	0.013559	14.1
1107	-0.564862	141.501108	0.007343	8.6
1108	-1.024633	141.430872	0.017725	8.5
1109	-0.295286	141.360730	0.003833	7.6
1110	0.000000	141.290680	0.000000	9.8
1111	-0.544248	141.220722	0.008773	8.5
1112	-0.790722	141.150857	0.009685	9.3
1113	-0.365098	141.081084	0.006097	7.6
1114	-0.228616	141.011403	0.004113	8.5
1115	0.000000	140.941813	0.000000	11.4
1116	-0.137000	140.872315	0.001977	9.0
1117	0.000000	140.802909	0.000000	8.4
1118	-0.008337	140.733593	0.001258	7.7
1119	0.000000	140.664369	0.000000	7.2
1120	0.000000	140.595235	0.000000	12.7
1121	0.000000	140.526192	0.000000	10.0
1122	-1.167628	140.457239	0.016680	15.1
1123	-0.632523	140.388376	0.007409	15.5
1124	0.000000	140.319603	0.000000	14.1
1125	-0.672418	140.250920	0.006951	12.7
1126	-1.122178	140.182326	0.018307	15.4
1127	-0.154116	140.113822	0.004533	12.9
1128	-0.086223	140.045407	0.003590	11.2
1129	-0.195244	139.977081	0.005378	11.1
1130	0.000000	139.908844	0.000000	9.7
1131	-0.024627	139.840696	0.001361	7.5
1132	-0.094388	139.772635	0.003387	9.2
1133	-0.038806	139.704664	0.003223	7.5
1134	-1.092751	139.636780	0.011783	10.4
1135	-0.191279	139.568984	0.008729	7.8
1136	0.000000	139.501276	0.000000	9.5
1137	0.000000	139.433655	0.000000	7.9
1138	-0.036142	139.366122	0.003018	7.7
1139	0.000000	139.298676	0.000000	11.8
1140	-0.729530	139.231317	0.006683	7.7
1141	-0.238611	139.164045	0.002619	9.1
1142	-0.261088	139.096859	0.005930	7.5
1143	-0.490361	139.029760	0.006964	7.9
1144	-1.062532	138.962747	0.022071	11.2
1145	-0.726787	138.895820	0.012172	9.5
1146	0.000000	138.828978	0.000000	7.3
1147	-1.020871	138.762223	0.015842	8.6
1148	-1.157409	138.695553	0.007600	7.7
1149	-0.679648	138.628969	0.006187	12.3
1150	-0.000023	138.562469	0.000011	9.7
1151	0.000000	138.496055	0.000000	7.6
1152	-0.005204	138.429725	0.000664	7.8
1153	-1.098359	138.363481	0.009798	8.8
1154	-0.066684	138.297320	0.001934	10.7
1155	-0.349334	138.231244	0.004843	7.7
1156	-0.806432	138.165252	0.013923	9.5
1157	-0.000016	138.099344	0.000016	8.7
1158	-0.365920	138.033520	0.003046	12.5
1159	-0.505715	137.967779	0.005366	9.4
1160	0.000000	137.902122	0.000000	7.7
1161	-0.791923	137.836548	0.007096	8.7
1162	-0.219670	137.771057	0.004051	7.5
1163	-0.585430	137.705649	0.004771	11.6
1164	-0.980481	137.640324	0.021530	8.3
1165	-0.957276	137.575081	0.009224	9.0
1166	-0.950943	137.509921	0.007196	7.7
1167	-0.426782	137.444842	0.005817	7.7
1168	-0.744513	137.379846	0.007136	12.5
1169	-0.037737	137.314932	0.003408	7.6
1170	0.000000	137.250100	0.000000	10.0
1171	-1.244117	137.185349	0.007518	7.6
1172	-1.036171	137.120680	0.005829	8.8
1173	-0.000000	137.056092	0.000000	13.7
1174	-0.938074	136.991585	0.008184	8.4
1175	-0.917272	136.927158	0.009434	8.6
1176	-1.014162	136.862813	0.005864	7.7
1177	-0.569780	136.798548	0.007069	10.7
1178	-0.853005	136.734363	0.004650	7.8
1179	-0.722961	136.670259	0.009186	9.2
1180	-0.546522	136.606235	0.005851	7.6
1181	0.000000	136.542291	0.000000	8.3
1182	-1.057808	136.478426	0.015749	12.8
1183	-0.211133	136.414641	0.003294	8.5
1184	-0.582985	136.350936	0.007115	7.8
1185	-0.081170	136.287310	0.003378	8.7
1186	-0.005366	136.223763	0.000446	9.5
1187	-0.334849	136.160295	0.007506	12.3
1188	-0.821109	136.096905	0.007479	9.4
1189	-0.037395	136.033594	0.001594	7.7
1190	-0.277410	135.970362	0.005427	8.3
1191	-0.482242	135.907208	0.003880	9.1
1192	-0.328680	135.844133	0.008918	10.1
1193	-0.834032	135.781135	0.010210	9.5
1194	0.000000	135.718215	0.000000	7.4
1195	-0.319341	135.655373	0.005313	8.8
1196	-0.662956	135.592608	0.008651	10.5
1197	0.000000	135.529921	0.000000	9.2
1198	-0.019440	135.467311	0.001432	7.9
1199	-0.926944	135.404778	0.015206	7.6
1200	-0.748152	135.342322	0.006578	9.0
1201	-0.710642	135.279942	0.008454	13.3
1202	-0.014900	135.217640	0.001108	9.5
1203	-0.124641	135.155413	0.004050	7.7
1204	-0.704865	135.093263	0.008630	8.7
1205	-0.306045	135.031190	0.009022	9.0
1206	-0.333684	134.969192	0.005643	9.8
1207	-0.657457	134.907270	0.013729	16.0
1208	-0.220240	134.845424	0.003939	10.8
1209	-0.699292	134.783653	0.005730	12.7
1210	0.000000	134.721958	0.000000	10.2
1211	0.000000	134.660338	0.000000	7.4
1212	-0.656369	134.598793	0.005812	8.4
1213	-0.559780	134.537323	0.004562	8.1
1214	-0.859725	134.475927	0.006308	12.3
1215	-0.256312	134.414607	0.007513	9.6
1216	0.000000	134.353361	0.000000	7.6
1217	-0.938198	134.292189	0.004536	9.0
1218	-0.727684	134.231092	0.006454	10.5
1219	-0.614604	134.170068	0.006080	8.3
1220	0.000000	134.109119	0.000000	9.0
1221	-0.624245	134.048243	0.007485	9.3
1222	0.000000	133.987441	0.000000	7.4
1223	-0.640105	133.926713	0.005265	12.5
1224	-0.720246	133.866057	0.008079	10.1
1225	-0.707187	133.805475	0.004437	7.7
1226	-1.218052	133.744966	0.019107	7.7
1227	-0.012663	133.684530	0.001183	9.6
1228	-0.763458	133.624167	0.007125	10.6
1229	-0.530888	133.563877	0.004271	9.4
1230	-0.000000	133.503658	0.000000	7.5
1231	-0.861871	133.443513	0.005142	8.6
1232	-0.538728	133.383439	0.002679	10.9
1233	-0.662720	133.323437	0.006411	9.6
1234	-0.410893	133.263508	0.010258	7.7
1235	-1.066816	133.203650	0.009861	8.8
1236	-0.694829	133.143864	0.005558	7.6
1237	-0.888349	133.084149	0.013530	13.0
1238	-0.558042	133.024506	0.008013	9.5
1239	-0.791543	132.964934	0.006192	7.6
1240	-0.664085	132.905433	0.009430	8.4
1241	-1.179250	132.846003	0.015580	9.3
1242	-0.180549	132.786643	0.004230	11.2
1243	-1.042128	132.727355	0.018396	7.8
1244	-0.000000	132.668137	0.000000	9.2
1245	-0.729065	132.608989	0.005944	8.8
1246	0.000000	132.549912	0.000000	11.8
1247	-0.985936	132.490904	0.009112	10.2
1248	-0.000000	132.431967	0.000000	7.6
1249	-0.407674	132.373100	0.005225	7.9
1250	0.000000	132.314302	0.000000	7.7
1251	-0.834620	132.255574	0.003444	12.6
1252	-0.014841	132.196916	0.000533	9.6
1253	-0.986161	132.138326	0.011959	7.5
1254	-0.346044	132.079806	0.003701	7.6
1255	0.000000	132.021355	0.000000	8.7
1256	0.000000	131.962973	0.000000	11.1
1257	-0.060241	131.904660	0.002223	7.6
1258	-0.703929	131.846415	0.006251	10.2
1259	-0.248426	131.788239	0.002592	7.7
1260	-0.677129	131.730131	0.006655	11.7
1261	-0.731790	131.672092	0.005880	9.4
1262	-0.092412	131.614121	0.003092	7.8
1263	-0.246299	131.556217	0.005761	8.8
1264	-0.610358	131.498382	0.005719	7.6
1265	-0.246536	131.440614	0.007459	12.5
1266	-1.137936	131.382914	0.010291	7.7
1267	-0.680620	131.325282	0.007122	9.7
1268	0.000000	131.267717	0.000000	7.7
1269	-0.228543	131.210219	0.007099	9.0
1270	-0.478876	131.152788	0.007980	11.3
1271	-0.505264	131.095424	0.005610	7.5
1272	-0.438899	131.038127	0.005446	7.6
1273	-0.040439	130.980897	0.002783	7.5
1274	-0.776802	130.923733	0.008148	10.3
1275	-0.686509	130.866636	0.008216	9.6
1276	-0.366329	130.809605	0.002844	9.4
1277	-0.910219	130.752641	0.008107	7.5
1278	-0.165405	130.695742	0.003692	8.8
1279	-0.407131	130.638910	0.005200	11.5
1280	-1.149535	130.582143	0.010371	7.5
1281	0.000000	130.525442	0.000000	9.0
1282	-0.458967	130.468807	0.006134	8.1
1283	0.000000	130.412237	0.000000	7.1
1284	-1.006069	130.355733	0.008363	11.7
1285	-0.034912	130.299294	0.004334	9.0
1286	0.000000	130.242920	0.000000	7.6
1287	-0.000000	130.186611	0.000000	7.6
1288	-0.900249	130.130366	0.010163	7.5
1289	-1.156703	130.074187	0.018177	11.9
1290	-1.124464	130.018072	0.010326	7.8
1291	-1.004835	129.962022	0.007632	10.0
1292	0.000000	129.906036	0.000000	8.7
1293	-0.616009	129.850114	0.006227	7.7
1294	0.000000	129.794257	0.000000	11.9
1295	-1.081470	129.738463	0.008792	7.5
1296	0.000000	129.682734	0.000000	9.3
1297	-1.189697	129.627068	0.013350	7.5
1298	-0.276200	129.571466	0.002956	8.4
1299	-0.279209	129.515927	0.003503	11.7
1300	-0.000001	129.460452	0.000000	9.8
1301	-0.000000	129.405040	0.000000	7.5
1302	-0.850486	129.349692	0.009378	7.6
1303	-0.865535	129.294406	0.007536	9.9
1304	-0.148177	129.239183	0.004498	9.1
1305	-1.005335	129.184024	0.011550	9.5
1306	-0.527381	129.128927	0.006297	7.7
1307	-0.922453	129.073892	0.012635	9.0
1308	0.000000	129.018921	0.000000	14.6
1309	0.000000	128.964011	0.000000	8.2
1310	-0.001181	128.909164	0.000646	8.5
1311	-0.006623	128.854379	0.001064	8.5
1312	-0.327255	128.799656	0.006718	10.6
1313	-0.106420	128.744995	0.003563	7.7
1314	-0.880623	128.690396	0.009953	10.2
1315	-1.024656	128.635858	0.008340	7.9
1316	-0.927044	128.581382	0.006236	8.2
1317	-0.967271	128.526968	0.004788	13.3
1318	0.000000	128.472615	0.000000	7.6
1319	-0.948478	128.418323	0.021407	9.2
1320	-1.025229	128.364092	0.010213	7.6
1321	-0.727589	128.309922	0.007613	13.4
1322	-0.734266	128.255814	0.004305	11.8
1323	-1.050923	128.201766	0.007823	7.6
1324	-1.040047	128.147778	0.016292	8.9
1325	-0.004523	128.093852	0.000551	7.6
1326	-0.561760	128.039985	0.005893	11.6
1327	-0.808224	127.986180	0.009816	7.7
1328	-1.116130	127.932434	0.010310	9.5
1329	-0.099164	127.878749	0.005108	7.7
1330	-0.000000	127.825123	0.000000	8.6
1331	0.000000	127.771558	0.000000	12.4
1332	0.000000	127.718052	0.000000	7.5
1333	-1.092187	127.664606	0.009069	9.7
1334	-0.142802	127.611220	0.004797	7.7
1335	-0.678637	127.557893	0.009739	10.9
1336	-0.000572	127.504625	0.000125	8.5
1337	-0.832700	127.451417	0.008110	10.3
1338	0.000000	127.398268	0.000000	9.3
1339	-0.822015	127.345178	0.010162	7.8
1340	-0.019509	127.292147	0.001204	12.0
1341	-0.570755	127.239175	0.006295	7.6
1342	-0.191155	127.186261	0.008904	9.7
1343	-1.064050	127.133407	0.005206	7.6
1344	-0.825903	127.080610	0.004961	9.1
1345	-1.037321	127.027872	0.007094	12.2
1346	-1.119344	126.975193	0.014721	7.6
1347	-0.610300	126.922572	0.010178	7.6
1348	-0.533344	126.870008	0.006794	7.7
1349	-0.015865	126.817503	0.001380	11.3
1350	-0.743273	126.765056	0.009072	8.8
1351	-0.524121	126.712667	0.007338	9.6
1352	-0.676621	126.660335	0.008248	7.5
1353	0.000000	126.608061	0.000000	8.1
1354	-0.014545	126.555844	0.001191	11.5
1355	-0.794314	126.503685	0.011302	7.5
1356	0.000000	126.451583	0.000000	8.9
1357	-0.665937	126.399538	0.005376	9.1
1358	-0.545459	126.347550	0.006877	8.9
1359	-0.230757	126.295619	0.005132	12.2
1360	-0.443675	126.243745	0.006339	8.9
1361	-0.030032	126.191928	0.002051	7.5
1362	-0.372048	126.140168	0.005904	7.6
1363	-0.605774	126.088464	0.005013	8.8
1364	0.000000	126.036817	0.000000	11.4
1365	0.000000	125.985226	0.000000	9.9
1366	-0.650037	125.933691	0.006663	7.5
1367	-0.126912	125.882212	0.002960	9.1
1368	-0.694608	125.830790	0.004985	11.6
1369	-0.800938	125.779423	0.007919	7.8
1370	-0.057215	125.728113	0.004068	7.6
1371	-0.301468	125.676858	0.009779	9.0
1372	-0.586704	125.625659	0.008077	7.5
1373	-0.982720	125.574515	0.007475	11.2
1374	-0.350301	125.523427	0.002487	9.3
1375	-0.539127	125.472394	0.005837	7.5
1376	-0.000757	125.421417	0.000358	7.6
1377	-0.003257	125.370495	0.000717	7.5
1378	-1.000885	125.319628	0.009413	12.0
1379	-1.191768	125.268815	0.014727	7.7
1380	-1.154299	125.218058	0.008626	9.8
1381	-0.530562	125.167356	0.005176	7.5
1382	-0.565178	125.116708	0.004650	9.2
1383	-0.469449	125.066115	0.004119	12.5
1384	-0.136253	125.015576	0.005120	7.5
1385	0.000000	124.965092	0.000000	9.6
1386	-0.912336	124.914662	0.005971	7.6
1387	-0.105085	124.864287	0.003205	8.8
1388	-0.597152	124.813965	0.011481	10.0
1389	-1.085830	124.763698	0.012394	9.6
1390	-0.802120	124.713485	0.007265	7.6
1391	-0.823906	124.663325	0.008727	7.5
1392	-0.511918	124.613219	0.008251	11.6
1393	0.000000	124.563167	0.000000	7.6
1394	0.000000	124.513168	0.000000	7.3
1395	-1.043808	124.463223	0.006432	9.2
1396	-0.000000	124.413332	0.000000	8.7
1397	-0.724106	124.363493	0.005531	11.8
1398	-0.774815	124.313708	0.007382	9.7
1399	-0.757755	124.263976	0.004476	7.6
1400	-0.686007	124.214297	0.007707	8.8
1401	-0.304716	124.164671	0.004497	7.7
1402	0.000000	124.115097	0.000000	12.3
1403	-0.583527	124.065577	0.008203	9.2
1404	-0.767324	124.016109	0.004621	7.5
1405	-0.759004	123.966693	0.007476	7.6
1406	-0.998556	123.917330	0.004436	10.0
1407	-0.028766	123.868020	0.002888	11.3
1408	-0.000000	123.818762	0.000000	7.6
1409	-0.695185	123.769556	0.004709	7.7
1410	-0.890580	123.720402	0.005132	7.6
1411	-0.771407	123.671300	0.007870	9.0
1412	-0.592828	123.622250	0.005247	10.5
1413	-0.018068	123.573252	0.001442	8.7
1414	-0.780335	123.524305	0.005761	9.2
1415	-1.164674	123.475411	0.012618	7.5
1416	-0.972430	123.426568	0.018983	10.7
1417	0.000000	123.377776	0.000000	7.6
1418	-0.068901	123.329036	0.003217	9.2
1419	-0.087597	123.280347	0.002877	7.7
1420	-0.098690	123.231709	0.005701	7.7
1421	-0.513482	123.183122	0.003006	11.4
1422	0.000000	123.134587	0.000000	10.6
1423	-0.556719	123.086102	0.005640	8.9
1424	-1.023807	123.037669	0.005001	8.5
1425	-1.030997	122.989286	0.013665	10.1
1426	0.000000	122.940954	0.000000	9.5
1427	-0.788112	122.892672	0.003499	9.5
1428	-0.524714	122.844441	0.006528	7.7
1429	-0.690935	122.796261	0.006187	8.8
1430	0.000000	122.748130	0.000000	10.0
1431	-0.311369	122.700050	0.003401	8.3
1432	-1.039412	122.652021	0.009030	7.7
1433	-0.526890	122.604041	0.005696	9.1
1434	-0.636846	122.556111	0.007170	7.7
1435	0.000000	122.508232	0.000000	12.1
1436	-0.394226	122.460402	0.006030	9.9
1437	-0.394637	122.412622	0.006589	7.6
1438	-0.864621	122.364891	0.007347	7.7
1439	-1.027376	122.317210	0.008555	7.8
1440	-0.003056	122.269579	0.000173	13.2
1441	-0.565322	122.221997	0.005419	7.6
1442	0.000000	122.174465	0.000000	10.2
1443	0.000000	122.126981	0.000000	8.5
1444	-0.819419	122.079547	0.008403	8.7
1445	-0.092484	122.032162	0.002704	11.5
1446	-0.607244	121.984826	0.004847	7.5
1447	-0.774346	121.937539	0.008985	9.7
1448	-0.905483	121.890301	0.009284	7.5
1449	-0.007550	121.843112	0.001007	8.8
1450	-0.948592	121.795971	0.012705	10.5
1451	-0.713343	121.748879	0.006268	9.0
1452	-0.579334	121.701835	0.005496	8.0
1453	-0.777174	121.654840	0.008394	8.3
1454	-0.008696	121.607893	0.000695	11.7
1455	-0.874510	121.560994	0.008157	7.9
1456	-0.925827	121.514144	0.011473	9.4
1457	-0.960423	121.467342	0.008803	7.6
1458	0.000000	121.420588	0.000000	9.1
1459	-0.563447	121.373882	0.003779	12.9
1460	-0.573022	121.327223	0.004421	7.4
1461	-0.945810	121.280613	0.010519	8.9
1462	-0.000012	121.234050	0.000009	8.3
1463	-0.000004	121.187535	0.000002	8.7
1464	-1.192941	121.141067	0.007708	10.5
1465	-0.662111	121.094647	0.008295	9.6
1466	-1.118601	121.048274	0.011747	7.5
1467	-0.650403	121.001949	0.007659	7.8
1468	-0.308134	120.955671	0.002907	10.0
1469	-0.987945	120.909440	0.013263	9.8
1470	-0.000000	120.863256	0.000000	7.6
1471	-0.000006	120.817119	0.000003	7.5
1472	0.000000	120.771029	0.000000	7.4
1473	-0.071317	120.724986	0.003394	12.5
1474	0.000000	120.678990	0.000000	9.7
1475	-1.123377	120.633040	0.007295	7.6
1476	-0.767059	120.587137	0.011377	8.3
1477	-0.433716	120.541281	0.002764	7.5
1478	-0.190401	120.495471	0.003763	11.7
1479	-0.000778	120.449707	0.000365	8.3
1480	-0.742313	120.403990	0.011058	9.3
1481	-0.293463	120.358319	0.003749	7.6
1482	-0.609757	120.312694	0.007996	7.6
1483	0.000000	120.267115	0.000000	12.8
1484	-0.092316	120.221582	0.002536	7.8
1485	-1.117882	120.176096	0.008732	8.4
1486	-0.507159	120.130655	0.006197	7.7
1487	-0.098110	120.085260	0.004853	8.6
1488	-0.183202	120.039910	0.003816	11.1
1489	-0.927048	119.994606	0.015482	9.7
1490	-0.080142	119.949348	0.002064	7.6
1491	-0.490793	119.904135	0.003921	8.9
1492	-0.322885	119.858968	0.003273	7.7
1493	-1.143603	119.813846	0.010026	12.6
1494	-0.613624	119.768769	0.003296	9.7
1495	-0.386591	119.723738	0.005685	7.6
1496	-0.926207	119.678752	0.006348	7.6
1497	-1.042878	119.633810	0.008771	9.1
1498	-0.874850	119.588914	0.010130	11.5
1499	-0.425610	119.544062	0.007115	7.6
1500	-1.091490	119.499256	0.008865	9.1
1501	-1.100129	119.454494	0.012600	7.8
1502	-0.000001	119.409777	0.000001	11.5
1503	-0.879194	119.365104	0.006860	9.4
1504	-0.862254	119.320476	0.008677	7.5
1505	-0.835800	119.275893	0.005187	8.7
1506	-0.690836	119.231353	0.005865	8.5
1507	-1.118460	119.186859	0.012754	12.9
1508	-1.017529	119.142408	0.009122	7.7
1509	-0.000000	119.098002	0.000000	9.0
1510	-1.018432	119.053639	0.007964	7.5
1511	-0.531688	119.009321	0.008808	8.4
1512	-0.482936	118.965047	0.005368	13.1
1513	-0.022983	118.920816	0.000819	7.6
1514	0.000000	118.876630	0.000000	7.3
1515	-0.845751	118.832487	0.009091	8.4
1516	-0.810094	118.788388	0.006094	10.7
1517	-1.096778	118.744332	0.014260	9.6
1518	0.000000	118.700320	0.000000	9.4
1519	-0.000000	118.656352	0.000000	7.7
1520	-1.131928	118.612427	0.008116	7.6
1521	-0.466260	118.568545	0.008089	10.6
1522	-1.073090	118.524706	0.005896	7.6
1523	-0.788099	118.480911	0.003549	9.5
1524	-0.004098	118.437159	0.000223	7.6
1525	-1.066857	118.393450	0.006122	7.5
1526	-0.701416	118.349784	0.005845	11.4
1527	-1.111866	118.306160	0.013643	9.3
1528	-0.315718	118.262580	0.003967	7.6
1529	-0.557247	118.219042	0.005352	7.6
1530	-0.748541	118.175548	0.006781	8.4
1531	-0.580470	118.132095	0.004434	12.8
1532	-0.198076	118.088686	0.004105	9.2
1533	-0.352394	118.045319	0.007114	8.3
1534	-0.213325	118.001994	0.004269	8.5
1535	0.000000	117.958712	0.000000	7.8
1536	-0.826093	117.915472	0.006406	12.3
1537	-0.350433	117.872274	0.003163	7.7
1538	-0.870963	117.829118	0.010935	9.4
1539	0.000000	117.786005	0.000000	7.0
1540	-0.036993	117.742933	0.003226	9.1
1541	-1.195036	117.699904	0.008585	12.7
1542	0.000000	117.656916	0.000000	7.0
1543	-0.979585	117.613971	0.011819	7.6
1544	0.000000	117.571067	0.000000	7.4
1545	-0.792915	117.528205	0.009665	10.4
1546	-0.840392	117.485384	0.008549	9.9
1547	-0.024912	117.442605	0.002471	9.9
1548	-1.103970	117.399867	0.008325	7.6
1549	-0.000001	117.357171	0.000001	8.8
1550	-0.114993	117.314517	0.004377	11.2
1551	-0.351638	117.271903	0.007076	7.9
1552	0.000000	117.229331	0.000000	7.8
1553	-0.792793	117.186800	0.009564	8.9
1554	-0.560124	117.144311	0.005918	7.7
1555	-0.962326	117.101862	0.009313	10.8
1556	-0.986821	117.059454	0.005362	9.6
1557	-0.790472	117.017087	0.007798	7.6
1558	-0.367985	116.974762	0.005365	7.7
1559	-0.579896	116.932476	0.005263	7.6
1560	-0.333299	116.890232	0.006208	11.2
1561	-0.211928	116.848028	0.003271	7.7
1562	-0.897250	116.805865	0.007500	9.6
1563	0.000000	116.763743	0.000000	7.5
1564	-1.129942	116.721661	0.009335	9.1
1565	-0.264988	116.679619	0.003505	13.0
1566	-0.505250	116.637618	0.007078	7.6
1567	-0.926368	116.595657	0.006600	10.3
1568	-1.097665	116.553736	0.011595	7.6
1569	0.000000	116.511855	0.000000	9.4
1570	-0.830063	116.470015	0.007103	10.9
1571	-0.726970	116.428214	0.005844	9.2
1572	-1.096139	116.386454	0.010838	7.8
1573	-1.035651	116.344733	0.006761	7.6
1574	-1.106309	116.303052	0.006834	10.6
1575	-0.093181	116.261412	0.004177	7.7
1576	-0.799512	116.219810	0.005960	10.0
1577	-0.955507	116.178249	0.009756	7.6
1578	-0.033848	116.136727	0.003498	9.0
1579	-0.616488	116.095245	0.011437	12.3
1580	-0.355998	116.053802	0.007062	9.3
1581	-0.913823	116.012398	0.006104	7.8
1582	-1.262405	115.971034	0.008833	8.4
1583	-0.972853	115.929710	0.005332	10.0
1584	-1.127345	115.888424	0.010322	10.1
1585	-0.965939	115.847178	0.009105	9.4
1586	0.000000	115.805970	0.000000	7.5
1587	0.000000	115.764802	0.000000	7.8
1588	-1.094305	115.723673	0.006774	11.2
1589	-0.017099	115.682583	0.001870	10.5
1590	-1.057491	115.641532	0.012958	10.7
1591	0.000000	115.600519	0.000000	8.0
1592	-0.726818	115.559546	0.004847	9.3
1593	-1.041408	115.518610	0.007744	11.2
1594	-1.169947	115.477714	0.009932	9.7
1595	-1.125942	115.436856	0.011340	8.9
1596	-1.014996	115.396037	0.010236	7.6
1597	-1.067022	115.355256	0.009178	9.6
1598	-1.163235	115.314514	0.010947	9.3
1599	-0.038693	115.273810	0.002788	9.5
1600	-0.934317	115.233144	0.010886	7.5
1601	-0.824675	115.192517	0.009517	7.6
1602	-0.051257	115.151927	0.002573	10.5
1603	-0.587835	115.111376	0.011602	9.4
1604	-0.000244	115.070863	0.000060	7.5
1605	-1.039538	115.030388	0.008576	7.5
1606	-0.409186	114.989951	0.005628	7.6
1607	-0.833660	114.949551	0.008198	12.2
1608	-1.020850	114.909190	0.009711	9.1
1609	-0.000000	114.868866	0.000000	8.3
1610	-0.807289	114.828580	0.007949	8.6
1611	-1.084502	114.788332	0.007455	7.7
1612	-1.066495	114.748121	0.014552	12.2
1613	-1.056993	114.707948	0.013985	7.7
1614	-0.572107	114.667812	0.014194	9.3
1615	-0.603900	114.627714	0.005741	7.7
1616	-0.889031	114.587653	0.011794	9.2
1617	-0.627920	114.547629	0.011504	12.7
1618	-0.796812	114.507643	0.007646	7.6
1619	-0.954609	114.467693	0.005202	7.7
1620	0.000000	114.427781	0.000000	7.6
1621	-0.152927	114.387907	0.005300	11.4
1622	-0.766549	114.348069	0.009257	7.9
1623	-0.662944	114.308268	0.009472	9.5
1624	-0.929333	114.268504	0.008204	7.6
1625	-0.484902	114.228777	0.005450	8.7
1626	-0.079021	114.189086	0.001469	12.8
1627	-0.779608	114.149433	0.009764	8.5
1628	-0.584218	114.109816	0.007253	9.4
1629	-0.468889	114.070235	0.007377	7.6
1630	-0.136297	114.030692	0.005893	9.2
1631	-0.563589	113.991185	0.005971	9.8
1632	-0.001264	113.951714	0.000240	9.2
1633	0.000000	113.912280	0.000000	7.1
1634	-0.983042	113.872882	0.004877	7.6
1635	-0.782903	113.833521	0.005191	9.4
1636	-0.309006	113.794195	0.004070	9.8
1637	-0.546010	113.754906	0.004455	8.4
1638	0.000000	113.715653	0.000000	8.5
1639	-0.962186	113.676437	0.007050	8.7
1640	0.000000	113.637256	0.000000	10.8
1641	-0.068904	113.598111	0.003387	9.2
1642	-0.000000	113.559002	0.000000	8.4
1643	0.000000	113.519929	0.000000	8.7
1644	-0.996019	113.480892	0.007462	8.2
1645	-0.576075	113.441891	0.005737	13.5
1646	-0.621268	113.402925	0.011656	9.5
1647	-0.327385	113.363995	0.004258	7.7
1648	-0.956928	113.325101	0.007812	7.7
1649	-0.759336	113.286242	0.009003	9.4
1650	-0.085267	113.247419	0.002097	11.0
1651	-0.206164	113.208631	0.007657	7.7
1652	-0.716902	113.169879	0.004429	7.8
1653	-0.999156	113.131162	0.008374	8.3
1654	-0.806797	113.092480	0.005836	11.8
1655	-0.631856	113.053833	0.008020	9.1
1656	-0.045859	113.015222	0.001146	8.0
1657	-0.000000	112.976646	0.000000	8.5
1658	-0.080756	112.938105	0.001209	8.1
1659	-1.071093	112.899599	0.015749	11.9
1660	-0.343211	112.861128	0.004095	7.7
1661	-0.550551	112.822692	0.003019	9.7
1662	0.000000	112.784291	0.000000	7.7
1663	-0.229151	112.745924	0.004132	9.0
1664	0.000000	112.707593	0.000000	12.3
1665	-0.999467	112.669296	0.014722	7.7
1666	-0.375511	112.631034	0.003402	7.9
1667	-0.940120	112.592806	0.007725	7.6
1668	-0.932355	112.554613	0.009471	12.2
1669	0.000000	112.516455	0.000000	7.6
1670	-1.055896	112.478331	0.005002	10.0
1671	-0.787903	112.440241	0.007332	7.6
1672	-0.802841	112.402186	0.009440	7.9
1673	-0.000000	112.364165	0.000000	13.4
1674	-0.929270	112.326179	0.009795	7.6
1675	-0.934380	112.288227	0.016938	9.7
1676	-0.000000	112.250309	0.000000	7.6
1677	-0.683840	112.212425	0.008387	9.0
1678	-1.009245	112.174575	0.008101	10.2
1679	-0.945697	112.136759	0.008611	9.6
1680	-1.029500	112.098977	0.009491	7.7
1681	-0.012804	112.061229	0.001132	7.8
1682	-1.033669	112.023515	0.004622	10.2
1683	-0.045722	111.985834	0.003177	8.4
1684	-1.135467	111.948188	0.009578	7.8
1685	-1.216326	111.910575	0.010078	8.7
1686	-1.005014	111.872996	0.005264	7.7
1687	-0.577668	111.835450	0.005746	11.4
1688	-0.216933	111.797939	0.005646	9.6
1689	-0.007856	111.760460	0.001102	7.6
1690	-0.602278	111.723015	0.008256	8.6
1691	-0.530348	111.685604	0.006438	8.3
1692	0.000000	111.648226	0.000000	13.1
1693	-0.751448	111.610881	0.004982	9.4
1694	-1.097614	111.573570	0.006775	7.5
1695	-1.056241	111.536292	0.006802	7.6
1696	-0.630857	111.499047	0.006642	9.4
1697	-1.065669	111.461835	0.009713	11.3
1698	-0.623741	111.424656	0.003366	7.5
1699	-0.599132	111.387510	0.006928	7.6
1700	0.000000	111.350398	0.000000	7.4
1701	0.000000	111.313318	0.000000	10.7
1702	-0.328033	111.276271	0.005800	8.2
1703	-0.523653	111.239257	0.010980	9.2
1704	-0.958262	111.202276	0.007389	7.5
1705	-0.941023	111.165328	0.004814	7.9
1706	-0.900195	111.128412	0.005158	11.0
1707	-0.000000	111.091529	0.000000	7.6
1708	-0.721187	111.054679	0.006930	9.0
1709	-0.727177	111.017861	0.008036	8.7
1710	-0.625488	110.981076	0.006079	7.7
1711	0.000000	110.944323	0.000000	11.5
1712	-0.730495	110.907603	0.008267	9.4
1713	0.000000	110.870915	0.000000	7.2
1714	-0.829944	110.834259	0.005946	7.6
1715	-0.917778	110.797636	0.006367	7.5
1716	-0.487078	110.761045	0.009120	11.5
1717	-0.979103	110.724486	0.016267	7.9
1718	-0.729925	110.687959	0.008685	9.6
1719	-0.043102	110.651465	0.003017	7.7
1720	0.000000	110.615002	0.000000	7.3
1721	-0.435270	110.578572	0.003629	11.2
1722	-0.661689	110.542173	0.009842	7.6
1723	-0.651514	110.505807	0.013036	9.0
1724	0.000000	110.469472	0.000000	8.5
1725	-0.304465	110.433169	0.006337	7.7
1726	-0.737787	110.396898	0.007264	11.5
1727	-0.017571	110.360659	0.000877	9.6
1728	-0.788790	110.324451	0.010669	8.5
1729	-1.057597	110.288276	0.011786	7.6
1730	-0.814403	110.252131	0.004900	7.7
1731	-0.361457	110.216019	0.004113	13.8
1732	-0.680019	110.179937	0.005574	9.2
1733	-1.054543	110.143888	0.010614	7.6
1734	-0.025535	110.107869	0.000244	7.7
1735	-1.091628	110.071882	0.005593	8.4
1736	-0.047766	110.035927	0.002878	11.1
1737	-0.979695	110.000003	0.009827	7.7
1738	-0.996974	109.964110	0.007933	9.7
1739	-0.489946	109.928248	0.005007	7.5
1740	0.000000	109.892417	0.000000	10.0
1741	-0.000000	109.856618	0.000000	11.2
1742	-1.024168	109.820850	0.009616	8.0
1743	-0.452384	109.785112	0.005720	7.7
1744	-0.015892	109.749406	0.001665	7.5
1745	-0.473868	109.713730	0.005636	11.8
1746	-0.001648	109.678086	0.000347	7.6
1747	-0.672918	109.642472	0.009771	9.3
1748	-0.111861	109.606890	0.003193	7.5
1749	-1.013429	109.571337	0.005130	7.8
1750	-0.573218	109.535816	0.006460	11.3
1751	0.000000	109.500326	0.000000	8.9
1752	-0.600146	109.464866	0.008349	7.7
1753	-0.017360	109.429436	0.001370	7.9
1754	-0.799580	109.394038	0.006514	7.6
1755	-0.897770	109.358669	0.009662	11.2
1756	-0.177963	109.323331	0.004779	8.3
1757	-0.982761	109.288024	0.004442	8.6
1758	0.000000	109.252747	0.000000	7.3
1759	-0.262706	109.217501	0.005920	7.5
1760	-0.761322	109.182284	0.006592	12.1
1761	0.000000	109.147098	0.000000	7.5
1762	-0.304886	109.111942	0.006556	9.7
1763	-0.672779	109.076817	0.002872	7.7
1764	-0.773448	109.041721	0.005242	7.8
1765	-0.000000	109.006656	0.000000	12.0
1766	-1.012293	108.971620	0.008977	8.4
1767	-0.518825	108.936615	0.003557	7.8
1768	-0.778377	108.901640	0.008212	7.5
1769	-0.615032	108.866694	0.009191	8.7
1770	-0.890238	108.831779	0.006239	10.7
1771	-0.389481	108.796893	0.006149	9.2
1772	-0.664131	108.762037	0.005929	7.5
1773	-0.247133	108.727211	0.005198	7.5
1774	-0.232793	108.692415	0.004110	9.1
1775	-0.974159	108.657648	0.006340	11.1
1776	0.000000	108.622911	0.000000	7.2
1777	-0.694880	108.588203	0.007504	9.4
1778	-0.744378	108.553525	0.005128	7.5
1779	-1.245989	108.518877	0.014604	11.0
1780	0.000000	108.484258	0.000000	9.0
1781	-0.946585	108.449668	0.008544	9.1
1782	-0.534279	108.415108	0.006503	7.8
1783	-0.775174	108.380578	0.006717	8.4
1784	-0.100245	108.346076	0.003916	12.5
1785	-1.015202	108.311604	0.005546	7.7
1786	-0.441002	108.277161	0.003589	9.7
1787	-0.885791	108.242747	0.011401	7.9
1788	-0.000329	108.208363	0.000077	9.4
1789	-0.236507	108.174007	0.005121	11.2
1790	-0.419195	108.139681	0.006492	7.8
1791	-0.205624	108.105383	0.003157	7.7
1792	-1.099005	108.071115	0.006847	7.7
1793	-0.940784	108.036875	0.019235	11.7
1794	-0.948639	108.002665	0.004452	8.0
1795	-1.119201	107.968483	0.007860	9.7
1796	-0.960426	107.934330	0.008739	7.7
1797	-0.780418	107.900206	0.014827	7.8
1798	-1.110569	107.866111	0.007302	11.7
1799	-0.551326	107.832044	0.008024	7.8
1800	-0.534073	107.798007	0.006300	9.5
1801	-0.693534	107.763997	0.003105	7.9
1802	-1.002603	107.730017	0.011413	8.8
1803	-0.361896	107.696065	0.005780	12.5
1804	-0.975042	107.662141	0.007746	9.4
1805	0.000000	107.628246	0.000000	7.7
1806	-0.696323	107.594379	0.007760	7.7
1807	-0.980645	107.560541	0.008087	8.9
1808	0.000000	107.526731	0.000000	11.4
1809	0.000000	107.492949	0.000000	9.1
1810	-1.014752	107.459196	0.005968	7.5
1811	0.000000	107.425471	0.000000	7.4
1812	-0.637012	107.391774	0.008060	8.8
1813	-0.895504	107.358106	0.011808	10.4
1814	-0.909857	107.324465	0.008839	7.7
1815	-0.705186	107.290853	0.013274	9.1
1816	-1.067235	107.257268	0.007985	7.6
1817	0.000000	107.223712	0.000000	9.5
1818	-0.724084	107.190184	0.007327	8.1
1819	-0.689445	107.156683	0.007407	9.2
1820	-0.000000	107.123211	0.000000	7.6
1821	-0.198072	107.089766	0.002314	7.7
1822	0.000000	107.056349	0.000000	12.2
1823	-0.819085	107.022960	0.006061	7.5
1824	-0.206942	106.989599	0.007240	9.2
1825	-0.035483	106.956265	0.001762	8.1
1826	-0.890180	106.922960	0.006659	7.7
1827	0.000000	106.889681	0.000000	11.7
1828	0.000000	106.856431	0.000000	9.3
1829	-0.775426	106.823208	0.006940	7.6
1830	-0.560901	106.790012	0.007232	7.8
1831	-0.062730	106.756844	0.001235	8.4
1832	-1.182858	106.723703	0.017815	10.8
1833	0.000000	106.690590	0.000000	7.6
1834	-1.041282	106.657505	0.006627	8.9
1835	-0.189710	106.624446	0.002564	7.8
1836	-0.919738	106.591415	0.009772	9.0
1837	-0.000000	106.558411	0.000000	11.7
1838	-0.917420	106.525435	0.009514	7.5
1839	-0.596226	106.492485	0.005731	7.8
1840	-0.196911	106.459563	0.006297	7.5
1841	-0.097474	106.426668	0.004181	10.3
1842	-0.861046	106.393800	0.004935	9.3
1843	-0.540698	106.360959	0.005029	9.3
1844	-0.886254	106.328145	0.006401	7.5
1845	-0.530444	106.295358	0.004895	7.8
1846	-0.941500	106.262598	0.007737	10.3
1847	-0.575117	106.229865	0.006212	7.8
1848	-0.614752	106.197158	0.007718	7.7
1849	0.000000	106.164479	0.000000	10.0
1850	0.000000	106.131826	0.000000	7.7
1851	-0.904550	106.099201	0.006718	12.7
1852	-0.420713	106.066602	0.003698	9.2
1853	-0.532233	106.034029	0.005905	7.5
1854	-0.388696	106.001483	0.004383	8.9
1855	-1.114612	105.968964	0.011518	7.6
1856	-0.298084	105.936472	0.004707	12.7
1857	-1.168731	105.904006	0.012495	9.3
1858	-1.030705	105.871566	0.007345	8.3
1859	-0.431502	105.839153	0.005023	7.8
1860	-0.175242	105.806767	0.004672	9.7
1861	0.000000	105.774407	0.000000	10.5
1862	-0.905631	105.742073	0.010885	7.6
1863	-0.501402	105.709766	0.007317	7.5
1864	-0.550482	105.677485	0.007800	7.7
1865	-0.704096	105.645230	0.008765	10.6
1866	0.000000	105.613001	0.000000	7.7
1867	0.000000	105.580799	0.000000	9.8
1868	-1.129929	105.548623	0.005029	7.7
1869	-0.006967	105.516473	0.000671	7.6
1870	0.000000	105.484349	0.000000	12.4
1871	0.000000	105.452251	0.000000	8.1
1872	0.000000	105.420179	0.000000	8.6
1873	-1.137889	105.388133	0.008675	7.4
1874	-0.112992	105.356113	0.001167	8.0
1875	-0.966876	105.324119	0.012830	11.2
1876	0.000000	105.292151	0.000000	9.4
1877	-1.163570	105.260209	0.006154	7.7
1878	0.000000	105.228293	0.000000	7.2
1879	-0.537814	105.196402	0.004668	7.6
1880	-0.000117	105.164537	0.000035	10.6
1881	-0.746575	105.132698	0.007640	7.6
1882	-0.777406	105.100885	0.006677	9.4
1883	-0.806454	105.069097	0.006152	7.7
1884	0.000000	105.037335	0.000000	7.7
1885	-0.778905	105.005598	0.009300	12.4
1886	0.000000	104.973887	0.000000	7.5
1887	-0.810980	104.942202	0.009418	9.9
1888	-0.614626	104.910542	0.003405	7.8
1889	-0.187347	104.878907	0.002850	7.7
1890	-0.804228	104.847298	0.005965	11.6
1891	-0.855756	104.815715	0.004497	9.0
1892	-0.001013	104.784156	0.000190	7.8
1893	-0.000568	104.752623	0.000165	7.6
1894	-0.469960	104.721116	0.006521	7.6
1895	-0.790669	104.689633	0.006747	10.9
1896	-0.302580	104.658176	0.002707	7.8
1897	0.000000	104.626744	0.000000	9.7
1898	0.000000	104.595337	0.000000	7.5
1899	-1.117990	104.563955	0.015356	7.6
1900	-0.127910	104.532599	0.003438	11.8
1901	-0.933632	104.501267	0.008671	8.5
1902	-0.025016	104.469960	0.001994	9.6
1903	-0.402035	104.438679	0.004828	7.5
1904	-1.083517	104.407422	0.010332	7.7
1905	-0.123217	104.376191	0.005265	11.9
1906	0.000000	104.344984	0.000000	9.2
1907	-0.776232	104.313802	0.004754	7.8
1908	-0.595013	104.282645	0.004245	7.7
1909	-0.000162	104.251513	0.000059	7.7
1910	-0.876212	104.220405	0.011134	11.4
1911	-0.980284	104.189323	0.007954	9.0
1912	-0.489697	104.158265	0.004132	8.3
1913	0.000000	104.127231	0.000000	7.7
1914	-0.000000	104.096222	0.000000	7.5
1915	0.000000	104.065238	0.000000	12.3
1916	-0.052254	104.034279	0.001598	8.7
1917	-1.120736	104.003344	0.006592	10.4
1918	-1.145263	103.972433	0.009739	7.8
1919	-0.462082	103.941547	0.004013	7.7
1920	-0.113384	103.910686	0.003918	12.9
1921	-1.049973	103.879849	0.007586	7.6
1922	0.000000	103.849036	0.000000	9.5
1923	-0.845476	103.818248	0.009341	7.6
1924	-0.641621	103.787484	0.009894	8.9
1925	-1.095153	103.756744	0.005841	10.3
1926	-0.299767	103.726029	0.004651	9.3
1927	-0.863538	103.695338	0.008822	7.6
1928	0.000000	103.664671	0.000000	7.8
1929	-0.476784	103.634028	0.004005	11.5
1930	-0.804779	103.603409	0.007011	7.8
1931	-0.901503	103.572814	0.009099	9.5
1932	0.000000	103.542244	0.000000	7.2
1933	0.000000	103.511698	0.000000	7.0
1934	-1.166164	103.481175	0.010010	10.9
1935	-1.059486	103.450677	0.007726	9.2
1936	-0.521859	103.420202	0.006377	7.6
1937	-0.649763	103.389752	0.009114	7.7
1938	-0.855528	103.359325	0.008314	7.6
1939	-0.354852	103.328922	0.004323	10.8
1940	-0.037115	103.298543	0.000769	7.5
1941	-0.637690	103.268188	0.006283	9.1
1942	0.000000	103.237857	0.000000	7.2
1943	-1.151454	103.207549	0.013295	7.6
1944	-0.797272	103.177265	0.005858	10.9
1945	0.000000	103.147005	0.000000	9.7
1946	0.000000	103.116768	0.000000	8.0
1947	-0.996641	103.086556	0.008665	7.7
1948	-1.156894	103.056366	0.008317	7.6
1949	-0.871833	103.026200	0.006227	12.8
1950	-0.079282	102.996058	0.002247	9.1
1951	-0.000000	102.965939	0.000000	7.6
1952	0.000000	102.935844	0.000000	7.6
1953	-0.516314	102.905772	0.007190	8.1
1954	-0.157764	102.875724	0.003119	11.1
1955	-0.688656	102.845699	0.009863	7.8
1956	-0.356349	102.815697	0.005311	9.4
1957	-1.025938	102.785719	0.005418	7.5
1958	-0.543059	102.755764	0.006675	7.6
1959	-0.594876	102.725832	0.004090	10.9
1960	-0.902242	102.695924	0.005287	9.6
1961	-0.424844	102.666038	0.006222	8.7
1962	-0.024757	102.636176	0.001894	7.6
1963	-0.650177	102.606337	0.003258	7.7
1964	-1.016294	102.576521	0.008186	12.2
1965	-1.047998	102.546728	0.007509	9.3
1966	-0.958616	102.516959	0.006072	7.5
1967	-0.847622	102.487212	0.006144	7.6
1968	-0.315463	102.457488	0.006600	8.7
1969	-0.862163	102.427788	0.011664	10.4
1970	-0.000000	102.398110	0.000000	7.1
1971	0.000000	102.368455	0.000000	10.2
1972	-0.817635	102.338823	0.005682	7.6
1973	-0.034791	102.309214	0.001000	10.1
1974	-0.704843	102.279628	0.005524	7.9
1975	0.000000	102.250064	0.000000	8.7
1976	-0.047787	102.220524	0.001778	7.8
1977	0.000000	102.191006	0.000000	7.7
1978	-0.227258	102.161511	0.003875	12.5
1979	-1.031829	102.132038	0.012378	7.5
1980	-1.125226	102.102588	0.014804	9.6
1981	-0.841701	102.073161	0.005443	7.4
1982	-1.040840	102.043757	0.009152	7.5
1983	0.000000	102.014375	0.000000	10.8
1984	-0.916018	101.985015	0.005579	9.4
1985	-0.047779	101.955678	0.002149	7.6
1986	-0.395785	101.926364	0.005666	7.7
1987	-1.093334	101.897072	0.007176	7.6
1988	-0.954325	101.867802	0.005223	11.3
1989	-0.000034	101.838555	0.000008	9.1
1990	0.000000	101.809330	0.000000	8.4
1991	0.000000	101.780128	0.000000	7.7
1992	0.000000	101.750948	0.000000	7.5
1993	-0.000000	101.721790	0.000000	11.9
1994	-0.491320	101.692654	0.006006	7.5
1995	-0.496030	101.663541	0.007978	9.5
1996	-0.904752	101.634450	0.006469	7.5
1997	-0.000357	101.605381	0.000148	7.5
1998	-0.540455	101.576335	0.007702	11.1
1999	-0.055740	101.547310	0.002780	9.6
