1:ItNr	2:Metric	3:StepSize	4:||Gradient||	Time[ms]
0	-0.118089	627.201626	0.001887	1203.8
1	-0.736462	623.504937	0.020941	8.5
2	-0.000000	619.865785	0.000000	7.0
3	-0.514929	616.282728	0.019542	7.6
4	-0.000000	612.754375	0.000000	10.4
5	-0.015239	609.279381	0.001995	9.3
6	-0.945442	605.856447	0.012006	7.5
7	-0.805179	602.484317	0.018962	7.7
8	-0.276300	599.161779	0.001406	7.4
9	0.000000	595.887656	0.000000	12.1
10	-0.587496	592.660813	0.010587	7.5
11	-0.003375	589.480151	0.001026	8.9
12	-0.847194	586.344606	0.010531	7.5
13	-0.631485	583.253145	0.013309	7.5
14	-0.597143	580.204771	0.006045	11.0
15	0.000000	577.198517	0.000000	7.5
16	-0.790761	574.233444	0.014885	7.8
17	-0.542325	571.308645	0.019726	8.5
18	-0.000009	568.423237	0.000004	7.5
19	-0.746702	565.576365	0.031201	11.5
20	-0.029790	562.767201	0.002483	9.1
21	-0.005622	559.994938	0.000356	7.6
22	-1.117438	557.258797	0.042775	7.6
23	-1.062500	554.558018	0.006163	7.5
24	-0.771653	551.891865	0.006593	11.4
25	-0.836045	549.259621	0.011560	7.7
26	-0.490093	546.660592	0.007808	10.0
27	-0.821088	544.094102	0.006320	7.6
28	-0.044825	541.559494	0.001389	9.5
29	-0.001377	539.056129	0.000266	12.0
30	-1.197263	536.583387	0.007986	7.5
31	-0.526778	534.140663	0.021015	9.1
32	-0.264051	531.727370	0.003011	7.6
33	-1.072081	529.342935	0.029445	8.4
34	-1.098733	526.986802	0.015517	10.7
35	-1.107062	524.658430	0.016551	9.0
36	-0.483151	522.357290	0.015428	7.6
37	-0.399485	520.082868	0.012480	7.6
38	-0.673874	517.834665	0.013113	9.2
39	-0.000000	515.612193	0.000000	9.5
40	-0.969910	513.414976	0.023794	7.5
41	-0.722069	511.242551	0.008269	9.1
42	-0.918327	509.094468	0.025844	8.7
43	-0.858463	506.970285	0.029684	10.4
44	-0.106272	504.869574	0.005058	9.6
45	-0.928737	502.791916	0.006514	7.4
46	-0.054974	500.736903	0.003059	8.6
47	-0.890994	498.704137	0.013731	7.5
48	-0.529856	496.693228	0.013439	12.5
49	-0.659386	494.703798	0.004400	7.6
50	-0.000000	492.735476	0.000000	9.5
51	-0.640523	490.787900	0.014334	7.6
52	-0.965428	488.860718	0.016590	9.1
53	-1.075254	486.953585	0.026655	11.7
54	-0.565572	485.066164	0.006870	7.6
55	-0.667681	483.198126	0.009108	7.4
56	-0.888649	481.349149	0.013300	7.5
57	-0.650923	479.518920	0.007516	10.8
58	-0.381051	477.707132	0.005378	8.3
59	-0.809604	475.913485	0.008194	8.9
60	-0.000124	474.137684	0.000050	7.6
61	-1.146363	472.379445	0.013828	7.9
62	-0.000000	470.638485	0.000000	10.9
63	-1.004987	468.914531	0.018955	9.5
64	-1.273038	467.207315	0.024569	7.7
65	-0.685933	465.516573	0.011526	7.6
66	0.000000	463.842050	0.000000	7.5
67	-0.443362	462.183494	0.003947	11.6
68	-1.026234	460.540658	0.027286	9.9
69	-0.000005	458.913303	0.000002	7.4
70	-1.074577	457.301192	0.030106	7.6
71	-0.745106	455.704096	0.012365	7.6
72	-0.964223	454.121787	0.007250	11.9
73	-0.000069	452.554045	0.000032	7.5
74	0.000000	451.000653	0.000000	9.0
75	-0.913088	449.461399	0.021613	7.5
76	0.000000	447.936075	0.000000	7.7
77	-0.436803	446.424477	0.006361	10.9
78	-0.000000	444.926406	0.000000	7.2
79	-0.294465	443.441666	0.003033	8.4
80	-0.882197	441.970065	0.007026	9.2
81	-0.206872	440.511415	0.009227	8.2
82	-0.849331	439.065533	0.008106	11.8
83	-0.000000	437.632238	0.000000	8.7
84	-0.728655	436.211351	0.006583	7.7
85	-0.299769	434.802701	0.004778	8.4
86	-0.352187	433.406117	0.005878	7.5
87	-0.446896	432.021430	0.013855	11.3
88	-0.743873	430.648479	0.006689	7.6
89	0.000000	429.287101	0.000000	9.1
90	-0.687338	427.937140	0.017837	7.9
91	-1.078380	426.598440	0.012907	7.7
92	-0.899240	425.270849	0.008957	11.2
93	-1.194803	423.954220	0.023386	7.6
94	-0.716676	422.648404	0.009571	7.6
95	-0.859704	421.353259	0.010836	9.7
96	-0.658654	420.068643	0.005654	7.5
97	-0.558056	418.794419	0.009598	12.6
98	-0.098326	417.530451	0.001932	9.0
99	0.000000	416.276604	0.000000	7.5
100	-1.144627	415.032748	0.016091	7.7
101	-0.851223	413.798754	0.007586	8.4
102	-0.624292	412.574495	0.006014	12.5
103	-1.112943	411.359849	0.019108	7.5
104	-0.747594	410.154691	0.011175	9.2
105	-1.043653	408.958904	0.019225	7.6
106	-0.504337	407.772368	0.013985	7.5
107	-0.648437	406.594968	0.039900	11.2
108	-0.328492	405.426590	0.008214	7.6
109	-1.138186	404.267122	0.012176	9.1
110	0.000000	403.116456	0.000000	7.8
111	-0.000000	401.974481	0.000000	8.5
112	-0.397847	400.841093	0.006646	12.2
113	-0.568086	399.716187	0.009503	9.0
114	-1.091231	398.599660	0.036584	7.5
115	-0.616346	397.491411	0.008628	7.5
116	-0.351357	396.391342	0.007754	8.1
117	-0.000000	395.299353	0.000000	12.4
118	-0.999875	394.215350	0.015306	9.1
119	-1.002819	393.139238	0.019305	7.9
120	-0.497586	392.070924	0.011376	7.9
121	-0.000000	391.010316	0.000000	10.1
122	-0.496102	389.957325	0.011467	9.6
123	0.000000	388.911862	0.000000	7.3
124	-1.048288	387.873839	0.031069	9.3
125	-0.703866	386.843173	0.008653	7.4
126	-0.504670	385.819777	0.014925	11.3
127	-0.802200	384.803569	0.011627	10.1
128	-0.831015	383.794468	0.003999	8.4
129	-0.953528	382.792393	0.015513	7.5
130	-0.075059	381.797264	0.005717	7.5
131	-1.108239	380.809005	0.009950	12.0
132	0.000000	379.827537	0.000000	7.8
133	-0.956598	378.852786	0.012355	8.8
134	-0.816552	377.884678	0.006947	7.4
135	-0.217962	376.923138	0.003001	7.5
136	-0.532295	375.968095	0.004298	10.6
137	-0.048503	375.019479	0.002919	9.7
138	-0.471305	374.077218	0.006717	7.5
139	-0.763382	373.141244	0.006956	7.7
140	-0.000000	372.211489	0.000000	7.6
141	-0.005074	371.287887	0.001164	11.1
142	-0.199830	370.370370	0.007610	7.2
143	-1.210189	369.458876	0.011828	9.3
144	-0.109901	368.553338	0.002311	7.5
145	-0.454566	367.653696	0.009380	7.5
146	-0.068935	366.759885	0.001517	11.9
147	-0.642085	365.871846	0.006837	7.7
148	-0.975557	364.989518	0.004103	8.8
149	-0.409913	364.112841	0.008086	8.2
150	-0.767866	363.241757	0.016073	7.6
151	-1.076044	362.376208	0.009706	10.8
152	-0.000466	361.516137	0.000170	9.2
153	-0.788699	360.661488	0.008269	7.5
154	-0.843515	359.812206	0.017855	7.7
155	-0.062359	358.968236	0.002004	7.5
156	-0.643899	358.129524	0.012846	10.8
157	-0.506522	357.296018	0.011390	7.6
158	-0.213381	356.467665	0.004429	9.6
159	-0.116818	355.644414	0.004158	7.4
160	-0.149920	354.826213	0.003242	7.9
161	-1.141131	354.013012	0.014962	12.3
162	-0.000219	353.204763	0.000062	7.6
163	0.000000	352.401415	0.000000	9.4
164	-1.255634	351.602922	0.013963	8.2
165	-1.104007	350.809235	0.020809	7.5
166	-0.177010	350.020308	0.004992	11.4
167	-0.945198	349.236095	0.016559	9.1
168	-0.016544	348.456550	0.001155	7.5
169	-0.972111	347.681627	0.018055	7.5
170	0.000000	346.911283	0.000000	7.6
171	-0.867944	346.145474	0.016930	10.5
172	-0.914840	345.384157	0.006895	7.5
173	-0.392171	344.627288	0.002747	9.3
174	-0.901753	343.874826	0.018888	7.9
175	-1.073693	343.126729	0.019140	7.6
176	-0.944857	342.382957	0.004508	11.4
177	-1.196353	341.643469	0.014672	9.0
178	-0.632280	340.908224	0.006637	7.6
179	-0.608321	340.177184	0.008956	7.5
180	-0.151319	339.450309	0.004204	8.2
181	-0.244574	338.727561	0.004454	12.6
182	-1.135230	338.008902	0.024827	9.3
183	-0.740499	337.294295	0.004024	7.6
184	-1.038317	336.583703	0.006024	8.3
185	-1.093583	335.877089	0.031870	7.6
186	-0.913322	335.174416	0.005449	11.0
187	-0.073241	334.475651	0.001567	7.9
188	-0.361744	333.780756	0.010424	9.8
189	-0.728430	333.089698	0.049220	7.8
190	-0.997041	332.402443	0.006626	7.5
191	0.000000	331.718955	0.000000	11.3
192	-0.998127	331.039203	0.031784	7.5
193	-0.000000	330.363153	0.000000	9.7
194	-0.239937	329.690771	0.004176	9.0
195	-0.469391	329.022027	0.011799	7.5
196	-1.104955	328.356888	0.014272	12.3
197	-0.001570	327.695322	0.000071	9.5
198	-0.248682	327.037299	0.006635	7.6
199	-1.023363	326.382787	0.010110	7.6
200	-0.488588	325.731758	0.010200	8.6
201	-0.032580	325.084179	0.002635	10.6
202	-0.072943	324.440023	0.003008	9.8
203	-0.000000	323.799258	0.000000	7.3
204	-1.148594	323.161858	0.018490	7.6
205	-0.044602	322.527792	0.004461	9.2
206	-0.527726	321.897034	0.004400	11.2
207	-0.000023	321.269554	0.000010	7.4
208	-1.100137	320.645325	0.023375	8.7
209	-0.526526	320.024320	0.010259	7.5
210	-1.195616	319.406512	0.036903	10.9
211	-1.282797	318.791875	0.012080	7.5
212	-1.137983	318.180381	0.036396	9.4
213	-1.040938	317.572005	0.009495	7.6
214	0.000000	316.966721	0.000000	7.5
215	-0.054050	316.364504	0.003794	11.2
216	-0.000000	315.765329	0.000000	7.7
217	-0.213157	315.169170	0.004339	9.0
218	-0.009543	314.576003	0.000756	8.4
219	-0.000110	313.985804	0.000025	7.6
220	-1.135979	313.398548	0.021248	11.3
221	-0.494606	312.814213	0.010771	9.1
222	-0.413952	312.232773	0.003557	7.5
223	-1.090300	311.654207	0.025713	7.6
224	-0.150088	311.078491	0.009628	7.5
225	-0.000000	310.505602	0.000000	11.0
226	-0.763350	309.935518	0.013148	7.7
227	0.000000	309.368217	0.000000	9.2
228	-1.090763	308.803676	0.021012	7.6
229	-0.446836	308.241874	0.009986	7.7
230	-0.101205	307.682789	0.003289	11.2
231	-0.000072	307.126400	0.000027	7.4
232	-0.046642	306.572687	0.004102	7.6
233	-0.924328	306.021627	0.021589	9.3
234	-0.308323	305.473201	0.004530	7.6
235	-0.803362	304.927388	0.011059	11.0
236	-1.131147	304.384168	0.020685	9.1
237	-0.186383	303.843521	0.004272	7.9
238	-0.480177	303.305427	0.010053	7.6
239	-0.393370	302.769867	0.005663	7.5
240	-0.016940	302.236821	0.000991	11.6
241	-0.779447	301.706270	0.014137	7.6
242	-0.869717	301.178196	0.021687	9.0
243	-0.545266	300.652580	0.007686	7.6
244	-0.387664	300.129402	0.005787	7.6
245	-0.756186	299.608645	0.036724	10.8
246	-0.837341	299.090291	0.015471	9.4
247	-1.155670	298.574321	0.013762	7.7
248	-0.000000	298.060718	0.000000	7.5
249	-0.000000	297.549465	0.000000	7.6
250	-0.062609	297.040543	0.002127	11.1
251	-0.646355	296.533936	0.012733	7.8
252	-0.247234	296.029626	0.007117	9.8
253	-0.782144	295.527597	0.005341	7.6
254	-0.000000	295.027832	0.000000	7.6
255	-0.545306	294.530315	0.009013	12.6
256	-0.734893	294.035028	0.009072	7.6
257	-0.666229	293.541956	0.008808	9.5
258	-1.152813	293.051083	0.014657	7.6
259	-1.079620	292.562393	0.013397	8.6
260	-0.000000	292.075870	0.000000	11.7
261	-0.950449	291.591498	0.023521	9.5
262	-0.796853	291.109263	0.008587	7.7
263	-0.101245	290.629149	0.001547	7.5
264	-0.034583	290.151140	0.002297	7.6
265	-0.782675	289.675222	0.011497	12.6
266	-0.905387	289.201380	0.011798	9.4
267	-0.554949	288.729600	0.010032	7.5
268	-0.063663	288.259866	0.004193	7.6
269	-1.165137	287.792165	0.025167	7.6
270	-0.562638	287.326481	0.009566	12.0
271	-0.852419	286.862802	0.003739	7.8
272	-0.315054	286.401113	0.004659	10.0
273	-0.735247	285.941400	0.014683	7.6
274	-0.795264	285.483649	0.012769	7.5
275	-0.000759	285.027847	0.000195	11.7
276	-1.128041	284.573981	0.032580	7.5
277	-0.852805	284.122037	0.015596	8.9
278	-0.330998	283.672002	0.006031	7.9
279	-0.000000	283.223863	0.000000	7.6
280	-0.970685	282.777607	0.024856	10.5
281	0.000000	282.333221	0.000000	9.2
282	-0.251466	281.890692	0.003879	7.5
283	-0.000000	281.450008	0.000000	7.3
284	-0.630844	281.011157	0.007892	7.5
285	-0.414284	280.574125	0.004574	11.1
286	-0.737917	280.138901	0.012512	7.6
287	-0.653281	279.705473	0.015106	9.1
288	-1.220625	279.273829	0.011888	7.6
289	-0.644855	278.843956	0.009052	7.6
290	-0.226943	278.415844	0.004502	10.7
291	0.000000	277.989479	0.000000	7.6
292	-0.936624	277.564851	0.012308	7.6
293	-0.988315	277.141949	0.019084	8.9
294	-1.067447	276.720761	0.019334	7.6
295	-1.214242	276.301275	0.030814	10.6
296	0.000000	275.883480	0.000000	8.1
297	-0.505277	275.467366	0.017829	9.2
298	-0.781561	275.052922	0.007066	7.6
299	-0.964957	274.640136	0.011962	7.6
300	-0.120671	274.228998	0.003374	12.5
301	-1.114951	273.819497	0.026660	7.6
302	-0.624689	273.411623	0.011959	9.4
303	-0.000000	273.005365	0.000000	8.4
304	-0.315836	272.600712	0.006474	7.6
305	-0.000000	272.197655	0.000000	11.3
306	0.000000	271.796184	0.000000	8.9
307	-0.000100	271.396287	0.000031	8.9
308	-0.002560	270.997956	0.000177	9.5
309	-0.000000	270.601180	0.000000	9.0
310	-0.000000	270.205949	0.000000	10.1
311	-0.597375	269.812254	0.007940	9.6
312	-0.665868	269.420085	0.008519	7.6
313	-0.805178	269.029432	0.011570	8.5
314	-0.000000	268.640287	0.000000	9.7
315	-0.674752	268.252638	0.006927	9.4
316	-0.348165	267.866478	0.005611	7.9
317	-0.125307	267.481796	0.006338	8.7
318	-1.030773	267.098584	0.006798	7.8
319	-0.964252	266.716833	0.016009	10.4
320	-0.314680	266.336533	0.008014	8.8
321	0.000000	265.957676	0.000000	7.4
322	-1.125364	265.580253	0.016882	7.5
323	-0.250458	265.204254	0.002170	7.5
324	-0.766594	264.829672	0.012210	10.3
325	-0.579767	264.456497	0.006259	7.6
326	-1.187374	264.084721	0.021767	9.3
327	-0.570935	263.714335	0.005916	7.5
328	-0.000000	263.345332	0.000000	7.9
329	-0.000242	262.977702	0.000078	11.0
330	-1.068680	262.611438	0.041832	9.5
331	-0.394731	262.246531	0.003839	7.6
332	-0.532506	261.882973	0.011465	7.7
333	-0.472929	261.520756	0.012375	7.6
334	-0.809372	261.159871	0.013725	12.3
335	-0.242037	260.800312	0.004638	8.9
336	-1.242534	260.442070	0.013450	8.5
337	-0.565465	260.085137	0.005286	7.7
338	-0.273864	259.729505	0.010662	7.6
339	-0.087197	259.375167	0.001820	11.0
340	0.000000	259.022116	0.000000	7.5
341	-0.000000	258.670343	0.000000	8.5
342	-1.216327	258.319841	0.015004	7.5
343	-1.031928	257.970602	0.008418	7.6
344	-1.145758	257.622620	0.030940	10.5
345	-1.239927	257.275887	0.019493	9.1
346	-0.935470	256.930396	0.006050	7.6
347	-1.098306	256.586139	0.026135	7.6
348	0.000000	256.243109	0.000000	7.2
349	-0.598202	255.901300	0.011948	11.2
350	-0.059366	255.560703	0.003521	7.6
351	-1.136927	255.221313	0.043801	9.6
352	-0.783984	254.883122	0.020833	7.6
353	-0.812181	254.546124	0.025022	7.5
354	-0.000124	254.210311	0.000044	11.4
355	-0.859635	253.875677	0.038591	7.6
356	-0.612536	253.542215	0.012878	7.5
357	-1.145616	253.209918	0.012593	9.4
358	-0.000000	252.878781	0.000000	7.6
359	-0.183982	252.548795	0.005321	12.5
360	-0.000439	252.219956	0.000078	9.1
361	-0.051017	251.892255	0.001792	7.6
362	-0.988685	251.565688	0.009518	8.3
363	-1.106765	251.240247	0.038842	7.4
364	-1.099994	250.915926	0.016902	11.2
365	-0.935600	250.592720	0.011039	7.5
366	-0.036263	250.270621	0.000557	9.5
367	-0.498081	249.949624	0.007961	7.6
368	-0.018387	249.629723	0.001247	8.0
369	-0.116027	249.310911	0.006569	11.4
370	-0.757250	248.993182	0.039324	7.6
371	-0.896312	248.676531	0.013778	8.8
372	0.000000	248.360952	0.000000	8.9
373	-1.014963	248.046438	0.019302	7.6
374	-0.000008	247.732984	0.000004	11.5
375	-0.000217	247.420584	0.000072	9.8
376	-1.066354	247.109233	0.024656	7.7
377	-1.098092	246.798924	0.009217	8.8
378	-0.000000	246.489652	0.000000	7.6
379	-0.011218	246.181412	0.001246	13.0
380	-0.000000	245.874197	0.000000	8.9
381	-1.167127	245.568002	0.010745	7.5
382	-0.942051	245.262822	0.016895	7.6
383	-0.009330	244.958652	0.000885	8.0
384	-0.968798	244.655485	0.009956	11.3
385	0.000000	244.353317	0.000000	7.6
386	-0.640337	244.052142	0.011402	9.4
387	-0.283145	243.751955	0.004719	7.8
388	-0.145568	243.452750	0.008550	10.5
389	-0.139552	243.154523	0.002136	9.4
390	-0.899795	242.857268	0.021755	9.0
391	-1.204304	242.560980	0.040680	7.6
392	-0.267500	242.265654	0.004116	7.6
393	-0.223849	241.971285	0.003282	11.3
394	-0.041803	241.677868	0.002681	7.5
395	-0.807611	241.385397	0.008701	9.1
396	-1.313158	241.093869	0.013818	7.6
397	-0.137017	240.803278	0.006702	7.7
398	-0.417416	240.513619	0.008198	11.4
399	-0.848694	240.224887	0.008078	9.1
400	-0.936096	239.937077	0.011995	7.6
401	-0.795641	239.650186	0.011123	7.6
402	-0.839707	239.364207	0.012209	7.6
403	-0.034718	239.079136	0.002543	10.7
404	-1.099560	238.794969	0.020061	7.7
405	-0.952767	238.511701	0.020139	9.4
406	-0.128902	238.229327	0.004307	7.5
407	-0.017797	237.947843	0.001005	7.5
408	-0.000000	237.667244	0.000000	11.7
409	-0.495189	237.387526	0.012871	8.4
410	-0.825894	237.108684	0.004888	8.9
411	-0.472819	236.830714	0.011212	7.8
412	-0.353791	236.553610	0.003952	7.6
413	-1.007539	236.277370	0.012010	11.2
414	-1.062336	236.001989	0.022554	8.7
415	-0.673475	235.727461	0.014367	7.5
416	-1.100102	235.453784	0.017400	7.6
417	-0.665486	235.180952	0.008512	7.5
418	-0.050171	234.908962	0.000425	11.5
419	-0.903563	234.637809	0.009563	8.0
420	-0.411019	234.367488	0.012895	9.8
421	-1.163191	234.097997	0.038832	7.8
422	-0.303847	233.829331	0.004645	7.7
423	0.000000	233.561485	0.000000	13.6
424	-0.839952	233.294456	0.008115	7.5
425	-0.886405	233.028239	0.025713	9.7
426	-0.016973	232.762831	0.000807	7.5
427	-1.119812	232.498228	0.013756	10.0
428	-0.464847	232.234425	0.006777	10.0
429	-1.112954	231.971419	0.012934	9.6
430	-0.953836	231.709205	0.023826	8.0
431	-0.125951	231.447781	0.005640	7.5
432	-0.917772	231.187141	0.011072	12.2
433	-0.264216	230.927283	0.005741	7.6
434	-1.204416	230.668202	0.018612	9.1
435	-0.768849	230.409895	0.009008	7.6
436	-0.828573	230.152358	0.014557	7.7
437	-0.014807	229.895587	0.002760	10.5
438	-1.162890	229.639578	0.016444	9.5
439	-0.175336	229.384329	0.004430	8.5
440	-0.056973	229.129834	0.002007	8.4
441	-0.008742	228.876091	0.001073	7.6
442	-0.021617	228.623096	0.001228	12.6
443	-0.350232	228.370846	0.001475	10.1
444	-0.581498	228.119336	0.010838	7.5
445	-1.017674	227.868563	0.010201	7.9
446	-1.254153	227.618525	0.025736	9.7
447	-0.000043	227.369216	0.000019	9.2
448	-0.184797	227.120635	0.004153	7.6
449	-0.000000	226.872777	0.000000	10.3
450	-0.004954	226.625638	0.000311	7.7
451	-1.249101	226.379217	0.039010	12.7
452	-0.476678	226.133509	0.003193	9.8
453	0.000000	225.888510	0.000000	7.5
454	-0.246012	225.644218	0.004740	8.7
455	-0.936736	225.400630	0.016180	7.9
456	0.000000	225.157741	0.000000	12.0
457	-1.077878	224.915549	0.042088	7.6
458	-0.888431	224.674051	0.011067	8.8
459	-0.000000	224.433242	0.000000	7.5
460	-0.131575	224.193121	0.003548	7.6
461	-1.057159	223.953684	0.029047	13.8
462	-0.885161	223.714927	0.016173	7.5
463	-0.341201	223.476848	0.005760	7.8
464	-0.000000	223.239444	0.000000	7.5
465	-1.209465	223.002710	0.010750	9.3
466	-0.000000	222.766645	0.000000	10.8
467	-0.083076	222.531245	0.004885	9.4
468	-0.681565	222.296508	0.020363	7.6
469	-1.126240	222.062429	0.038924	8.6
470	-0.433261	221.829007	0.007207	9.4
471	-0.506672	221.596238	0.010290	9.3
472	-0.963004	221.364119	0.012220	7.9
473	-0.814337	221.132647	0.018551	8.3
474	-0.813127	220.901820	0.012135	10.7
475	-1.170395	220.671634	0.019012	13.8
476	-1.228475	220.442086	0.029674	8.4
477	-0.000000	220.213174	0.000000	7.2
478	-0.118203	219.984895	0.001967	7.5
479	-0.130899	219.757246	0.005458	8.4
480	-1.004005	219.530224	0.014088	11.4
481	-0.000000	219.303826	0.000000	9.3
482	-0.000000	219.078050	0.000000	7.8
483	-0.000007	218.852893	0.000004	8.5
484	-0.563435	218.628352	0.004063	10.7
485	-0.761417	218.404424	0.021825	8.2
486	-0.000000	218.181106	0.000000	7.5
487	-1.046765	217.958397	0.011961	9.0
488	-0.973666	217.736292	0.018646	7.5
489	-0.000000	217.514790	0.000000	10.2
490	0.000000	217.293888	0.000000	9.2
491	-0.373987	217.073584	0.004189	9.3
492	-0.057178	216.853873	0.002042	7.5
493	-1.125344	216.634755	0.017998	7.5
494	0.000000	216.416227	0.000000	13.2
495	-1.262879	216.198285	0.009666	7.6
496	-0.440273	215.980927	0.015049	9.3
497	-0.827472	215.764151	0.010593	7.5
498	-0.372657	215.547955	0.008861	8.4
499	-1.009004	215.332335	0.027773	11.1
500	-0.255361	215.117289	0.006456	10.9
501	-0.221749	214.902815	0.005914	7.6
502	-0.000000	214.688911	0.000000	7.5
503	-0.812668	214.475573	0.006613	11.3
504	-0.335029	214.262800	0.007106	8.4
505	-0.821459	214.050588	0.028294	9.5
506	-0.452951	213.838936	0.007751	8.8
507	-0.898829	213.627842	0.016334	7.5
508	-0.017634	213.417302	0.001597	13.9
509	-0.663602	213.207314	0.014575	7.6
510	-0.977685	212.997877	0.016033	7.7
511	-0.000169	212.788987	0.000055	7.5
512	-0.541192	212.580642	0.007619	9.8
513	-1.153984	212.372841	0.017022	10.3
514	-0.000000	212.165581	0.000000	9.8
515	-0.845261	211.958859	0.012259	8.0
516	-0.488812	211.752673	0.010373	8.5
517	-0.938581	211.547021	0.009059	10.2
518	-0.838748	211.341902	0.012813	7.8
519	-0.686806	211.137311	0.007494	7.7
520	-0.173952	210.933248	0.001484	9.1
521	-0.046688	210.729710	0.002527	7.5
522	-0.929141	210.526695	0.011105	10.9
523	-0.491047	210.324200	0.010610	9.3
524	-1.149683	210.122224	0.015089	7.5
525	-0.022087	209.920765	0.001767	7.6
526	-0.000000	209.719820	0.000000	7.3
527	-0.843723	209.519387	0.006562	11.3
528	-1.053159	209.319463	0.013439	7.8
529	-0.364846	209.120048	0.003713	9.2
530	-1.026803	208.921139	0.009521	7.5
531	-0.000537	208.722733	0.000156	9.0
532	-0.218872	208.524829	0.005095	11.4
533	-0.658232	208.327425	0.006927	7.4
534	-0.618068	208.130518	0.003330	8.3
535	-0.138901	207.934107	0.004626	8.6
536	-0.913948	207.738189	0.010902	7.5
537	-0.000000	207.542762	0.000000	11.0
538	-0.761321	207.347825	0.014423	9.9
539	-1.072117	207.153376	0.005604	7.6
540	-0.170004	206.959412	0.007345	7.6
541	-0.606139	206.765932	0.004144	7.6
542	-0.000000	206.572933	0.000000	12.0
543	-0.158603	206.380414	0.005661	7.6
544	0.000000	206.188373	0.000000	9.0
545	-0.184496	205.996807	0.004453	8.4
546	-0.753501	205.805716	0.026876	8.3
547	-0.940918	205.615096	0.013216	11.6
548	-0.867445	205.424946	0.010884	7.6
549	-0.237136	205.235265	0.002484	9.0
550	-0.735208	205.046050	0.023317	8.6
551	-0.980282	204.857299	0.005950	7.5
552	-0.774088	204.669011	0.008136	11.7
553	-0.986672	204.481184	0.006062	9.0
554	-0.829791	204.293816	0.011797	7.5
555	-0.547786	204.106905	0.009183	7.4
556	-0.768936	203.920449	0.006375	8.2
557	-0.787788	203.734447	0.014106	11.7
558	-1.178188	203.548896	0.015004	7.7
559	-0.946274	203.363795	0.015093	9.6
560	-0.152028	203.179143	0.004734	7.7
561	-1.045210	202.994937	0.020569	8.8
562	-0.244714	202.811176	0.006100	12.5
563	-0.934321	202.627857	0.009301	7.5
564	-0.000786	202.444980	0.000225	9.5
565	-1.130639	202.262543	0.005644	7.4
566	-0.562496	202.080543	0.009354	9.1
567	-1.055875	201.898979	0.012421	10.3
568	-0.000426	201.717849	0.000090	8.7
569	-0.113750	201.537153	0.003194	7.6
570	-0.518237	201.356887	0.008270	8.4
571	-0.012620	201.177050	0.001008	10.1
572	-1.211173	200.997642	0.012758	9.8
573	0.000000	200.818659	0.000000	8.9
574	-1.302573	200.640100	0.023295	7.4
575	-0.535998	200.461965	0.006297	9.1
576	-0.864198	200.284250	0.013943	10.2
577	0.000000	200.106955	0.000000	8.3
578	-1.315859	199.930078	0.028486	7.6
579	-0.000000	199.753617	0.000000	8.2
580	-0.661852	199.577571	0.004254	7.4
581	-0.000000	199.401938	0.000000	10.7
582	-0.000000	199.226717	0.000000	7.8
583	-0.892844	199.051905	0.010811	9.5
584	-0.907591	198.877502	0.008488	7.5
585	-0.850690	198.703506	0.008118	7.5
586	-0.945320	198.529916	0.012270	11.7
587	-0.000001	198.356729	0.000000	8.8
588	-0.694369	198.183944	0.004861	9.3
589	-0.447787	198.011560	0.006978	7.6
590	-1.045419	197.839576	0.016831	8.6
591	-0.000000	197.667989	0.000000	11.3
592	-0.302614	197.496798	0.007659	9.4
593	-0.000050	197.326002	0.000014	7.5
594	-1.249247	197.155600	0.020242	7.9
595	0.000000	196.985589	0.000000	8.3
596	-0.012863	196.815969	0.001256	10.8
597	-0.538647	196.646738	0.007368	9.4
598	-0.597405	196.477894	0.009048	8.2
599	-0.000080	196.309436	0.000017	7.6
600	-0.792311	196.141363	0.009391	9.5
601	-1.121663	195.973673	0.011717	10.4
602	-0.256456	195.806365	0.004304	7.5
603	-0.492565	195.639437	0.007827	8.4
604	-0.985104	195.472888	0.005127	7.5
605	-0.730005	195.306717	0.016482	11.0
606	-0.684247	195.140922	0.008022	7.8
607	-0.647676	194.975501	0.007976	10.1
608	-0.684687	194.810454	0.008506	8.6
609	-0.000000	194.645779	0.000000	7.9
610	-0.735832	194.481475	0.011188	12.5
611	-0.544713	194.317540	0.006974	7.6
612	-0.000000	194.153973	0.000000	9.1
613	-0.853705	193.990773	0.011555	7.4
614	-0.980917	193.827938	0.019689	9.3
615	-1.009469	193.665467	0.032050	9.9
616	-0.030720	193.503358	0.002651	9.7
617	-0.746275	193.341611	0.019454	7.6
618	-0.000000	193.180224	0.000000	7.5
619	-1.006242	193.019196	0.011833	10.6
620	-0.581719	192.858525	0.008696	8.4
621	-0.956427	192.698210	0.027289	9.0
622	-1.169513	192.538251	0.009074	8.3
623	-1.135523	192.378644	0.019932	8.6
624	-1.075016	192.219391	0.009132	12.4
625	-0.552054	192.060488	0.005194	8.9
626	-0.621938	191.901935	0.018567	7.5
627	-0.000000	191.743730	0.000000	8.0
628	-0.740671	191.585873	0.016586	8.2
629	-0.000000	191.428362	0.000000	10.6
630	-0.250038	191.271196	0.003442	7.6
631	-0.000000	191.114374	0.000000	8.5
632	-0.959419	190.957893	0.010320	7.5
633	-1.209346	190.801755	0.028979	8.2
634	-1.183816	190.645956	0.010174	12.9
635	-0.459604	190.490495	0.009714	7.4
636	-1.098516	190.335373	0.005971	7.4
637	-1.097802	190.180587	0.007168	7.4
638	-0.000021	190.026136	0.000006	9.2
639	-0.161208	189.872019	0.005127	10.7
640	-0.983285	189.718235	0.016302	9.3
641	-0.907786	189.564782	0.012393	7.5
642	-0.121754	189.411661	0.004151	9.1
643	-0.784301	189.258868	0.011875	9.9
644	-1.047590	189.106404	0.020926	8.9
645	-0.856693	188.954267	0.019487	8.5
646	0.000000	188.802456	0.000000	8.1
647	-1.286604	188.650969	0.025613	7.4
648	-0.604444	188.499807	0.003996	10.7
649	-0.872924	188.348967	0.009651	9.3
650	-0.000000	188.198448	0.000000	7.5
651	-0.859875	188.048250	0.015866	7.6
652	-1.159123	187.898371	0.036542	7.5
653	-0.000000	187.748810	0.000000	10.9
654	-0.830837	187.599566	0.012426	7.6
655	-0.924780	187.450638	0.010851	9.3
656	-0.234082	187.302025	0.006986	7.4
657	-0.000000	187.153725	0.000000	8.4
658	-0.000316	187.005739	0.000129	10.8
659	-0.821216	186.858064	0.010345	9.1
660	-1.042848	186.710699	0.014601	8.1
661	-1.119478	186.563645	0.014791	9.1
662	-0.856910	186.416898	0.006489	7.5
663	-0.000002	186.270459	0.000001	12.6
664	0.000000	186.124326	0.000000	9.1
665	-0.792062	185.978499	0.008036	7.7
666	-1.076530	185.832976	0.024851	7.6
667	-0.528866	185.687756	0.006190	9.3
668	-1.226585	185.542838	0.008737	11.3
669	-0.980353	185.398222	0.010367	7.8
670	-1.026276	185.253906	0.015612	9.1
671	-0.877729	185.109889	0.013360	7.5
672	-1.236112	184.966170	0.008213	11.4
673	-0.000000	184.822748	0.000000	8.8
674	-0.555282	184.679623	0.011779	7.5
675	-0.262491	184.536792	0.003019	8.3
676	-0.000000	184.394256	0.000000	7.6
677	-0.027908	184.252013	0.001275	11.4
678	-0.908091	184.110062	0.007765	7.6
679	-0.736045	183.968403	0.009156	8.9
680	-0.894693	183.827034	0.007584	7.5
681	-1.064560	183.685954	0.032418	7.4
682	-0.196874	183.545163	0.003888	10.1
683	-0.340306	183.404658	0.007961	9.4
684	-0.958513	183.264441	0.006765	7.5
685	-0.978162	183.124509	0.003779	7.7
686	-1.144016	182.984861	0.004548	7.6
687	-0.000172	182.845497	0.000049	11.8
688	-1.030819	182.706416	0.024848	7.6
689	-0.795360	182.567616	0.038843	8.9
690	-0.681754	182.429098	0.006800	8.2
691	-0.821821	182.290859	0.011953	7.8
692	-1.016400	182.152899	0.016216	11.4
693	-0.000000	182.015217	0.000000	7.6
694	-0.177724	181.877813	0.006879	8.9
695	-0.000054	181.740684	0.000023	7.6
696	0.000000	181.603832	0.000000	7.6
697	-0.735241	181.467253	0.006362	10.3
698	0.000000	181.330948	0.000000	9.3
699	-0.554571	181.194916	0.008675	7.5
700	-0.000000	181.059155	0.000000	7.8
701	-0.353750	180.923666	0.007149	7.5
702	-0.000000	180.788446	0.000000	10.2
703	-0.886728	180.653496	0.036776	8.4
704	-0.570543	180.518814	0.006480	9.6
705	-0.983193	180.384399	0.007459	7.5
706	-1.066595	180.250251	0.037273	8.0
707	-0.000000	180.116369	0.000000	11.2
708	0.000000	179.982752	0.000000	7.6
709	-1.111163	179.849398	0.004268	7.6
710	-0.058642	179.716308	0.003364	8.9
711	-0.219892	179.583480	0.006556	7.5
712	-0.865448	179.450913	0.008727	10.5
713	-0.349748	179.318607	0.003063	9.6
714	-0.000000	179.186561	0.000000	7.6
715	-1.168442	179.054774	0.009746	7.6
716	-0.978050	178.923245	0.015078	8.3
717	-0.000078	178.791973	0.000019	12.3
718	-0.069067	178.660958	0.002528	7.5
719	-1.151896	178.530199	0.029590	9.7
720	-0.860917	178.399694	0.023245	7.6
721	-1.043991	178.269444	0.011579	8.8
722	-0.983025	178.139447	0.010712	12.8
723	-0.102112	178.009702	0.002710	8.0
724	-0.858794	177.880209	0.027987	9.1
725	-0.859253	177.750967	0.009744	7.5
726	-0.475787	177.621975	0.009314	8.5
727	-0.771629	177.493232	0.008550	10.4
728	-1.152557	177.364738	0.015868	9.5
729	-0.622754	177.236492	0.005498	7.6
730	-1.170795	177.108492	0.027523	7.6
731	-0.017622	176.980739	0.001196	9.2
732	-0.691602	176.853231	0.006133	11.5
733	-0.000000	176.725968	0.000000	10.0
734	-0.810677	176.598949	0.008620	7.9
735	-1.068631	176.472173	0.007383	8.7
736	-1.161751	176.345639	0.007270	11.8
737	0.000000	176.219348	0.000000	9.9
738	-0.000108	176.093296	0.000038	9.0
739	0.000000	175.967486	0.000000	7.4
740	-1.281470	175.841914	0.009274	7.5
741	-0.272537	175.716581	0.004322	12.3
742	-1.233245	175.591486	0.008024	8.7
743	-1.077167	175.466629	0.021285	7.5
744	-1.159349	175.342008	0.008205	7.5
745	-0.001203	175.217622	0.000157	7.7
746	-0.000177	175.093472	0.000041	12.9
747	-1.005432	174.969556	0.018546	7.8
748	-1.256850	174.845873	0.013761	9.1
749	-0.728859	174.722423	0.012461	7.5
750	-1.206381	174.599206	0.009912	10.4
751	-0.973673	174.476220	0.008349	11.7
752	-0.369370	174.353464	0.009408	7.5
753	-0.826575	174.230939	0.016408	9.1
754	-0.704191	174.108643	0.007857	8.4
755	-0.498419	173.986576	0.003988	11.9
756	-0.004660	173.864737	0.000754	7.4
757	-0.499271	173.743124	0.015049	8.8
758	-0.000087	173.621739	0.000040	7.5
759	-0.135492	173.500579	0.003903	7.5
760	-0.000357	173.379645	0.000142	10.1
761	-0.884766	173.258935	0.012530	8.2
762	-0.850179	173.138449	0.010041	9.0
763	-0.482510	173.018186	0.010514	8.2
764	-0.977673	172.898146	0.007273	8.5
765	-0.002842	172.778327	0.000226	12.4
766	-0.003543	172.658730	0.000641	9.2
767	-0.914705	172.539353	0.007211	7.5
768	-0.250204	172.420196	0.007199	8.2
769	-0.931264	172.301258	0.009714	10.2
770	-0.656334	172.182539	0.013587	9.3
771	-0.950758	172.064037	0.019586	9.5
772	-1.060038	171.945753	0.012396	8.3
773	-0.990013	171.827686	0.006534	7.5
774	-0.632703	171.709834	0.009890	10.1
775	-0.843038	171.592198	0.006490	10.2
776	-0.686634	171.474776	0.015397	7.6
777	-0.925407	171.357568	0.026414	7.2
778	-0.634997	171.240574	0.005128	7.5
779	-0.000000	171.123793	0.000000	12.1
780	-0.226642	171.007223	0.005522	7.5
781	-0.948573	170.890865	0.010560	9.3
782	-0.644572	170.774718	0.006577	7.5
783	-0.196189	170.658782	0.004270	8.2
784	-0.421270	170.543055	0.004266	11.2
785	-1.061920	170.427537	0.014665	7.4
786	-0.468424	170.312227	0.006560	9.5
787	-1.249949	170.197125	0.020631	7.8
788	-0.769053	170.082231	0.005107	7.5
789	-0.005295	169.967543	0.000766	11.1
790	-0.337100	169.853061	0.007132	9.3
791	-1.152062	169.738784	0.007505	7.6
792	0.000000	169.624713	0.000000	7.3
793	-0.127716	169.510845	0.004418	7.7
794	-1.202695	169.397181	0.006905	12.1
795	-0.443076	169.283720	0.004742	8.0
796	-1.086461	169.170462	0.009951	9.2
797	-0.068431	169.057405	0.001955	7.9
798	-0.304375	168.944549	0.004938	8.1
799	-0.708644	168.831895	0.008709	12.3
800	-0.953360	168.719440	0.010870	7.6
801	-1.124158	168.607185	0.015743	8.8
802	-0.377679	168.495129	0.008138	8.0
803	-0.532852	168.383271	0.008096	8.2
804	-0.000000	168.271611	0.000000	10.8
805	-0.838532	168.160148	0.008444	9.3
806	-0.155652	168.048882	0.007140	7.7
807	-0.995488	167.937812	0.014515	7.6
808	-0.036890	167.826938	0.002120	9.3
809	-0.959520	167.716258	0.014594	10.7
810	0.000000	167.605773	0.000000	9.9
811	-1.231344	167.495482	0.015183	7.6
812	-0.444063	167.385384	0.006847	8.3
813	-0.804241	167.275479	0.011228	10.3
814	-0.758967	167.165766	0.004959	9.5
815	0.000000	167.056245	0.000000	7.1
816	-0.234297	166.946915	0.006324	7.7
817	-0.000000	166.837776	0.000000	7.4
818	-0.002569	166.728826	0.000218	10.6
819	-0.965612	166.620067	0.019174	7.7
820	-0.915586	166.511496	0.012667	9.9
821	-0.000000	166.403113	0.000000	7.6
822	0.000000	166.294919	0.000000	7.5
823	-0.513806	166.186912	0.007066	11.8
824	-1.169290	166.079091	0.019400	7.6
825	-0.721777	165.971458	0.008758	9.0
826	-0.911818	165.864009	0.006644	8.2
827	-0.693608	165.756747	0.014270	8.4
828	-0.960973	165.649669	0.020870	12.5
829	-0.692317	165.542775	0.006964	9.9
830	-0.001017	165.436065	0.000236	7.6
831	-0.646882	165.329538	0.012403	8.1
832	-0.919307	165.223194	0.009745	9.1
833	-1.232660	165.117032	0.016046	9.9
834	-0.781610	165.011052	0.021447	8.6
835	-0.006579	164.905253	0.001287	8.3
836	-0.661763	164.799635	0.006278	7.5
837	-0.621525	164.694197	0.007583	9.5
838	-0.000758	164.588939	0.000185	10.3
839	-0.514992	164.483859	0.016286	7.5
840	-0.697420	164.378959	0.006888	7.5
841	-1.221047	164.274237	0.019756	7.6
842	-0.077548	164.169692	0.001199	11.3
843	-0.903425	164.065325	0.008804	7.7
844	-0.000000	163.961135	0.000000	9.2
845	-0.999706	163.857120	0.029867	7.9
846	-1.324801	163.753282	0.023899	8.4
847	-1.236766	163.649619	0.015105	11.6
848	-0.190096	163.546130	0.003918	7.6
849	-1.200559	163.442816	0.021729	8.2
850	-0.005079	163.339676	0.000657	8.5
851	-0.775907	163.236709	0.017389	7.7
852	-0.946714	163.133915	0.008728	11.5
853	-0.129442	163.031294	0.004055	9.1
854	-1.172661	162.928844	0.027360	7.6
855	-0.776563	162.826566	0.016251	7.5
856	-0.493151	162.724459	0.015280	7.5
857	-0.747546	162.622523	0.009614	11.7
858	-0.791965	162.520757	0.006466	7.7
859	-0.585437	162.419160	0.005829	9.4
860	-1.149319	162.317733	0.025358	7.5
861	-1.073288	162.216474	0.013128	8.8
862	-0.749362	162.115383	0.005153	12.6
863	-1.027131	162.014461	0.012789	7.5
864	-1.133643	161.913705	0.012717	10.1
865	-1.034861	161.813117	0.009250	7.4
866	-0.000000	161.712695	0.000000	8.6
867	-0.607338	161.612439	0.009475	10.2
868	-0.576452	161.512349	0.012538	9.8
869	-0.749244	161.412424	0.005627	7.6
870	-1.298084	161.312663	0.016529	7.5
871	-0.420646	161.213067	0.005492	9.9
872	-1.070336	161.113635	0.006098	8.1
873	-0.000000	161.014366	0.000000	8.0
874	-1.246313	160.915260	0.034390	9.3
875	0.000000	160.816316	0.000000	7.7
876	-0.000000	160.717535	0.000000	12.0
877	-1.209141	160.618915	0.013086	9.0
878	-0.858202	160.520456	0.013299	7.7
879	-0.387620	160.422158	0.006716	9.0
880	-0.708178	160.324021	0.007356	8.7
881	-0.984152	160.226043	0.011928	11.6
882	-1.009087	160.128225	0.022116	8.8
883	-0.980680	160.030566	0.015630	8.3
884	0.000000	159.933066	0.000000	7.4
885	-1.070440	159.835723	0.005474	8.8
886	-0.812210	159.738539	0.010448	11.4
887	-1.039578	159.641512	0.009391	7.5
888	-0.796924	159.544642	0.036638	7.5
889	-0.020101	159.447929	0.001259	7.4
890	-0.647108	159.351372	0.008059	9.6
891	-0.022614	159.254971	0.000798	10.5
892	-0.751279	159.158725	0.012630	9.9
893	-0.792867	159.062634	0.014471	7.7
894	-0.689249	158.966697	0.017631	8.1
895	-0.726717	158.870915	0.010206	10.3
896	-0.804246	158.775286	0.006859	8.0
897	0.000000	158.679811	0.000000	8.3
898	-1.107858	158.584489	0.020757	8.6
899	-0.452367	158.489319	0.012130	7.7
900	-0.000000	158.394302	0.000000	11.0
901	-0.897959	158.299436	0.007721	9.3
902	-0.315218	158.204721	0.002993	7.5
903	-0.396848	158.110158	0.003100	8.6
904	0.000000	158.015745	0.000000	7.2
905	-0.534587	157.921482	0.006814	12.4
906	-1.015725	157.827369	0.008392	7.6
907	-0.571930	157.733406	0.011300	9.4
908	-1.043677	157.639591	0.013587	8.8
909	-0.776809	157.545925	0.019606	7.6
910	-0.000001	157.452408	0.000000	11.8
911	-0.748875	157.359038	0.010511	7.5
912	-0.000000	157.265816	0.000000	8.9
913	-0.983683	157.172741	0.006911	8.5
914	-0.554085	157.079813	0.007483	8.1
915	-0.304973	156.987031	0.006389	12.0
916	-0.409167	156.894395	0.008011	9.8
917	-0.186396	156.801904	0.002794	8.5
918	-1.145965	156.709559	0.005796	7.5
919	-1.229180	156.617359	0.020176	8.7
920	-0.243560	156.525304	0.007165	12.6
921	-0.685984	156.433392	0.008681	9.9
922	-0.475800	156.341624	0.008975	7.6
923	-0.976201	156.250000	0.006612	8.8
924	-1.088893	156.158519	0.017740	10.4
925	-0.000000	156.067180	0.000000	8.4
926	-1.186592	155.975984	0.021365	10.1
927	-0.031258	155.884930	0.001211	7.5
928	-1.116618	155.794017	0.025487	8.2
929	-0.448395	155.703246	0.012159	11.0
930	-0.662222	155.612615	0.009829	9.6
931	-0.359485	155.522125	0.009895	7.6
932	-0.911623	155.431775	0.018650	7.6
933	-0.427068	155.341565	0.005156	8.7
934	-1.193476	155.251495	0.011263	10.5
935	-1.090733	155.161563	0.012523	7.7
936	-1.003908	155.071771	0.010786	9.2
937	-0.560266	154.982117	0.006522	9.5
938	-0.910357	154.892601	0.008106	10.4
939	-0.375531	154.803222	0.007804	9.1
940	-0.784694	154.713981	0.008446	8.6
941	-0.442788	154.624878	0.004825	8.3
942	0.000000	154.535910	0.000000	7.7
943	-0.852634	154.447080	0.022558	12.8
944	0.000000	154.358385	0.000000	8.5
945	-0.803265	154.269826	0.009149	8.6
946	-0.886785	154.181402	0.004942	7.6
947	-0.948986	154.093114	0.012806	8.7
948	-0.735898	154.004960	0.011632	11.0
949	-1.041532	153.916940	0.011702	7.5
950	-0.821898	153.829054	0.010432	9.3
951	-0.954126	153.741303	0.006354	7.6
952	-0.397192	153.653684	0.008537	11.1
953	-0.830191	153.566198	0.012880	8.2
954	-0.126000	153.478846	0.004590	10.3
955	-0.865995	153.391625	0.005860	9.0
956	-1.109998	153.304537	0.023818	7.6
957	-1.188470	153.217580	0.032943	12.1
958	-0.007038	153.130755	0.000897	8.5
959	-0.479804	153.044061	0.004497	9.4
960	-1.262185	152.957498	0.019291	8.1
961	-0.613285	152.871065	0.011714	10.0
962	-0.079836	152.784762	0.003809	9.4
963	-0.773045	152.698589	0.015136	8.3
964	-0.947044	152.612545	0.015101	7.7
965	-0.920128	152.526631	0.020740	8.5
966	-0.000000	152.440845	0.000000	15.2
967	0.000000	152.355188	0.000000	9.6
968	-1.207261	152.269660	0.011222	8.5
969	-0.644043	152.184259	0.009491	9.4
970	-1.026590	152.098986	0.016407	14.0
971	-0.673571	152.013840	0.011216	8.6
972	-0.882499	151.928821	0.013288	9.6
973	-1.208536	151.843928	0.012893	7.5
974	0.000000	151.759163	0.000000	10.0
975	-0.313038	151.674523	0.006324	8.1
976	-1.165010	151.590009	0.009283	10.3
977	-0.896329	151.505620	0.015192	7.6
978	-0.736561	151.421357	0.006506	7.6
979	-0.943413	151.337218	0.008715	13.8
980	-0.000000	151.253204	0.000000	7.6
981	-0.982081	151.169314	0.007284	8.0
982	-0.843379	151.085549	0.015240	8.4
983	-0.520449	151.001907	0.010342	8.4
984	-0.000000	150.918388	0.000000	10.7
985	-0.880481	150.834992	0.011671	8.9
986	-0.000000	150.751719	0.000000	6.9
987	-0.387813	150.668569	0.008142	8.3
988	-0.026476	150.585541	0.002464	8.9
989	-0.147529	150.502634	0.003977	11.5
990	-1.128062	150.419849	0.010743	11.6
991	-0.000013	150.337186	0.000007	7.6
992	-0.677398	150.254644	0.006981	7.6
993	-0.190265	150.172222	0.003608	9.0
994	-1.275441	150.089921	0.011433	12.9
995	-1.235894	150.007740	0.021920	7.7
996	-0.864034	149.925679	0.033018	9.9
997	-1.143554	149.843737	0.030615	9.9
998	-0.008375	149.761915	0.000670	12.0
999	-0.710086	149.680212	0.003425	9.1
1000	-1.114972	149.598627	0.020207	7.5
1001	-1.214808	149.517161	0.010704	8.3
1002	-1.014213	149.435814	0.009001	8.3
1003	-0.815633	149.354584	0.010296	13.2
1004	-1.069093	149.273472	0.012670	9.3
1005	0.000000	149.192477	0.000000	7.5
1006	-1.197863	149.111599	0.014743	7.5
1007	-0.000000	149.030838	0.000000	7.2
1008	-0.946716	148.950194	0.006517	13.0
1009	-1.211943	148.869666	0.009339	8.0
1010	0.000000	148.789253	0.000000	9.1
1011	-0.768472	148.708957	0.008283	8.3
1012	-0.667980	148.628776	0.009976	11.0
1013	-0.897867	148.548710	0.008802	9.9
1014	-0.815471	148.468759	0.009266	7.5
1015	-0.000000	148.388923	0.000000	8.4
1016	-0.792930	148.309201	0.018853	8.3
1017	-0.797265	148.229594	0.015588	12.3
1018	-0.594635	148.150100	0.003688	7.8
1019	-1.252688	148.070719	0.022751	9.6
1020	-0.747007	147.991452	0.013081	8.9
1021	-0.991637	147.912298	0.009861	10.3
1022	-0.887904	147.833257	0.011869	9.6
1023	-0.000000	147.754329	0.000000	7.5
1024	-0.958716	147.675512	0.026403	7.7
1025	-0.000000	147.596808	0.000000	7.6
1026	-0.088689	147.518216	0.003554	11.6
1027	-0.621775	147.439735	0.008294	7.7
1028	-0.869987	147.361365	0.007738	9.4
1029	-1.005437	147.283106	0.028596	8.4
1030	-0.756019	147.204958	0.010571	8.6
1031	-0.916377	147.126920	0.004596	12.4
1032	-1.209056	147.048993	0.029839	7.7
1033	-0.840229	146.971175	0.010423	9.7
1034	-0.895295	146.893468	0.010402	7.5
1035	-1.138509	146.815869	0.009028	9.2
1036	-0.539491	146.738380	0.014603	10.2
1037	-1.104435	146.661000	0.046936	9.4
1038	-0.000000	146.583729	0.000000	7.6
1039	-0.000000	146.506566	0.000000	7.5
1040	-0.889742	146.429511	0.007869	9.9
1041	-0.262683	146.352565	0.004332	9.3
1042	-0.684807	146.275726	0.016854	7.7
1043	-0.308626	146.198994	0.006723	9.4
1044	-0.000000	146.122370	0.000000	8.5
1045	-1.284893	146.045853	0.051376	11.3
1046	-0.542270	145.969442	0.009834	8.8
1047	-0.871085	145.893139	0.009128	7.8
1048	0.000000	145.816941	0.000000	8.5
1049	-0.000000	145.740849	0.000000	7.4
1050	-0.037319	145.664863	0.002800	10.8
1051	-0.707386	145.588983	0.005326	7.5
1052	-0.895925	145.513208	0.004301	9.1
1053	-0.000000	145.437538	0.000000	7.9
1054	0.000000	145.361973	0.000000	7.8
1055	-1.114281	145.286513	0.010599	11.5
1056	-1.289368	145.211157	0.005395	8.3
1057	-0.936315	145.135905	0.006695	7.6
1058	-0.777415	145.060757	0.011236	8.9
1059	-0.037092	144.985712	0.002382	8.1
1060	-0.918627	144.910771	0.008783	12.6
1061	-1.146089	144.835934	0.013510	9.4
1062	-1.043971	144.761199	0.009901	7.5
1063	-1.069055	144.686567	0.008305	8.3
1064	-0.453430	144.612037	0.004363	9.1
1065	-0.279706	144.537610	0.005264	9.8
1066	-0.034423	144.463285	0.001688	10.4
1067	-0.000000	144.389062	0.000000	7.7
1068	-0.609856	144.314940	0.007068	7.9
1069	-0.189561	144.240920	0.003645	11.0
1070	-0.503155	144.167001	0.008324	9.3
1071	-0.971936	144.093182	0.015036	7.5
1072	0.000000	144.019465	0.000000	7.5
1073	-0.947044	143.945848	0.007926	7.5
1074	-0.368122	143.872331	0.008703	11.6
1075	-0.061680	143.798914	0.001944	8.6
1076	-0.001034	143.725597	0.000223	9.2
1077	-1.171975	143.652380	0.014982	7.8
1078	-0.989861	143.579262	0.010072	8.4
1079	-0.925537	143.506243	0.006792	12.4
1080	-0.041327	143.433323	0.001925	8.4
1081	-0.747437	143.360502	0.007042	9.4
1082	-1.186051	143.287780	0.012608	8.4
1083	-1.167058	143.215155	0.011767	10.3
1084	-1.211631	143.142629	0.007603	8.4
1085	-1.194522	143.070201	0.010061	8.8
1086	-0.008834	142.997870	0.000193	7.5
1087	-0.682495	142.925637	0.006436	7.5
1088	-0.066753	142.853501	0.003710	10.5
1089	-1.207006	142.781462	0.010080	7.5
1090	-1.101174	142.709519	0.005038	7.7
1091	-0.000000	142.637674	0.000000	9.4
1092	-0.630793	142.565924	0.015660	9.1
1093	-0.679070	142.494271	0.009791	12.1
1094	-1.247288	142.422714	0.010472	9.2
1095	-1.152705	142.351252	0.011178	7.8
1096	-1.227840	142.279886	0.018937	8.3
1097	-1.208318	142.208616	0.024221	9.7
1098	-0.808114	142.137440	0.008413	9.9
1099	-0.493760	142.066360	0.006896	9.3
1100	-0.000000	141.995374	0.000000	8.0
1101	-1.085231	141.924483	0.012253	7.6
1102	-1.087713	141.853685	0.006673	10.2
1103	0.000000	141.782983	0.000000	8.9
1104	-0.998451	141.712373	0.010656	7.9
1105	-0.038601	141.641858	0.002112	7.6
1106	-1.185887	141.571436	0.027362	7.4
1107	-0.480449	141.501108	0.009307	10.9
1108	-0.707010	141.430872	0.011103	7.9
1109	-1.210700	141.360730	0.028988	9.3
1110	-1.270052	141.290680	0.012733	7.5
1111	-0.607711	141.220722	0.012972	8.8
1112	-0.000000	141.150857	0.000000	11.9
1113	-0.915500	141.081084	0.012576	7.3
1114	-0.438387	141.011403	0.005236	7.4
1115	-0.731862	140.941813	0.012637	9.1
1116	-0.080985	140.872315	0.002424	8.4
1117	-0.456145	140.802909	0.005287	11.4
1118	-0.160885	140.733593	0.003972	9.3
1119	-1.268464	140.664369	0.018040	7.4
1120	-0.027267	140.595235	0.001690	8.1
1121	-1.143612	140.526192	0.014283	7.6
1122	-0.779077	140.457239	0.006572	12.2
1123	-0.990261	140.388376	0.010581	7.6
1124	-1.012891	140.319603	0.019151	10.8
1125	-0.669254	140.250920	0.008213	8.6
1126	-0.004921	140.182326	0.000691	7.8
1127	-1.118937	140.113822	0.010902	12.1
1128	-0.829347	140.045407	0.017493	8.4
1129	-0.867722	139.977081	0.008443	9.2
1130	-0.000000	139.908844	0.000000	7.5
1131	-1.208621	139.840696	0.013842	8.6
1132	-0.000000	139.772635	0.000000	12.0
1133	0.000000	139.704664	0.000000	8.5
1134	-1.139409	139.636780	0.026156	7.4
1135	-0.000000	139.568984	0.000000	7.5
1136	-1.141842	139.501276	0.005803	10.6
1137	-1.205244	139.433655	0.010214	8.4
1138	-0.711639	139.366122	0.009230	9.0
1139	-1.089473	139.298676	0.007916	7.4
1140	-0.953438	139.231317	0.016214	8.5
1141	-0.000000	139.164045	0.000000	9.8
1142	0.000000	139.096859	0.000000	9.1
1143	-0.068497	139.029760	0.001606	7.5
1144	-1.169493	138.962747	0.015658	7.6
1145	-1.317592	138.895820	0.032901	7.5
1146	-1.167084	138.828978	0.009730	10.8
1147	0.000000	138.762223	0.000000	7.0
1148	0.000000	138.695553	0.000000	9.2
1149	0.000000	138.628969	0.000000	7.5
1150	-0.020237	138.562469	0.001326	7.5
1151	-0.104824	138.496055	0.003493	10.1
1152	-0.059198	138.429725	0.000454	9.0
1153	-0.171909	138.363481	0.005871	8.6
1154	-0.845495	138.297320	0.005408	7.6
1155	-0.000034	138.231244	0.000015	7.7
1156	-0.307902	138.165252	0.004036	12.5
1157	-0.811616	138.099344	0.028539	9.1
1158	-0.151850	138.033520	0.004655	8.4
1159	-0.803718	137.967779	0.012516	8.4
1160	-0.421219	137.902122	0.004836	7.4
1161	-0.000000	137.836548	0.000000	11.1
1162	-0.889459	137.771057	0.010099	7.6
1163	-0.683140	137.705649	0.009600	9.0
1164	-0.739327	137.640324	0.016157	7.5
1165	-1.136610	137.575081	0.017550	8.5
1166	-0.000000	137.509921	0.000000	13.4
1167	-0.595634	137.444842	0.009832	7.5
1168	-0.661187	137.379846	0.010710	7.4
1169	-0.764856	137.314932	0.005172	7.6
1170	0.000000	137.250100	0.000000	8.1
1171	0.000000	137.185349	0.000000	10.3
1172	-0.079278	137.120680	0.001709	9.7
1173	-0.607292	137.056092	0.009458	7.4
1174	-1.182763	136.991585	0.023103	8.5
1175	-0.807689	136.927158	0.006136	7.6
1176	-0.795399	136.862813	0.017064	12.2
1177	-0.039414	136.798548	0.002273	7.7
1178	-0.328758	136.734363	0.003365	9.2
1179	-0.665656	136.670259	0.009094	7.7
1180	-0.216041	136.606235	0.005408	7.6
1181	-1.040199	136.542291	0.007384	12.0
1182	-0.082815	136.478426	0.003203	7.7
1183	0.000000	136.414641	0.000000	9.4
1184	-1.144188	136.350936	0.014242	7.6
1185	-0.000000	136.287310	0.000000	8.5
1186	-1.209217	136.223763	0.039651	12.1
1187	-1.176232	136.160295	0.010335	9.5
1188	-0.562048	136.096905	0.011022	7.4
1189	0.000000	136.033594	0.000000	8.1
1190	-1.197845	135.970362	0.013774	8.8
1191	-0.475328	135.907208	0.009408	10.1
1192	-0.783543	135.844133	0.007069	9.3
1193	-0.022766	135.781135	0.001550	8.1
1194	-0.935913	135.718215	0.008007	7.7
1195	-0.000133	135.655373	0.000036	10.3
1196	-0.213155	135.592608	0.002838	9.2
1197	-0.128295	135.529921	0.006644	7.5
1198	0.000000	135.467311	0.000000	7.5
1199	-0.569887	135.404778	0.012590	8.5
1200	-0.491168	135.342322	0.005146	11.2
1201	-0.476268	135.279942	0.006550	7.6
1202	-0.536068	135.217640	0.009417	10.0
1203	-1.273097	135.155413	0.011576	7.7
1204	-0.806971	135.093263	0.009185	8.4
1205	-1.127781	135.031190	0.017887	12.6
1206	-0.690677	134.969192	0.006583	7.6
1207	-0.023918	134.907270	0.001439	8.8
1208	-1.137201	134.845424	0.007214	7.7
1209	-0.626302	134.783653	0.011515	7.8
1210	-1.003449	134.721958	0.017762	12.4
1211	-1.272291	134.660338	0.007868	9.1
1212	-0.000622	134.598793	0.000227	7.6
1213	-0.830005	134.537323	0.011755	7.4
1214	-0.520448	134.475927	0.005861	8.6
1215	-1.055613	134.414607	0.009496	11.7
1216	-0.001761	134.353361	0.000288	9.1
1217	-0.612030	134.292189	0.008107	7.5
1218	-1.177465	134.231092	0.014423	8.4
1219	-0.574091	134.170068	0.007332	9.7
1220	-1.267328	134.109119	0.014179	9.6
1221	-1.299483	134.048243	0.022845	7.4
1222	-0.984665	133.987441	0.006455	8.6
1223	-0.556132	133.926713	0.009000	7.6
1224	-0.713447	133.866057	0.004386	11.2
1225	-1.189977	133.805475	0.015352	8.5
1226	-0.365155	133.744966	0.004458	8.5
1227	-1.250826	133.684530	0.008472	7.6
1228	-0.851729	133.624167	0.006502	7.7
1229	-1.230662	133.563877	0.015821	11.9
1230	0.000000	133.503658	0.000000	8.4
1231	-0.944434	133.443513	0.011451	9.4
1232	-0.976204	133.383439	0.008009	7.5
1233	-0.909136	133.323437	0.020356	8.6
1234	-0.489070	133.263508	0.006095	12.4
1235	-1.134975	133.203650	0.006674	9.0
1236	0.000000	133.143864	0.000000	6.9
1237	-0.000000	133.084149	0.000000	8.5
1238	-1.242620	133.024506	0.026649	8.2
1239	-0.318801	132.964934	0.002312	11.8
1240	-0.000046	132.905433	0.000012	9.1
1241	-0.121222	132.846003	0.005070	7.4
1242	-1.241044	132.786643	0.010587	7.5
1243	-0.000000	132.727355	0.000000	8.8
1244	-0.603936	132.668137	0.008503	11.5
1245	-0.819248	132.608989	0.009139	7.5
1246	-1.256170	132.549912	0.018085	9.3
1247	-1.219230	132.490904	0.018094	7.5
1248	0.000000	132.431967	0.000000	11.2
1249	-1.126423	132.373100	0.008211	7.7
1250	0.000000	132.314302	0.000000	8.8
1251	-1.294224	132.255574	0.020789	7.6
1252	-0.920224	132.196916	0.011715	9.1
1253	-0.052100	132.138326	0.001194	11.6
1254	-0.000000	132.079806	0.000000	7.6
1255	-0.293285	132.021355	0.004358	9.7
1256	-0.941753	131.962973	0.011646	7.4
1257	-0.487159	131.904660	0.004264	7.6
1258	-1.112268	131.846415	0.015920	10.9
1259	-0.026539	131.788239	0.001635	9.7
1260	-0.894569	131.730131	0.015783	8.5
1261	-0.072146	131.672092	0.002549	7.5
1262	-0.169330	131.614121	0.003361	7.6
1263	-0.765719	131.556217	0.017072	12.4
1264	-0.000000	131.498382	0.000000	9.3
1265	-0.603172	131.440614	0.009004	8.4
1266	-0.000004	131.382914	0.000002	8.3
1267	-0.742653	131.325282	0.006145	7.5
1268	-0.595098	131.267717	0.016474	11.3
1269	-1.217695	131.210219	0.017231	7.5
1270	-0.831511	131.152788	0.009149	10.1
1271	-1.252200	131.095424	0.022009	7.6
1272	-0.001285	131.038127	0.000446	7.6
1273	-0.795624	130.980897	0.009234	12.1
1274	-0.039574	130.923733	0.001640	7.4
1275	-1.006210	130.866636	0.017878	8.9
1276	-0.784490	130.809605	0.007188	8.3
1277	-0.710828	130.752641	0.004752	8.4
1278	-0.860588	130.695742	0.008015	12.6
1279	-1.280199	130.638910	0.022583	9.0
1280	-0.481480	130.582143	0.004905	7.5
1281	-0.971378	130.525442	0.011019	8.4
1282	-1.127198	130.468807	0.011857	9.0
1283	-0.539286	130.412237	0.008583	10.2
1284	-0.625964	130.355733	0.006778	9.0
1285	-0.163865	130.299294	0.004267	8.1
1286	-0.596012	130.242920	0.006767	8.4
1287	-0.456784	130.186611	0.008775	10.2
1288	-0.963343	130.130366	0.006907	9.2
1289	-0.666969	130.074187	0.012908	7.6
1290	-1.077710	130.018072	0.003048	7.7
1291	-0.122716	129.962022	0.006010	7.4
1292	-0.148063	129.906036	0.004117	11.3
1293	-0.000000	129.850114	0.000000	7.8
1294	-1.100888	129.794257	0.006440	9.6
1295	-1.074426	129.738463	0.015097	7.6
1296	-1.124008	129.682734	0.026102	8.8
1297	-0.105802	129.627068	0.001564	11.9
1298	-1.116661	129.571466	0.015346	7.5
1299	-0.950922	129.515927	0.015545	9.4
1300	-0.011220	129.460452	0.001069	7.6
1301	-0.418219	129.405040	0.009393	7.6
1302	-0.660466	129.349692	0.011819	10.8
1303	-0.431158	129.294406	0.002741	10.5
1304	-0.317399	129.239183	0.006710	7.5
1305	-0.402184	129.184024	0.005066	7.6
1306	-0.028908	129.128927	0.002162	7.5
1307	-0.333266	129.073892	0.005596	12.6
1308	-1.047983	129.018921	0.007139	8.9
1309	-0.852913	128.964011	0.006744	8.7
1310	-1.290060	128.909164	0.007423	7.8
1311	-0.603324	128.854379	0.007665	7.5
1312	-1.185184	128.799656	0.030696	11.3
1313	-1.228160	128.744995	0.008256	7.6
1314	-1.242704	128.690396	0.041623	9.6
1315	-0.652489	128.635858	0.009305	7.6
1316	-1.185043	128.581382	0.009091	7.4
1317	-0.545550	128.526968	0.008844	10.7
1318	-0.376177	128.472615	0.004299	9.1
1319	-1.025167	128.418323	0.005224	7.5
1320	-0.000035	128.364092	0.000014	7.6
1321	-1.371942	128.309922	0.019160	8.3
1322	0.000000	128.255814	0.000000	12.4
1323	-1.132107	128.201766	0.020968	8.9
1324	-0.367554	128.147778	0.002756	9.0
1325	-0.419975	128.093852	0.003600	8.2
1326	-1.260984	128.039985	0.010024	7.5
1327	-0.684601	127.986180	0.007208	12.1
1328	-0.075345	127.932434	0.004101	7.5
1329	-0.139098	127.878749	0.004690	9.5
1330	-0.275371	127.825123	0.001710	7.5
1331	-0.291617	127.771558	0.006527	8.5
1332	-0.737569	127.718052	0.008247	12.1
1333	0.000000	127.664606	0.000000	7.9
1334	-1.097144	127.611220	0.010123	7.5
1335	0.000000	127.557893	0.000000	7.5
1336	-0.000000	127.504625	0.000000	9.9
1337	-0.000000	127.451417	0.000000	9.9
1338	-0.093235	127.398268	0.002086	9.3
1339	-0.750826	127.345178	0.013641	8.0
1340	-0.119062	127.292147	0.001236	8.8
1341	-0.061179	127.239175	0.001852	11.1
1342	-1.177968	127.186261	0.033870	7.5
1343	-0.132483	127.133407	0.004927	7.5
1344	-1.102075	127.080610	0.046973	9.1
1345	-0.929025	127.027872	0.011919	7.8
1346	-0.607293	126.975193	0.006536	10.9
1347	-0.219584	126.922572	0.003634	9.4
1348	-0.741473	126.870008	0.009252	7.5
1349	0.000000	126.817503	0.000000	7.4
1350	-0.000000	126.765056	0.000000	7.4
1351	-1.005794	126.712667	0.011962	11.6
1352	-0.463937	126.660335	0.013643	7.4
1353	-0.688145	126.608061	0.006528	9.5
1354	-0.834420	126.555844	0.011023	7.6
1355	-0.433074	126.503685	0.006380	8.6
1356	-0.289094	126.451583	0.006705	11.7
1357	-1.219727	126.399538	0.023637	9.3
1358	-0.896445	126.347550	0.012645	8.1
1359	-0.747975	126.295619	0.007485	8.8
1360	-0.966731	126.243745	0.004145	7.6
1361	-0.199243	126.191928	0.003159	12.0
1362	-0.472248	126.140168	0.006149	9.2
1363	-0.017655	126.088464	0.000776	7.7
1364	-0.004279	126.036817	0.000558	8.8
1365	-0.636516	125.985226	0.012048	9.2
1366	-1.278987	125.933691	0.010572	9.7
1367	-0.798964	125.882212	0.007058	7.7
1368	-1.184817	125.830790	0.018772	12.1
1369	-0.331780	125.779423	0.005586	8.6
1370	0.000000	125.728113	0.000000	12.7
1371	-0.197052	125.676858	0.005941	9.3
1372	-1.008043	125.625659	0.008152	8.6
1373	-1.153503	125.574515	0.012595	7.7
1374	-1.204474	125.523427	0.012363	10.3
1375	-0.117959	125.472394	0.002187	7.8
1376	0.000000	125.421417	0.000000	9.2
1377	-1.204330	125.370495	0.014889	7.5
1378	-0.985748	125.319628	0.008119	7.8
1379	0.000000	125.268815	0.000000	11.4
1380	-1.201902	125.218058	0.007354	9.8
1381	-0.574162	125.167356	0.010809	7.6
1382	-1.054243	125.116708	0.032641	7.5
1383	-0.953026	125.066115	0.012627	7.4
1384	-1.312475	125.015576	0.012200	12.4
1385	-0.011098	124.965092	0.001646	9.3
1386	-0.547207	124.914662	0.006403	8.0
1387	-0.905618	124.864287	0.010032	8.8
1388	-0.937040	124.813965	0.004959	7.7
1389	-0.770333	124.763698	0.002988	12.3
1390	-0.003458	124.713485	0.000468	8.4
1391	-0.722675	124.663325	0.011318	9.4
1392	-1.159273	124.613219	0.011033	7.6
1393	-1.303275	124.563167	0.018680	9.2
1394	-0.383482	124.513168	0.004226	11.3
1395	-0.373920	124.463223	0.008030	7.6
1396	-0.894411	124.413332	0.016600	7.9
1397	-0.000003	124.363493	0.000002	7.5
1398	-0.519642	124.313708	0.010313	10.6
1399	-0.197980	124.263976	0.006589	8.9
1400	-0.991726	124.214297	0.011444	10.1
1401	-0.781799	124.164671	0.004163	7.6
1402	-0.094318	124.115097	0.002382	8.4
1403	-0.987620	124.065577	0.015490	11.3
1404	-0.882728	124.016109	0.010040	7.5
1405	-0.570736	123.966693	0.010969	7.6
1406	-0.000000	123.917330	0.000000	8.8
1407	-0.916553	123.868020	0.009791	7.6
1408	-0.397175	123.818762	0.004821	10.3
1409	-0.226765	123.769556	0.002864	9.0
1410	-0.703316	123.720402	0.017397	8.2
1411	-0.000254	123.671300	0.000098	7.6
1412	-1.201098	123.622250	0.013433	7.6
1413	-1.133772	123.573252	0.013172	12.3
1414	0.000000	123.524305	0.000000	7.4
1415	-0.863520	123.475411	0.011676	10.2
1416	-0.000000	123.426568	0.000000	6.9
1417	-0.618691	123.377776	0.010852	8.5
1418	-1.381334	123.329036	0.007983	13.0
1419	-1.271068	123.280347	0.009225	7.8
1420	-0.014844	123.231709	0.001884	8.4
1421	-1.299775	123.183122	0.025254	7.5
1422	-1.231529	123.134587	0.028235	7.7
1423	-0.000000	123.086102	0.000000	9.7
1424	-0.786478	123.037669	0.013053	9.6
1425	-0.822929	122.989286	0.007347	7.5
1426	-0.193921	122.940954	0.006576	8.6
1427	-0.693139	122.892672	0.011305	7.5
1428	-0.495579	122.844441	0.007516	12.0
1429	0.000000	122.796261	0.000000	7.0
1430	-0.000000	122.748130	0.000000	8.5
1431	-0.877374	122.700050	0.008212	8.2
1432	0.000000	122.652021	0.000000	8.4
1433	-0.450631	122.604041	0.009631	11.5
1434	-0.815114	122.556111	0.012359	7.4
1435	-0.978959	122.508232	0.010400	7.7
1436	-1.218908	122.460402	0.007014	8.9
1437	-1.208839	122.412622	0.009579	7.7
1438	-0.795458	122.364891	0.008046	10.8
1439	0.000000	122.317210	0.000000	9.2
1440	-1.259327	122.269579	0.028259	7.5
1441	-0.635249	122.221997	0.006166	7.5
1442	0.000000	122.174465	0.000000	7.3
1443	-1.139484	122.126981	0.004927	11.5
1444	-0.826243	122.079547	0.009064	7.6
1445	-1.222472	122.032162	0.029796	8.9
1446	-0.000000	121.984826	0.000000	7.4
1447	0.000000	121.937539	0.000000	8.4
1448	-1.020238	121.890301	0.006158	11.1
1449	-0.000001	121.843112	0.000000	9.3
1450	0.000000	121.795971	0.000000	7.6
1451	-1.035187	121.748879	0.013206	8.4
1452	0.000000	121.701835	0.000000	7.6
1453	-0.457219	121.654840	0.010042	11.6
1454	-0.957328	121.607893	0.016944	9.1
1455	-0.316790	121.560994	0.009327	7.5
1456	-0.914755	121.514144	0.013935	7.6
1457	-0.252003	121.467342	0.005592	7.6
1458	-0.473309	121.420588	0.008320	11.2
1459	-0.411216	121.373882	0.006330	7.6
1460	0.000000	121.327223	0.000000	8.8
1461	-1.058739	121.280613	0.009084	7.4
1462	-0.398207	121.234050	0.006199	8.5
1463	0.000000	121.187535	0.000000	10.6
1464	-1.222741	121.141067	0.017543	9.3
1465	-0.076236	121.094647	0.006114	7.7
1466	-0.324079	121.048274	0.005074	8.5
1467	-0.957667	121.001949	0.006029	7.7
1468	-0.952790	120.955671	0.016484	12.7
1469	-0.954997	120.909440	0.010724	8.9
1470	-0.612763	120.863256	0.005836	7.5
1471	-0.838277	120.817119	0.013417	7.7
1472	-0.849226	120.771029	0.011010	7.8
1473	-1.087374	120.724986	0.009917	11.5
1474	-1.133853	120.678990	0.008777	7.6
1475	-1.158990	120.633040	0.012867	9.2
1476	-1.137868	120.587137	0.012186	7.6
1477	-1.198905	120.541281	0.014100	8.8
1478	-0.358913	120.495471	0.009029	9.5
1479	-0.026922	120.449707	0.003261	9.7
1480	-0.644283	120.403990	0.006815	7.7
1481	-0.797060	120.358319	0.012748	8.8
1482	-1.132583	120.312694	0.011113	10.5
1483	-0.280072	120.267115	0.004974	7.7
1484	-0.637458	120.221582	0.010452	8.6
1485	-1.229970	120.176096	0.005584	8.7
1486	-0.473508	120.130655	0.007210	7.3
1487	-0.867073	120.085260	0.022501	10.8
1488	-1.263477	120.039910	0.025209	9.0
1489	-0.007452	119.994606	0.000806	7.5
1490	-0.856649	119.949348	0.013752	8.5
1491	-1.063644	119.904135	0.007459	7.6
1492	-1.161433	119.858968	0.006885	12.0
1493	-0.764592	119.813846	0.008569	8.2
1494	-0.625662	119.768769	0.011751	9.2
1495	-0.717301	119.723738	0.010285	8.0
1496	-0.161081	119.678752	0.006982	8.1
1497	-0.002588	119.633810	0.000463	11.3
1498	-0.029020	119.588914	0.000978	7.5
1499	-0.448388	119.544062	0.007640	9.1
1500	-0.335526	119.499256	0.003422	7.6
1501	-1.220077	119.454494	0.037146	8.0
1502	-1.193408	119.409777	0.013817	11.4
1503	-0.543749	119.365104	0.003724	9.4
1504	-0.638160	119.320476	0.006763	7.7
1505	0.000000	119.275893	0.000000	7.5
1506	-0.000000	119.231353	0.000000	9.0
1507	-0.484507	119.186859	0.009183	11.0
1508	0.000000	119.142408	0.000000	9.7
1509	-1.066933	119.098002	0.016486	8.0
1510	-1.128016	119.053639	0.013623	8.5
1511	-0.000000	119.009321	0.000000	11.1
1512	-0.655923	118.965047	0.005439	9.4
1513	-0.926247	118.920816	0.009970	8.0
1514	-0.000000	118.876630	0.000000	8.3
1515	0.000000	118.832487	0.000000	7.6
1516	-0.004399	118.788388	0.000715	11.7
1517	-1.156616	118.744332	0.005828	9.6
1518	-0.521103	118.700320	0.012644	7.6
1519	0.000000	118.656352	0.000000	7.6
1520	-0.503328	118.612427	0.004176	8.4
1521	-0.928638	118.568545	0.043987	13.0
1522	-1.119116	118.524706	0.022690	7.6
1523	-0.586110	118.480911	0.008979	9.2
1524	0.000000	118.437159	0.000000	7.0
1525	-0.000000	118.393450	0.000000	9.8
1526	-0.723686	118.349784	0.018293	12.3
1527	-0.715660	118.306160	0.007833	7.7
1528	-0.452262	118.262580	0.007910	9.0
1529	-0.894432	118.219042	0.007688	7.4
1530	-1.085494	118.175548	0.019918	10.5
1531	-1.172803	118.132095	0.019782	9.0
1532	-0.000000	118.088686	0.000000	9.3
1533	-0.021507	118.045319	0.001909	7.7
1534	-0.670561	118.001994	0.013277	7.8
1535	-1.173148	117.958712	0.016890	11.7
1536	-0.681681	117.915472	0.010001	8.7
1537	-0.807451	117.872274	0.005954	9.0
1538	-0.000000	117.829118	0.000000	7.7
1539	0.000000	117.786005	0.000000	8.6
1540	-1.041273	117.742933	0.004787	12.6
1541	-0.000000	117.699904	0.000000	10.0
1542	-0.000001	117.656916	0.000001	9.0
1543	-0.819363	117.613971	0.010368	7.6
1544	-0.533289	117.571067	0.014187	11.0
1545	-0.628390	117.528205	0.009540	8.0
1546	-0.222558	117.485384	0.004730	9.5
1547	-0.596327	117.442605	0.011801	7.5
1548	-0.031394	117.399867	0.001911	8.4
1549	0.000000	117.357171	0.000000	15.8
1550	-1.149463	117.314517	0.016898	7.5
1551	-1.091887	117.271903	0.004299	7.6
1552	-1.125954	117.229331	0.010972	7.5
1553	-0.056541	117.186800	0.001114	8.4
1554	-0.000045	117.144311	0.000008	10.3
1555	-1.144371	117.101862	0.010905	10.1
1556	-0.740800	117.059454	0.009470	7.6
1557	-0.416131	117.017087	0.007731	8.8
1558	-0.671264	116.974762	0.008428	7.6
1559	-1.186571	116.932476	0.017854	12.4
1560	-0.534433	116.890232	0.003167	9.7
1561	-0.996634	116.848028	0.011174	7.6
1562	-1.194672	116.805865	0.011696	8.1
1563	-0.545020	116.763743	0.008702	9.2
1564	-1.274262	116.721661	0.024820	11.8
1565	-0.831717	116.679619	0.007469	7.6
1566	-0.000000	116.637618	0.000000	7.5
1567	-1.069965	116.595657	0.012025	7.5
1568	-0.975137	116.553736	0.004513	11.5
1569	-1.007144	116.511855	0.006876	7.9
1570	-1.279155	116.470015	0.012833	9.0
1571	-0.000000	116.428214	0.000000	8.3
1572	-1.239847	116.386454	0.010176	7.6
1573	-0.073452	116.344733	0.002588	11.6
1574	-0.949728	116.303052	0.007512	7.7
1575	-0.195260	116.261412	0.003150	8.9
1576	-0.000000	116.219810	0.000000	7.4
1577	-0.204958	116.178249	0.005653	7.5
1578	-1.307508	116.136727	0.011983	10.9
1579	-0.128536	116.095245	0.003219	9.3
1580	-0.833662	116.053802	0.004979	7.5
1581	-0.942529	116.012398	0.011615	7.6
1582	-1.114292	115.971034	0.005886	7.6
1583	-0.963366	115.929710	0.014017	12.2
1584	-1.136316	115.888424	0.014658	8.0
1585	-0.805054	115.847178	0.008526	9.4
1586	-0.242070	115.805970	0.005786	7.8
1587	-0.829254	115.764802	0.009525	7.6
1588	-0.509151	115.723673	0.005070	11.3
1589	-0.645758	115.682583	0.009498	7.6
1590	-0.836022	115.641532	0.005195	9.4
1591	-0.000148	115.600519	0.000063	8.0
1592	-0.720438	115.559546	0.004948	7.6
1593	-0.000000	115.518610	0.000000	11.0
1594	-0.589695	115.477714	0.008545	9.5
1595	-0.696209	115.436856	0.013132	7.5
1596	-0.000000	115.396037	0.000000	7.6
1597	-1.039631	115.355256	0.018791	7.5
1598	-0.040937	115.314514	0.001678	12.2
1599	-0.060208	115.273810	0.003946	7.9
1600	-1.037390	115.233144	0.016601	9.1
1601	-0.518721	115.192517	0.011988	8.5
1602	-0.850356	115.151927	0.007650	7.6
1603	-0.551195	115.111376	0.008164	12.0
1604	-0.920557	115.070863	0.007869	7.5
1605	-0.616282	115.030388	0.005003	9.2
1606	-0.705389	114.989951	0.008048	7.6
1607	-0.000025	114.949551	0.000009	7.6
1608	-0.000531	114.909190	0.000183	11.1
1609	-0.723499	114.868866	0.005285	9.5
1610	-0.000000	114.828580	0.000000	7.4
1611	-0.423568	114.788332	0.006138	7.7
1612	-0.025895	114.748121	0.003779	7.6
1613	-0.254677	114.707948	0.004894	12.2
1614	-0.000186	114.667812	0.000060	8.8
1615	-0.836096	114.627714	0.041282	8.1
1616	-1.264814	114.587653	0.013158	8.5
1617	-0.773581	114.547629	0.010659	7.7
1618	-0.896403	114.507643	0.013021	12.3
1619	-1.065956	114.467693	0.009210	7.8
1620	-0.407685	114.427781	0.005546	9.8
1621	-0.495115	114.387907	0.008945	7.6
1622	-1.195438	114.348069	0.006531	8.6
1623	-0.858472	114.308268	0.005480	12.3
1624	-1.149356	114.268504	0.011851	7.6
1625	-0.641744	114.228777	0.011351	7.6
1626	-0.728979	114.189086	0.011783	7.5
1627	-0.287979	114.149433	0.003466	10.9
1628	-0.000000	114.109816	0.000000	7.8
1629	-0.000593	114.070235	0.000234	9.4
1630	-0.358131	114.030692	0.008890	7.6
1631	-0.906432	113.991185	0.007019	8.6
1632	-1.097068	113.951714	0.009946	11.7
1633	-1.254280	113.912280	0.007252	9.4
1634	-0.000000	113.872882	0.000000	8.7
1635	-1.055142	113.833521	0.007423	7.5
1636	-0.734532	113.794195	0.012738	7.4
1637	-0.000000	113.754906	0.000000	12.5
1638	-0.553400	113.715653	0.006450	9.3
1639	-1.136521	113.676437	0.009688	7.5
1640	-0.000000	113.637256	0.000000	7.4
1641	-0.000002	113.598111	0.000001	8.4
1642	0.000000	113.559002	0.000000	10.7
1643	-1.302891	113.519929	0.030231	8.6
1644	-0.525311	113.480892	0.006014	9.1
1645	0.000000	113.441891	0.000000	7.0
1646	-1.033075	113.402925	0.008897	11.0
1647	-0.718494	113.363995	0.010298	9.8
1648	-1.008760	113.325101	0.011962	7.9
1649	-0.645477	113.286242	0.008473	8.2
1650	-0.000000	113.247419	0.000000	7.5
1651	-0.187766	113.208631	0.004426	11.2
1652	-0.777418	113.169879	0.016961	8.1
1653	-0.002799	113.131162	0.000388	8.8
1654	-0.216429	113.092480	0.003257	7.4
1655	-0.000000	113.053833	0.000000	7.4
1656	-0.821695	113.015222	0.006541	11.2
1657	-1.094370	112.976646	0.006983	9.1
1658	-1.114331	112.938105	0.003447	7.5
1659	-0.684466	112.899599	0.009960	7.5
1660	-0.321273	112.861128	0.007837	7.4
1661	-1.026803	112.822692	0.012356	12.1
1662	-0.833237	112.784291	0.010230	9.3
1663	0.000000	112.745924	0.000000	8.0
1664	-0.546715	112.707593	0.008813	8.4
1665	-0.082147	112.669296	0.001769	7.5
1666	-0.991447	112.631034	0.016890	12.2
1667	-0.000000	112.592806	0.000000	7.4
1668	0.000000	112.554613	0.000000	9.0
1669	-1.071517	112.516455	0.008378	7.4
1670	-0.541200	112.478331	0.009610	8.2
1671	-0.000000	112.440241	0.000000	12.8
1672	-0.671518	112.402186	0.014414	8.7
1673	-0.000004	112.364165	0.000002	8.7
1674	-0.000127	112.326179	0.000036	7.4
1675	-0.748798	112.288227	0.010627	10.6
1676	-0.787546	112.250309	0.009972	9.1
1677	-1.209993	112.212425	0.013489	9.3
1678	-0.713377	112.174575	0.004014	7.7
1679	-0.000000	112.136759	0.000000	8.5
1680	-0.763716	112.098977	0.006150	11.3
1681	-0.058623	112.061229	0.001743	7.7
1682	-1.244314	112.023515	0.013349	8.9
1683	-1.094545	111.985834	0.007572	8.6
1684	-0.508788	111.948188	0.008633	7.5
1685	-0.711761	111.910575	0.011508	11.2
1686	0.000000	111.872996	0.000000	8.8
1687	-0.031198	111.835450	0.001662	7.6
1688	-0.374834	111.797939	0.010969	7.7
1689	0.000000	111.760460	0.000000	7.4
1690	-1.276865	111.723015	0.020676	11.1
1691	-0.000000	111.685604	0.000000	8.5
1692	-0.271528	111.648226	0.004441	9.7
1693	-1.193597	111.610881	0.003656	7.4
1694	-0.000000	111.573570	0.000000	8.5
1695	-0.815564	111.536292	0.012777	11.2
1696	0.000000	111.499047	0.000000	7.6
1697	0.000000	111.461835	0.000000	9.0
1698	0.000000	111.424656	0.000000	8.4
1699	0.000000	111.387510	0.000000	7.9
1700	0.000000	111.350398	0.000000	11.4
1701	-0.819385	111.313318	0.007552	9.1
1702	-0.361430	111.276271	0.006138	7.5
1703	-0.002190	111.239257	0.000457	7.9
1704	-0.571630	111.202276	0.004626	7.6
1705	-0.918053	111.165328	0.005373	12.0
1706	-0.746160	111.128412	0.004289	7.7
1707	-1.189582	111.091529	0.025798	8.8
1708	-0.074608	111.054679	0.003483	7.8
1709	-0.000000	111.017861	0.000000	7.8
1710	-0.361976	110.981076	0.005175	10.8
1711	-0.137986	110.944323	0.004644	7.7
1712	-0.750500	110.907603	0.007919	8.9
1713	-0.000000	110.870915	0.000000	8.3
1714	-1.282401	110.834259	0.024163	7.6
1715	-0.451155	110.797636	0.007449	11.2
1716	-0.930688	110.761045	0.006835	8.8
1717	-0.061774	110.724486	0.001396	7.5
1718	-1.173866	110.687959	0.011658	7.4
1719	-0.586223	110.651465	0.006160	7.6
1720	-1.191144	110.615002	0.015978	11.5
1721	-0.727444	110.578572	0.006913	7.6
1722	0.000000	110.542173	0.000000	9.2
1723	-0.694195	110.505807	0.009302	7.6
1724	-0.010681	110.469472	0.000638	8.5
1725	-0.817294	110.433169	0.029641	11.2
1726	-0.885454	110.396898	0.005950	7.5
1727	0.000000	110.360659	0.000000	7.1
1728	-0.000000	110.324451	0.000000	8.4
1729	-1.133895	110.288276	0.013388	7.5
1730	-0.736630	110.252131	0.011951	10.2
1731	-0.551006	110.216019	0.005194	9.3
1732	-0.830943	110.179937	0.005039	8.0
1733	-0.905998	110.143888	0.014307	7.6
1734	-0.460259	110.107869	0.003728	7.4
1735	-0.967003	110.071882	0.017858	11.8
1736	-0.669521	110.035927	0.009220	7.4
1737	-0.672841	110.000003	0.012789	9.3
1738	-0.979543	109.964110	0.007032	7.5
1739	-1.003795	109.928248	0.007892	8.6
1740	-0.680076	109.892417	0.005831	11.5
1741	-0.753644	109.856618	0.019232	9.1
1742	-0.564021	109.820850	0.005519	7.7
1743	0.000000	109.785112	0.000000	8.1
1744	-0.439517	109.749406	0.009747	7.5
1745	-1.069572	109.713730	0.014011	11.1
1746	-0.843578	109.678086	0.005189	9.6
1747	-0.441765	109.642472	0.004582	7.5
1748	-0.898574	109.606890	0.006975	7.5
1749	-0.000000	109.571337	0.000000	7.3
1750	-0.551339	109.535816	0.011001	11.8
1751	-0.689610	109.500326	0.004532	8.8
1752	-0.604338	109.464866	0.004402	9.3
1753	-1.155283	109.429436	0.015026	7.5
1754	-0.113940	109.394038	0.005270	7.6
1755	-0.934210	109.358669	0.009499	13.4
1756	-0.033518	109.323331	0.001609	8.4
1757	-0.306266	109.288024	0.005807	8.3
1758	-1.071883	109.252747	0.008278	7.4
1759	-1.057307	109.217501	0.009447	9.2
1760	-0.000000	109.182284	0.000000	10.1
1761	-0.721995	109.147098	0.010949	8.9
1762	-1.112573	109.111942	0.014051	7.5
1763	-1.166307	109.076817	0.018083	7.4
1764	-0.533953	109.041721	0.003778	9.7
1765	-0.000000	109.006656	0.000000	10.1
1766	-1.235332	108.971620	0.011380	7.5
1767	-0.669573	108.936615	0.002886	9.6
1768	-0.569206	108.901640	0.008366	7.7
1769	-0.000029	108.866694	0.000009	11.9
1770	-0.467246	108.831779	0.005770	9.2
1771	-0.983102	108.796893	0.017168	7.5
1772	0.000000	108.762037	0.000000	8.5
1773	-0.896244	108.727211	0.017627	7.5
1774	-0.885907	108.692415	0.012024	11.3
1775	0.000000	108.657648	0.000000	7.6
1776	-0.671376	108.622911	0.007740	8.9
1777	-0.015270	108.588203	0.000970	7.5
1778	-0.987377	108.553525	0.006307	7.4
1779	-0.000000	108.518877	0.000000	9.9
1780	-0.141234	108.484258	0.003374	9.2
1781	-0.671509	108.449668	0.008755	7.5
1782	-1.030675	108.415108	0.006316	7.5
1783	-0.660065	108.380578	0.006718	7.5
1784	-0.999327	108.346076	0.009587	12.0
1785	-1.062684	108.311604	0.013406	7.7
1786	-0.118950	108.277161	0.005127	9.5
1787	-1.006848	108.242747	0.011084	8.6
1788	-0.498466	108.208363	0.005723	8.5
1789	-0.630431	108.174007	0.013421	11.7
1790	-1.244718	108.139681	0.007476	7.5
1791	-0.613954	108.105383	0.008850	9.3
1792	-0.997594	108.071115	0.006234	7.6
1793	-1.083936	108.036875	0.014643	8.4
1794	-0.603274	108.002665	0.011799	10.6
1795	-0.110400	107.968483	0.004670	8.9
1796	-0.637690	107.934330	0.011691	7.6
1797	-1.165525	107.900206	0.008926	7.6
1798	-0.794208	107.866111	0.009612	9.9
1799	-0.906371	107.832044	0.013130	10.1
1800	-0.773213	107.798007	0.012989	9.7
1801	-0.795854	107.763997	0.011880	7.6
1802	0.000000	107.730017	0.000000	8.3
1803	-0.806023	107.696065	0.007174	10.6
1804	-0.845833	107.662141	0.005197	9.5
1805	-0.735514	107.628246	0.008509	7.7
1806	-0.636724	107.594379	0.010818	8.4
1807	-1.373650	107.560541	0.020652	7.7
1808	-0.693374	107.526731	0.010631	11.5
1809	-0.394881	107.492949	0.002645	9.0
1810	-0.000000	107.459196	0.000000	8.0
1811	-0.784635	107.425471	0.010121	7.7
1812	-0.137493	107.391774	0.003311	7.4
1813	-0.001010	107.358106	0.000212	11.6
1814	-0.493701	107.324465	0.005536	7.4
1815	-0.016993	107.290853	0.001387	9.4
1816	-0.931990	107.257268	0.014004	7.6
1817	-1.247972	107.223712	0.010071	8.5
1818	-1.209353	107.190184	0.018479	11.7
1819	-0.638807	107.156683	0.012673	9.3
1820	-1.219716	107.123211	0.021978	8.6
1821	-0.000000	107.089766	0.000000	6.8
1822	-0.000000	107.056349	0.000000	7.5
1823	-1.197451	107.022960	0.007232	11.1
1824	-0.350961	106.989599	0.004157	9.5
1825	-0.208879	106.956265	0.003941	7.5
1826	-0.464331	106.922960	0.005014	7.4
1827	-0.509618	106.889681	0.006919	7.7
1828	-0.025266	106.856431	0.001153	11.8
1829	-0.168861	106.823208	0.003066	7.6
1830	-0.872069	106.790012	0.011163	9.1
1831	-1.188505	106.756844	0.018496	7.6
1832	0.000000	106.723703	0.000000	8.3
1833	-0.000047	106.690590	0.000011	11.1
1834	-0.013574	106.657505	0.001629	7.5
1835	-0.907643	106.624446	0.006035	7.5
1836	-0.007762	106.591415	0.001719	9.0
1837	-0.912213	106.558411	0.012526	7.6
1838	-0.805206	106.525435	0.021318	10.8
1839	-0.892261	106.492485	0.010310	8.9
1840	-0.641553	106.459563	0.009232	8.3
1841	-0.055469	106.426668	0.001633	7.4
1842	-0.822967	106.393800	0.006213	7.5
1843	-1.173825	106.360959	0.020334	12.0
1844	-1.053639	106.328145	0.007796	7.4
1845	-0.000000	106.295358	0.000000	9.0
1846	-0.770083	106.262598	0.008846	7.6
1847	-0.121659	106.229865	0.005453	8.2
1848	-0.557562	106.197158	0.008331	11.3
1849	-0.436621	106.164479	0.006948	9.5
1850	-1.058732	106.131826	0.020679	7.6
1851	-0.550979	106.099201	0.008617	8.4
1852	-0.114180	106.066602	0.001551	7.5
1853	-0.044221	106.034029	0.002106	12.8
1854	-0.918287	106.001483	0.007210	9.5
1855	-0.000000	105.968964	0.000000	7.5
1856	-1.202333	105.936472	0.011355	7.5
1857	-0.174603	105.904006	0.003724	8.3
1858	-1.121494	105.871566	0.012514	12.4
1859	-0.000000	105.839153	0.000000	6.8
1860	-0.963341	105.806767	0.005202	9.2
1861	-0.000100	105.774407	0.000028	7.5
1862	-0.653939	105.742073	0.014699	10.4
1863	-0.983004	105.709766	0.018516	11.4
1864	-1.089515	105.677485	0.023961	7.5
1865	-0.927399	105.645230	0.023370	7.7
1866	-0.008128	105.613001	0.000551	7.5
1867	-0.000000	105.580799	0.000000	10.1
1868	-0.383557	105.548623	0.005017	7.8
1869	-0.662064	105.516473	0.003844	9.0
1870	-0.478206	105.484349	0.006763	7.4
1871	-0.166495	105.452251	0.003082	7.4
1872	-0.891458	105.420179	0.008392	10.5
1873	-0.000008	105.388133	0.000004	9.3
1874	-0.000094	105.356113	0.000031	7.6
1875	-1.040861	105.324119	0.005880	7.5
1876	0.000000	105.292151	0.000000	7.5
1877	-0.909617	105.260209	0.010889	11.6
1878	-0.000000	105.228293	0.000000	7.6
1879	-0.539588	105.196402	0.008218	9.4
1880	-0.000000	105.164537	0.000000	7.6
1881	-0.662978	105.132698	0.009761	8.3
1882	-0.029224	105.100885	0.001341	11.5
1883	-0.864595	105.069097	0.005230	7.5
1884	0.000000	105.037335	0.000000	8.9
1885	-0.468147	105.005598	0.010313	8.0
1886	-0.000000	104.973887	0.000000	7.6
1887	-0.586369	104.942202	0.010377	11.0
1888	-0.000010	104.910542	0.000005	9.3
1889	-0.967681	104.878907	0.008373	7.6
1890	-0.833300	104.847298	0.009179	8.3
1891	-1.229122	104.815715	0.012393	7.4
1892	-0.000000	104.784156	0.000000	12.1
1893	-0.900382	104.752623	0.008885	7.7
1894	-0.000000	104.721116	0.000000	9.2
1895	-0.966253	104.689633	0.010699	7.7
1896	-0.004245	104.658176	0.000135	8.4
1897	-0.498495	104.626744	0.010731	11.4
1898	-0.000000	104.595337	0.000000	7.5
1899	-0.647135	104.563955	0.007135	9.7
1900	-0.000000	104.532599	0.000000	8.1
1901	-0.523542	104.501267	0.007523	7.7
1902	-1.251694	104.469960	0.008183	11.4
1903	-0.978108	104.438679	0.011173	9.7
1904	-0.863713	104.407422	0.015650	7.7
1905	-0.606858	104.376191	0.013960	7.6
1906	0.000000	104.344984	0.000000	7.6
1907	-1.014552	104.313802	0.006173	12.5
1908	-0.914264	104.282645	0.003282	9.7
1909	-0.935668	104.251513	0.005760	7.6
1910	-0.402694	104.220405	0.004215	8.7
1911	-0.486854	104.189323	0.009035	7.6
1912	-0.000000	104.158265	0.000000	12.5
1913	-0.865768	104.127231	0.007418	7.6
1914	-0.000000	104.096222	0.000000	9.7
1915	-1.128166	104.065238	0.017875	7.6
1916	-0.432483	104.034279	0.002231	8.8
1917	-0.997172	104.003344	0.006124	12.2
1918	-0.570134	103.972433	0.006960	7.6
1919	-0.113737	103.941547	0.002214	7.6
1920	-0.607013	103.910686	0.008349	7.5
1921	-1.066361	103.879849	0.009994	9.6
1922	-1.072506	103.849036	0.010412	9.1
1923	-0.000000	103.818248	0.000000	9.2
1924	-0.464121	103.787484	0.007908	7.4
1925	-0.066662	103.756744	0.003368	8.5
1926	-0.000000	103.726029	0.000000	10.8
1927	-0.918209	103.695338	0.007636	7.7
1928	-1.076392	103.664671	0.006876	8.0
1929	-1.226367	103.634028	0.023909	9.1
1930	0.000000	103.603409	0.000000	7.6
1931	-1.061330	103.572814	0.008410	10.9
1932	-0.648048	103.542244	0.008503	9.1
1933	-0.000000	103.511698	0.000000	7.9
1934	-1.068735	103.481175	0.010701	7.6
1935	-0.000000	103.450677	0.000000	7.6
1936	-0.023303	103.420202	0.000504	11.5
1937	-1.071890	103.389752	0.011569	7.6
1938	-0.000000	103.359325	0.000000	9.4
1939	-0.000000	103.328922	0.000000	7.6
1940	-0.463741	103.298543	0.006243	8.3
1941	-0.644670	103.268188	0.007327	11.3
1942	-0.430949	103.237857	0.011742	9.4
1943	-0.000000	103.207549	0.000000	7.7
1944	0.000000	103.177265	0.000000	7.7
1945	-0.482035	103.147005	0.007040	7.6
1946	-0.156606	103.116768	0.005034	12.1
1947	-0.836658	103.086556	0.007342	9.4
1948	-0.603757	103.056366	0.007408	7.5
1949	-0.605917	103.026200	0.005684	8.6
1950	0.000000	102.996058	0.000000	7.6
1951	-0.071685	102.965939	0.001157	13.4
1952	-1.257542	102.935844	0.009466	7.6
1953	0.000000	102.905772	0.000000	9.6
1954	-0.765353	102.875724	0.008613	9.3
1955	-0.887395	102.845699	0.010191	10.4
1956	-0.413428	102.815697	0.010274	9.5
1957	-0.864298	102.785719	0.017191	7.6
1958	-0.299886	102.755764	0.007790	8.5
1959	-0.740832	102.725832	0.008644	7.7
1960	-0.884836	102.695924	0.005762	11.4
1961	-1.011510	102.666038	0.004797	8.5
1962	-0.785424	102.636176	0.015115	8.9
1963	-1.259135	102.606337	0.008261	7.6
1964	-0.211220	102.576521	0.003495	7.6
1965	-0.387128	102.546728	0.009694	11.9
1966	-0.429870	102.516959	0.009736	8.4
1967	-1.137969	102.487212	0.019057	9.2
1968	-1.071117	102.457488	0.014342	7.6
1969	-1.221236	102.427788	0.010775	9.0
1970	-0.680123	102.398110	0.007863	11.2
1971	-1.295551	102.368455	0.030577	10.2
1972	-0.716461	102.338823	0.012775	8.0
1973	-1.203364	102.309214	0.015999	8.0
1974	-0.194992	102.279628	0.003224	9.7
1975	-0.000000	102.250064	0.000000	8.2
1976	-0.795600	102.220524	0.009576	9.3
1977	-0.513758	102.191006	0.007792	7.5
1978	-0.415252	102.161511	0.005701	7.7
1979	-1.199183	102.132038	0.009541	10.5
1980	-1.283360	102.102588	0.009765	9.1
1981	0.000000	102.073161	0.000000	7.1
1982	0.000000	102.043757	0.000000	7.3
1983	-0.811079	102.014375	0.010185	7.6
1984	-1.188339	101.985015	0.023157	11.2
1985	-0.945817	101.955678	0.011119	7.7
1986	-0.000000	101.926364	0.000000	9.2
1987	-1.067562	101.897072	0.019156	8.2
1988	-1.112452	101.867802	0.012539	8.7
1989	-0.338886	101.838555	0.007265	12.4
1990	-0.939685	101.809330	0.009157	7.6
1991	-0.754607	101.780128	0.008726	9.4
1992	0.000000	101.750948	0.000000	7.7
1993	-1.068780	101.721790	0.008464	9.2
1994	-1.306400	101.692654	0.008875	10.3
1995	-0.764145	101.663541	0.010525	9.8
1996	-0.442489	101.634450	0.006892	8.0
1997	-0.569175	101.605381	0.013269	7.6
1998	-0.002110	101.576335	0.000607	11.2
1999	-0.254538	101.547310	0.003971	7.9
