1:ItNr	2:Metric	3:StepSize	4:||Gradient||	Time[ms]
0	-0.816273	627.201626	0.008683	1260.0
1	-0.885489	623.504937	0.009960	8.0
2	-0.000000	619.865785	0.000000	9.0
3	0.000000	616.282728	0.000000	11.5
4	-0.023543	612.754375	0.001756	11.0
5	-0.603319	609.279381	0.008217	8.2
6	-0.796113	605.856447	0.007352	8.1
7	-0.066862	602.484317	0.002003	9.1
8	-0.772716	599.161779	0.009546	12.2
9	-0.493037	595.887656	0.008773	9.7
10	-0.372274	592.660813	0.008643	8.1
11	-0.092143	589.480151	0.006568	8.1
12	-0.585926	586.344606	0.009130	11.8
13	0.000000	583.253145	0.000000	8.1
14	0.000000	580.204771	0.000000	9.9
15	-0.768834	577.198517	0.004725	8.1
16	-1.061522	574.233444	0.010933	8.4
17	-0.446870	571.308645	0.007069	11.8
18	-0.377276	568.423237	0.004799	9.4
19	-0.003668	565.576365	0.000963	9.9
20	-0.000011	562.767201	0.000003	8.9
21	0.000000	559.994938	0.000000	11.4
22	-0.547178	557.258797	0.005778	8.3
23	-0.707354	554.558018	0.009703	10.2
24	-0.711644	551.891865	0.010245	8.3
25	-0.529542	549.259621	0.008652	8.5
26	-0.936116	546.660592	0.008132	13.8
27	-0.554319	544.094102	0.008678	8.2
28	-0.673305	541.559494	0.008616	8.2
29	-0.359410	539.056129	0.005677	8.1
30	-0.937316	536.583387	0.011676	11.1
31	-0.276968	534.140663	0.004375	8.4
32	-0.948681	531.727370	0.014549	8.8
33	-0.539290	529.342935	0.007478	8.2
34	-0.660784	526.986802	0.006848	8.5
35	-0.732559	524.658430	0.008968	12.1
36	0.000000	522.357290	0.000000	7.9
37	-0.749133	520.082868	0.009431	10.0
38	-1.023944	517.834665	0.010998	9.6
39	-0.921844	515.612193	0.007079	11.6
40	-0.179321	513.414976	0.005984	9.7
41	-0.784483	511.242551	0.009476	8.1
42	-0.439516	509.094468	0.006605	8.0
43	0.000000	506.970285	0.000000	8.0
44	-0.836033	504.869574	0.006401	12.9
45	-0.890208	502.791916	0.006600	10.7
46	-0.191140	500.736903	0.004487	8.0
47	0.000000	498.704137	0.000000	8.5
48	-0.861962	496.693228	0.011215	11.4
49	-0.973853	494.703798	0.011258	8.0
50	-0.086596	492.735476	0.005053	8.2
51	-0.950126	490.787900	0.011392	9.5
52	-0.965210	488.860718	0.008782	9.0
53	-0.181601	486.953585	0.003723	12.4
54	-0.479473	485.066164	0.006606	10.1
55	0.000000	483.198126	0.000000	8.4
56	-0.941655	481.349149	0.009893	8.2
57	-0.602624	479.518920	0.009058	12.1
58	-0.266399	477.707132	0.006873	8.0
59	-0.625560	475.913485	0.005692	9.7
60	-0.416408	474.137684	0.006616	8.0
61	-0.000000	472.379445	0.000000	10.3
62	-0.949107	470.638485	0.009762	13.9
63	-0.695593	468.914531	0.008642	8.0
64	-0.003590	467.207315	0.000170	9.0
65	-0.401785	465.516573	0.005405	8.0
66	-0.083526	463.842050	0.002444	12.1
67	-0.560547	462.183494	0.006948	8.3
68	-0.488953	460.540658	0.005530	9.1
69	-0.249650	458.913303	0.007022	8.1
70	-0.658192	457.301192	0.007158	8.1
71	0.000000	455.704096	0.000000	13.9
72	-0.201985	454.121787	0.003885	8.2
73	-0.877633	452.554045	0.010970	10.0
74	-0.269203	451.000653	0.004964	9.2
75	0.000000	449.461399	0.000000	11.7
76	-0.503252	447.936075	0.007710	10.3
77	0.000000	446.424477	0.000000	8.8
78	0.000000	444.926406	0.000000	8.9
79	0.000000	443.441666	0.000000	10.2
80	-0.393418	441.970065	0.004417	10.7
81	-0.753115	440.511415	0.007591	10.6
82	-0.641026	439.065533	0.008561	8.1
83	-0.512348	437.632238	0.008333	8.1
84	-0.790140	436.211351	0.007979	12.2
85	-0.703755	434.802701	0.012589	8.0
86	0.000000	433.406117	0.000000	9.3
87	-0.118176	432.021430	0.002887	8.0
88	0.000000	430.648479	0.000000	9.2
89	-0.178962	429.287101	0.004603	14.9
90	-0.733004	427.937140	0.007980	8.1
91	-0.416860	426.598440	0.006888	8.8
92	-0.881834	425.270849	0.004381	7.9
93	-0.947171	423.954220	0.008495	11.3
94	-0.222763	422.648404	0.005126	8.3
95	-0.011515	421.353259	0.001049	9.2
96	-0.953540	420.068643	0.006242	8.1
97	-0.607173	418.794419	0.007849	8.4
98	-0.268425	417.530451	0.004738	13.5
99	-0.477132	416.276604	0.006363	8.0
100	-0.360422	415.032748	0.008283	9.5
101	-0.726386	413.798754	0.007990	8.1
102	-0.212334	412.574495	0.003053	12.2
103	-0.897584	411.359849	0.004310	10.2
104	0.000000	410.154691	0.000000	7.7
105	-0.738377	408.958904	0.008981	8.9
106	-0.771655	407.772368	0.008888	8.7
107	-0.316812	406.594968	0.004854	12.3
108	-0.818856	405.426590	0.005295	10.2
109	-0.385692	404.267122	0.007344	8.6
110	-0.301674	403.116456	0.005381	8.0
111	-0.781540	401.974481	0.010318	11.0
112	-0.980007	400.841093	0.010045	9.9
113	-0.927779	399.716187	0.007382	8.2
114	-0.016422	398.599660	0.001231	8.1
115	-0.467983	397.491411	0.005353	8.3
116	-0.014172	396.391342	0.000699	14.6
117	-0.443429	395.299353	0.006945	10.2
118	-0.391073	394.215350	0.004791	8.8
119	-0.618939	393.139238	0.006986	8.8
120	-0.579995	392.070924	0.006911	11.6
121	-0.226437	391.010316	0.003112	8.1
122	-0.053019	389.957325	0.001650	9.7
123	-0.013789	388.911862	0.001072	8.1
124	-0.638135	387.873839	0.007246	8.0
125	-0.358013	386.843173	0.004263	14.9
126	-0.000016	385.819777	0.000016	8.4
127	-0.151004	384.803569	0.004012	8.9
128	-0.185992	383.794468	0.004566	8.0
129	-0.144543	382.792393	0.003466	12.8
130	0.000000	381.797264	0.000000	8.2
131	0.000000	380.809005	0.000000	9.5
132	0.000000	379.827537	0.000000	8.8
133	-0.821461	378.852786	0.009826	8.3
134	-0.939567	377.884678	0.008912	13.1
135	-1.043049	376.923138	0.008035	8.1
136	-0.929456	375.968095	0.013174	9.6
137	-0.255497	375.019479	0.005409	8.2
138	-0.790098	374.077218	0.007468	10.8
139	-0.514757	373.141244	0.006960	9.8
140	-0.484831	372.211489	0.006288	8.0
141	-0.621813	371.287887	0.006875	8.0
142	-0.013354	370.370370	0.002432	8.0
143	-0.008251	369.458876	0.000333	13.8
144	-0.058409	368.553338	0.003071	10.6
145	0.000000	367.653696	0.000000	8.1
146	0.000000	366.759885	0.000000	9.1
147	-0.066985	365.871846	0.002446	11.5
148	-0.942111	364.989518	0.008821	8.1
149	-0.943734	364.112841	0.008549	8.1
150	-0.009089	363.241757	0.001016	10.6
151	-0.472091	362.376208	0.006356	9.2
152	-0.701476	361.516137	0.006457	12.3
153	-0.869982	360.661488	0.008276	9.8
154	-0.267488	359.812206	0.004238	8.2
155	-0.554891	358.968236	0.004130	8.5
156	-0.755523	358.129524	0.005272	11.3
157	-0.237889	357.296018	0.006527	8.4
158	0.000000	356.467665	0.000000	9.7
159	-0.782583	355.644414	0.007141	8.1
160	-0.298246	354.826213	0.003822	9.2
161	-0.000027	354.013012	0.000014	14.4
162	0.000000	353.204763	0.000000	7.8
163	-0.004446	352.401415	0.000453	9.7
164	-0.281508	351.602922	0.001832	7.9
165	-0.736040	350.809235	0.007948	11.8
166	-0.726760	350.020308	0.006100	8.3
167	-0.614026	349.236095	0.005350	9.3
168	-0.532337	348.456550	0.006241	8.1
169	-0.567878	347.681627	0.006548	10.0
170	-0.893124	346.911283	0.007135	12.1
171	-0.948291	346.145474	0.008715	8.0
172	0.000000	345.384157	0.000000	10.0
173	-0.508770	344.627288	0.004340	8.7
174	-0.500808	343.874826	0.006377	12.4
175	-0.359158	343.126729	0.004022	9.7
176	0.000000	342.382957	0.000000	8.1
177	-0.952123	341.643469	0.011941	8.8
178	-0.530702	340.908224	0.006747	8.4
179	-0.979232	340.177184	0.007539	12.7
180	-0.430201	339.450309	0.004236	9.6
181	0.000000	338.727561	0.000000	7.7
182	-0.229998	338.008902	0.004307	9.0
183	-0.971110	337.294295	0.006449	10.9
184	-0.466242	336.583703	0.006587	9.3
185	-0.946718	335.877089	0.009449	9.0
186	0.000000	335.174416	0.000000	8.8
187	-0.940091	334.475651	0.005174	8.6
188	-0.790248	333.780756	0.007508	12.4
189	-0.792796	333.089698	0.008650	9.9
190	-0.251321	332.402443	0.003222	8.5
191	0.000000	331.718955	0.000000	8.5
192	-0.629612	331.039203	0.011460	11.9
193	0.000000	330.363153	0.000000	8.1
194	-0.700343	329.690771	0.007901	9.6
195	-0.441504	329.022027	0.011167	8.0
196	-0.057369	328.356888	0.000978	8.6
197	-0.346059	327.695322	0.003973	15.2
198	0.000000	327.037299	0.000000	8.1
199	-0.595648	326.382787	0.011210	8.0
200	-0.460091	325.731758	0.005571	8.0
201	0.000000	325.084179	0.000000	12.7
202	-0.645426	324.440023	0.005219	10.8
203	-0.387146	323.799258	0.005065	8.0
204	-0.733352	323.161858	0.009260	8.9
205	-0.412076	322.527792	0.005928	8.9
206	-0.942980	321.897034	0.009794	12.1
207	-0.520034	321.269554	0.006703	10.4
208	-0.782372	320.645325	0.005732	8.1
209	-0.039234	320.024320	0.001763	8.2
210	-0.991132	319.406512	0.007210	11.5
211	-0.000155	318.791875	0.000070	10.0
212	-0.001481	318.180381	0.000223	8.3
213	-0.209419	317.572005	0.006958	8.1
214	-0.664835	316.966721	0.003936	8.3
215	0.000000	316.364504	0.000000	13.8
216	-0.164926	315.765329	0.002746	10.3
217	-0.469930	315.169170	0.005634	8.2
218	0.000000	314.576003	0.000000	9.1
219	-0.367369	313.985804	0.005314	11.4
220	-0.793277	313.398548	0.006298	8.0
221	-0.969186	312.814213	0.006645	9.4
222	-0.196160	312.232773	0.005021	8.1
223	-0.010702	311.654207	0.000961	8.1
224	0.000000	311.078491	0.000000	12.1
225	-0.519090	310.505602	0.005911	9.2
226	-0.827272	309.935518	0.007847	8.2
227	-0.004179	309.368217	0.000470	8.2
228	-0.597167	308.803676	0.003881	9.7
229	-0.106042	308.241874	0.002484	12.6
230	0.000000	307.682789	0.000000	9.7
231	-0.591022	307.126400	0.006368	8.3
232	-0.686471	306.572687	0.009249	9.2
233	-0.861631	306.021627	0.012146	11.3
234	0.000000	305.473201	0.000000	8.0
235	-0.000006	304.927388	0.000002	9.7
236	-0.746773	304.384168	0.005318	8.0
237	-0.749613	303.843521	0.006351	8.0
238	-0.593641	303.305427	0.008543	15.7
239	-0.532677	302.769867	0.005441	8.0
240	-0.530767	302.236821	0.009398	8.3
241	-0.935675	301.706270	0.006672	8.0
242	-0.662339	301.178196	0.007118	11.7
243	-0.947878	300.652580	0.008126	8.3
244	-0.884538	300.129402	0.006820	9.4
245	-0.008875	299.608645	0.000723	9.4
246	-0.835476	299.090291	0.010503	9.0
247	-0.034495	298.574321	0.002568	11.8
248	-0.716337	298.060718	0.009027	8.0
249	-0.406996	297.549465	0.004725	10.1
250	-0.504277	297.040543	0.004141	8.2
251	-0.456030	296.533936	0.004868	12.3
252	-0.417698	296.029626	0.004739	9.8
253	-0.097073	295.527597	0.000828	8.1
254	-0.142595	295.027832	0.004470	8.0
255	-0.394251	294.530315	0.004920	8.0
256	0.000000	294.035028	0.000000	13.8
257	-0.226614	293.541956	0.002489	10.5
258	-0.799622	293.051083	0.009811	8.2
259	0.000000	292.562393	0.000000	9.7
260	-0.930073	292.075870	0.008798	11.9
261	-0.803470	291.591498	0.006682	8.1
262	-0.880589	291.109263	0.005728	10.5
263	-0.576994	290.629149	0.006064	8.9
264	0.000000	290.151140	0.000000	9.0
265	-0.230757	289.675222	0.003806	12.9
266	-0.542483	289.201380	0.006239	9.0
267	0.000000	288.729600	0.000000	8.2
268	-0.327081	288.259866	0.005897	8.0
269	-0.297677	287.792165	0.003500	12.1
270	-0.711701	287.326481	0.005541	8.2
271	-0.000000	286.862802	0.000000	9.4
272	-0.847535	286.401113	0.006385	8.1
273	-0.705988	285.941400	0.007566	9.6
274	-0.003842	285.483649	0.000417	11.6
275	-0.672844	285.027847	0.006181	7.9
276	-0.397999	284.573981	0.005748	9.8
277	-0.552232	284.122037	0.007459	8.0
278	-0.010621	283.672002	0.002268	11.0
279	-0.707373	283.223863	0.006839	8.5
280	-0.904171	282.777607	0.010586	9.3
281	-0.000000	282.333221	0.000000	8.3
282	-0.281085	281.890692	0.004422	8.6
283	0.000000	281.450008	0.000000	13.1
284	-1.058736	281.011157	0.008457	8.5
285	-0.549388	280.574125	0.005083	9.3
286	-0.698929	280.138901	0.006867	9.2
287	-0.845832	279.705473	0.007440	14.2
288	0.000000	279.273829	0.000000	9.3
289	-0.122501	278.843956	0.004374	8.2
290	-0.240553	278.415844	0.004485	8.2
291	-0.687596	277.989479	0.007692	10.3
292	-0.115430	277.564851	0.002737	9.3
293	-0.812351	277.141949	0.005979	10.2
294	-0.864114	276.720761	0.006453	8.9
295	-0.382321	276.301275	0.009423	8.3
296	-0.726363	275.883480	0.006302	15.3
297	0.000000	275.467366	0.000000	7.6
298	-0.000000	275.052922	0.000000	8.0
299	-0.875264	274.640136	0.008273	7.9
300	0.000000	274.228998	0.000000	12.1
301	0.000000	273.819497	0.000000	8.2
302	-0.013513	273.411623	0.000222	9.4
303	-0.930575	273.005365	0.009195	8.2
304	-1.048559	272.600712	0.013263	9.3
305	-0.451635	272.197655	0.005529	12.8
306	-0.879691	271.796184	0.006673	8.1
307	-0.991457	271.396287	0.012465	9.7
308	0.000000	270.997956	0.000000	8.1
309	-0.015007	270.601180	0.000721	10.9
310	-0.873375	270.205949	0.006725	11.2
311	-0.876673	269.812254	0.007674	7.9
312	-0.570546	269.420085	0.005697	8.1
313	-0.841768	269.029432	0.009560	8.3
314	-0.014751	268.640287	0.000567	13.7
315	0.000000	268.252638	0.000000	10.5
316	-0.028164	267.866478	0.001921	8.4
317	-0.402657	267.481796	0.004940	8.8
318	-0.505373	267.098584	0.007135	12.0
319	-0.877841	266.716833	0.005215	9.7
320	-0.063772	266.336533	0.002078	9.1
321	-0.706418	265.957676	0.004818	8.0
322	0.000000	265.580253	0.000000	8.4
323	0.000000	265.204254	0.000000	12.5
324	-0.465329	264.829672	0.006894	9.4
325	0.000000	264.456497	0.000000	8.2
326	0.000000	264.084721	0.000000	8.1
327	-0.745926	263.714335	0.010190	11.1
328	-0.000000	263.345332	0.000000	9.6
329	-0.784320	262.977702	0.005090	9.8
330	-0.920226	262.611438	0.005766	8.2
331	-0.000001	262.246531	0.000001	10.4
332	-0.110469	261.882973	0.003849	13.1
333	-0.306875	261.520756	0.004695	8.0
334	-0.051006	261.159871	0.003846	9.0
335	0.000000	260.800312	0.000000	8.3
336	-0.687590	260.442070	0.007892	11.7
337	-0.696718	260.085137	0.005731	8.1
338	-0.486832	259.729505	0.005327	9.3
339	-0.929467	259.375167	0.006675	8.1
340	-0.331213	259.022116	0.004672	8.2
341	-0.425234	258.670343	0.009499	13.0
342	0.000000	258.319841	0.000000	7.6
343	-0.505289	257.970602	0.008439	9.3
344	-0.001572	257.622620	0.000261	8.0
345	0.000000	257.275887	0.000000	11.0
346	-0.323168	256.930396	0.004295	9.2
347	-0.582437	256.586139	0.006951	9.4
348	0.000000	256.243109	0.000000	9.1
349	-0.000052	255.901300	0.000011	9.1
350	-0.726558	255.560703	0.007178	11.8
351	0.000000	255.221313	0.000000	8.3
352	-0.019042	254.883122	0.001938	9.4
353	-0.835873	254.546124	0.006019	8.1
354	-0.829361	254.210311	0.007723	10.9
355	-0.861329	253.875677	0.006855	9.7
356	-0.602730	253.542215	0.005163	8.0
357	-0.353397	253.209918	0.004137	8.0
358	-0.004843	252.878781	0.000482	8.2
359	0.000000	252.548795	0.000000	13.8
360	-0.668888	252.219956	0.005868	10.2
361	-0.372903	251.892255	0.004882	8.2
362	-0.848453	251.565688	0.006614	8.9
363	-0.512055	251.240247	0.004821	12.0
364	-0.000725	250.915926	0.000161	8.3
365	-0.534799	250.592720	0.007611	10.7
366	-0.774365	250.270621	0.005483	8.3
367	-0.106156	249.949624	0.002511	8.8
368	-0.553710	249.629723	0.007287	12.3
369	-0.000000	249.310911	0.000000	9.6
370	-0.047927	248.993182	0.001300	8.7
371	-0.623706	248.676531	0.006901	8.0
372	-0.535130	248.360952	0.006920	12.5
373	-0.584199	248.046438	0.007097	8.0
374	-0.487279	247.732984	0.005691	9.9
375	-0.000014	247.420584	0.000005	8.3
376	-0.682024	247.109233	0.006597	9.4
377	0.000000	246.798924	0.000000	11.6
378	-0.018855	246.489652	0.001396	9.0
379	-0.040538	246.181412	0.000969	9.4
380	-0.161750	245.874197	0.002597	7.9
381	-0.736581	245.568002	0.007290	10.9
382	0.000000	245.262822	0.000000	8.3
383	-0.510380	244.958652	0.006223	9.3
384	-0.776619	244.655485	0.004500	8.2
385	-0.421858	244.353317	0.004657	8.2
386	-0.195133	244.052142	0.004292	14.0
387	-0.977354	243.751955	0.009961	8.2
388	0.000000	243.452750	0.000000	10.2
389	-0.663227	243.154523	0.011236	10.1
390	-0.805279	242.857268	0.010519	12.0
391	-0.881669	242.560980	0.005370	9.8
392	-0.588841	242.265654	0.005832	8.2
393	-1.071508	241.971285	0.011384	8.1
394	0.000000	241.677868	0.000000	8.7
395	-0.553825	241.385397	0.006165	12.9
396	-0.016072	241.093869	0.002580	9.5
397	-0.540942	240.803278	0.008049	8.0
398	0.000000	240.513619	0.000000	8.1
399	-0.927396	240.224887	0.005945	10.8
400	0.000000	239.937077	0.000000	9.3
401	-0.742367	239.650186	0.006460	8.8
402	-0.977766	239.364207	0.006539	8.8
403	-0.456659	239.079136	0.005026	10.0
404	-0.950116	238.794969	0.006725	11.8
405	-0.070284	238.511701	0.001977	9.5
406	-0.969137	238.229327	0.006158	9.4
407	-0.350383	237.947843	0.004986	8.0
408	-0.699815	237.667244	0.007061	11.5
409	-0.757194	237.387526	0.005923	8.0
410	-0.000000	237.108684	0.000000	9.6
411	-0.434811	236.830714	0.003504	8.5
412	0.000000	236.553610	0.000000	8.5
413	-0.064718	236.277370	0.001815	14.0
414	0.000000	236.001989	0.000000	8.1
415	-0.202154	235.727461	0.002660	9.8
416	-0.446705	235.453784	0.005964	7.9
417	-0.000115	235.180952	0.000103	12.2
418	-0.056006	234.908962	0.003239	10.7
419	-0.473284	234.637809	0.006656	8.0
420	-0.359911	234.367488	0.003764	8.8
421	-0.570182	234.097997	0.005217	9.2
422	-0.000803	233.829331	0.000726	11.1
423	-0.883599	233.561485	0.008023	8.1
424	-0.054140	233.294456	0.002029	9.8
425	-0.833589	233.028239	0.006084	8.1
426	-0.686023	232.762831	0.006794	10.8
427	-0.117997	232.498228	0.006368	9.7
428	-0.724229	232.234425	0.007999	7.9
429	-0.985059	231.971419	0.007032	8.0
430	-0.064359	231.709205	0.002080	8.0
431	-0.309630	231.447781	0.004178	13.7
432	-0.931282	231.187141	0.005566	10.0
433	-0.205847	230.927283	0.002834	8.2
434	-0.724727	230.668202	0.003931	9.4
435	-0.449928	230.409895	0.006480	12.2
436	-0.003472	230.152358	0.000024	8.1
437	0.000000	229.895587	0.000000	10.5
438	-0.447380	229.639578	0.009078	8.2
439	-0.467745	229.384329	0.005510	9.1
440	0.000000	229.129834	0.000000	12.2
441	-0.713726	228.876091	0.011175	10.0
442	-0.837301	228.623096	0.008228	8.1
443	-0.910062	228.370846	0.007838	7.9
444	0.000000	228.119336	0.000000	11.1
445	-0.486519	227.868563	0.005549	8.1
446	-0.929126	227.618525	0.010343	9.5
447	0.000000	227.369216	0.000000	7.9
448	0.000000	227.120635	0.000000	9.3
449	-0.901125	226.872777	0.005482	14.5
450	-0.626316	226.625638	0.004422	8.0
451	0.000000	226.379217	0.000000	8.9
452	-0.000179	226.133509	0.000143	8.0
453	0.000000	225.888510	0.000000	11.8
454	-0.715190	225.644218	0.006028	8.0
455	-0.105440	225.400630	0.004869	9.2
456	-0.877564	225.157741	0.005831	8.1
457	-0.776570	224.915549	0.005845	8.2
458	-0.227246	224.674051	0.004260	14.2
459	-0.729236	224.433242	0.006714	7.9
460	-0.004591	224.193121	0.000587	10.3
461	-0.365701	223.953684	0.005936	8.0
462	-0.911370	223.714927	0.005933	11.7
463	-0.707265	223.476848	0.007118	10.0
464	-0.958580	223.239444	0.004509	7.9
465	0.000000	223.002710	0.000000	9.1
466	-0.292720	222.766645	0.006348	8.6
467	-0.672130	222.531245	0.008212	12.0
468	-0.414852	222.296508	0.005100	10.3
469	-0.966839	222.062429	0.005238	8.5
470	-0.770013	221.829007	0.005587	8.0
471	-0.806219	221.596238	0.008714	11.2
472	0.000000	221.364119	0.000000	9.5
473	-0.248963	221.132647	0.003075	8.4
474	-0.962566	220.901820	0.006169	8.0
475	-0.955800	220.671634	0.006428	9.2
476	-0.000009	220.442086	0.000004	13.1
477	-0.055642	220.213174	0.002756	10.0
478	-0.465351	219.984895	0.004931	8.1
479	-0.704762	219.757246	0.007137	8.9
480	-0.577403	219.530224	0.003906	12.7
481	-0.480448	219.303826	0.005800	7.9
482	0.000000	219.078050	0.000000	9.7
483	-0.714979	218.852893	0.005205	8.8
484	-0.510897	218.628352	0.006718	8.3
485	-1.055624	218.404424	0.010175	14.3
486	0.000000	218.181106	0.000000	7.9
487	-0.769025	217.958397	0.004759	8.0
488	-0.481823	217.736292	0.005609	7.9
489	-0.569798	217.514790	0.006605	11.5
490	-0.426709	217.293888	0.003093	8.6
491	-0.954102	217.073584	0.006470	10.4
492	-0.730252	216.853873	0.005991	10.3
493	-0.669952	216.634755	0.007044	9.1
494	-0.893994	216.416227	0.007791	10.8
495	-0.903602	216.198285	0.005517	8.1
496	0.000000	215.980927	0.000000	9.7
497	-0.529865	215.764151	0.006711	8.1
498	-0.093121	215.547955	0.004540	11.3
499	-0.433129	215.332335	0.005561	9.6
500	0.000000	215.117289	0.000000	8.0
501	-0.004798	214.902815	0.000403	8.1
502	0.000000	214.688911	0.000000	8.2
503	-0.352717	214.475573	0.003265	13.0
504	-0.487845	214.262800	0.005419	8.6
505	-0.154630	214.050588	0.004290	9.4
506	-0.935670	213.838936	0.006847	9.2
507	-0.573885	213.627842	0.005124	12.6
508	-0.788167	213.417302	0.010240	9.5
509	0.000000	213.207314	0.000000	9.5
510	-0.811669	212.997877	0.005981	8.1
511	-0.738935	212.788987	0.005811	9.4
512	-0.541686	212.580642	0.006190	12.7
513	0.000000	212.372841	0.000000	10.4
514	-0.955819	212.165581	0.005732	8.1
515	-0.482450	211.958859	0.003880	8.0
516	-0.349946	211.752673	0.004939	11.9
517	0.000000	211.547021	0.000000	8.4
518	-0.577063	211.341902	0.003783	9.5
519	0.000000	211.137311	0.000000	8.1
520	0.000000	210.933248	0.000000	9.3
521	0.000000	210.729710	0.000000	12.8
522	-0.027022	210.526695	0.002051	8.0
523	-0.630090	210.324200	0.006601	9.7
524	-0.211930	210.122224	0.002690	8.0
525	-0.115345	209.920765	0.002503	10.9
526	-0.696897	209.719820	0.007417	8.2
527	-0.043427	209.519387	0.000320	9.8
528	-0.016149	209.319463	0.000732	8.6
529	-0.252650	209.120048	0.007684	8.4
530	-0.900484	208.921139	0.005404	13.6
531	-0.363161	208.722733	0.005456	8.0
532	-0.234056	208.524829	0.003504	9.7
533	-0.157512	208.327425	0.003119	8.2
534	-0.836868	208.130518	0.007243	11.5
535	-0.270387	207.934107	0.003130	9.7
536	-0.543670	207.738189	0.004469	8.1
537	0.000000	207.542762	0.000000	9.3
538	0.000000	207.347825	0.000000	8.9
539	-0.580149	207.153376	0.006900	12.3
540	-0.314730	206.959412	0.005998	10.3
541	-0.123031	206.765932	0.004152	8.0
542	0.000000	206.572933	0.000000	8.4
543	-0.044257	206.380414	0.001426	11.5
544	-0.686445	206.188373	0.004314	9.9
545	-0.677928	205.996807	0.007582	8.2
546	0.000000	205.805716	0.000000	8.2
547	-0.641652	205.615096	0.008045	8.7
548	-0.650378	205.424946	0.007091	12.6
549	-0.933756	205.235265	0.006479	10.5
550	-0.899309	205.046050	0.005572	8.1
551	-0.283084	204.857299	0.004258	8.8
552	0.000000	204.669011	0.000000	11.3
553	-0.782674	204.481184	0.005391	7.9
554	-0.007204	204.293816	0.001089	9.5
555	-0.000000	204.106905	0.000000	8.1
556	0.000000	203.920449	0.000000	8.1
557	-0.307191	203.734447	0.002420	13.1
558	-0.829042	203.548896	0.006622	9.2
559	-0.902684	203.363795	0.006815	8.0
560	-0.689288	203.179143	0.006626	8.1
561	0.000000	202.994937	0.000000	10.3
562	-0.724165	202.811176	0.006979	11.1
563	-0.769734	202.627857	0.005537	9.9
564	-0.339827	202.444980	0.004980	8.2
565	-0.884427	202.262543	0.006670	9.2
566	-0.947864	202.080543	0.009661	12.7
567	-0.728538	201.898979	0.007850	8.0
568	-0.000166	201.717849	0.000072	9.8
569	-0.168794	201.537153	0.004004	8.0
570	-0.925196	201.356887	0.007843	10.8
571	-0.038894	201.177050	0.001218	11.5
572	-0.650683	200.997642	0.004834	8.0
573	-0.789615	200.818659	0.006663	8.6
574	-0.699160	200.640100	0.004922	9.0
575	0.000000	200.461965	0.000000	12.6
576	-0.751993	200.284250	0.007267	11.5
577	-0.885710	200.106955	0.009020	8.1
578	-0.666260	199.930078	0.006286	8.8
579	-0.754192	199.753617	0.006920	12.2
580	0.000000	199.577571	0.000000	9.7
581	-0.770094	199.401938	0.005899	8.9
582	-0.600905	199.226717	0.007382	7.9
583	-0.442712	199.051905	0.006337	8.3
584	-0.556891	198.877502	0.007623	12.6
585	-0.755900	198.703506	0.006257	9.4
586	0.000000	198.529916	0.000000	8.1
587	0.000000	198.356729	0.000000	8.2
588	-0.987172	198.183944	0.010094	11.7
589	-0.924161	198.011560	0.008568	8.2
590	-0.623148	197.839576	0.005126	9.9
591	0.000000	197.667989	0.000000	8.0
592	-0.199760	197.496798	0.007533	9.2
593	-0.412840	197.326002	0.005211	15.2
594	-0.731664	197.155600	0.006967	8.2
595	-0.512152	196.985589	0.005576	9.3
596	-0.440145	196.815969	0.005689	8.1
597	-0.423702	196.646738	0.006625	12.2
598	-0.822324	196.477894	0.007148	10.2
599	-0.000055	196.309436	0.000012	8.6
600	-0.351253	196.141363	0.006789	8.2
601	-0.734030	195.973673	0.008721	8.3
602	-0.655233	195.806365	0.005380	13.1
603	-0.002164	195.639437	0.000144	8.9
604	-0.869529	195.472888	0.005813	8.6
605	-0.103584	195.306717	0.002819	9.0
606	0.000000	195.140922	0.000000	11.4
607	-0.468533	194.975501	0.005446	9.6
608	-0.598312	194.810454	0.007188	8.8
609	-0.431973	194.645779	0.003380	8.6
610	-0.840295	194.481475	0.007012	9.5
611	-0.318609	194.317540	0.004427	11.3
612	-0.346913	194.153973	0.006551	9.9
613	-0.315721	193.990773	0.003992	8.1
614	-0.684644	193.827938	0.005903	8.1
615	-0.006427	193.665467	0.000536	12.6
616	0.000000	193.503358	0.000000	7.9
617	-0.719765	193.341611	0.004373	10.4
618	-0.591892	193.180224	0.005886	8.0
619	0.000000	193.019196	0.000000	9.3
620	-0.555558	192.858525	0.005049	14.6
621	-0.729580	192.698210	0.009002	8.0
622	-0.547041	192.538251	0.005892	8.9
623	-0.086038	192.378644	0.002396	8.0
624	-0.739027	192.219391	0.006607	11.7
625	-0.294253	192.060488	0.005026	8.1
626	0.000000	191.901935	0.000000	9.5
627	-0.969982	191.743730	0.007653	8.5
628	-0.003355	191.585873	0.000647	8.6
629	-0.620644	191.428362	0.005531	13.9
630	0.000000	191.271196	0.000000	8.6
631	-0.894470	191.114374	0.008643	10.3
632	-0.653750	190.957893	0.005997	9.1
633	-0.228488	190.801755	0.004316	11.8
634	-0.459930	190.645956	0.005565	10.6
635	-0.054624	190.490495	0.001201	8.5
636	-0.398315	190.335373	0.005270	9.2
637	-0.835219	190.180587	0.007430	10.4
638	-0.236410	190.026136	0.005395	10.7
639	-0.226385	189.872019	0.003690	9.5
640	-0.878099	189.718235	0.004423	8.3
641	0.000000	189.564782	0.000000	7.6
642	-0.685755	189.411661	0.005353	12.2
643	-0.766187	189.258868	0.005015	8.4
644	-0.000113	189.106404	0.000053	9.9
645	-1.006930	188.954267	0.007890	8.6
646	-0.151352	188.802456	0.006257	9.8
647	-0.444213	188.650969	0.003569	14.3
648	-0.083057	188.499807	0.004751	8.0
649	-0.003423	188.348967	0.000546	8.4
650	-0.765803	188.198448	0.009312	8.0
651	-0.614286	188.048250	0.005672	11.5
652	-0.797438	187.898371	0.007923	8.0
653	-0.945469	187.748810	0.007134	10.8
654	-0.331255	187.599566	0.007930	8.1
655	-0.620174	187.450638	0.006841	8.7
656	-0.014893	187.302025	0.001396	13.1
657	-0.354380	187.153725	0.005296	8.1
658	-0.763913	187.005739	0.006361	10.0
659	-0.533619	186.858064	0.005190	8.2
660	0.000000	186.710699	0.000000	11.7
661	-0.361477	186.563645	0.004130	9.8
662	0.000000	186.416898	0.000000	8.1
663	-0.676537	186.270459	0.007432	9.1
664	-0.436059	186.124326	0.005849	8.6
665	-0.828975	185.978499	0.006091	12.1
666	0.000000	185.832976	0.000000	9.6
667	-0.703416	185.687756	0.008526	8.7
668	-0.555571	185.542838	0.006295	8.1
669	0.000000	185.398222	0.000000	10.3
670	-0.762232	185.253906	0.007267	9.6
671	-0.823000	185.109889	0.004311	8.6
672	-0.435520	184.966170	0.004513	8.1
673	-0.013620	184.822748	0.001089	8.2
674	0.000000	184.679623	0.000000	14.1
675	-0.490739	184.536792	0.005117	9.5
676	-0.004874	184.394256	0.000787	8.2
677	-0.849603	184.252013	0.005931	8.7
678	-0.664058	184.110062	0.006590	10.9
679	0.000000	183.968403	0.000000	8.8
680	0.000000	183.827034	0.000000	10.3
681	0.000000	183.685954	0.000000	7.9
682	-0.913264	183.545163	0.008043	8.3
683	-0.801535	183.404658	0.004716	12.7
684	-0.860545	183.264441	0.006374	9.7
685	0.000000	183.124509	0.000000	8.1
686	-0.186051	182.984861	0.004615	8.1
687	-1.010899	182.845497	0.008391	12.4
688	0.000000	182.706416	0.000000	8.1
689	-0.918661	182.567616	0.008194	10.0
690	-0.969386	182.429098	0.005986	8.1
691	-0.000403	182.290859	0.000096	9.7
692	-0.158940	182.152899	0.004436	11.2
693	-0.096109	182.015217	0.002393	8.0
694	-0.978478	181.877813	0.009566	10.2
695	-0.650790	181.740684	0.007584	8.0
696	-0.549134	181.603832	0.005234	11.0
697	-0.890826	181.467253	0.005585	9.9
698	-0.883790	181.330948	0.006272	10.0
699	-0.742194	181.194916	0.005130	8.0
700	-0.007195	181.059155	0.000891	9.3
701	0.000000	180.923666	0.000000	12.4
702	-0.490349	180.788446	0.005840	8.1
703	-0.015859	180.653496	0.000346	9.9
704	-0.254817	180.518814	0.003727	9.1
705	-0.885728	180.384399	0.005114	11.2
706	0.000000	180.250251	0.000000	9.7
707	-0.050546	180.116369	0.001443	8.1
708	0.000000	179.982752	0.000000	8.7
709	-0.912085	179.849398	0.009723	8.7
710	-0.837867	179.716308	0.007098	13.9
711	-0.682671	179.583480	0.003240	9.7
712	0.000000	179.450913	0.000000	8.1
713	-0.391277	179.318607	0.008526	8.0
714	-1.003896	179.186561	0.005701	13.3
715	-0.751991	179.054774	0.009085	8.0
716	-0.344599	178.923245	0.003657	10.0
717	-0.015584	178.791973	0.000248	8.0
718	-0.591375	178.660958	0.006864	9.5
719	0.000000	178.530199	0.000000	13.7
720	-0.929006	178.399694	0.004589	8.7
721	0.000000	178.269444	0.000000	8.8
722	-0.969014	178.139447	0.006868	8.1
723	-0.129807	178.009702	0.004593	11.6
724	-0.564590	177.880209	0.004529	8.6
725	-0.431337	177.750967	0.005894	9.3
726	-0.877072	177.621975	0.006823	8.2
727	-0.480213	177.493232	0.006085	8.8
728	-0.646295	177.364738	0.006776	13.6
729	-0.289626	177.236492	0.003929	8.0
730	-0.778954	177.108492	0.009656	10.0
731	-0.877090	176.980739	0.006626	8.1
732	-0.410682	176.853231	0.005763	11.8
733	-0.636950	176.725968	0.006390	9.4
734	-0.000011	176.598949	0.000008	8.1
735	-0.580635	176.472173	0.006666	9.0
736	0.000000	176.345639	0.000000	8.3
737	-0.883813	176.219348	0.004741	12.9
738	-0.916110	176.093296	0.006313	10.5
739	0.000000	175.967486	0.000000	8.1
740	-0.269384	175.841914	0.004362	7.9
741	-0.742980	175.716581	0.005725	10.9
742	-0.279221	175.591486	0.005017	9.9
743	-0.928793	175.466629	0.007609	8.1
744	-0.562890	175.342008	0.005875	8.0
745	-0.760255	175.217622	0.006317	8.2
746	-0.584049	175.093472	0.005674	14.1
747	-0.213267	174.969556	0.003668	9.9
748	-0.621003	174.845873	0.005308	8.5
749	0.000000	174.722423	0.000000	8.7
750	0.000000	174.599206	0.000000	10.4
751	-0.039015	174.476220	0.003078	8.3
752	-0.924018	174.353464	0.007823	10.4
753	-0.334841	174.230939	0.004675	8.2
754	-0.092473	174.108643	0.002324	8.7
755	-0.040115	173.986576	0.002752	13.2
756	-0.961673	173.864737	0.007124	8.7
757	0.000000	173.743124	0.000000	8.2
758	-0.135852	173.621739	0.004479	8.1
759	-0.724919	173.500579	0.003678	11.9
760	-0.782880	173.379645	0.007479	7.9
761	-0.389118	173.258935	0.005588	9.7
762	-0.033314	173.138449	0.001932	8.1
763	-0.718054	173.018186	0.009496	9.2
764	0.000000	172.898146	0.000000	12.1
765	-0.012537	172.778327	0.000435	8.0
766	-0.013954	172.658730	0.001151	9.7
767	-0.962092	172.539353	0.006007	8.1
768	0.000000	172.420196	0.000000	10.0
769	-0.863699	172.301258	0.007506	10.3
770	-0.051348	172.182539	0.002597	10.1
771	-0.729533	172.064037	0.006133	8.1
772	-0.713818	171.945753	0.006804	8.0
773	-0.015543	171.827686	0.001293	12.4
774	-0.699192	171.709834	0.006061	8.2
775	0.000000	171.592198	0.000000	9.8
776	-0.272116	171.474776	0.003608	8.1
777	-0.588779	171.357568	0.004788	10.5
778	-0.113308	171.240574	0.003051	11.8
779	-0.565719	171.123793	0.006096	8.2
780	-0.322148	171.007223	0.004961	10.0
781	0.000000	170.890865	0.000000	8.1
782	-0.506290	170.774718	0.005371	12.3
783	-0.951839	170.658782	0.007598	10.0
784	0.000000	170.543055	0.000000	8.0
785	-0.546402	170.427537	0.006875	8.1
786	-0.858829	170.312227	0.004669	8.6
787	0.000000	170.197125	0.000000	13.1
788	0.000000	170.082231	0.000000	10.2
789	-0.008728	169.967543	0.000238	8.3
790	-0.052253	169.853061	0.002478	8.9
791	-0.541089	169.738784	0.005411	12.1
792	-0.512485	169.624713	0.004403	9.5
793	-0.030957	169.510845	0.002504	9.3
794	-0.000276	169.397181	0.000084	8.0
795	-0.142592	169.283720	0.004382	8.4
796	-0.537159	169.170462	0.006267	12.7
797	-0.994681	169.057405	0.006029	10.2
798	-0.512922	168.944549	0.006172	8.2
799	-1.003388	168.831895	0.007746	8.4
800	-0.881991	168.719440	0.005099	12.5
801	-0.811949	168.607185	0.004917	8.7
802	-0.394625	168.495129	0.004941	10.0
803	-0.949384	168.383271	0.007604	8.3
804	-0.452856	168.271611	0.004406	9.1
805	0.000000	168.160148	0.000000	12.1
806	-0.000000	168.048882	0.000000	8.0
807	-0.876030	167.937812	0.005152	9.5
808	-0.275053	167.826938	0.004698	8.0
809	-0.010303	167.716258	0.001403	11.1
810	-0.879595	167.605773	0.006380	8.2
811	0.000000	167.495482	0.000000	9.2
812	-0.697978	167.385384	0.006805	8.1
813	-0.328923	167.275479	0.005306	8.2
814	-0.308064	167.165766	0.003919	14.4
815	-0.864130	167.056245	0.006064	8.0
816	-0.755814	166.946915	0.005196	10.4
817	-0.742337	166.837776	0.005467	9.2
818	-0.818927	166.728826	0.006050	11.6
819	-0.119552	166.620067	0.002096	9.9
820	0.000000	166.511496	0.000000	8.1
821	0.000000	166.403113	0.000000	8.5
822	-0.767450	166.294919	0.004321	8.2
823	-0.656616	166.186912	0.005967	11.6
824	-0.888170	166.079091	0.005430	11.1
825	-0.820465	165.971458	0.005640	8.0
826	-0.445676	165.864009	0.003873	8.2
827	-0.541816	165.756747	0.005507	11.5
828	-0.514641	165.649669	0.005541	9.8
829	-0.510513	165.542775	0.005843	8.0
830	0.000000	165.436065	0.000000	8.3
831	-0.608681	165.329538	0.004103	8.9
832	-0.660721	165.223194	0.005807	13.1
833	0.000000	165.117032	0.000000	9.8
834	-0.772517	165.011052	0.005862	8.5
835	0.000000	164.905253	0.000000	8.2
836	-0.950196	164.799635	0.007431	11.4
837	-0.506957	164.694197	0.007434	8.0
838	-0.849025	164.588939	0.006818	9.7
839	-0.873732	164.483859	0.004109	7.9
840	0.000000	164.378959	0.000000	8.3
841	0.000000	164.274237	0.000000	14.4
842	-0.790309	164.169692	0.004534	8.2
843	0.000000	164.065325	0.000000	7.9
844	-0.751473	163.961135	0.004828	8.2
845	-0.577897	163.857120	0.006129	11.7
846	0.000000	163.753282	0.000000	8.6
847	-0.101326	163.649619	0.002792	10.0
848	-0.896261	163.546130	0.005891	8.2
849	0.000000	163.442816	0.000000	10.8
850	-0.748192	163.339676	0.005928	11.5
851	-0.378975	163.236709	0.005047	8.0
852	-0.826284	163.133915	0.004886	9.7
853	-0.075302	163.031294	0.001481	8.2
854	-0.885561	162.928844	0.009371	10.7
855	-0.633917	162.826566	0.004809	10.8
856	-0.541133	162.724459	0.005671	7.9
857	-0.599081	162.622523	0.006273	8.3
858	0.000000	162.520757	0.000000	7.7
859	-1.024847	162.419160	0.006398	13.4
860	0.000000	162.317733	0.000000	8.4
861	0.000000	162.216474	0.000000	8.8
862	-0.358576	162.115383	0.004067	9.0
863	-0.877086	162.014461	0.008084	11.5
864	0.000000	161.913705	0.000000	10.1
865	-0.412544	161.813117	0.004807	8.2
866	-0.461893	161.712695	0.003140	8.8
867	-0.000000	161.612439	0.000000	9.1
868	-0.038045	161.512349	0.001851	12.0
869	-0.577067	161.412424	0.005366	9.6
870	0.000000	161.312663	0.000000	8.1
871	-0.757765	161.213067	0.008165	8.1
872	-0.684352	161.113635	0.005491	12.2
873	-0.534576	161.014366	0.004791	8.1
874	-0.353867	160.915260	0.003551	10.9
875	-0.837976	160.816316	0.007084	8.0
876	-0.093073	160.717535	0.000957	9.9
877	-0.324425	160.618915	0.004845	11.3
878	-0.011941	160.520456	0.000966	9.5
879	-0.107951	160.422158	0.003406	8.9
880	-0.058155	160.324021	0.000988	8.1
881	-0.272883	160.226043	0.004120	11.3
882	-0.158223	160.128225	0.002738	8.4
883	-0.000000	160.030566	0.000000	10.1
884	0.000000	159.933066	0.000000	8.3
885	-0.150737	159.835723	0.003481	8.7
886	-0.840981	159.738539	0.007782	14.4
887	-0.733829	159.641512	0.007703	8.1
888	-0.079160	159.544642	0.002925	8.5
889	-0.602688	159.447929	0.005150	8.2
890	0.000000	159.351372	0.000000	12.2
891	-0.484420	159.254971	0.004616	10.5
892	-0.581379	159.158725	0.005866	8.1
893	-0.810413	159.062634	0.006148	8.9
894	0.000000	158.966697	0.000000	8.7
895	-0.054063	158.870915	0.000974	12.1
896	-0.955949	158.775286	0.007657	10.3
897	0.000000	158.679811	0.000000	7.9
898	-0.954024	158.584489	0.004497	8.1
899	-0.478383	158.489319	0.006261	11.0
900	-0.105528	158.394302	0.005482	9.7
901	-0.447655	158.299436	0.005089	8.2
902	-0.742378	158.204721	0.008116	9.1
903	-0.472068	158.110158	0.006825	9.0
904	-0.985979	158.015745	0.007448	13.6
905	-0.729859	157.921482	0.006515	9.8
906	-0.752607	157.827369	0.007510	8.3
907	-0.849815	157.733406	0.004189	8.2
908	-0.685252	157.639591	0.006272	11.3
909	-0.658039	157.545925	0.005685	7.9
910	0.000000	157.452408	0.000000	10.4
911	-1.038960	157.359038	0.007094	8.0
912	-0.552721	157.265816	0.008428	8.3
913	0.000000	157.172741	0.000000	12.8
914	-0.354831	157.079813	0.002828	9.4
915	0.000000	156.987031	0.000000	8.1
916	-0.796255	156.894395	0.006354	8.0
917	0.000000	156.801904	0.000000	12.8
918	-0.378577	156.709559	0.004624	8.1
919	-0.395405	156.617359	0.003981	9.9
920	-0.985242	156.525304	0.007766	8.3
921	-0.910989	156.433392	0.008378	9.2
922	-0.657218	156.341624	0.004158	11.5
923	-0.548294	156.250000	0.005492	8.1
924	-0.499533	156.158519	0.004894	9.7
925	-0.988818	156.067180	0.006238	8.1
926	-1.031108	155.975984	0.009225	11.0
927	-0.631923	155.884930	0.003815	8.3
928	-0.427203	155.794017	0.003453	9.2
929	-0.759239	155.703246	0.008171	8.0
930	0.000000	155.612615	0.000000	8.9
931	-0.594697	155.522125	0.007447	13.0
932	0.000000	155.431775	0.000000	8.1
933	-0.445094	155.341565	0.005750	10.1
934	-0.952868	155.251495	0.005469	8.3
935	-0.133747	155.161563	0.003161	12.9
936	-0.398943	155.071771	0.003789	9.5
937	-0.047863	154.982117	0.003964	8.1
938	-0.000000	154.892601	0.000000	9.2
939	-0.700546	154.803222	0.004882	8.3
940	-0.989322	154.713981	0.009529	11.7
941	-0.691582	154.624878	0.004973	10.7
942	0.000000	154.535910	0.000000	8.1
943	-0.000273	154.447080	0.000240	8.1
944	-0.952560	154.358385	0.006473	11.0
945	-0.000000	154.269826	0.000001	9.2
946	-0.665924	154.181402	0.008002	8.2
947	0.000000	154.093114	0.000000	8.1
948	-0.057318	154.004960	0.002754	8.4
949	0.000000	153.916940	0.000000	14.4
950	-0.357409	153.829054	0.007329	9.6
951	-0.062596	153.741303	0.003887	8.2
952	-0.556405	153.653684	0.004944	9.4
953	-0.863401	153.566198	0.008396	11.2
954	-0.510019	153.478846	0.005734	8.0
955	-0.506120	153.391625	0.005692	9.7
956	-0.547492	153.304537	0.006199	8.0
957	-0.796111	153.217580	0.004977	8.9
958	-0.660459	153.130755	0.006151	15.7
959	0.000000	153.044061	0.000000	8.1
960	-0.497038	152.957498	0.005238	8.1
961	-0.002131	152.871065	0.000020	8.1
962	0.000000	152.784762	0.000000	12.2
963	-0.806537	152.698589	0.007998	8.1
964	-0.766919	152.612545	0.005542	9.6
965	-0.527710	152.526631	0.007368	9.6
966	-0.906634	152.440845	0.005893	8.8
967	-0.614013	152.355188	0.006703	12.4
968	-0.952348	152.269660	0.006814	8.1
969	-0.783094	152.184259	0.006768	9.5
970	0.000000	152.098986	0.000000	8.2
971	-1.005992	152.013840	0.006146	10.7
972	-0.021673	151.928821	0.002186	9.4
973	-0.457464	151.843928	0.005676	7.9
974	-0.974658	151.759163	0.006424	8.2
975	0.000000	151.674523	0.000000	7.9
976	-0.592084	151.590009	0.006157	12.8
977	-0.545050	151.505620	0.005442	8.2
978	-0.385276	151.421357	0.006269	9.6
979	-0.144701	151.337218	0.002826	9.4
980	-0.621390	151.253204	0.007714	8.7
981	-0.315623	151.169314	0.006373	12.3
982	-0.787558	151.085549	0.008184	8.0
983	-0.895241	151.001907	0.005237	9.8
984	-0.695157	150.918388	0.004844	9.0
985	-1.110132	150.834992	0.009408	11.3
986	-0.497368	150.751719	0.004218	9.8
987	-0.947135	150.668569	0.006371	8.0
988	-0.501860	150.585541	0.005688	8.0
989	0.000000	150.502634	0.000000	9.5
990	0.000000	150.419849	0.000000	11.7
991	-0.430923	150.337186	0.006169	9.8
992	-0.748767	150.254644	0.005028	8.7
993	-0.266565	150.172222	0.003805	9.4
994	-0.471415	150.089921	0.005020	13.3
995	-0.012954	150.007740	0.001186	8.8
996	-0.048197	149.925679	0.001315	9.0
997	-0.850549	149.843737	0.008662	8.0
998	-0.294334	149.761915	0.003559	10.4
999	-0.574879	149.680212	0.006145	15.2
1000	-0.699668	149.598627	0.007062	8.0
1001	-0.553541	149.517161	0.005767	7.9
1002	0.000000	149.435814	0.000000	8.1
1003	0.000000	149.354584	0.000000	12.2
1004	0.000000	149.273472	0.000000	7.7
1005	-0.746609	149.192477	0.005055	10.0
1006	0.000000	149.111599	0.000000	9.9
1007	-0.000898	149.030838	0.000026	9.6
1008	0.000000	148.950194	0.000000	12.2
1009	-0.144270	148.869666	0.002764	8.2
1010	-0.111567	148.789253	0.002888	9.4
1011	-0.826126	148.708957	0.007606	8.2
1012	-0.283501	148.628776	0.004653	11.3
1013	-0.000327	148.548710	0.000426	9.7
1014	-0.277608	148.468759	0.003308	8.0
1015	0.000000	148.388923	0.000000	7.5
1016	-0.631378	148.309201	0.005752	7.9
1017	-0.542226	148.229594	0.004986	13.0
1018	-0.000113	148.150100	0.000016	8.3
1019	0.000000	148.070719	0.000000	9.4
1020	-0.852075	147.991452	0.006416	9.3
1021	-0.000000	147.912298	0.000000	9.0
1022	-0.956234	147.833257	0.007057	12.5
1023	-0.062121	147.754329	0.002487	8.2
1024	0.000000	147.675512	0.000000	9.2
1025	-0.833169	147.596808	0.006420	8.4
1026	0.000000	147.518216	0.000000	11.6
1027	-0.000768	147.439735	0.000186	11.8
1028	-0.700710	147.361365	0.006923	8.2
1029	0.000000	147.283106	0.000000	7.9
1030	0.000000	147.204958	0.000000	8.6
1031	-0.873171	147.126920	0.004969	14.0
1032	-0.483861	147.048993	0.003269	10.1
1033	-0.785106	146.971175	0.006064	7.9
1034	-0.160419	146.893468	0.005912	8.9
1035	-0.623102	146.815869	0.004920	11.0
1036	-0.669859	146.738380	0.006373	8.1
1037	0.000000	146.661000	0.000000	10.3
1038	-0.862565	146.583729	0.005396	8.2
1039	-0.155323	146.506566	0.003760	8.4
1040	-0.019653	146.429511	0.001600	12.8
1041	-0.711482	146.352565	0.008715	9.3
1042	-0.997751	146.275726	0.007158	8.1
1043	-1.001167	146.198994	0.006346	8.0
1044	-0.971311	146.122370	0.006752	11.7
1045	-0.680825	146.045853	0.003899	8.0
1046	-0.418496	145.969442	0.004438	9.4
1047	-0.689214	145.893139	0.005237	8.1
1048	-0.990962	145.816941	0.007562	9.5
1049	-0.815250	145.740849	0.007201	12.7
1050	-0.438703	145.664863	0.004040	8.1
1051	0.000000	145.588983	0.000000	9.5
1052	-0.748575	145.513208	0.006017	8.0
1053	-0.528638	145.437538	0.005436	10.9
1054	-0.001984	145.361973	0.000194	8.4
1055	-0.722667	145.286513	0.005365	9.7
1056	-0.341720	145.211157	0.003668	8.3
1057	-0.369413	145.135905	0.005160	9.0
1058	-0.413975	145.060757	0.005113	13.9
1059	-0.513083	144.985712	0.003561	8.3
1060	0.000000	144.910771	0.000000	9.9
1061	-0.294384	144.835934	0.004751	8.3
1062	-0.688150	144.761199	0.004613	10.7
1063	-0.749435	144.686567	0.005550	9.6
1064	-1.003952	144.612037	0.006140	8.0
1065	0.000000	144.537610	0.000000	8.4
1066	-0.470282	144.463285	0.005285	8.0
1067	-0.031946	144.389062	0.002086	12.8
1068	-0.769893	144.314940	0.006935	10.4
1069	-0.599651	144.240920	0.006165	8.4
1070	-0.133317	144.167001	0.002966	8.2
1071	-0.006455	144.093182	0.000696	11.2
1072	-0.699068	144.019465	0.006347	9.4
1073	-0.937145	143.945848	0.007756	8.2
1074	-0.258139	143.872331	0.005392	8.1
1075	-0.912978	143.798914	0.005479	8.2
1076	-0.968347	143.725597	0.005696	14.0
1077	-0.701592	143.652380	0.005772	9.6
1078	-0.908283	143.579262	0.007060	8.8
1079	-0.710282	143.506243	0.004993	9.6
1080	-0.765507	143.433323	0.004948	11.8
1081	-0.363156	143.360502	0.004720	8.4
1082	-0.815878	143.287780	0.005150	9.5
1083	-0.692705	143.215155	0.007567	7.9
1084	-0.375620	143.142629	0.004876	8.0
1085	-0.737389	143.070201	0.006835	15.4
1086	-0.705312	142.997870	0.006292	8.0
1087	0.000000	142.925637	0.000000	7.6
1088	-0.845811	142.853501	0.005732	7.9
1089	-0.387728	142.781462	0.004464	11.7
1090	-0.960268	142.709519	0.005907	8.3
1091	-0.885660	142.637674	0.005178	9.8
1092	-0.421537	142.565924	0.004656	8.5
1093	-0.018687	142.494271	0.001044	10.6
1094	-0.128445	142.422714	0.003566	11.4
1095	-0.893661	142.351252	0.005718	8.0
1096	0.000000	142.279886	0.000000	9.8
1097	-0.932406	142.208616	0.006663	8.0
1098	0.000000	142.137440	0.000000	10.9
1099	-0.880502	142.066360	0.009402	10.5
1100	-0.093644	141.995374	0.003775	8.0
1101	-0.156507	141.924483	0.003021	8.1
1102	-0.711613	141.853685	0.006214	8.3
1103	-0.592860	141.782983	0.005964	13.4
1104	-0.725330	141.712373	0.004277	8.7
1105	-0.949331	141.641858	0.004635	8.9
1106	0.000000	141.571436	0.000000	8.9
1107	-0.212747	141.501108	0.005174	11.2
1108	-0.441228	141.430872	0.005919	10.3
1109	-0.471509	141.360730	0.005440	8.1
1110	0.000000	141.290680	0.000000	8.9
1111	-0.905488	141.220722	0.007030	10.1
1112	-0.586420	141.150857	0.006224	10.9
1113	0.000000	141.081084	0.000000	9.5
1114	-0.780504	141.011403	0.005976	7.8
1115	-0.372630	140.941813	0.004556	8.3
1116	-0.566237	140.872315	0.003400	10.9
1117	-0.582224	140.802909	0.004867	9.2
1118	-0.320332	140.733593	0.003842	9.5
1119	0.000000	140.664369	0.000000	8.8
1120	-0.508257	140.595235	0.006268	10.5
1121	0.000000	140.526192	0.000000	10.4
1122	-0.366858	140.457239	0.006479	9.7
1123	0.000000	140.388376	0.000000	9.9
1124	-0.568427	140.319603	0.005288	8.6
1125	-0.003359	140.250920	0.000173	12.3
1126	-0.665093	140.182326	0.005823	8.1
1127	0.000000	140.113822	0.000000	9.7
1128	-0.364075	140.045407	0.003157	8.1
1129	-0.753004	139.977081	0.006164	11.1
1130	0.000000	139.908844	0.000000	9.9
1131	0.000000	139.840696	0.000000	8.0
1132	-0.419725	139.772635	0.004650	8.0
1133	-0.063761	139.704664	0.003061	8.1
1134	-0.337729	139.636780	0.004445	13.5
1135	-0.921131	139.568984	0.007532	10.6
1136	0.000000	139.501276	0.000000	8.1
1137	-0.526111	139.433655	0.006350	9.0
1138	-0.924465	139.366122	0.007337	11.5
1139	-1.001559	139.298676	0.009266	9.8
1140	-0.629734	139.231317	0.005720	8.7
1141	-0.824394	139.164045	0.003785	8.6
1142	-0.618977	139.096859	0.004813	9.5
1143	-1.045737	139.029760	0.008647	10.6
1144	0.000000	138.962747	0.000000	9.4
1145	-0.714029	138.895820	0.004720	8.1
1146	0.000000	138.828978	0.000000	7.4
1147	0.000000	138.762223	0.000000	10.2
1148	-0.264393	138.695553	0.003459	9.2
1149	-0.005898	138.628969	0.000583	8.9
1150	-0.952305	138.562469	0.006945	9.2
1151	0.000000	138.496055	0.000000	9.9
1152	-0.707925	138.429725	0.005879	11.1
1153	-0.497142	138.363481	0.004802	10.0
1154	0.000000	138.297320	0.000000	9.6
1155	0.000000	138.231244	0.000000	8.1
1156	-0.063208	138.165252	0.003623	12.4
1157	-0.746213	138.099344	0.004731	8.0
1158	-0.005171	138.033520	0.000351	9.9
1159	-0.391828	137.967779	0.003479	8.1
1160	-0.000775	137.902122	0.000151	10.9
1161	-0.000483	137.836548	0.000042	10.4
1162	0.000000	137.771057	0.000000	8.2
1163	-0.323347	137.705649	0.005441	8.0
1164	-0.897427	137.640324	0.004376	8.0
1165	-0.986018	137.575081	0.006735	12.3
1166	-0.931839	137.509921	0.004828	8.1
1167	-0.038429	137.444842	0.002469	9.8
1168	-0.827990	137.379846	0.007618	8.5
1169	-0.303250	137.314932	0.004057	10.1
1170	-0.768704	137.250100	0.007833	11.1
1171	0.000000	137.185349	0.000000	8.2
1172	-0.633092	137.120680	0.005103	9.9
1173	-0.757484	137.056092	0.006711	8.4
1174	-0.583197	136.991585	0.005122	11.2
1175	-0.000914	136.927158	0.000115	10.0
1176	0.000000	136.862813	0.000000	8.1
1177	-0.001283	136.798548	0.000247	8.0
1178	-1.039934	136.734363	0.008438	8.0
1179	0.000000	136.670259	0.000000	14.0
1180	-1.105785	136.606235	0.006822	10.8
1181	-0.703337	136.542291	0.009228	8.0
1182	-0.455497	136.478426	0.005746	8.8
1183	-0.726536	136.414641	0.005318	11.5
1184	-0.598588	136.350936	0.009401	8.2
1185	-0.514084	136.287310	0.004202	8.2
1186	-0.893109	136.223763	0.005645	9.5
1187	-0.000149	136.160295	0.000136	8.2
1188	-0.361066	136.096905	0.006503	13.3
1189	-0.960391	136.033594	0.006804	11.6
1190	-0.860942	135.970362	0.005264	8.2
1191	-0.701413	135.907208	0.006953	8.2
1192	-0.000023	135.844133	0.000008	12.6
1193	-0.208332	135.781135	0.004500	8.1
1194	-0.014564	135.718215	0.002597	10.1
1195	-0.006639	135.655373	0.000510	8.4
1196	-0.814429	135.592608	0.005765	10.7
1197	-0.005050	135.529921	0.000744	11.5
1198	-0.729087	135.467311	0.008482	8.1
1199	-0.979699	135.404778	0.005549	9.5
1200	-0.533440	135.342322	0.007319	7.9
1201	0.000000	135.279942	0.000000	10.0
1202	-0.004925	135.217640	0.000110	8.5
1203	-0.593690	135.155413	0.010141	9.2
1204	-0.000002	135.093263	0.000000	8.2
1205	-0.311006	135.031190	0.004188	8.1
1206	-0.256512	134.969192	0.006863	14.2
1207	-0.029433	134.907270	0.001125	8.1
1208	-0.697046	134.845424	0.005715	9.5
1209	-0.011440	134.783653	0.000397	8.3
1210	0.000000	134.721958	0.000000	11.1
1211	0.000000	134.660338	0.000000	10.4
1212	-0.190558	134.598793	0.002551	8.0
1213	-0.019552	134.537323	0.001065	8.8
1214	-0.859562	134.475927	0.006400	8.2
1215	-0.657970	134.414607	0.006002	12.9
1216	-0.998873	134.353361	0.009381	10.9
1217	-0.864339	134.292189	0.005179	8.0
1218	-1.063661	134.231092	0.006855	8.3
1219	0.000000	134.170068	0.000000	11.8
1220	-0.001251	134.109119	0.000454	9.4
1221	-0.647295	134.048243	0.006902	8.1
1222	-0.362897	133.987441	0.004487	8.0
1223	0.000000	133.926713	0.000000	10.3
1224	-0.961615	133.866057	0.006940	12.5
1225	-0.640233	133.805475	0.005046	9.9
1226	0.000000	133.744966	0.000000	9.7
1227	-0.949316	133.684530	0.005269	9.0
1228	0.000000	133.624167	0.000000	12.2
1229	-0.911059	133.563877	0.005374	8.1
1230	-0.511742	133.503658	0.006955	10.5
1231	-0.421981	133.443513	0.005800	8.1
1232	0.000000	133.383439	0.000000	9.5
1233	-0.781402	133.323437	0.006354	13.1
1234	-0.573481	133.263508	0.006580	8.0
1235	-0.001225	133.203650	0.000254	8.3
1236	-1.010868	133.143864	0.006747	8.0
1237	-0.867284	133.084149	0.004847	12.3
1238	0.000000	133.024506	0.000000	10.3
1239	-0.818006	132.964934	0.005783	8.1
1240	-0.445286	132.905433	0.004927	9.2
1241	-1.084593	132.846003	0.007125	8.9
1242	0.000000	132.786643	0.000000	11.9
1243	-0.213550	132.727355	0.002533	8.3
1244	-0.750063	132.668137	0.006606	9.3
1245	0.000000	132.608989	0.000000	7.6
1246	-0.494182	132.549912	0.004796	10.8
1247	-0.878224	132.490904	0.005118	9.2
1248	-0.589411	132.431967	0.004634	8.0
1249	0.000000	132.373100	0.000000	8.0
1250	-0.824660	132.314302	0.004999	7.9
1251	-0.722061	132.255574	0.006203	13.2
1252	-0.693021	132.196916	0.006350	10.1
1253	0.000000	132.138326	0.000000	8.8
1254	0.000000	132.079806	0.000000	9.2
1255	-0.001696	132.021355	0.000228	9.1
1256	-0.908336	131.962973	0.009752	11.2
1257	-0.687451	131.904660	0.005398	8.0
1258	0.000000	131.846415	0.000000	9.1
1259	-0.179905	131.788239	0.003453	8.2
1260	-0.593896	131.730131	0.007610	11.1
1261	-0.514880	131.672092	0.006625	9.3
1262	0.000000	131.614121	0.000000	7.6
1263	-0.527405	131.556217	0.005054	8.0
1264	-0.676470	131.498382	0.006274	8.0
1265	-0.507458	131.440614	0.005385	13.4
1266	-0.086022	131.382914	0.001778	9.3
1267	0.000000	131.325282	0.000000	8.8
1268	0.000000	131.267717	0.000000	7.7
1269	-0.754326	131.210219	0.005528	10.0
1270	-0.431127	131.152788	0.006706	10.9
1271	0.000000	131.095424	0.000000	8.1
1272	0.000000	131.038127	0.000000	9.5
1273	-0.786299	130.980897	0.004738	8.5
1274	-0.885293	130.923733	0.006282	11.5
1275	-0.001821	130.866636	0.000495	9.7
1276	-0.800218	130.809605	0.005500	8.0
1277	-0.075670	130.752641	0.002728	8.0
1278	-0.873840	130.695742	0.005406	10.3
1279	-0.448364	130.638910	0.002824	10.3
1280	-1.014660	130.582143	0.007060	8.2
1281	-0.737138	130.525442	0.005100	8.2
1282	0.000000	130.468807	0.000000	7.6
1283	-0.955001	130.412237	0.005776	13.2
1284	-0.062023	130.355733	0.002619	9.5
1285	0.000000	130.299294	0.000000	8.3
1286	-0.574768	130.242920	0.005204	8.8
1287	-0.238249	130.186611	0.002318	8.6
1288	-0.764926	130.130366	0.006998	13.3
1289	-0.017401	130.074187	0.000526	10.0
1290	-0.921465	130.018072	0.005310	8.1
1291	0.000000	129.962022	0.000000	7.9
1292	-0.550159	129.906036	0.005219	10.9
1293	-0.267238	129.850114	0.004959	9.7
1294	-0.160953	129.794257	0.003495	8.3
1295	-0.923756	129.738463	0.006655	8.2
1296	-0.828573	129.682734	0.008943	9.9
1297	-0.912897	129.627068	0.005424	12.8
1298	-0.811074	129.571466	0.005905	9.9
1299	-0.642806	129.515927	0.004680	8.4
1300	-0.261171	129.460452	0.003573	8.9
1301	-0.000000	129.405040	0.000000	12.9
1302	-0.780828	129.349692	0.004993	8.1
1303	-0.421859	129.294406	0.002665	10.4
1304	0.000000	129.239183	0.000000	8.1
1305	-0.074404	129.184024	0.002426	8.5
1306	-0.000000	129.128927	0.000000	13.4
1307	-0.487883	129.073892	0.006295	7.9
1308	-0.839551	129.018921	0.006669	9.8
1309	0.000000	128.964011	0.000000	7.5
1310	-0.912738	128.909164	0.006494	11.8
1311	-0.000779	128.854379	0.000130	10.9
1312	0.000000	128.799656	0.000000	8.0
1313	-0.651342	128.744995	0.005400	8.9
1314	0.000000	128.690396	0.000000	8.8
1315	0.000000	128.635858	0.000000	12.3
1316	-0.696037	128.581382	0.005686	9.3
1317	-0.980762	128.526968	0.005836	8.6
1318	-0.288050	128.472615	0.002794	8.3
1319	-0.454535	128.418323	0.004516	11.6
1320	-0.827162	128.364092	0.005328	10.0
1321	-0.564512	128.309922	0.004513	8.1
1322	-0.874767	128.255814	0.005054	8.2
1323	-0.156943	128.201766	0.003958	8.6
1324	-0.058685	128.147778	0.002453	13.2
1325	-0.023561	128.093852	0.003562	9.7
1326	-0.794381	128.039985	0.004596	8.1
1327	-0.098558	127.986180	0.002300	9.1
1328	-0.908875	127.932434	0.006978	11.1
1329	0.000000	127.878749	0.000000	8.3
1330	0.000000	127.825123	0.000000	10.6
1331	0.000000	127.771558	0.000000	8.0
1332	-0.334696	127.718052	0.004471	9.6
1333	-0.000161	127.664606	0.000287	11.5
1334	-0.472633	127.611220	0.003946	9.1
1335	-0.402223	127.557893	0.003558	8.1
1336	0.000000	127.504625	0.000000	7.9
1337	-0.039162	127.451417	0.001177	11.6
1338	-0.500075	127.398268	0.004935	8.1
1339	0.000000	127.345178	0.000000	9.5
1340	-0.188998	127.292147	0.005913	8.1
1341	-1.038973	127.239175	0.010561	9.3
1342	-0.425647	127.186261	0.006017	12.5
1343	-0.020079	127.133407	0.000770	8.0
1344	-0.612570	127.080610	0.006333	10.2
1345	-0.452635	127.027872	0.004223	7.9
1346	-0.866104	126.975193	0.006827	11.9
1347	0.000000	126.922572	0.000000	8.5
1348	-0.478296	126.870008	0.005564	9.4
1349	-0.717883	126.817503	0.006492	8.1
1350	-0.239999	126.765056	0.004436	8.2
1351	0.000000	126.712667	0.000000	13.9
1352	0.000000	126.660335	0.000000	8.1
1353	-0.056237	126.608061	0.002602	9.8
1354	-0.046062	126.555844	0.002650	9.0
1355	-0.583023	126.503685	0.007106	11.2
1356	-0.663086	126.451583	0.004539	9.8
1357	0.000000	126.399538	0.000000	8.0
1358	0.000000	126.347550	0.000000	9.0
1359	-0.963634	126.295619	0.005507	8.2
1360	-0.021790	126.243745	0.001169	12.5
1361	-0.572411	126.191928	0.005246	10.3
1362	-0.738987	126.140168	0.006247	8.8
1363	-0.492879	126.088464	0.005916	8.1
1364	-0.546876	126.036817	0.005935	11.6
1365	-0.062650	125.985226	0.001690	9.3
1366	-0.579040	125.933691	0.006443	8.2
1367	-0.000000	125.882212	0.000000	8.2
1368	-0.109733	125.830790	0.006027	10.0
1369	-0.143564	125.779423	0.004739	12.4
1370	-0.512842	125.728113	0.006012	10.0
1371	-0.698948	125.676858	0.005715	8.3
1372	-0.567739	125.625659	0.003404	8.3
1373	-0.458626	125.574515	0.003851	10.9
1374	-0.796698	125.523427	0.004922	8.0
1375	-0.802932	125.472394	0.005839	9.4
1376	-0.167819	125.421417	0.005089	8.0
1377	-0.405735	125.370495	0.005505	7.9
1378	0.000000	125.319628	0.000000	12.3
1379	-0.606413	125.268815	0.007086	9.4
1380	0.000000	125.218058	0.000000	8.1
1381	-0.848491	125.167356	0.003931	8.0
1382	-0.881849	125.116708	0.006140	9.8
1383	-0.000000	125.066115	0.000000	12.8
1384	-0.772696	125.015576	0.005513	9.9
1385	0.000000	124.965092	0.000000	8.5
1386	-0.007209	124.914662	0.001248	8.7
1387	-0.570536	124.864287	0.005716	11.3
1388	-1.007347	124.813965	0.007400	8.1
1389	-0.569367	124.763698	0.004800	9.3
1390	-0.324232	124.713485	0.006183	7.9
1391	-0.988345	124.663325	0.005780	8.0
1392	-0.819260	124.613219	0.005024	12.2
1393	0.000000	124.563167	0.000000	9.3
1394	-0.505706	124.513168	0.003175	8.2
1395	0.000000	124.463223	0.000000	8.4
1396	-0.000047	124.413332	0.000016	9.5
1397	0.000000	124.363493	0.000000	11.4
1398	-0.005101	124.313708	0.000256	10.1
1399	-0.986902	124.263976	0.005895	8.2
1400	0.000000	124.214297	0.000000	8.7
1401	-0.720071	124.164671	0.004239	10.9
1402	-0.590940	124.115097	0.006719	8.0
1403	-0.524442	124.065577	0.005316	10.6
1404	0.000000	124.016109	0.000000	7.8
1405	0.000000	123.966693	0.000000	8.7
1406	-0.635024	123.917330	0.006610	12.7
1407	-0.335909	123.868020	0.004262	8.7
1408	-0.413177	123.818762	0.008096	8.0
1409	0.000000	123.769556	0.000000	7.8
1410	0.000000	123.720402	0.000000	11.4
1411	-0.541387	123.671300	0.006486	8.5
1412	-0.431290	123.622250	0.004298	9.6
1413	-0.366295	123.573252	0.003456	8.1
1414	-0.248369	123.524305	0.004141	9.3
1415	-0.617984	123.475411	0.004357	13.2
1416	-0.851878	123.426568	0.006147	8.1
1417	-0.715472	123.377776	0.005042	9.3
1418	0.000000	123.329036	0.000000	8.0
1419	0.000000	123.280347	0.000000	11.7
1420	-0.190227	123.231709	0.004213	8.3
1421	-0.983373	123.183122	0.011316	9.3
1422	-0.770006	123.134587	0.005900	8.0
1423	-0.959160	123.086102	0.006267	9.8
1424	-0.336416	123.037669	0.002480	11.2
1425	-0.818573	122.989286	0.004605	8.5
1426	-0.032229	122.940954	0.001103	10.0
1427	-0.681080	122.892672	0.004147	8.9
1428	-0.540974	122.844441	0.005173	11.3
1429	-0.770652	122.796261	0.011132	9.3
1430	-0.898374	122.748130	0.006465	8.0
1431	-0.897377	122.700050	0.006738	8.8
1432	-0.000000	122.652021	0.000000	8.3
1433	-1.018920	122.604041	0.005731	12.9
1434	-0.906613	122.556111	0.005092	10.4
1435	-0.327413	122.508232	0.006567	7.9
1436	0.000000	122.460402	0.000000	8.2
1437	-0.014066	122.412622	0.000822	11.1
1438	-0.287342	122.364891	0.005452	10.6
1439	-0.480910	122.317210	0.005179	8.1
1440	-0.337536	122.269579	0.004944	8.1
1441	-0.015333	122.221997	0.000586	9.9
1442	-0.614794	122.174465	0.005318	11.2
1443	-0.558263	122.126981	0.005107	12.4
1444	-0.087655	122.079547	0.002626	20.1
1445	0.000000	122.032162	0.000000	17.6
1446	-0.765822	121.984826	0.005600	17.1
1447	-0.482827	121.937539	0.004949	21.5
1448	-0.894084	121.890301	0.006278	15.0
1449	0.000000	121.843112	0.000000	16.1
1450	-0.712221	121.795971	0.004209	15.9
1451	-0.000287	121.748879	0.000057	15.4
1452	-0.835253	121.701835	0.005225	16.4
1453	0.000000	121.654840	0.000000	15.3
1454	-0.524628	121.607893	0.005941	16.3
1455	-0.047267	121.560994	0.002234	14.3
1456	-0.047727	121.514144	0.001711	11.6
1457	-0.633714	121.467342	0.004971	9.9
1458	-0.926775	121.420588	0.005461	9.1
1459	-0.981351	121.373882	0.006404	11.8
1460	-0.952596	121.327223	0.006076	8.3
1461	-1.142811	121.280613	0.007827	10.4
1462	-0.447462	121.234050	0.005959	10.2
1463	-0.814591	121.187535	0.005750	10.5
1464	-0.131917	121.141067	0.004794	11.3
1465	-0.367892	121.094647	0.003537	8.7
1466	0.000000	121.048274	0.000000	8.6
1467	-0.768035	121.001949	0.008235	10.6
1468	-0.033575	120.955671	0.001438	10.6
1469	-0.817992	120.909440	0.006529	9.8
1470	-0.326856	120.863256	0.002982	8.1
1471	-0.958231	120.817119	0.007225	8.1
1472	-0.565771	120.771029	0.006062	13.3
1473	-0.672029	120.724986	0.004424	8.3
1474	-0.290416	120.678990	0.003140	9.9
1475	-0.819578	120.633040	0.006915	8.1
1476	0.000000	120.587137	0.000000	10.5
1477	-1.048505	120.541281	0.012378	14.6
1478	-0.863053	120.495471	0.007536	8.0
1479	-0.506260	120.449707	0.005694	8.8
1480	-0.002740	120.403990	0.001067	8.1
1481	-0.517750	120.358319	0.004931	13.4
1482	-0.884046	120.312694	0.006947	10.5
1483	-0.876342	120.267115	0.005574	8.2
1484	-0.021110	120.221582	0.001183	8.0
1485	-0.660293	120.176096	0.007245	8.3
1486	-0.027328	120.130655	0.000525	12.6
1487	-0.000340	120.085260	0.000027	8.5
1488	-0.120889	120.039910	0.004528	9.7
1489	-1.033167	119.994606	0.004971	8.9
1490	0.000000	119.949348	0.000000	11.9
1491	-0.166690	119.904135	0.006106	10.1
1492	-0.135894	119.858968	0.002967	8.4
1493	-0.821970	119.813846	0.005701	8.7
1494	-0.988932	119.768769	0.006367	9.9
1495	-0.112516	119.723738	0.003686	10.7
1496	-0.893326	119.678752	0.005746	9.7
1497	-0.024619	119.633810	0.002899	8.6
1498	-0.039504	119.588914	0.001433	8.1
1499	-0.671032	119.544062	0.005813	12.7
1500	-0.072698	119.499256	0.003011	8.9
1501	-0.925537	119.454494	0.007884	9.9
1502	-0.087209	119.409777	0.006232	8.5
1503	-1.040194	119.365104	0.006451	12.1
1504	-0.048752	119.320476	0.002419	11.6
1505	-0.837744	119.275893	0.005965	8.0
1506	-0.274553	119.231353	0.005359	9.1
1507	-0.969849	119.186859	0.006606	8.9
1508	0.000000	119.142408	0.000000	12.9
1509	-0.153006	119.098002	0.003366	10.6
1510	0.000000	119.053639	0.000000	9.1
1511	-0.480354	119.009321	0.005595	9.6
1512	-0.006594	118.965047	0.000209	14.3
1513	-0.000067	118.920816	0.000036	8.2
1514	-0.571328	118.876630	0.004951	10.1
1515	0.000000	118.832487	0.000000	9.4
1516	0.000000	118.788388	0.000000	9.8
1517	-0.639562	118.744332	0.006572	11.9
1518	-0.002746	118.700320	0.000992	8.2
1519	-1.056717	118.656352	0.007947	10.2
1520	-0.762471	118.612427	0.007161	8.1
1521	-0.410760	118.568545	0.005367	12.8
1522	-0.137343	118.524706	0.003284	9.8
1523	-0.597017	118.480911	0.005169	8.1
1524	-0.253107	118.437159	0.004856	8.1
1525	-0.522756	118.393450	0.008030	8.5
1526	0.000000	118.349784	0.000000	13.5
1527	-0.745261	118.306160	0.005578	10.7
1528	-0.576471	118.262580	0.005725	8.0
1529	-0.027533	118.219042	0.000855	9.3
1530	-0.000000	118.175548	0.000000	11.7
1531	0.000000	118.132095	0.000000	8.3
1532	-0.604621	118.088686	0.004920	8.2
1533	0.000000	118.045319	0.000000	9.6
1534	-0.822505	118.001994	0.006867	8.2
1535	-0.899522	117.958712	0.006894	12.5
1536	-0.752379	117.915472	0.005597	9.5
1537	-1.068233	117.872274	0.009884	8.1
1538	0.000000	117.829118	0.000000	8.3
1539	-0.185700	117.786005	0.002781	11.8
1540	-0.891762	117.742933	0.004895	8.5
1541	-0.541182	117.699904	0.004093	10.4
1542	-0.859759	117.656916	0.005821	8.1
1543	-0.357183	117.613971	0.005497	9.8
1544	-0.307945	117.571067	0.002714	14.4
1545	-0.856099	117.528205	0.005856	9.0
1546	0.000000	117.485384	0.000000	9.4
1547	-0.019599	117.442605	0.003125	8.4
1548	-0.649151	117.399867	0.004883	13.2
1549	-0.516012	117.357171	0.007146	9.9
1550	-0.233022	117.314517	0.003663	8.0
1551	0.000000	117.271903	0.000000	8.1
1552	-0.000003	117.229331	0.000003	10.9
1553	0.000000	117.186800	0.000000	9.6
1554	-0.993732	117.144311	0.005963	8.3
1555	-0.933149	117.101862	0.006016	8.6
1556	-0.523640	117.059454	0.005406	10.6
1557	-0.522828	117.017087	0.005207	10.6
1558	-0.998539	116.974762	0.005810	10.1
1559	0.000000	116.932476	0.000000	8.2
1560	0.000000	116.890232	0.000000	8.3
1561	-0.998197	116.848028	0.006864	11.3
1562	0.000000	116.805865	0.000000	8.7
1563	-0.645805	116.763743	0.006368	10.1
1564	-0.425279	116.721661	0.007863	8.1
1565	-0.573655	116.679619	0.005592	9.9
1566	-0.169943	116.637618	0.002495	14.5
1567	-0.905819	116.595657	0.005783	8.0
1568	-0.709627	116.553736	0.004416	8.2
1569	-0.795021	116.511855	0.006501	8.0
1570	-0.426689	116.470015	0.003744	13.0
1571	0.000000	116.428214	0.000000	8.8
1572	-0.428672	116.386454	0.005199	9.0
1573	-0.001201	116.344733	0.000229	9.6
1574	-0.885811	116.303052	0.004760	8.6
1575	0.000000	116.261412	0.000000	10.8
1576	-0.812512	116.219810	0.006032	8.1
1577	-0.260485	116.178249	0.004095	9.7
1578	0.000000	116.136727	0.000000	7.7
1579	-0.000000	116.095245	0.000000	11.0
1580	-0.990748	116.053802	0.006706	10.3
1581	-0.295745	116.012398	0.004802	8.0
1582	0.000000	115.971034	0.000000	7.8
1583	-0.453298	115.929710	0.004785	8.2
1584	-0.923287	115.888424	0.004844	13.3
1585	-0.083481	115.847178	0.001959	9.1
1586	-0.727440	115.805970	0.005841	8.7
1587	-0.096835	115.764802	0.002567	8.9
1588	-0.639786	115.723673	0.005450	11.4
1589	-0.960872	115.682583	0.003902	10.1
1590	0.000000	115.641532	0.000000	7.9
1591	-0.984154	115.600519	0.007985	9.6
1592	-0.024343	115.559546	0.001096	9.7
1593	-0.704233	115.518610	0.004078	11.1
1594	-0.810103	115.477714	0.006714	9.2
1595	-0.447827	115.436856	0.004248	8.0
1596	-1.012980	115.396037	0.005097	8.0
1597	-0.019385	115.355256	0.000893	11.0
1598	0.000000	115.314514	0.000000	9.1
1599	-0.248675	115.273810	0.004315	10.3
1600	0.000000	115.233144	0.000000	8.6
1601	-0.856790	115.192517	0.005378	9.8
1602	-0.000739	115.151927	0.000596	10.7
1603	-0.000000	115.111376	0.000000	9.4
1604	-0.187445	115.070863	0.003333	8.4
1605	0.000000	115.030388	0.000000	8.6
1606	-0.488667	114.989951	0.005655	11.7
1607	-0.724797	114.949551	0.005676	8.0
1608	-0.838334	114.909190	0.005188	10.0
1609	-0.607697	114.868866	0.005312	8.2
1610	-0.927470	114.828580	0.007213	8.2
1611	-0.563286	114.788332	0.006174	14.7
1612	-0.913883	114.748121	0.004774	8.0
1613	0.000000	114.707948	0.000000	9.2
1614	-0.836110	114.667812	0.005897	8.0
1615	-1.079551	114.627714	0.007783	11.7
1616	-0.459520	114.587653	0.005390	11.7
1617	-0.322468	114.547629	0.004628	8.0
1618	-0.816035	114.507643	0.006833	8.9
1619	-0.688329	114.467693	0.004781	9.2
1620	-0.978255	114.427781	0.005390	10.8
1621	-0.290426	114.387907	0.003417	8.2
1622	-0.831286	114.348069	0.005195	10.1
1623	-0.978332	114.308268	0.006545	9.1
1624	-0.543529	114.268504	0.006176	12.2
1625	-0.741940	114.228777	0.005065	9.7
1626	-0.690110	114.189086	0.007548	8.1
1627	-0.868540	114.149433	0.005602	8.3
1628	-0.675056	114.109816	0.006404	8.6
1629	-0.077458	114.070235	0.003013	13.8
1630	-0.326485	114.030692	0.004571	9.8
1631	-0.507648	113.991185	0.004710	8.2
1632	-0.792079	113.951714	0.005527	9.0
1633	-0.203158	113.912280	0.002675	11.0
1634	-0.809387	113.872882	0.006003	8.0
1635	-0.000007	113.833521	0.000004	10.2
1636	-0.759788	113.794195	0.005603	8.1
1637	-1.001196	113.754906	0.006131	8.3
1638	-0.506869	113.715653	0.006240	14.7
1639	0.000000	113.676437	0.000000	8.4
1640	-0.007785	113.637256	0.000059	8.1
1641	-0.799457	113.598111	0.005645	8.0
1642	-0.736066	113.559002	0.004539	11.6
1643	-0.614505	113.519929	0.008164	8.3
1644	0.000000	113.480892	0.000000	10.1
1645	-0.922424	113.441891	0.005222	8.2
1646	-0.746926	113.402925	0.004084	9.3
1647	-0.002401	113.363995	0.000211	11.3
1648	-0.000190	113.325101	0.000082	8.0
1649	-0.126287	113.286242	0.004401	9.6
1650	0.000000	113.247419	0.000000	7.5
1651	-0.001108	113.208631	0.000066	10.0
1652	-0.335571	113.169879	0.004140	9.8
1653	0.000000	113.131162	0.000000	9.0
1654	-0.003067	113.092480	0.000376	8.1
1655	-0.607398	113.053833	0.005013	8.2
1656	-0.585736	113.015222	0.006594	12.3
1657	-0.004781	112.976646	0.000488	8.1
1658	-0.672287	112.938105	0.004661	9.8
1659	-0.002753	112.899599	0.001795	8.0
1660	-0.497400	112.861128	0.004230	9.7
1661	-0.994194	112.822692	0.006634	12.6
1662	-0.766873	112.784291	0.006655	7.9
1663	-0.001773	112.745924	0.000291	9.7
1664	-0.884719	112.707593	0.005801	8.8
1665	-0.397480	112.669296	0.002843	10.9
1666	-0.721463	112.631034	0.008020	8.2
1667	-0.995442	112.592806	0.006756	9.1
1668	0.000000	112.554613	0.000000	8.2
1669	-0.000038	112.516455	0.000017	8.2
1670	-0.266575	112.478331	0.002045	12.2
1671	-0.999684	112.440241	0.005572	8.0
1672	-0.498413	112.402186	0.005287	9.8
1673	-0.085951	112.364165	0.002436	8.0
1674	-0.561289	112.326179	0.004818	9.3
1675	-0.582162	112.288227	0.003209	12.7
1676	-0.498515	112.250309	0.005485	8.1
1677	-0.484323	112.212425	0.007291	9.6
1678	-0.472893	112.174575	0.005824	7.8
1679	-0.171723	112.136759	0.004918	10.8
1680	0.000000	112.098977	0.000000	8.0
1681	-0.834489	112.061229	0.004245	9.9
1682	0.000000	112.023515	0.000000	8.1
1683	-1.029074	111.985834	0.006157	8.6
1684	-0.873814	111.948188	0.007096	13.6
1685	-0.024962	111.910575	0.001439	8.1
1686	-0.684474	111.872996	0.005476	9.7
1687	-0.824711	111.835450	0.005212	8.1
1688	-0.336225	111.797939	0.002648	12.1
1689	-0.863872	111.760460	0.005254	10.1
1690	-0.689298	111.723015	0.005619	8.1
1691	-0.172381	111.685604	0.001577	8.7
1692	-0.901422	111.648226	0.005167	8.4
1693	-0.252009	111.610881	0.003934	12.5
1694	-0.511899	111.573570	0.005613	8.4
1695	-0.916316	111.536292	0.007516	8.8
1696	-0.800010	111.499047	0.005408	8.0
1697	0.000000	111.461835	0.000000	10.8
1698	0.000000	111.424656	0.000000	9.7
1699	-0.008675	111.387510	0.000734	8.0
1700	-0.670261	111.350398	0.007171	8.2
1701	-0.182730	111.313318	0.003010	8.0
1702	-0.009582	111.276271	0.000558	12.9
1703	-0.825682	111.239257	0.004193	10.3
1704	-0.711786	111.202276	0.006286	8.0
1705	-0.661978	111.165328	0.003706	8.8
1706	-0.701498	111.128412	0.005496	8.6
1707	-0.886822	111.091529	0.004922	12.3
1708	-0.000001	111.054679	0.000001	10.5
1709	-0.901488	111.017861	0.005175	8.3
1710	-0.693360	110.981076	0.006267	8.0
1711	-0.959525	110.944323	0.003865	11.3
1712	-0.888387	110.907603	0.004707	9.9
1713	-0.407549	110.870915	0.004886	8.2
1714	0.000000	110.834259	0.000000	8.3
1715	-0.326085	110.797636	0.004046	8.4
1716	-0.846365	110.761045	0.005705	13.6
1717	0.000000	110.724486	0.000000	10.3
1718	-0.963427	110.687959	0.006157	8.2
1719	-0.630058	110.651465	0.006242	9.0
1720	0.000000	110.615002	0.000000	11.6
1721	-0.510738	110.578572	0.002825	8.0
1722	-0.667568	110.542173	0.003611	9.9
1723	-0.357982	110.505807	0.004945	9.2
1724	-0.992611	110.469472	0.006527	10.3
1725	0.000000	110.433169	0.000000	12.7
1726	-0.743791	110.396898	0.006742	8.0
1727	-0.987782	110.360659	0.004811	8.1
1728	-0.330033	110.324451	0.004936	8.0
1729	-0.764016	110.288276	0.005298	13.3
1730	-0.920828	110.252131	0.004431	8.7
1731	-0.031092	110.216019	0.001579	9.7
1732	-0.875144	110.179937	0.007226	8.8
1733	-0.708871	110.143888	0.004850	9.0
1734	0.000000	110.107869	0.000000	11.0
1735	0.000000	110.071882	0.000000	8.4
1736	-0.408105	110.035927	0.005680	9.8
1737	-0.839026	110.000003	0.005352	8.1
1738	0.000000	109.964110	0.000000	10.5
1739	-0.496724	109.928248	0.005517	10.6
1740	0.000000	109.892417	0.000000	8.0
1741	0.000000	109.856618	0.000000	8.2
1742	-0.561588	109.820850	0.006421	8.3
1743	-0.171727	109.785112	0.004289	13.0
1744	-0.017482	109.749406	0.003228	10.9
1745	-0.068069	109.713730	0.003723	8.0
1746	-0.001283	109.678086	0.000973	8.7
1747	-0.229277	109.642472	0.004317	11.5
1748	-0.052444	109.606890	0.001554	8.3
1749	-0.089331	109.571337	0.002395	8.1
1750	-0.324706	109.535816	0.006183	9.4
1751	-0.475930	109.500326	0.004768	8.5
1752	-0.403371	109.464866	0.005925	12.6
1753	-0.936992	109.429436	0.006415	9.5
1754	-0.669621	109.394038	0.005461	8.0
1755	0.000000	109.358669	0.000000	8.1
1756	-0.000000	109.323331	0.000000	12.0
1757	-0.000000	109.288024	0.000000	8.4
1758	-0.178351	109.252747	0.003136	10.3
1759	-0.774193	109.217501	0.006697	8.1
1760	-0.062917	109.182284	0.000459	9.5
1761	-0.023851	109.147098	0.002038	14.1
1762	-0.329171	109.111942	0.004463	8.6
1763	-0.001116	109.076817	0.000023	9.0
1764	-0.605948	109.041721	0.004892	8.0
1765	-0.160983	109.006656	0.005117	11.8
1766	-0.650995	108.971620	0.004333	8.0
1767	-0.544878	108.936615	0.005840	9.4
1768	-0.336277	108.901640	0.005160	8.2
1769	-0.193780	108.866694	0.003219	8.5
1770	-0.027894	108.831779	0.002891	13.6
1771	-0.766329	108.796893	0.004581	8.0
1772	-0.242436	108.762037	0.003793	10.9
1773	-0.483963	108.727211	0.005082	8.2
1774	-0.359589	108.692415	0.002956	11.3
1775	-0.541422	108.657648	0.004863	9.5
1776	-0.836052	108.622911	0.003752	8.0
1777	0.000000	108.588203	0.000000	9.1
1778	-0.662391	108.553525	0.005898	8.2
1779	-0.866831	108.518877	0.005449	12.8
1780	-0.097533	108.484258	0.002532	10.6
1781	-0.033258	108.449668	0.000807	8.1
1782	-0.788020	108.415108	0.006842	8.0
1783	-0.007147	108.380578	0.000630	10.9
1784	0.000000	108.346076	0.000000	9.7
1785	0.000000	108.311604	0.000000	8.2
1786	-0.084570	108.277161	0.002960	8.2
1787	0.000000	108.242747	0.000000	8.8
1788	-0.902223	108.208363	0.005047	13.1
1789	-0.923249	108.174007	0.006313	9.8
1790	-0.009684	108.139681	0.000117	8.1
1791	0.000000	108.105383	0.000000	8.8
1792	-0.933327	108.071115	0.005179	11.3
1793	-0.823515	108.036875	0.005739	8.0
1794	-0.117951	108.002665	0.004240	10.6
1795	-0.866484	107.968483	0.005406	8.0
1796	-0.900983	107.934330	0.009650	9.7
1797	-0.640961	107.900206	0.004591	14.7
1798	0.000000	107.866111	0.000000	8.4
1799	-0.700556	107.832044	0.006393	8.1
1800	-0.693818	107.798007	0.006329	8.4
1801	-0.915470	107.763997	0.004276	13.1
1802	-0.971197	107.730017	0.008593	9.0
1803	0.000000	107.696065	0.000000	8.9
1804	-0.983043	107.662141	0.005795	9.0
1805	-0.681169	107.628246	0.005630	8.7
1806	-0.800072	107.594379	0.005246	12.3
1807	-0.760543	107.560541	0.006115	8.1
1808	-1.122700	107.526731	0.007393	9.6
1809	0.000000	107.492949	0.000000	8.2
1810	-0.001929	107.459196	0.000380	11.0
1811	-0.982369	107.425471	0.006304	9.5
1812	-0.535659	107.391774	0.005402	8.0
1813	-0.423939	107.358106	0.003183	7.9
1814	-0.953546	107.324465	0.008501	8.1
1815	-0.539470	107.290853	0.005382	13.8
1816	-0.209284	107.257268	0.003809	10.3
1817	-0.448625	107.223712	0.006457	8.9
1818	-0.598182	107.190184	0.006282	9.0
1819	-0.717374	107.156683	0.005456	9.1
1820	-0.059807	107.123211	0.002426	12.1
1821	0.000000	107.089766	0.000000	10.6
1822	-0.764072	107.056349	0.004518	8.0
1823	0.000000	107.022960	0.000000	8.3
1824	0.000000	106.989599	0.000000	11.4
1825	-0.376374	106.956265	0.004265	10.1
1826	-0.854726	106.922960	0.004388	8.9
1827	-0.422026	106.889681	0.004603	8.0
1828	-0.927248	106.856431	0.007310	10.5
1829	-0.607704	106.823208	0.003161	10.8
1830	-0.847973	106.790012	0.005025	9.9
1831	-0.819680	106.756844	0.005932	8.2
1832	-0.413615	106.723703	0.004305	8.6
1833	-0.845820	106.690590	0.005757	11.3
1834	-0.169449	106.657505	0.006272	8.5
1835	-0.205211	106.624446	0.004242	9.4
1836	-0.685070	106.591415	0.007442	8.0
1837	-0.573836	106.558411	0.003711	8.3
1838	-0.625987	106.525435	0.004820	13.3
1839	-0.462015	106.492485	0.007103	8.8
1840	-0.544593	106.459563	0.004983	8.0
1841	-0.882128	106.426668	0.005196	8.1
1842	-0.871042	106.393800	0.007422	11.7
1843	-0.472712	106.360959	0.003638	8.4
1844	-0.912110	106.328145	0.005289	9.8
1845	-0.571485	106.295358	0.005428	8.1
1846	-1.044208	106.262598	0.007027	9.5
1847	-0.507579	106.229865	0.005540	11.5
1848	0.000000	106.197158	0.000000	8.0
1849	-0.988301	106.164479	0.006516	9.2
1850	-0.030280	106.131826	0.001367	7.9
1851	0.000000	106.099201	0.000000	9.5
1852	-0.000001	106.066602	0.000001	10.4
1853	0.000000	106.034029	0.000000	9.4
1854	-1.007933	106.001483	0.006082	8.4
1855	-0.529773	105.968964	0.008554	9.1
1856	-0.796445	105.936472	0.006297	13.9
1857	0.000000	105.904006	0.000000	8.4
1858	0.000000	105.871566	0.000000	9.6
1859	-0.460764	105.839153	0.006382	8.4
1860	0.000000	105.806767	0.000000	11.9
1861	-0.434388	105.774407	0.004549	9.6
1862	-0.034094	105.742073	0.001331	8.1
1863	0.000000	105.709766	0.000000	9.1
1864	-0.304284	105.677485	0.004261	8.3
1865	-0.935088	105.645230	0.005115	12.4
1866	-0.821975	105.613001	0.005038	9.3
1867	-0.877578	105.580799	0.005445	8.1
1868	-0.693676	105.548623	0.005236	8.0
1869	-0.817773	105.516473	0.006043	10.1
1870	-0.612332	105.484349	0.005866	10.9
1871	-0.575307	105.452251	0.005215	8.2
1872	-0.928743	105.420179	0.005908	8.1
1873	-1.016414	105.388133	0.004161	8.1
1874	0.000000	105.356113	0.000000	12.7
1875	-0.044890	105.324119	0.001056	9.8
1876	-1.013957	105.292151	0.009508	7.9
1877	-0.610632	105.260209	0.005696	8.2
1878	-0.438380	105.228293	0.005485	8.6
1879	0.000000	105.196402	0.000000	12.4
1880	-0.839024	105.164537	0.004531	10.2
1881	-0.160008	105.132698	0.003201	7.9
1882	-0.669202	105.100885	0.006043	8.0
1883	-0.938177	105.069097	0.004646	10.8
1884	-0.005857	105.037335	0.000615	9.5
1885	-0.687844	105.005598	0.005985	7.9
1886	-0.770982	104.973887	0.005734	8.0
1887	-0.176785	104.942202	0.005184	8.1
1888	-0.002304	104.910542	0.000031	13.2
1889	-0.256763	104.878907	0.003756	9.5
1890	-0.290859	104.847298	0.004704	7.9
1891	-0.004702	104.815715	0.002753	8.7
1892	-0.965824	104.784156	0.006891	8.3
1893	-0.508950	104.752623	0.004962	12.7
1894	-0.668265	104.721116	0.007023	9.0
1895	0.000000	104.689633	0.000000	8.9
1896	-0.995156	104.658176	0.007686	8.1
1897	-0.708580	104.626744	0.006509	10.9
1898	-0.140912	104.595337	0.001793	9.6
1899	-0.912782	104.563955	0.004798	8.0
1900	-0.357125	104.532599	0.009036	8.1
1901	0.000000	104.501267	0.000000	8.3
1902	-0.593831	104.469960	0.007953	14.0
1903	-0.534508	104.438679	0.003687	9.8
1904	-0.811450	104.407422	0.005142	8.0
1905	-0.767945	104.376191	0.004797	8.9
1906	-0.130673	104.344984	0.004419	11.2
1907	-1.045717	104.313802	0.005737	8.1
1908	-0.559410	104.282645	0.003902	10.3
1909	-0.969709	104.251513	0.007129	8.2
1910	0.000000	104.220405	0.000000	8.3
1911	-0.000014	104.189323	0.000033	12.9
1912	-0.647519	104.158265	0.005479	9.7
1913	-0.000000	104.127231	0.000000	9.2
1914	-0.040550	104.096222	0.003952	8.0
1915	-0.769864	104.065238	0.003600	11.6
1916	-0.201921	104.034279	0.004610	8.2
1917	-0.012724	104.003344	0.001021	9.9
1918	0.000000	103.972433	0.000000	8.2
1919	-0.934646	103.941547	0.005899	9.6
1920	-0.745221	103.910686	0.007023	12.8
1921	-0.289934	103.879849	0.004442	8.6
1922	-0.137795	103.849036	0.007911	9.5
1923	-0.552074	103.818248	0.005791	8.0
1924	-0.481039	103.787484	0.003485	11.7
1925	0.000000	103.756744	0.000000	10.5
1926	-0.073239	103.726029	0.003038	7.9
1927	-0.940183	103.695338	0.006612	8.1
1928	0.000000	103.664671	0.000000	7.8
1929	-0.242659	103.634028	0.003849	12.9
1930	0.000000	103.603409	0.000000	8.4
1931	-0.825368	103.572814	0.007704	9.7
1932	-0.700395	103.542244	0.005247	9.4
1933	-0.547230	103.511698	0.003405	11.5
1934	-0.906827	103.481175	0.005581	9.8
1935	-1.027861	103.450677	0.005534	8.0
1936	-0.401104	103.420202	0.003230	9.1
1937	0.000000	103.389752	0.000000	8.7
1938	0.000000	103.359325	0.000000	12.7
1939	-0.645271	103.328922	0.006717	9.6
1940	-0.000000	103.298543	0.000000	8.0
1941	-0.884336	103.268188	0.007778	8.0
1942	-0.735323	103.237857	0.006758	11.2
1943	-0.705837	103.207549	0.007537	8.9
1944	0.000000	103.177265	0.000000	10.9
1945	-0.628559	103.147005	0.005029	8.1
1946	0.000000	103.116768	0.000000	9.9
1947	0.000000	103.086556	0.000000	11.1
1948	-0.097539	103.056366	0.006233	9.6
1949	-0.494587	103.026200	0.004314	8.9
1950	-0.654429	102.996058	0.004454	8.0
1951	-0.795519	102.965939	0.007603	12.4
1952	-0.777984	102.935844	0.004907	8.0
1953	-0.963196	102.905772	0.005575	9.7
1954	-0.666079	102.875724	0.004714	8.1
1955	-1.077956	102.845699	0.008154	9.8
1956	-0.000142	102.815697	0.000069	11.4
1957	-0.703540	102.785719	0.005612	7.9
1958	0.000000	102.755764	0.000000	8.1
1959	-0.314717	102.725832	0.004060	7.9
1960	-0.871157	102.695924	0.008554	12.3
1961	0.000000	102.666038	0.000000	7.8
1962	-0.762263	102.636176	0.005739	9.6
1963	-0.960828	102.606337	0.004841	8.2
1964	-0.793963	102.576521	0.005124	9.3
1965	0.000000	102.546728	0.000000	12.7
1966	-0.853368	102.516959	0.004283	8.0
1967	-0.077874	102.487212	0.003062	9.8
1968	0.000000	102.457488	0.000000	8.2
1969	0.000000	102.427788	0.000000	10.7
1970	-0.000000	102.398110	0.000000	10.7
1971	-0.634776	102.368455	0.005272	8.0
1972	-0.774838	102.338823	0.007924	8.1
1973	-0.507856	102.309214	0.005842	8.4
1974	-0.765406	102.279628	0.006588	13.7
1975	-0.181793	102.250064	0.002664	10.6
1976	-0.640960	102.220524	0.006502	8.2
1977	-0.229664	102.191006	0.003437	8.8
1978	-0.523238	102.161511	0.004838	11.9
1979	-0.111526	102.132038	0.002752	9.6
1980	-0.920086	102.102588	0.008684	8.2
1981	-0.937860	102.073161	0.007151	8.0
1982	-1.006746	102.043757	0.006111	10.4
1983	-0.777813	102.014375	0.003533	11.6
1984	0.000000	101.985015	0.000000	9.8
1985	0.000000	101.955678	0.000000	8.2
1986	-0.048581	101.926364	0.002076	9.2
1987	0.000000	101.897072	0.000000	14.2
1988	-0.633937	101.867802	0.004158	8.9
1989	-0.167386	101.838555	0.003925	9.7
1990	-0.274523	101.809330	0.005311	9.6
1991	-0.623968	101.780128	0.004820	9.3
1992	-0.775296	101.750948	0.006042	10.7
1993	-0.977498	101.721790	0.005396	8.1
1994	-0.891118	101.692654	0.005467	9.8
1995	-0.128032	101.663541	0.003526	8.2
1996	-0.045154	101.634450	0.002720	12.2
1997	-0.341519	101.605381	0.003767	9.8
1998	-0.049977	101.576335	0.001514	8.0
1999	-0.247379	101.547310	0.002688	7.9
