1:ItNr	2:Metric	3:StepSize	4:||Gradient||	Time[ms]
0	-0.736949	627.201626	0.021539	1051.6
1	-0.994990	623.504937	0.020660	7.5
2	-1.023124	619.865785	0.027786	7.6
3	-0.816955	616.282728	0.030275	8.6
4	-0.000000	612.754375	0.000000	11.7
5	-0.355183	609.279381	0.008583	7.7
6	-0.673671	605.856447	0.009495	7.7
7	-0.000000	602.484317	0.000000	7.9
8	-0.000000	599.161779	0.000000	8.4
9	-0.570431	595.887656	0.027108	11.9
10	-0.000000	592.660813	0.000000	7.7
11	-0.551838	589.480151	0.017318	7.8
12	-0.778240	586.344606	0.014035	9.0
13	-0.237858	583.253145	0.002376	7.7
14	-0.000000	580.204771	0.000000	13.8
15	-0.726384	577.198517	0.014998	8.3
16	-0.718227	574.233444	0.026076	7.6
17	-0.866813	571.308645	0.034421	10.4
18	-0.865054	568.423237	0.033550	8.0
19	-0.489316	565.576365	0.026748	13.3
20	-0.000000	562.767201	0.000000	12.1
21	-0.821940	559.994938	0.015617	12.1
22	-0.562929	557.258797	0.012051	14.4
23	-0.039046	554.558018	0.000746	12.4
24	-1.109441	551.891865	0.015401	10.9
25	-0.979434	549.259621	0.019787	10.5
26	-0.539045	546.660592	0.031196	15.2
27	-0.723228	544.094102	0.012361	10.9
28	-0.549828	541.559494	0.008543	10.3
29	-0.340131	539.056129	0.009784	11.5
30	-0.000000	536.583387	0.000000	15.2
31	-0.608149	534.140663	0.013440	11.0
32	-0.000000	531.727370	0.000000	10.6
33	-0.112590	529.342935	0.004558	11.2
34	-1.023850	526.986802	0.012259	12.7
35	-0.245678	524.658430	0.002751	8.3
36	-0.197287	522.357290	0.003184	7.7
37	-0.000000	520.082868	0.000000	7.6
38	-0.011921	517.834665	0.000296	10.3
39	-0.932441	515.612193	0.029111	8.6
40	-0.746176	513.414976	0.010318	7.6
41	-0.326893	511.242551	0.003780	7.7
42	-1.081449	509.094468	0.022017	12.7
43	-0.837797	506.970285	0.029302	10.9
44	-0.000000	504.869574	0.000000	9.8
45	-0.445754	502.791916	0.016480	13.3
46	-0.290006	500.736903	0.006316	8.9
47	-0.702750	498.704137	0.023676	10.7
48	-0.166786	496.693228	0.002956	7.7
49	-0.000000	494.703798	0.000000	8.0
50	-0.000000	492.735476	0.000000	7.7
51	-0.000000	490.787900	0.000000	10.4
52	-0.661310	488.860718	0.009671	10.8
53	-0.304673	486.953585	0.008112	7.5
54	-0.878829	485.066164	0.018897	9.2
55	-0.190244	483.198126	0.003315	10.2
56	-0.825297	481.349149	0.007772	13.1
57	-0.325157	479.518920	0.008068	7.9
58	-0.681950	477.707132	0.027105	7.7
59	-0.487006	475.913485	0.007638	8.0
60	-0.926216	474.137684	0.020213	8.6
61	-0.592491	472.379445	0.025309	11.0
62	-0.000000	470.638485	0.000000	8.0
63	-0.282852	468.914531	0.004135	8.1
64	-0.654938	467.207315	0.008531	7.8
65	-0.908738	465.516573	0.029889	10.9
66	-0.000000	463.842050	0.000000	11.9
67	-0.939120	462.183494	0.011131	8.7
68	-0.655411	460.540658	0.016374	7.7
69	-0.637787	458.913303	0.014541	7.9
70	-0.513375	457.301192	0.005591	12.6
71	-0.270025	455.704096	0.009500	8.3
72	-0.000000	454.121787	0.000000	8.8
73	-1.018062	452.554045	0.027650	8.6
74	-0.676914	451.000653	0.016835	10.4
75	-0.769844	449.461399	0.022491	8.0
76	-0.000010	447.936075	0.000002	11.7
77	-0.799562	446.424477	0.020857	14.8
78	-0.022031	444.926406	0.000450	13.0
79	-0.522253	443.441666	0.007299	7.9
80	-0.838756	441.970065	0.018666	8.2
81	-0.595743	440.511415	0.011763	8.0
82	-0.503885	439.065533	0.032824	12.1
83	-0.640592	437.632238	0.010780	8.5
84	-0.457970	436.211351	0.007914	7.6
85	-0.000001	434.802701	0.000000	10.0
86	-0.735907	433.406117	0.012264	7.7
87	-0.088021	432.021430	0.001025	14.6
88	-0.001780	430.648479	0.000582	7.9
89	-0.000000	429.287101	0.000000	11.0
90	-0.791995	427.937140	0.029507	8.7
91	-0.167276	426.598440	0.002421	8.3
92	-0.576520	425.270849	0.022063	12.3
93	-0.098034	423.954220	0.001928	8.1
94	-0.664764	422.648404	0.014271	7.6
95	-0.047866	421.353259	0.002714	8.3
96	-0.058961	420.068643	0.001782	11.0
97	-0.028439	418.794419	0.001292	13.6
98	-0.000000	417.530451	0.000000	7.7
99	-0.547104	416.276604	0.007715	11.0
100	-0.951798	415.032748	0.010275	9.9
101	-0.915485	413.798754	0.023033	10.2
102	-0.000000	412.574495	0.000000	9.3
103	-0.584928	411.359849	0.016715	8.3
104	-0.827952	410.154691	0.038851	7.6
105	-0.557762	408.958904	0.006759	11.7
106	-0.578075	407.772368	0.007274	7.7
107	-0.655857	406.594968	0.008866	9.1
108	-0.891036	405.426590	0.011970	8.4
109	-0.000000	404.267122	0.000000	11.8
110	-0.536887	403.116456	0.010593	11.2
111	-0.897222	401.974481	0.009255	7.8
112	-0.000000	400.841093	0.000000	9.1
113	-0.944593	399.716187	0.023929	7.8
114	-0.073586	398.599660	0.001609	10.7
115	-0.000000	397.491411	0.000000	8.7
116	-0.000000	396.391342	0.000000	8.2
117	-0.233756	395.299353	0.002703	7.8
118	-0.739036	394.215350	0.021800	8.8
119	-0.118083	393.139238	0.004979	12.7
120	-0.830963	392.070924	0.026445	9.3
121	-0.757607	391.010316	0.014988	7.8
122	-0.000530	389.957325	0.000071	7.6
123	-0.874200	388.911862	0.032163	8.2
124	-0.510038	387.873839	0.007862	13.3
125	-0.868006	386.843173	0.011151	7.9
126	-0.000000	385.819777	0.000000	7.6
127	-0.903974	384.803569	0.023495	7.7
128	-0.657010	383.794468	0.023259	10.3
129	-0.707549	382.792393	0.004282	11.9
130	-0.968099	381.797264	0.030781	9.6
131	-0.226247	380.809005	0.008460	9.1
132	-0.875641	379.827537	0.013726	9.0
133	-0.006597	378.852786	0.000314	12.2
134	-1.076316	377.884678	0.041450	7.7
135	-0.520472	376.923138	0.009060	8.1
136	-0.678775	375.968095	0.006579	7.5
137	-0.549224	375.019479	0.007705	7.5
138	-0.638566	374.077218	0.016643	10.9
139	-0.788377	373.141244	0.018376	8.2
140	-0.116312	372.211489	0.001571	7.6
141	-0.890852	371.287887	0.022165	7.7
142	-0.529070	370.370370	0.015059	8.0
143	-0.364101	369.458876	0.002005	14.7
144	-0.000000	368.553338	0.000000	7.7
145	-0.869822	367.653696	0.021399	8.1
146	-0.894393	366.759885	0.020820	7.7
147	-0.529023	365.871846	0.014464	9.1
148	-0.000685	364.989518	0.000028	11.4
149	-0.330748	364.112841	0.027976	7.6
150	-0.000000	363.241757	0.000000	8.2
151	-0.367033	362.376208	0.011520	7.6
152	-0.025837	361.516137	0.000705	7.6
153	-0.484147	360.661488	0.009138	9.8
154	-0.552592	359.812206	0.011000	9.4
155	-0.108678	358.968236	0.001841	7.6
156	-0.516792	358.129524	0.015012	7.6
157	-0.448854	357.296018	0.008945	7.6
158	-0.000000	356.467665	0.000000	10.1
159	-0.733822	355.644414	0.012383	9.1
160	-0.903069	354.826213	0.024885	7.8
161	-0.958307	354.013012	0.022296	7.6
162	-0.000000	353.204763	0.000000	8.4
163	-0.662475	352.401415	0.006259	10.4
164	-0.000000	351.602922	0.000000	7.9
165	-0.000000	350.809235	0.000000	7.7
166	-0.499022	350.020308	0.009984	8.5
167	-0.964155	349.236095	0.012629	8.0
168	-0.724220	348.456550	0.014262	10.9
169	-0.000000	347.681627	0.000000	7.7
170	-0.796873	346.911283	0.020060	8.2
171	-0.814345	346.145474	0.013015	7.8
172	-0.321061	345.384157	0.005094	8.1
173	-0.992227	344.627288	0.031427	10.9
174	-0.971558	343.874826	0.028697	7.7
175	-0.004198	343.126729	0.000162	8.0
176	-0.877861	342.382957	0.014430	7.6
177	-0.000000	341.643469	0.000000	7.9
178	-0.171655	340.908224	0.001609	10.3
179	-0.541118	340.177184	0.009767	8.1
180	-0.592207	339.450309	0.021668	7.5
181	-0.000000	338.727561	0.000000	8.2
182	-0.064513	338.008902	0.002705	7.7
183	-0.883556	337.294295	0.008672	10.6
184	-0.575093	336.583703	0.013698	7.8
185	-0.933889	335.877089	0.016938	8.3
186	-0.337123	335.174416	0.006418	7.5
187	-0.950351	334.475651	0.033811	7.7
188	-0.741882	333.780756	0.005991	10.3
189	-0.000345	333.089698	0.000062	8.5
190	-0.000000	332.402443	0.000000	8.5
191	-0.782641	331.718955	0.015537	7.7
192	-0.653592	331.039203	0.007231	7.7
193	-0.754368	330.363153	0.007577	11.0
194	-0.359361	329.690771	0.003381	7.5
195	-0.000000	329.022027	0.000000	7.7
196	-0.984297	328.356888	0.025636	8.2
197	-0.000000	327.695322	0.000000	8.0
198	-0.511189	327.037299	0.019402	10.5
199	-0.000000	326.382787	0.000000	8.1
200	-0.344833	325.731758	0.004388	8.5
201	-0.000000	325.084179	0.000000	8.6
202	-0.992730	324.440023	0.033716	7.6
203	-0.904986	323.799258	0.028187	12.1
204	-0.917734	323.161858	0.015565	8.2
205	-0.000767	322.527792	0.000025	7.6
206	-0.501519	321.897034	0.003838	8.4
207	-0.021862	321.269554	0.000772	7.6
208	-0.390659	320.645325	0.002927	11.6
209	-0.057581	320.024320	0.001778	7.6
210	-0.468232	319.406512	0.007710	7.7
211	-0.729841	318.791875	0.018007	7.7
212	-0.871111	318.180381	0.015468	8.1
213	-0.000000	317.572005	0.000000	10.7
214	-0.669410	316.966721	0.013818	7.8
215	-0.000000	316.364504	0.000000	8.4
216	-0.000000	315.765329	0.000000	8.0
217	-0.000000	315.169170	0.000000	9.1
218	-0.943731	314.576003	0.039802	12.9
219	-0.971189	313.985804	0.031432	8.3
220	-0.902415	313.398548	0.012832	7.7
221	-0.000000	312.814213	0.000000	8.0
222	-0.542324	312.232773	0.004859	9.2
223	-0.899925	311.654207	0.013817	10.7
224	-0.404270	311.078491	0.023799	7.6
225	-0.000000	310.505602	0.000000	7.8
226	-0.000000	309.935518	0.000000	7.6
227	-0.743481	309.368217	0.009916	10.1
228	-0.837037	308.803676	0.019419	9.5
229	-0.000000	308.241874	0.000000	8.7
230	-0.527459	307.682789	0.006901	8.1
231	-0.121647	307.126400	0.002740	8.3
232	-0.000000	306.572687	0.000000	13.4
233	-0.000000	306.021627	0.000000	7.6
234	-0.372861	305.473201	0.012919	7.6
235	-0.491044	304.927388	0.005659	7.6
236	-0.556840	304.384168	0.008679	7.7
237	-0.000000	303.843521	0.000000	11.4
238	-0.730916	303.305427	0.010435	8.3
239	-0.800267	302.769867	0.007330	7.6
240	-0.897006	302.236821	0.025298	7.7
241	-0.000000	301.706270	0.000000	7.6
242	-0.985337	301.178196	0.016737	10.9
243	-0.000000	300.652580	0.000000	9.0
244	-0.603505	300.129402	0.020792	7.8
245	-0.844650	299.608645	0.019386	7.7
246	-0.128398	299.090291	0.001874	8.0
247	-0.689545	298.574321	0.018735	11.3
248	-0.867681	298.060718	0.010071	7.7
249	-0.888364	297.549465	0.020915	8.5
250	-0.700394	297.040543	0.006932	7.8
251	-0.601097	296.533936	0.012608	7.6
252	-0.000000	296.029626	0.000000	10.7
253	-0.711226	295.527597	0.008642	8.1
254	-0.496449	295.027832	0.014997	7.5
255	-0.055720	294.530315	0.002406	7.5
256	-0.330119	294.035028	0.003900	7.7
257	-0.822768	293.541956	0.010744	10.9
258	-0.000000	293.051083	0.000000	7.8
259	-0.498528	292.562393	0.006970	8.0
260	-0.000000	292.075870	0.000000	7.5
261	-1.040871	291.591498	0.008842	7.6
262	-0.000000	291.109263	0.000000	10.4
263	-0.991808	290.629149	0.034727	8.2
264	-0.000286	290.151140	0.000039	7.6
265	-0.540405	289.675222	0.011093	8.7
266	-0.133078	289.201380	0.002594	8.4
267	-0.000000	288.729600	0.000000	11.7
268	-0.000000	288.259866	0.000000	7.6
269	-0.837716	287.792165	0.021571	7.9
270	-0.000000	287.326481	0.000000	7.7
271	-0.813105	286.862802	0.008400	7.6
272	-0.002948	286.401113	0.000045	10.6
273	-0.133610	285.941400	0.003596	8.4
274	-0.000000	285.483649	0.000000	7.6
275	-0.597136	285.027847	0.020448	7.5
276	-0.656730	284.573981	0.009344	7.6
277	-0.582692	284.122037	0.008566	10.4
278	-0.921058	283.672002	0.018768	9.8
279	-0.268856	283.223863	0.003320	7.8
280	-0.885169	282.777607	0.018861	7.6
281	-0.000000	282.333221	0.000000	8.3
282	-0.584653	281.890692	0.008902	11.4
283	-0.643516	281.450008	0.007512	7.6
284	-0.891469	281.011157	0.011636	7.9
285	-0.828353	280.574125	0.020659	12.2
286	-0.677102	280.138901	0.006827	9.0
287	-0.255747	279.705473	0.006494	11.1
288	-0.467069	279.273829	0.004270	8.0
289	-0.000000	278.843956	0.000000	7.8
290	-0.772649	278.415844	0.007510	7.6
291	-0.179829	277.989479	0.004873	9.0
292	-0.220500	277.564851	0.002637	10.7
293	-0.256047	277.141949	0.005108	8.2
294	-1.040484	276.720761	0.020738	7.9
295	-0.795553	276.301275	0.012805	8.2
296	-1.119315	275.883480	0.017871	9.3
297	-0.019972	275.467366	0.000226	9.7
298	-0.000000	275.052922	0.000000	7.6
299	-0.238710	274.640136	0.002274	8.2
300	-0.869184	274.228998	0.025846	7.6
301	-0.429022	273.819497	0.013427	10.6
302	-0.000000	273.411623	0.000000	7.9
303	-0.555144	273.005365	0.012904	8.1
304	-0.506943	272.600712	0.005880	8.3
305	-0.000000	272.197655	0.000000	7.7
306	-0.008906	271.796184	0.000328	10.9
307	-0.478791	271.396287	0.005921	7.8
308	-0.497326	270.997956	0.004741	8.6
309	-0.729087	270.601180	0.027632	8.0
310	-0.000035	270.205949	0.000024	7.7
311	-0.701359	269.812254	0.009539	12.3
312	-0.803991	269.420085	0.008906	7.6
313	-0.864806	269.029432	0.014404	7.7
314	-0.446474	268.640287	0.007645	8.0
315	-0.838204	268.252638	0.016020	7.6
316	-0.000000	267.866478	0.000000	11.1
317	-0.149582	267.481796	0.003816	7.6
318	-0.000127	267.098584	0.000013	8.2
319	-0.000000	266.716833	0.000000	7.6
320	-0.463255	266.336533	0.007556	7.7
321	-0.780081	265.957676	0.011515	11.9
322	-0.000000	265.580253	0.000000	9.4
323	-0.754114	265.204254	0.005013	7.5
324	-0.240981	264.829672	0.003243	7.7
325	-0.990046	264.456497	0.014271	8.5
326	-0.351331	264.084721	0.005883	12.3
327	-0.219782	263.714335	0.001409	8.6
328	-0.563630	263.345332	0.009277	8.1
329	-0.637016	262.977702	0.008020	8.3
330	-0.459266	262.611438	0.008740	7.5
331	-0.521115	262.246531	0.009159	11.9
332	-0.475088	261.882973	0.007264	7.8
333	-1.098185	261.520756	0.010381	9.3
334	-0.733075	261.159871	0.009159	7.7
335	-0.753530	260.800312	0.040139	7.7
336	-0.000000	260.442070	0.000000	12.0
337	-0.388932	260.085137	0.008089	7.8
338	-1.028338	259.729505	0.027139	7.7
339	-0.000000	259.375167	0.000000	7.7
340	-0.280585	259.022116	0.003559	7.6
341	-0.788278	258.670343	0.008796	11.2
342	-0.028237	258.319841	0.000402	7.8
343	-0.779511	257.970602	0.030908	7.6
344	-0.980792	257.622620	0.023719	7.9
345	-0.032319	257.275887	0.000404	9.1
346	-1.054826	256.930396	0.034696	11.6
347	-0.323554	256.586139	0.009782	7.6
348	-0.905993	256.243109	0.008481	7.8
349	-0.250507	255.901300	0.005982	7.6
350	-0.547342	255.560703	0.019042	7.7
351	-0.585549	255.221313	0.005068	11.3
352	-0.569262	254.883122	0.007131	8.2
353	-0.664482	254.546124	0.008778	7.6
354	-0.584605	254.210311	0.021338	7.6
355	-0.486147	253.875677	0.007443	7.7
356	-0.102886	253.542215	0.001870	11.1
357	-0.830265	253.209918	0.013503	7.9
358	-0.002927	252.878781	0.000154	7.8
359	-0.620210	252.548795	0.011083	7.6
360	-0.527027	252.219956	0.006343	8.7
361	-0.559923	251.892255	0.008938	11.5
362	-0.650817	251.565688	0.006462	7.6
363	-0.000000	251.240247	0.000000	7.6
364	-0.058565	250.915926	0.002205	8.1
365	-0.000079	250.592720	0.000002	8.6
366	-0.868775	250.270621	0.023950	11.4
367	-0.540849	249.949624	0.004939	9.0
368	-0.589951	249.629723	0.009312	7.6
369	-0.000190	249.310911	0.000014	7.5
370	-0.000000	248.993182	0.000000	7.6
371	-1.086860	248.676531	0.031647	11.6
372	-0.732721	248.360952	0.007687	7.6
373	-0.000000	248.046438	0.000000	7.9
374	-0.000028	247.732984	0.000008	8.8
375	-0.854348	247.420584	0.016068	8.5
376	-0.672784	247.109233	0.008162	12.2
377	-0.024402	246.798924	0.000603	7.9
378	-0.000000	246.489652	0.000000	7.6
379	-0.000000	246.181412	0.000000	8.3
380	-0.000000	245.874197	0.000000	8.5
381	-0.183836	245.568002	0.003190	11.3
382	-0.000760	245.262822	0.000111	8.2
383	-0.676672	244.958652	0.005395	7.6
384	-0.236572	244.655485	0.003000	7.6
385	-0.228254	244.353317	0.003038	7.6
386	-0.010813	244.052142	0.000414	10.0
387	-0.194825	243.751955	0.004862	8.8
388	-0.512883	243.452750	0.010986	7.7
389	-0.429606	243.154523	0.003001	7.6
390	-0.896618	242.857268	0.011824	8.1
391	-1.016103	242.560980	0.018221	9.9
392	-0.492284	242.265654	0.005228	8.9
393	-0.000000	241.971285	0.000000	7.7
394	-0.703799	241.677868	0.008464	8.2
395	-0.676129	241.385397	0.023311	7.5
396	-0.512307	241.093869	0.006910	10.5
397	-1.007577	240.803278	0.013136	8.0
398	-0.000109	240.513619	0.000103	8.0
399	-0.486063	240.224887	0.005915	7.5
400	-0.000000	239.937077	0.000000	7.7
401	-0.464707	239.650186	0.009562	10.3
402	-0.000000	239.364207	0.000000	8.8
403	-0.907342	239.079136	0.009003	7.6
404	-0.774216	238.794969	0.022035	7.7
405	-0.000009	238.511701	0.000003	7.9
406	-0.938498	238.229327	0.009267	12.6
407	-0.996408	237.947843	0.015925	8.0
408	-1.113090	237.667244	0.008357	7.7
409	-0.014073	237.387526	0.000535	7.6
410	-0.000000	237.108684	0.000000	8.3
411	-0.720917	236.830714	0.012961	11.0
412	-0.163887	236.553610	0.001635	8.4
413	-0.000000	236.277370	0.000000	8.1
414	-0.000000	236.001989	0.000000	7.7
415	-0.000000	235.727461	0.000000	7.6
416	-0.528767	235.453784	0.006929	11.0
417	-0.612995	235.180952	0.008537	8.2
418	-0.302972	234.908962	0.011823	7.6
419	-0.706300	234.637809	0.009535	7.7
420	-0.199674	234.367488	0.004432	7.6
421	-0.000000	234.097997	0.000000	10.7
422	-0.696569	233.829331	0.005110	7.9
423	-0.949967	233.561485	0.025227	7.7
424	-0.092134	233.294456	0.001035	7.5
425	-0.185104	233.028239	0.008147	8.2
426	-0.569270	232.762831	0.007274	10.2
427	-0.812590	232.498228	0.010662	8.1
428	-0.133646	232.234425	0.002730	7.6
429	-0.510138	231.971419	0.007416	8.0
430	-0.633482	231.709205	0.011326	8.1
431	-0.610974	231.447781	0.005653	11.4
432	-0.982883	231.187141	0.043281	8.0
433	-0.746880	230.927283	0.022196	8.2
434	-0.000000	230.668202	0.000000	7.6
435	-0.000000	230.409895	0.000000	8.4
436	-0.000000	230.152358	0.000000	11.8
437	-0.000000	229.895587	0.000000	7.7
438	-0.063497	229.639578	0.001396	7.7
439	-0.620272	229.384329	0.006930	7.7
440	-0.760318	229.129834	0.011105	7.5
441	-0.979058	228.876091	0.009792	10.6
442	-1.126812	228.623096	0.014985	8.7
443	-0.998811	228.370846	0.023366	8.1
444	-0.323957	228.119336	0.003271	8.2
445	-0.000000	227.868563	0.000000	7.5
446	-0.024091	227.618525	0.000862	11.4
447	-0.858698	227.369216	0.007804	7.7
448	-0.894744	227.120635	0.014753	8.2
449	-1.120010	226.872777	0.040714	8.2
450	-0.210927	226.625638	0.002754	7.6
451	-0.235799	226.379217	0.004470	11.5
452	-0.375331	226.133509	0.012082	8.1
453	-0.539327	225.888510	0.019173	7.7
454	-1.046381	225.644218	0.060885	7.8
455	-0.000000	225.400630	0.000000	7.5
456	-0.815443	225.157741	0.006792	11.0
457	-0.565094	224.915549	0.006422	7.7
458	-0.000000	224.674051	0.000000	7.8
459	-0.000000	224.433242	0.000000	7.7
460	-0.023638	224.193121	0.002488	8.3
461	-0.000000	223.953684	0.000000	11.4
462	-0.634021	223.714927	0.007781	7.5
463	-0.012280	223.476848	0.000476	8.6
464	-0.124741	223.239444	0.002530	7.6
465	-0.655946	223.002710	0.021247	7.7
466	-0.180404	222.766645	0.001808	10.8
467	-0.332975	222.531245	0.002022	8.2
468	-0.624135	222.296508	0.004184	7.6
469	-0.860202	222.062429	0.014424	7.6
470	-0.000000	221.829007	0.000000	7.7
471	-0.223008	221.596238	0.002838	10.8
472	-0.994083	221.364119	0.021355	7.7
473	-0.143148	221.132647	0.007429	8.0
474	-0.252992	220.901820	0.003032	8.5
475	-1.016545	220.671634	0.020603	8.1
476	-1.030162	220.442086	0.026422	11.3
477	-0.216822	220.213174	0.006014	7.8
478	-0.153852	219.984895	0.001973	7.6
479	-0.638214	219.757246	0.007041	8.0
480	-0.260070	219.530224	0.005609	7.6
481	-0.341179	219.303826	0.003609	10.0
482	-0.351526	219.078050	0.003252	8.5
483	-0.000000	218.852893	0.000000	9.1
484	-0.911381	218.628352	0.010537	7.6
485	-1.024939	218.404424	0.021023	8.4
486	-0.066480	218.181106	0.001537	11.7
487	-0.657022	217.958397	0.007548	8.5
488	-0.000000	217.736292	0.000000	8.0
489	-0.000030	217.514790	0.000019	9.4
490	-0.000000	217.293888	0.000000	8.3
491	-0.000000	217.073584	0.000000	12.2
492	-0.014614	216.853873	0.000588	8.3
493	-0.461411	216.634755	0.006479	9.5
494	-0.853439	216.416227	0.011232	9.0
495	-0.614819	216.198285	0.003800	10.3
496	-0.000000	215.980927	0.000000	8.0
497	-0.066606	215.764151	0.001677	8.1
498	-0.617627	215.547955	0.008087	7.6
499	-0.794312	215.332335	0.005516	7.7
500	-0.000000	215.117289	0.000000	10.4
501	-0.000000	214.902815	0.000000	8.7
502	-1.002660	214.688911	0.009477	7.6
503	-0.913780	214.475573	0.034164	7.7
504	-0.504558	214.262800	0.006918	7.6
505	-0.663330	214.050588	0.010114	10.7
506	-0.308320	213.838936	0.006542	8.0
507	-0.384534	213.627842	0.004138	7.6
508	-0.065476	213.417302	0.000561	7.6
509	-0.000000	213.207314	0.000000	8.2
510	-0.043138	212.997877	0.002395	10.3
511	-0.976115	212.788987	0.010784	8.1
512	-0.040023	212.580642	0.000305	7.6
513	-0.000000	212.372841	0.000000	8.1
514	-0.519362	212.165581	0.009134	7.5
515	-0.333151	211.958859	0.003082	10.3
516	-0.000399	211.752673	0.000051	8.0
517	-1.052445	211.547021	0.020783	8.4
518	-0.526067	211.341902	0.008031	7.6
519	-1.069216	211.137311	0.014017	7.7
520	-0.915992	210.933248	0.030349	10.5
521	-0.735595	210.729710	0.007088	8.0
522	-0.435172	210.526695	0.005148	7.6
523	-0.995510	210.324200	0.020701	7.8
524	-0.000002	210.122224	0.000001	7.6
525	-0.000000	209.920765	0.000000	10.7
526	-0.000000	209.719820	0.000000	7.8
527	-0.435895	209.519387	0.004358	7.8
528	-0.652358	209.319463	0.007221	8.2
529	-1.022086	209.120048	0.017278	8.4
530	-0.599907	208.921139	0.019111	10.9
531	-0.694263	208.722733	0.015665	7.7
532	-0.926071	208.524829	0.010140	7.7
533	-1.020499	208.327425	0.007174	7.7
534	-0.000000	208.130518	0.000000	8.5
535	-1.009012	207.934107	0.012348	10.2
536	-0.835290	207.738189	0.011196	8.6
537	-0.898834	207.542762	0.030125	7.6
538	-0.864775	207.347825	0.011752	7.7
539	-0.656642	207.153376	0.011062	7.6
540	-0.000636	206.959412	0.000133	10.8
541	-0.446031	206.765932	0.003546	8.6
542	-0.708922	206.572933	0.010680	7.8
543	-0.963747	206.380414	0.013300	7.6
544	-0.480777	206.188373	0.006537	8.2
545	-0.011425	205.996807	0.000379	11.1
546	-0.006079	205.805716	0.000389	7.9
547	-0.708768	205.615096	0.018603	7.7
548	-1.115430	205.424946	0.021840	8.1
549	-0.039660	205.235265	0.001011	7.7
550	-0.837698	205.046050	0.010466	10.7
551	-0.490095	204.857299	0.005293	7.8
552	-0.934237	204.669011	0.008748	8.4
553	-0.378011	204.481184	0.002995	7.6
554	-0.000000	204.293816	0.000000	7.7
555	-0.777968	204.106905	0.010534	10.8
556	-0.559892	203.920449	0.009826	7.9
557	-0.698813	203.734447	0.010137	7.6
558	-1.117218	203.548896	0.028563	7.9
559	-0.812846	203.363795	0.023783	8.3
560	-0.340135	203.179143	0.004304	11.6
561	-0.124976	202.994937	0.003397	7.8
562	-1.009527	202.811176	0.028346	8.5
563	-0.000000	202.627857	0.000000	8.3
564	-0.413889	202.444980	0.007786	7.5
565	-0.495764	202.262543	0.011339	11.7
566	-0.000000	202.080543	0.000000	7.7
567	-0.925111	201.898979	0.016401	8.2
568	-0.588439	201.717849	0.009352	7.6
569	-0.833082	201.537153	0.009888	7.6
570	-0.569507	201.356887	0.006041	10.2
571	-0.680742	201.177050	0.010949	8.3
572	-0.218518	200.997642	0.002877	7.6
573	-0.121048	200.818659	0.002509	7.7
574	-0.645167	200.640100	0.007451	7.8
575	-0.000000	200.461965	0.000000	11.0
576	-0.583423	200.284250	0.019867	8.2
577	-0.726131	200.106955	0.011336	8.0
578	-0.581122	199.930078	0.005862	7.5
579	-0.574804	199.753617	0.003063	7.8
580	-0.686405	199.577571	0.005576	10.5
581	-0.658304	199.401938	0.007091	8.0
582	-0.626198	199.226717	0.007177	7.6
583	-0.582448	199.051905	0.028418	8.1
584	-0.870329	198.877502	0.022087	7.5
585	-0.380377	198.703506	0.010493	10.2
586	-0.472791	198.529916	0.004369	8.1
587	-0.019202	198.356729	0.000881	8.0
588	-1.039900	198.183944	0.016968	7.6
589	-0.000000	198.011560	0.000000	7.8
590	-0.000000	197.839576	0.000000	10.4
591	-0.546203	197.667989	0.011454	8.6
592	-1.104283	197.496798	0.013093	9.2
593	-0.000001	197.326002	0.000000	7.8
594	-0.930039	197.155600	0.024258	7.8
595	-0.489503	196.985589	0.004346	11.3
596	-1.131528	196.815969	0.029880	7.8
597	-0.000000	196.646738	0.000000	7.8
598	-0.000000	196.477894	0.000000	8.4
599	-0.465864	196.309436	0.005738	8.4
600	-0.000000	196.141363	0.000000	11.1
601	-0.000000	195.973673	0.000000	7.7
602	-0.000441	195.806365	0.000118	8.2
603	-0.000000	195.639437	0.000000	7.6
604	-0.638161	195.472888	0.013567	7.7
605	-0.002371	195.306717	0.000026	10.7
606	-0.152366	195.140922	0.003211	8.2
607	-0.946381	194.975501	0.028584	7.7
608	-0.000000	194.810454	0.000000	7.8
609	-1.003275	194.645779	0.008870	7.7
610	-0.000462	194.481475	0.000123	12.0
611	-0.002544	194.317540	0.000495	7.8
612	-1.153634	194.153973	0.013010	7.7
613	-0.565051	193.990773	0.004372	8.5
614	-0.689260	193.827938	0.014863	7.8
615	-0.002520	193.665467	0.000159	10.8
616	-0.610755	193.503358	0.010325	7.7
617	-1.081270	193.341611	0.013986	8.2
618	-0.000000	193.180224	0.000000	7.6
619	-0.000042	193.019196	0.000007	7.6
620	-0.615729	192.858525	0.008293	10.5
621	-0.946797	192.698210	0.006436	9.1
622	-0.000001	192.538251	0.000000	8.4
623	-0.995742	192.378644	0.010395	7.7
624	-0.125454	192.219391	0.002726	8.8
625	-0.927932	192.060488	0.011260	12.9
626	-0.704613	191.901935	0.012933	7.9
627	-0.630791	191.743730	0.002988	7.7
628	-0.537925	191.585873	0.019671	7.7
629	-0.847878	191.428362	0.016683	9.2
630	-0.107378	191.271196	0.002543	11.3
631	-1.091672	191.114374	0.023752	7.7
632	-0.000603	190.957893	0.000013	8.4
633	-0.729139	190.801755	0.007875	7.9
634	-1.097828	190.645956	0.014354	8.6
635	-0.833851	190.490495	0.008664	10.9
636	-0.875762	190.335373	0.004615	7.9
637	-0.000000	190.180587	0.000000	7.7
638	-1.007068	190.026136	0.011960	7.7
639	-0.630736	189.872019	0.008336	8.7
640	-0.645320	189.718235	0.006690	11.4
641	-0.817230	189.564782	0.014354	7.6
642	-0.662581	189.411661	0.005340	7.9
643	-1.041762	189.258868	0.029969	7.7
644	-0.814808	189.106404	0.004943	9.6
645	-1.146351	188.954267	0.022335	10.6
646	-0.081565	188.802456	0.004898	7.6
647	-0.644957	188.650969	0.009239	8.7
648	-1.060894	188.499807	0.016311	7.6
649	-0.777029	188.348967	0.006283	9.7
650	-0.522918	188.198448	0.005763	9.9
651	-0.059452	188.048250	0.003833	8.1
652	-1.061011	187.898371	0.019031	7.7
653	-0.000001	187.748810	0.000000	7.6
654	-1.038993	187.599566	0.023801	9.6
655	-0.493689	187.450638	0.010939	9.9
656	-0.741605	187.302025	0.017192	7.6
657	-0.803754	187.153725	0.021458	7.7
658	-0.339174	187.005739	0.004102	7.6
659	-0.016407	186.858064	0.001480	9.8
660	-0.395967	186.710699	0.008331	9.4
661	-0.001977	186.563645	0.000148	7.9
662	-0.000000	186.416898	0.000000	7.9
663	-0.357316	186.270459	0.005655	8.2
664	-0.660643	186.124326	0.005390	9.8
665	-0.035483	185.978499	0.001528	9.3
666	-0.782668	185.832976	0.008006	7.8
667	-0.801396	185.687756	0.006337	8.2
668	-0.897559	185.542838	0.017026	7.7
669	-0.000067	185.398222	0.000027	10.2
670	-1.007662	185.253906	0.039319	8.5
671	-0.444706	185.109889	0.005162	7.7
672	-0.349944	184.966170	0.003999	7.6
673	-0.796275	184.822748	0.030124	7.6
674	-0.000000	184.679623	0.000000	11.5
675	-0.000000	184.536792	0.000000	7.8
676	-0.938709	184.394256	0.022255	8.0
677	-0.785591	184.252013	0.023916	7.7
678	-0.787174	184.110062	0.025539	8.3
679	-0.000000	183.968403	0.000000	10.9
680	-0.000000	183.827034	0.000000	7.9
681	-0.818213	183.685954	0.006434	7.7
682	-0.000000	183.545163	0.000000	8.2
683	-0.775008	183.404658	0.008888	7.6
684	-0.271414	183.264441	0.004660	10.4
685	-0.000000	183.124509	0.000000	8.1
686	-0.610348	182.984861	0.006074	8.1
687	-0.794841	182.845497	0.008396	8.4
688	-0.570912	182.706416	0.008523	8.6
689	-0.321352	182.567616	0.005937	11.5
690	-0.000000	182.429098	0.000000	7.6
691	-0.000093	182.290859	0.000004	8.0
692	-0.545124	182.152899	0.003288	7.7
693	-0.800457	182.015217	0.038685	7.6
694	-0.742961	181.877813	0.007464	10.7
695	-0.836543	181.740684	0.005511	7.8
696	-0.908524	181.603832	0.013241	7.6
697	-0.252365	181.467253	0.005248	7.6
698	-0.709505	181.330948	0.006672	7.8
699	-0.462052	181.194916	0.006053	10.2
700	-0.000000	181.059155	0.000000	7.9
701	-0.000000	180.923666	0.000000	7.8
702	-0.343159	180.788446	0.004695	7.7
703	-0.055503	180.653496	0.000638	8.5
704	-1.084127	180.518814	0.024401	10.6
705	-0.819501	180.384399	0.007143	8.1
706	-0.814538	180.250251	0.009103	7.8
707	-0.118512	180.116369	0.001764	7.5
708	-0.000000	179.982752	0.000000	7.7
709	-0.918268	179.849398	0.023989	10.8
710	-0.000000	179.716308	0.000000	7.7
711	-0.000000	179.583480	0.000000	7.7
712	-0.000000	179.450913	0.000000	7.6
713	-0.901056	179.318607	0.048379	8.2
714	-0.244797	179.186561	0.003377	10.3
715	-0.000033	179.054774	0.000015	8.0
716	-0.952231	178.923245	0.039204	7.6
717	-0.687129	178.791973	0.005285	8.7
718	-0.000000	178.660958	0.000000	7.5
719	-0.500147	178.530199	0.005207	10.6
720	-0.657558	178.399694	0.010092	8.1
721	-1.064824	178.269444	0.035148	8.4
722	-0.867659	178.139447	0.005422	7.6
723	-0.000000	178.009702	0.000000	7.8
724	-1.128977	177.880209	0.007985	10.9
725	-0.428955	177.750967	0.007650	8.2
726	-0.727429	177.621975	0.008697	7.8
727	-0.000000	177.493232	0.000000	8.4
728	-0.659161	177.364738	0.054709	7.6
729	-0.725171	177.236492	0.007845	11.6
730	-1.009033	177.108492	0.009608	8.8
731	-0.359070	176.980739	0.010936	7.6
732	-0.475032	176.853231	0.008543	7.9
733	-0.821009	176.725968	0.020216	7.5
734	-0.409306	176.598949	0.003991	11.1
735	-0.577248	176.472173	0.008513	7.6
736	-0.524808	176.345639	0.009280	8.1
737	-1.074817	176.219348	0.008572	7.7
738	-0.585522	176.093296	0.004069	7.6
739	-0.436778	175.967486	0.005700	10.7
740	-0.398748	175.841914	0.008572	8.2
741	-0.814162	175.716581	0.010622	7.6
742	-0.382848	175.591486	0.004808	7.7
743	-0.652985	175.466629	0.018544	7.6
744	-0.000000	175.342008	0.000000	11.1
745	-0.000000	175.217622	0.000000	7.6
746	-0.001655	175.093472	0.000086	7.9
747	-0.654150	174.969556	0.008073	7.6
748	-1.078129	174.845873	0.052582	8.3
749	-0.621132	174.722423	0.005417	10.8
750	-0.308802	174.599206	0.004089	7.7
751	-0.000000	174.476220	0.000000	8.5
752	-0.979364	174.353464	0.048291	7.8
753	-0.266441	174.230939	0.006234	7.8
754	-0.638205	174.108643	0.006096	11.3
755	-0.170008	173.986576	0.002230	7.6
756	-0.985971	173.864737	0.010667	8.1
757	-0.751648	173.743124	0.019820	7.6
758	-0.724908	173.621739	0.005636	7.8
759	-0.000001	173.500579	0.000001	10.5
760	-0.576036	173.379645	0.005457	7.9
761	-0.747152	173.258935	0.007975	8.7
762	-1.133981	173.138449	0.010186	7.7
763	-0.000000	173.018186	0.000000	7.7
764	-0.877688	172.898146	0.024991	10.7
765	-0.710740	172.778327	0.015221	9.0
766	-0.002754	172.658730	0.000456	7.5
767	-0.838475	172.539353	0.009746	8.1
768	-0.979074	172.420196	0.022426	7.5
769	-0.322366	172.301258	0.002298	11.2
770	-0.031454	172.182539	0.001921	7.6
771	-0.282693	172.064037	0.002853	8.3
772	-0.945379	171.945753	0.014121	7.6
773	-0.079125	171.827686	0.002357	7.6
774	-1.140834	171.709834	0.031073	10.6
775	-0.125420	171.592198	0.004565	8.2
776	-0.854163	171.474776	0.007210	7.6
777	-0.943399	171.357568	0.006157	8.4
778	-0.928828	171.240574	0.009045	7.6
779	-0.000000	171.123793	0.000000	11.4
780	-0.032945	171.007223	0.002056	7.6
781	-0.771199	170.890865	0.008987	8.5
782	-0.638206	170.774718	0.006059	7.6
783	-0.313838	170.658782	0.006249	8.2
784	-0.000000	170.543055	0.000000	11.6
785	-0.990850	170.427537	0.006239	8.4
786	-0.000000	170.312227	0.000000	8.0
787	-0.000000	170.197125	0.000000	7.5
788	-0.918102	170.082231	0.012129	7.7
789	-0.000000	169.967543	0.000000	11.3
790	-1.155237	169.853061	0.020417	8.4
791	-0.049795	169.738784	0.002018	7.6
792	-0.234492	169.624713	0.002954	7.6
793	-0.000000	169.510845	0.000000	7.6
794	-0.785305	169.397181	0.006269	11.1
795	-0.990056	169.283720	0.007169	7.9
796	-0.469246	169.170462	0.007871	7.8
797	-0.581058	169.057405	0.008668	7.7
798	-0.962499	168.944549	0.008099	8.2
799	-0.000000	168.831895	0.000000	10.9
800	-0.473774	168.719440	0.002852	7.8
801	-0.905062	168.607185	0.015651	7.6
802	-0.548320	168.495129	0.007145	9.0
803	-0.995935	168.383271	0.016401	7.6
804	-0.818882	168.271611	0.021078	11.1
805	-0.771514	168.160148	0.006916	8.6
806	-0.000000	168.048882	0.000000	7.9
807	-0.000066	167.937812	0.000008	7.7
808	-1.050385	167.826938	0.009439	7.8
809	-0.660302	167.716258	0.015182	11.1
810	-0.000000	167.605773	0.000000	7.6
811	-1.091845	167.495482	0.010042	7.7
812	-1.008613	167.385384	0.011634	7.9
813	-0.000000	167.275479	0.000000	8.4
814	-0.458707	167.165766	0.007358	11.1
815	-0.829747	167.056245	0.017256	8.2
816	-0.419442	166.946915	0.005074	7.6
817	-0.000000	166.837776	0.000000	8.1
818	-0.000002	166.728826	0.000001	7.6
819	-0.452643	166.620067	0.012701	10.9
820	-0.119461	166.511496	0.005089	7.6
821	-0.000000	166.403113	0.000000	8.2
822	-0.310916	166.294919	0.003293	7.6
823	-0.840803	166.186912	0.006498	7.6
824	-1.035946	166.079091	0.037426	10.1
825	-0.320273	165.971458	0.008187	8.6
826	-0.543944	165.864009	0.006895	7.6
827	-0.669938	165.756747	0.011269	7.6
828	-0.511662	165.649669	0.003715	7.6
829	-0.679498	165.542775	0.005303	10.9
830	-0.795963	165.436065	0.008668	7.7
831	-0.648175	165.329538	0.010400	7.8
832	-0.684778	165.223194	0.010050	7.8
833	-0.136490	165.117032	0.002647	8.6
834	-1.204597	165.011052	0.034500	11.3
835	-0.684466	164.905253	0.004615	7.8
836	-0.969300	164.799635	0.012280	7.7
837	-0.109029	164.694197	0.001160	8.3
838	-0.655405	164.588939	0.007551	8.4
839	-0.151852	164.483859	0.002589	11.2
840	-0.000000	164.378959	0.000000	8.2
841	-0.000000	164.274237	0.000000	7.6
842	-0.363212	164.169692	0.011298	7.6
843	-0.553812	164.065325	0.009196	7.9
844	-1.017200	163.961135	0.020069	10.7
845	-0.000012	163.857120	0.000000	7.7
846	-0.632738	163.753282	0.004758	8.4
847	-0.435008	163.649619	0.005346	7.6
848	-0.043018	163.546130	0.002314	7.8
849	-0.148712	163.442816	0.004488	10.7
850	-0.000000	163.339676	0.000000	7.9
851	-1.086006	163.236709	0.051376	7.7
852	-0.000000	163.133915	0.000000	8.2
853	-0.000000	163.031294	0.000000	7.6
854	-0.000000	162.928844	0.000000	10.8
855	-0.014585	162.826566	0.000520	7.7
856	-1.054678	162.724459	0.031950	8.2
857	-0.560129	162.622523	0.013004	7.7
858	-0.636741	162.520757	0.011492	7.7
859	-0.000013	162.419160	0.000004	10.6
860	-0.976356	162.317733	0.013275	8.2
861	-0.001563	162.216474	0.000026	7.7
862	-0.541598	162.115383	0.005678	8.4
863	-0.558156	162.014461	0.004687	7.7
864	-0.000034	161.913705	0.000003	11.8
865	-0.830008	161.813117	0.030400	7.7
866	-0.000000	161.712695	0.000000	8.5
867	-0.976449	161.612439	0.015674	7.7
868	-1.058415	161.512349	0.023732	7.7
869	-0.000000	161.412424	0.000000	11.1
870	-0.162719	161.312663	0.002400	8.0
871	-0.000000	161.213067	0.000000	8.1
872	-0.000000	161.113635	0.000000	7.8
873	-0.012072	161.014366	0.000408	7.7
874	-0.000000	160.915260	0.000000	12.2
875	-0.354622	160.816316	0.004317	8.3
876	-0.930263	160.717535	0.008078	7.7
877	-0.758224	160.618915	0.019533	7.6
878	-0.002879	160.520456	0.000205	7.7
879	-1.091153	160.422158	0.016734	11.2
880	-0.000000	160.324021	0.000000	7.7
881	-0.001193	160.226043	0.000032	8.8
882	-0.000000	160.128225	0.000000	7.7
883	-0.516675	160.030566	0.006869	8.2
884	-0.000000	159.933066	0.000000	11.6
885	-0.000008	159.835723	0.000001	7.8
886	-0.826146	159.738539	0.008039	7.8
887	-0.109359	159.641512	0.003450	8.1
888	-0.824578	159.544642	0.008988	7.7
889	-0.546367	159.447929	0.004497	10.9
890	-0.943958	159.351372	0.051712	7.8
891	-0.279724	159.254971	0.004116	7.7
892	-0.000000	159.158725	0.000000	7.6
893	-0.402526	159.062634	0.003463	7.8
894	-1.079735	158.966697	0.020534	10.2
895	-0.746536	158.870915	0.011928	9.8
896	-0.910117	158.775286	0.012216	7.7
897	-0.892077	158.679811	0.006013	7.6
898	-0.764593	158.584489	0.007185	7.7
899	-0.337307	158.489319	0.006467	11.3
900	-0.000001	158.394302	0.000000	7.8
901	-0.705119	158.299436	0.011387	7.6
902	-0.753171	158.204721	0.005604	8.2
903	-0.000000	158.110158	0.000000	7.5
904	-0.000000	158.015745	0.000000	10.5
905	-0.761342	157.921482	0.010023	8.9
906	-0.000000	157.827369	0.000000	8.1
907	-0.000000	157.733406	0.000000	7.8
908	-0.191112	157.639591	0.004226	7.7
909	-0.897281	157.545925	0.008606	10.7
910	-0.144506	157.452408	0.002289	8.3
911	-1.050855	157.359038	0.011987	8.2
912	-0.540449	157.265816	0.005431	7.7
913	-1.183634	157.172741	0.053055	7.8
914	-0.800638	157.079813	0.035377	12.1
915	-0.580757	156.987031	0.007410	7.7
916	-0.000192	156.894395	0.000090	7.6
917	-1.096730	156.801904	0.013842	8.4
918	-1.258036	156.709559	0.026709	8.0
919	-0.282824	156.617359	0.003959	11.1
920	-0.691038	156.525304	0.008167	8.4
921	-0.835270	156.433392	0.009202	8.2
922	-1.014473	156.341624	0.047168	7.6
923	-1.006366	156.250000	0.023933	7.6
924	-1.082406	156.158519	0.025996	11.4
925	-0.728971	156.067180	0.018203	7.7
926	-1.101134	155.975984	0.009895	7.7
927	-0.806117	155.884930	0.006347	7.9
928	-0.521982	155.794017	0.003644	7.6
929	-0.853574	155.703246	0.016115	10.1
930	-0.570125	155.612615	0.005374	9.1
931	-0.363762	155.522125	0.006017	7.9
932	-0.000000	155.431775	0.000000	7.7
933	-0.962455	155.341565	0.041280	8.1
934	-0.777910	155.251495	0.009641	10.5
935	-0.555934	155.161563	0.007711	8.3
936	-0.000000	155.071771	0.000000	7.6
937	-0.030122	154.982117	0.000535	8.3
938	-0.000087	154.892601	0.000021	7.7
939	-0.552388	154.803222	0.006354	11.1
940	-0.000000	154.713981	0.000000	8.7
941	-0.264424	154.624878	0.011029	7.6
942	-0.908469	154.535910	0.010298	7.7
943	-0.585394	154.447080	0.005406	8.5
944	-1.057812	154.358385	0.013598	11.5
945	-0.005877	154.269826	0.000298	7.5
946	-0.000000	154.181402	0.000000	7.8
947	-0.697173	154.093114	0.006727	7.6
948	-0.949131	154.004960	0.008556	8.6
949	-1.069220	153.916940	0.025096	10.8
950	-0.004803	153.829054	0.001122	7.6
951	-0.887694	153.741303	0.010791	7.6
952	-0.844047	153.653684	0.005925	8.2
953	-0.829596	153.566198	0.010193	8.5
954	-0.050764	153.478846	0.001635	11.9
955	-0.035731	153.391625	0.001040	8.8
956	-0.932039	153.304537	0.016554	7.9
957	-0.966515	153.217580	0.008820	7.7
958	-0.714588	153.130755	0.022026	8.6
959	-0.219605	153.044061	0.002139	13.4
960	-0.002114	152.957498	0.000165	9.8
961	-0.625812	152.871065	0.008233	9.0
962	-1.058947	152.784762	0.009104	9.2
963	-0.742553	152.698589	0.007624	9.2
964	-1.137621	152.612545	0.009218	10.8
965	-0.049615	152.526631	0.000957	7.7
966	-0.682834	152.440845	0.024771	8.5
967	-0.673878	152.355188	0.006257	7.6
968	-0.429123	152.269660	0.007806	9.5
969	-1.088646	152.184259	0.018536	9.9
970	-0.415162	152.098986	0.005364	8.2
971	-0.786185	152.013840	0.009460	7.7
972	-0.000000	151.928821	0.000000	7.8
973	-0.797497	151.843928	0.003683	10.2
974	-0.989218	151.759163	0.013853	8.2
975	-0.592064	151.674523	0.004071	7.8
976	-0.798511	151.590009	0.006777	8.8
977	-0.994608	151.505620	0.006346	7.6
978	-0.504757	151.421357	0.007356	11.7
979	-0.000000	151.337218	0.000000	7.7
980	-0.716944	151.253204	0.048218	8.2
981	-0.688720	151.169314	0.005571	8.6
982	-0.496346	151.085549	0.006599	8.4
983	-1.100626	151.001907	0.023346	11.9
984	-0.830720	150.918388	0.005843	7.7
985	-0.410674	150.834992	0.008949	8.7
986	-0.000683	150.751719	0.000281	7.7
987	-0.567678	150.668569	0.005448	7.7
988	-1.106076	150.585541	0.018346	10.7
989	-0.869140	150.502634	0.012065	8.2
990	-0.736633	150.419849	0.008213	7.7
991	-0.706147	150.337186	0.009087	8.5
992	-0.087542	150.254644	0.003477	7.7
993	-0.490972	150.172222	0.004310	11.7
994	-0.926905	150.089921	0.009736	7.8
995	-0.007477	150.007740	0.000467	9.0
996	-1.037199	149.925679	0.020964	8.6
997	-0.000000	149.843737	0.000000	7.6
998	-1.025160	149.761915	0.019246	11.7
999	-0.777627	149.680212	0.005248	7.7
1000	-1.032166	149.598627	0.007894	8.3
1001	-0.002789	149.517161	0.000085	7.6
1002	-0.458435	149.435814	0.008005	7.7
1003	-0.759204	149.354584	0.007577	10.3
1004	-0.828525	149.273472	0.014086	8.5
1005	-0.774176	149.192477	0.006889	7.6
1006	-1.106190	149.111599	0.014449	7.7
1007	-0.000000	149.030838	0.000000	7.7
1008	-0.644102	148.950194	0.005084	10.3
1009	-0.000000	148.869666	0.000000	8.5
1010	-0.769563	148.789253	0.005866	7.8
1011	-0.816345	148.708957	0.029404	7.7
1012	-0.574546	148.628776	0.005888	8.7
1013	-0.304315	148.548710	0.006789	10.8
1014	-0.000000	148.468759	0.000000	7.9
1015	-0.000000	148.388923	0.000000	7.6
1016	-1.084757	148.309201	0.006705	9.2
1017	-0.742289	148.229594	0.004864	7.6
1018	-0.713238	148.150100	0.004247	11.3
1019	-0.398320	148.070719	0.006995	9.1
1020	-0.649424	147.991452	0.005975	7.5
1021	-1.183486	147.912298	0.044411	7.6
1022	-0.000000	147.833257	0.000000	7.6
1023	-0.661497	147.754329	0.006259	11.3
1024	-1.044787	147.675512	0.007927	7.6
1025	-0.904124	147.596808	0.008160	7.8
1026	-0.103230	147.518216	0.002970	8.4
1027	-0.482234	147.439735	0.013727	8.2
1028	-0.000000	147.361365	0.000000	11.2
1029	-0.690179	147.283106	0.012883	8.3
1030	-0.698900	147.204958	0.008048	7.7
1031	-0.475252	147.126920	0.007623	8.0
1032	-0.245821	147.048993	0.004937	7.7
1033	-0.967872	146.971175	0.008143	11.1
1034	-0.563449	146.893468	0.009691	7.7
1035	-0.886682	146.815869	0.006141	8.3
1036	-1.189781	146.738380	0.009178	7.7
1037	-0.934371	146.661000	0.029357	7.8
1038	-1.030000	146.583729	0.007752	10.9
1039	-0.745234	146.506566	0.006242	7.8
1040	-0.000000	146.429511	0.000000	7.7
1041	-0.223334	146.352565	0.004991	7.9
1042	-0.435388	146.275726	0.003798	7.6
1043	-0.000000	146.198994	0.000000	11.7
1044	-0.000000	146.122370	0.000000	7.9
1045	-0.823896	146.045853	0.007376	7.6
1046	-0.018054	145.969442	0.000373	7.8
1047	-0.000068	145.893139	0.000030	8.5
1048	-0.001138	145.816941	0.000129	10.7
1049	-0.605588	145.740849	0.004953	7.6
1050	-0.329030	145.664863	0.006118	8.2
1051	-0.772564	145.588983	0.006830	7.6
1052	-0.834474	145.513208	0.015668	7.6
1053	-0.673621	145.437538	0.014761	10.6
1054	-0.495264	145.361973	0.005373	8.3
1055	-0.000000	145.286513	0.000000	7.6
1056	-0.000000	145.211157	0.000000	7.6
1057	-0.000000	145.135905	0.000000	7.6
1058	-0.764031	145.060757	0.010257	10.9
1059	-0.000000	144.985712	0.000000	7.7
1060	-0.850359	144.910771	0.009747	8.0
1061	-0.667166	144.835934	0.017017	7.6
1062	-0.382958	144.761199	0.003951	8.3
1063	-0.000000	144.686567	0.000000	10.9
1064	-0.000000	144.612037	0.000000	8.7
1065	-0.000000	144.537610	0.000000	7.7
1066	-0.652151	144.463285	0.005409	8.2
1067	-0.738453	144.389062	0.007666	8.1
1068	-0.707077	144.314940	0.004038	11.6
1069	-0.261359	144.240920	0.006105	8.1
1070	-0.847706	144.167001	0.012535	7.7
1071	-0.744040	144.093182	0.006111	8.7
1072	-0.685247	144.019465	0.004935	8.1
1073	-0.791970	143.945848	0.022398	11.6
1074	-0.925864	143.872331	0.009065	7.7
1075	-0.676185	143.798914	0.032387	7.7
1076	-0.269447	143.725597	0.004056	8.5
1077	-1.118479	143.652380	0.023988	8.2
1078	-1.120175	143.579262	0.026883	11.3
1079	-0.987629	143.506243	0.014321	7.8
1080	-1.135894	143.433323	0.008568	7.7
1081	-0.667702	143.360502	0.007641	8.2
1082	-0.973814	143.287780	0.010821	7.6
1083	-0.512000	143.215155	0.005169	11.6
1084	-0.283294	143.142629	0.002398	8.4
1085	-0.734066	143.070201	0.011810	8.0
1086	-0.000000	142.997870	0.000000	8.0
1087	-0.617735	142.925637	0.006018	7.6
1088	-0.911036	142.853501	0.018977	11.5
1089	-0.528685	142.781462	0.004682	7.7
1090	-0.184065	142.709519	0.004217	7.8
1091	-0.600247	142.637674	0.006288	7.6
1092	-0.742174	142.565924	0.012099	7.8
1093	-0.796021	142.494271	0.012641	10.3
1094	-0.800557	142.422714	0.009588	8.1
1095	-0.417481	142.351252	0.002436	7.9
1096	-0.805024	142.279886	0.007545	7.6
1097	-0.624576	142.208616	0.009793	7.6
1098	-0.000000	142.137440	0.000000	10.2
1099	-0.079983	142.066360	0.000553	8.4
1100	-0.876990	141.995374	0.006895	8.2
1101	-0.000000	141.924483	0.000000	7.6
1102	-0.982058	141.853685	0.012293	7.7
1103	-0.906181	141.782983	0.007140	10.3
1104	-0.188759	141.712373	0.002307	8.6
1105	-0.259723	141.641858	0.002031	7.7
1106	-1.028977	141.571436	0.013097	7.8
1107	-0.609495	141.501108	0.009451	7.6
1108	-1.096781	141.430872	0.009396	10.7
1109	-0.323340	141.360730	0.002056	8.6
1110	-0.000000	141.290680	0.000000	7.8
1111	-0.537678	141.220722	0.003524	8.3
1112	-0.793047	141.150857	0.019425	8.2
1113	-0.553187	141.081084	0.005639	12.1
1114	-0.255857	141.011403	0.002691	8.2
1115	-0.000000	140.941813	0.000000	8.3
1116	-0.133301	140.872315	0.004699	7.6
1117	-0.000000	140.802909	0.000000	7.6
1118	-0.022182	140.733593	0.000715	10.5
1119	-0.000000	140.664369	0.000000	8.2
1120	-0.000000	140.595235	0.000000	7.6
1121	-0.000000	140.526192	0.000000	7.6
1122	-1.119613	140.457239	0.025220	7.6
1123	-0.538616	140.388376	0.014518	10.8
1124	-0.000000	140.319603	0.000000	8.2
1125	-0.770953	140.250920	0.005334	7.7
1126	-1.168274	140.182326	0.015396	7.6
1127	-0.149696	140.113822	0.004581	8.4
1128	-0.096950	140.045407	0.002099	11.1
1129	-0.191881	139.977081	0.004540	8.2
1130	-0.000000	139.908844	0.000000	7.7
1131	-0.031093	139.840696	0.000870	8.1
1132	-0.108645	139.772635	0.002922	7.7
1133	-0.070337	139.704664	0.000933	10.6
1134	-1.025848	139.636780	0.042891	8.6
1135	-0.202862	139.568984	0.006955	9.1
1136	-0.000000	139.501276	0.000000	7.6
1137	-0.000000	139.433655	0.000000	7.9
1138	-0.046886	139.366122	0.002521	12.2
1139	-0.000000	139.298676	0.000000	7.7
1140	-0.733536	139.231317	0.005844	7.8
1141	-0.253233	139.164045	0.002900	7.7
1142	-0.357997	139.096859	0.005478	7.8
1143	-0.604196	139.029760	0.004260	10.7
1144	-0.987092	138.962747	0.037064	7.9
1145	-0.694479	138.895820	0.009438	7.6
1146	-0.000000	138.828978	0.000000	8.2
1147	-0.996018	138.762223	0.009105	7.5
1148	-1.078062	138.695553	0.023054	10.9
1149	-0.751590	138.628969	0.004590	7.6
1150	-0.000582	138.562469	0.000075	9.0
1151	-0.000000	138.496055	0.000000	7.7
1152	-0.005879	138.429725	0.000333	7.6
1153	-1.034564	138.363481	0.018734	11.3
1154	-0.056316	138.297320	0.003325	7.8
1155	-0.322442	138.231244	0.002613	8.5
1156	-0.784808	138.165252	0.018012	7.8
1157	-0.000035	138.099344	0.000013	7.7
1158	-0.348545	138.033520	0.003824	11.2
1159	-0.500839	137.967779	0.005318	7.8
1160	-0.000000	137.902122	0.000000	8.7
1161	-0.763131	137.836548	0.006649	8.2
1162	-0.180472	137.771057	0.003795	8.1
1163	-0.582734	137.705649	0.008733	11.5
1164	-0.926031	137.640324	0.025565	7.6
1165	-0.862499	137.575081	0.012968	8.9
1166	-0.882880	137.509921	0.008718	8.4
1167	-0.434889	137.444842	0.004037	7.8
1168	-0.715608	137.379846	0.012145	11.4
1169	-0.037387	137.314932	0.001890	8.2
1170	-0.000000	137.250100	0.000000	7.8
1171	-1.152963	137.185349	0.037785	8.5
1172	-0.994577	137.120680	0.005509	7.7
1173	-0.000000	137.056092	0.000000	11.6
1174	-0.911681	136.991585	0.013187	8.5
1175	-0.863408	136.927158	0.008878	8.6
1176	-1.022416	136.862813	0.010890	9.1
1177	-0.597466	136.798548	0.005101	7.6
1178	-0.844813	136.734363	0.005162	12.3
1179	-0.667780	136.670259	0.010891	7.7
1180	-0.639344	136.606235	0.012705	8.8
1181	-0.000000	136.542291	0.000000	7.6
1182	-1.098936	136.478426	0.022487	9.2
1183	-0.208645	136.414641	0.003599	10.6
1184	-0.570016	136.350936	0.008723	8.2
1185	-0.081147	136.287310	0.003206	7.6
1186	-0.004498	136.223763	0.000123	7.7
1187	-0.276152	136.160295	0.008728	9.3
1188	-0.718399	136.096905	0.008031	10.6
1189	-0.038490	136.033594	0.001327	7.7
1190	-0.285361	135.970362	0.003345	7.6
1191	-0.494688	135.907208	0.003220	8.4
1192	-0.321367	135.844133	0.010583	9.4
1193	-0.841939	135.781135	0.008264	9.9
1194	-0.000000	135.718215	0.000000	7.6
1195	-0.294976	135.655373	0.004790	8.2
1196	-0.716349	135.592608	0.006307	7.6
1197	-0.000000	135.529921	0.000000	11.4
1198	-0.020990	135.467311	0.001024	7.6
1199	-0.969627	135.404778	0.007171	8.3
1200	-0.658949	135.342322	0.004732	7.7
1201	-0.680699	135.279942	0.015894	7.6
1202	-0.017303	135.217640	0.000894	11.2
1203	-0.124001	135.155413	0.003283	7.9
1204	-0.709770	135.093263	0.014015	7.6
1205	-0.264368	135.031190	0.008725	7.7
1206	-0.385352	134.969192	0.005119	7.8
1207	-0.661506	134.907270	0.021291	11.5
1208	-0.227566	134.845424	0.003002	12.5
1209	-0.739769	134.783653	0.004596	10.7
1210	-0.000000	134.721958	0.000000	11.4
1211	-0.000000	134.660338	0.000000	13.6
1212	-0.652301	134.598793	0.005143	7.8
1213	-0.542775	134.537323	0.005552	8.4
1214	-0.825413	134.475927	0.024403	9.6
1215	-0.263923	134.414607	0.008986	13.5
1216	-0.000000	134.353361	0.000000	9.3
1217	-0.894113	134.292189	0.034255	8.2
1218	-0.760531	134.231092	0.014777	8.1
1219	-0.652133	134.170068	0.004950	17.0
1220	-0.000000	134.109119	0.000000	20.8
1221	-0.651363	134.048243	0.004994	10.2
1222	-0.000000	133.987441	0.000000	9.0
1223	-0.656187	133.926713	0.006302	16.7
1224	-0.724050	133.866057	0.008438	14.7
1225	-0.686329	133.805475	0.024987	27.2
1226	-1.154604	133.744966	0.029507	7.9
1227	-0.016064	133.684530	0.000446	8.3
1228	-0.883379	133.624167	0.007684	7.5
1229	-0.610056	133.563877	0.004082	8.3
1230	-0.000000	133.503658	0.000000	11.3
1231	-0.816889	133.443513	0.004894	12.5
1232	-0.551228	133.383439	0.004028	10.3
1233	-0.634250	133.323437	0.005769	8.2
1234	-0.402935	133.263508	0.016661	11.5
1235	-1.010582	133.203650	0.019213	8.2
1236	-0.749719	133.143864	0.006126	7.6
1237	-0.875024	133.084149	0.030946	7.8
1238	-0.576819	133.024506	0.008790	7.7
1239	-0.809503	132.964934	0.005302	12.0
1240	-0.679342	132.905433	0.009581	7.7
1241	-1.028696	132.846003	0.037531	7.8
1242	-0.187348	132.786643	0.003746	7.7
1243	-0.945942	132.727355	0.007810	8.5
1244	-0.000000	132.668137	0.000000	11.5
1245	-0.786680	132.608989	0.003371	7.7
1246	-0.000000	132.549912	0.000000	7.6
1247	-0.983445	132.490904	0.013523	9.3
1248	-0.000000	132.431967	0.000000	7.7
1249	-0.543936	132.373100	0.006006	10.9
1250	-0.000000	132.314302	0.000000	8.1
1251	-0.831400	132.255574	0.005218	7.6
1252	-0.014308	132.196916	0.000624	7.6
1253	-0.899786	132.138326	0.028308	7.6
1254	-0.368731	132.079806	0.002481	10.5
1255	-0.000000	132.021355	0.000000	7.9
1256	-0.000000	131.962973	0.000000	7.8
1257	-0.067154	131.904660	0.001865	7.6
1258	-0.625614	131.846415	0.010747	7.8
1259	-0.263385	131.788239	0.001953	10.3
1260	-0.589291	131.730131	0.010841	8.1
1261	-0.726422	131.672092	0.006284	7.5
1262	-0.098408	131.614121	0.001856	8.0
1263	-0.238130	131.556217	0.004530	7.5
1264	-0.665850	131.498382	0.004928	9.6
1265	-0.247423	131.440614	0.003814	9.5
1266	-1.126456	131.382914	0.018593	8.2
1267	-0.838914	131.325282	0.009483	8.4
1268	-0.000000	131.267717	0.000000	7.7
1269	-0.229749	131.210219	0.005446	11.0
1270	-0.460645	131.152788	0.004779	10.2
1271	-0.531014	131.095424	0.005579	10.2
1272	-0.534721	131.038127	0.006290	8.4
1273	-0.055665	130.980897	0.000509	10.0
1274	-0.681107	130.923733	0.007886	11.0
1275	-0.708325	130.866636	0.006477	11.3
1276	-0.362905	130.809605	0.004346	11.1
1277	-0.842170	130.752641	0.015597	12.8
1278	-0.163071	130.695742	0.002714	7.6
1279	-0.397616	130.638910	0.001898	8.1
1280	-1.081954	130.582143	0.017714	10.3
1281	-0.000000	130.525442	0.000000	9.6
1282	-0.437908	130.468807	0.005821	11.9
1283	-0.000000	130.412237	0.000000	10.3
1284	-1.017555	130.355733	0.018888	9.6
1285	-0.045852	130.299294	0.002972	7.7
1286	-0.000000	130.242920	0.000000	13.1
1287	-0.000000	130.186611	0.000000	9.9
1288	-0.829989	130.130366	0.008476	10.3
1289	-1.024344	130.074187	0.017863	10.3
1290	-1.053860	130.018072	0.008924	12.8
1291	-0.990897	129.962022	0.014760	7.7
1292	-0.000000	129.906036	0.000000	7.8
1293	-0.606753	129.850114	0.007054	10.2
1294	-0.000000	129.794257	0.000000	9.7
1295	-1.055931	129.738463	0.013278	12.5
1296	-0.000000	129.682734	0.000000	10.1
1297	-1.206252	129.627068	0.033155	9.4
1298	-0.305492	129.571466	0.002711	7.5
1299	-0.280658	129.515927	0.005852	11.9
1300	-0.000049	129.460452	0.000002	9.9
1301	-0.000000	129.405040	0.000000	9.8
1302	-0.784602	129.349692	0.014619	10.8
1303	-0.725195	129.294406	0.008291	10.3
1304	-0.148262	129.239183	0.005358	9.8
1305	-0.925097	129.184024	0.009511	10.6
1306	-0.584708	129.128927	0.009015	9.9
1307	-0.880676	129.073892	0.009703	12.1
1308	-0.000000	129.018921	0.000000	8.3
1309	-0.000000	128.964011	0.000000	10.0
1310	-0.002211	128.909164	0.000140	10.5
1311	-0.009117	128.854379	0.000978	12.6
1312	-0.311589	128.799656	0.006003	10.0
1313	-0.104002	128.744995	0.001948	10.3
1314	-0.881485	128.690396	0.009526	7.6
1315	-0.987139	128.635858	0.010512	9.6
1316	-0.925860	128.581382	0.013124	11.4
1317	-0.968205	128.526968	0.016515	9.7
1318	-0.000000	128.472615	0.000000	10.0
1319	-0.895414	128.418323	0.037211	7.7
1320	-0.843858	128.364092	0.008353	11.8
1321	-0.731304	128.309922	0.009585	8.1
1322	-0.723397	128.255814	0.010228	9.1
1323	-1.004320	128.201766	0.013438	9.6
1324	-1.083040	128.147778	0.025831	8.7
1325	-0.005288	128.093852	0.000231	11.9
1326	-0.539113	128.039985	0.004603	9.7
1327	-0.818239	127.986180	0.009332	8.6
1328	-1.050142	127.932434	0.010665	7.9
1329	-0.103275	127.878749	0.003912	11.6
1330	-0.000006	127.825123	0.000000	9.9
1331	-0.000000	127.771558	0.000000	10.0
1332	-0.000000	127.718052	0.000000	9.8
1333	-0.976998	127.664606	0.007718	12.4
1334	-0.158968	127.611220	0.004402	8.0
1335	-0.656137	127.557893	0.018799	7.6
1336	-0.000664	127.504625	0.000027	10.2
1337	-0.812115	127.451417	0.008401	10.5
1338	-0.000000	127.398268	0.000000	11.2
1339	-0.905743	127.345178	0.009507	10.4
1340	-0.018245	127.292147	0.001553	9.9
1341	-0.586281	127.239175	0.006216	7.5
1342	-0.205356	127.186261	0.007789	13.3
1343	-0.991702	127.133407	0.007641	9.8
1344	-0.836427	127.080610	0.014797	9.6
1345	-0.817616	127.027872	0.009845	9.9
1346	-1.092268	126.975193	0.010960	12.8
1347	-0.537009	126.922572	0.007081	10.2
1348	-0.539770	126.870008	0.006337	9.7
1349	-0.012773	126.817503	0.000391	7.7
1350	-0.748886	126.765056	0.006017	9.4
1351	-0.532090	126.712667	0.006569	10.8
1352	-0.649330	126.660335	0.009129	9.7
1353	-0.000000	126.608061	0.000000	9.9
1354	-0.017843	126.555844	0.000533	7.6
1355	-0.766141	126.503685	0.021860	11.5
1356	-0.000000	126.451583	0.000000	9.7
1357	-0.657276	126.399538	0.008272	9.7
1358	-0.579847	126.347550	0.011070	9.3
1359	-0.225299	126.295619	0.005319	12.6
1360	-0.475885	126.243745	0.004603	11.3
1361	-0.032734	126.191928	0.001155	10.1
1362	-0.421847	126.140168	0.007072	7.7
1363	-0.619472	126.088464	0.005188	8.8
1364	-0.000000	126.036817	0.000000	10.9
1365	-0.000000	125.985226	0.000000	9.2
1366	-0.759035	125.933691	0.006176	9.9
1367	-0.110505	125.882212	0.001244	8.2
1368	-0.779015	125.830790	0.004955	11.0
1369	-0.760550	125.779423	0.006214	10.6
1370	-0.078383	125.728113	0.001916	10.1
1371	-0.305474	125.676858	0.009754	9.6
1372	-0.541545	125.625659	0.009809	13.1
1373	-0.996468	125.574515	0.009800	10.1
1374	-0.358339	125.523427	0.002266	10.5
1375	-0.515106	125.472394	0.007443	9.9
1376	-0.003714	125.421417	0.000645	12.0
1377	-0.005334	125.370495	0.000237	8.7
1378	-0.994608	125.319628	0.005883	9.1
1379	-1.159995	125.268815	0.036177	10.0
1380	-1.062301	125.218058	0.015077	8.3
1381	-0.582804	125.167356	0.005431	12.3
1382	-0.556617	125.116708	0.004804	10.5
1383	-0.574815	125.066115	0.004854	10.4
1384	-0.137774	125.015576	0.005602	11.7
1385	-0.000000	124.965092	0.000000	11.3
1386	-0.815714	124.914662	0.008950	8.4
1387	-0.158928	124.864287	0.003736	7.5
1388	-0.572402	124.813965	0.006372	10.2
1389	-1.015680	124.763698	0.005443	12.4
1390	-0.780884	124.713485	0.013028	9.6
1391	-0.775727	124.663325	0.006523	10.2
1392	-0.575857	124.613219	0.006928	10.3
1393	-0.000000	124.563167	0.000000	11.4
1394	-0.000000	124.513168	0.000000	8.4
1395	-0.952336	124.463223	0.008561	9.8
1396	-0.000001	124.413332	0.000000	8.2
1397	-0.742546	124.363493	0.005806	10.2
1398	-0.736497	124.313708	0.008342	11.3
1399	-0.704187	124.263976	0.004498	9.7
1400	-0.719320	124.214297	0.010308	9.9
1401	-0.319447	124.164671	0.004954	11.8
1402	-0.000000	124.115097	0.000000	10.4
1403	-0.660313	124.065577	0.005255	10.0
1404	-0.765959	124.016109	0.004101	9.4
1405	-0.731855	123.966693	0.025624	8.9
1406	-0.941147	123.917330	0.006497	10.9
1407	-0.037072	123.868020	0.000524	8.1
1408	-0.000000	123.818762	0.000000	10.2
1409	-0.687418	123.769556	0.005644	10.4
1410	-0.776145	123.720402	0.005417	13.4
1411	-0.777508	123.671300	0.004926	10.0
1412	-0.629185	123.622250	0.004745	8.9
1413	-0.022424	123.573252	0.001306	7.8
1414	-0.878899	123.524305	0.006131	12.3
1415	-1.147702	123.475411	0.015690	10.2
1416	-0.936579	123.426568	0.008096	10.1
1417	-0.000000	123.377776	0.000000	10.2
1418	-0.081558	123.329036	0.001917	12.4
1419	-0.097404	123.280347	0.001952	8.2
1420	-0.106917	123.231709	0.002947	8.4
1421	-0.488010	123.183122	0.006319	10.7
1422	-0.000000	123.134587	0.000000	10.2
1423	-0.726428	123.086102	0.005409	11.5
1424	-1.033398	123.037669	0.009086	10.0
1425	-0.972615	122.989286	0.012015	9.0
1426	-0.000000	122.940954	0.000000	7.9
1427	-0.789074	122.892672	0.003506	12.0
1428	-0.560131	122.844441	0.006417	10.2
1429	-0.663268	122.796261	0.008125	9.6
1430	-0.000000	122.748130	0.000000	9.7
1431	-0.339897	122.700050	0.002393	12.9
1432	-0.971584	122.652021	0.009017	10.7
1433	-0.559856	122.604041	0.005994	9.2
1434	-0.645457	122.556111	0.006229	7.7
1435	-0.000000	122.508232	0.000000	8.8
1436	-0.380902	122.460402	0.004694	11.4
1437	-0.423677	122.412622	0.006156	10.2
1438	-0.892240	122.364891	0.011024	9.6
1439	-1.020518	122.317210	0.014182	7.6
1440	-0.001268	122.269579	0.000011	13.4
1441	-0.559727	122.221997	0.004843	10.5
1442	-0.000000	122.174465	0.000000	11.6
1443	-0.000000	122.126981	0.000000	10.2
1444	-0.889772	122.079547	0.007077	12.3
1445	-0.082690	122.032162	0.002650	7.9
1446	-0.540525	121.984826	0.004119	8.4
1447	-0.721030	121.937539	0.006204	10.0
1448	-0.839430	121.890301	0.007065	9.1
1449	-0.008283	121.843112	0.000149	12.6
1450	-0.977465	121.795971	0.031584	9.7
1451	-0.622348	121.748879	0.004359	8.7
1452	-0.628810	121.701835	0.005888	7.9
1453	-0.716288	121.654840	0.005579	11.2
1454	-0.011348	121.607893	0.000611	7.8
1455	-0.820966	121.560994	0.007848	7.9
1456	-0.786006	121.514144	0.015570	7.6
1457	-0.921504	121.467342	0.007336	9.1
1458	-0.000000	121.420588	0.000000	13.4
1459	-0.549864	121.373882	0.006562	9.6
1460	-0.583117	121.327223	0.004487	10.3
1461	-0.928859	121.280613	0.008489	9.8
1462	-0.000068	121.234050	0.000006	9.2
1463	-0.000010	121.187535	0.000007	11.0
1464	-1.159347	121.141067	0.017993	9.9
1465	-0.688068	121.094647	0.008972	9.4
1466	-1.157018	121.048274	0.019435	8.2
1467	-0.662418	121.001949	0.006728	15.1
1468	-0.317436	120.955671	0.002789	10.2
1469	-0.986934	120.909440	0.012231	10.3
1470	-0.000000	120.863256	0.000000	12.7
1471	-0.000004	120.817119	0.000004	11.1
1472	-0.000000	120.771029	0.000000	10.7
1473	-0.081610	120.724986	0.002396	9.9
1474	-0.000000	120.678990	0.000000	12.5
1475	-1.053337	120.633040	0.009535	8.3
1476	-0.744636	120.587137	0.009145	10.4
1477	-0.429991	120.541281	0.003827	9.3
1478	-0.181385	120.495471	0.005493	9.3
1479	-0.000655	120.449707	0.000171	12.8
1480	-0.782092	120.403990	0.010461	10.0
1481	-0.299573	120.358319	0.004769	10.5
1482	-0.616067	120.312694	0.008300	12.7
1483	-0.000000	120.267115	0.000000	10.0
1484	-0.092637	120.221582	0.001109	11.3
1485	-1.143017	120.176096	0.027721	11.0
1486	-0.565378	120.130655	0.005493	14.2
1487	-0.100626	120.085260	0.003229	8.6
1488	-0.187774	120.039910	0.004388	10.8
1489	-0.955910	119.994606	0.011342	10.1
1490	-0.081338	119.949348	0.002661	10.0
1491	-0.493952	119.904135	0.004988	12.1
1492	-0.314186	119.858968	0.003703	9.9
1493	-1.108459	119.813846	0.032964	7.5
1494	-0.624854	119.768769	0.004422	8.5
1495	-0.377684	119.723738	0.003843	13.6
1496	-0.823826	119.678752	0.007431	10.2
1497	-0.911435	119.633810	0.013683	10.4
1498	-0.965754	119.588914	0.008040	12.5
1499	-0.493609	119.544062	0.007692	9.9
1500	-1.031633	119.499256	0.007998	10.4
1501	-1.115028	119.454494	0.016279	9.9
1502	-0.000003	119.409777	0.000001	10.5
1503	-0.734842	119.365104	0.007784	9.1
1504	-0.843885	119.320476	0.007369	10.8
1505	-0.907417	119.275893	0.005014	9.4
1506	-0.641880	119.231353	0.011266	10.9
1507	-1.134576	119.186859	0.019562	12.0
1508	-0.937048	119.142408	0.010041	10.1
1509	-0.000000	119.098002	0.000000	10.4
1510	-1.064384	119.053639	0.010363	12.4
1511	-0.523030	119.009321	0.011129	10.7
1512	-0.533544	118.965047	0.005426	10.3
1513	-0.021612	118.920816	0.001206	8.4
1514	-0.000000	118.876630	0.000000	10.8
1515	-0.785198	118.832487	0.009963	9.6
1516	-0.767224	118.788388	0.004454	8.7
1517	-1.088977	118.744332	0.013596	10.1
1518	-0.000000	118.700320	0.000000	8.3
1519	-0.000000	118.656352	0.000000	11.8
1520	-1.123622	118.612427	0.007211	9.7
1521	-0.448707	118.568545	0.008516	9.2
1522	-1.051036	118.524706	0.005532	7.6
1523	-0.707785	118.480911	0.005626	9.8
1524	-0.004373	118.437159	0.000034	11.9
1525	-0.956330	118.393450	0.005754	10.1
1526	-0.712860	118.349784	0.004891	10.1
1527	-1.088412	118.306160	0.021571	10.6
1528	-0.305782	118.262580	0.006202	11.1
1529	-0.542292	118.219042	0.007825	8.1
1530	-0.750853	118.175548	0.007891	9.9
1531	-0.565236	118.132095	0.005665	8.8
1532	-0.192299	118.088686	0.003743	11.7
1533	-0.325743	118.045319	0.003729	9.5
1534	-0.212857	118.001994	0.005225	10.1
1535	-0.000000	117.958712	0.000000	8.6
1536	-0.804997	117.915472	0.006581	11.3
1537	-0.349740	117.872274	0.006186	11.1
1538	-0.879377	117.829118	0.004663	10.0
1539	-0.000000	117.786005	0.000000	10.0
1540	-0.043698	117.742933	0.002015	12.3
1541	-1.126824	117.699904	0.006832	8.8
1542	-0.000000	117.656916	0.000000	8.1
1543	-0.969614	117.613971	0.009991	10.2
1544	-0.000000	117.571067	0.000000	10.5
1545	-0.849952	117.528205	0.005975	11.1
1546	-0.857521	117.485384	0.009533	10.0
1547	-0.030669	117.442605	0.000899	10.2
1548	-1.048243	117.399867	0.011285	7.5
1549	-0.000010	117.357171	0.000003	11.8
1550	-0.136153	117.314517	0.003816	9.7
1551	-0.344705	117.271903	0.007542	9.6
1552	-0.000000	117.229331	0.000000	10.0
1553	-0.745715	117.186800	0.009894	12.4
1554	-0.605003	117.144311	0.005731	8.6
1555	-0.849993	117.101862	0.013629	8.3
1556	-0.917496	117.059454	0.008194	9.9
1557	-0.779535	117.017087	0.008174	11.0
1558	-0.384329	116.974762	0.002152	9.7
1559	-0.654315	116.932476	0.004399	8.9
1560	-0.365922	116.890232	0.003792	9.8
1561	-0.215163	116.848028	0.004009	8.1
1562	-0.876712	116.805865	0.008363	13.6
1563	-0.000000	116.763743	0.000000	9.9
1564	-1.147470	116.721661	0.010031	8.9
1565	-0.255590	116.679619	0.003556	8.0
1566	-0.492270	116.637618	0.007074	12.9
1567	-0.861345	116.595657	0.007030	10.5
1568	-0.926598	116.553736	0.006595	7.7
1569	-0.000000	116.511855	0.000000	7.7
1570	-0.839284	116.470015	0.015014	7.5
1571	-0.712367	116.428214	0.004868	12.7
1572	-1.053835	116.386454	0.023465	10.3
1573	-1.026151	116.344733	0.006775	10.1
1574	-1.013919	116.303052	0.009750	9.9
1575	-0.091977	116.261412	0.004527	10.3
1576	-0.792865	116.219810	0.003798	11.0
1577	-0.907369	116.178249	0.013798	9.8
1578	-0.073470	116.136727	0.001925	7.6
1579	-0.592477	116.095245	0.010867	10.5
1580	-0.351053	116.053802	0.007945	12.3
1581	-0.903899	116.012398	0.010470	9.9
1582	-1.236855	115.971034	0.017488	9.9
1583	-0.943332	115.929710	0.011824	13.8
1584	-1.050365	115.888424	0.011314	9.6
1585	-0.761000	115.847178	0.008668	9.0
1586	-0.000000	115.805970	0.000000	7.7
1587	-0.000000	115.764802	0.000000	8.3
1588	-1.103529	115.723673	0.005617	12.4
1589	-0.024995	115.682583	0.001933	10.1
1590	-1.076269	115.641532	0.022520	9.4
1591	-0.000000	115.600519	0.000000	7.4
1592	-0.700482	115.559546	0.011121	11.5
1593	-0.996769	115.518610	0.015718	10.1
1594	-1.189666	115.477714	0.007034	10.9
1595	-1.096759	115.436856	0.011037	9.7
1596	-0.971004	115.396037	0.011624	14.2
1597	-0.914068	115.355256	0.005778	7.9
1598	-1.139083	115.314514	0.017711	8.2
1599	-0.046211	115.273810	0.001597	10.4
1600	-0.911350	115.233144	0.008729	9.5
1601	-0.905232	115.192517	0.009431	12.1
1602	-0.052270	115.151927	0.000750	10.4
1603	-0.640971	115.111376	0.013655	10.4
1604	-0.000875	115.070863	0.000060	11.0
1605	-0.897020	115.030388	0.009472	10.6
1606	-0.407123	114.989951	0.005705	8.1
1607	-0.814169	114.949551	0.007979	9.7
1608	-0.952125	114.909190	0.006802	9.6
1609	-0.000000	114.868866	0.000000	13.0
1610	-0.703964	114.828580	0.007794	7.9
1611	-1.021155	114.788332	0.007743	8.7
1612	-1.030278	114.748121	0.018494	9.7
1613	-1.064121	114.707948	0.012209	10.0
1614	-0.557398	114.667812	0.011321	11.4
1615	-0.590705	114.627714	0.005633	10.1
1616	-0.832580	114.587653	0.010375	9.9
1617	-0.653719	114.547629	0.009839	7.7
1618	-0.723940	114.507643	0.011409	11.8
1619	-0.924662	114.467693	0.005647	10.2
1620	-0.000000	114.427781	0.000000	10.6
1621	-0.150306	114.387907	0.002480	9.8
1622	-0.836436	114.348069	0.005755	13.4
1623	-0.707085	114.308268	0.008417	8.7
1624	-0.902299	114.268504	0.012996	8.3
1625	-0.553329	114.228777	0.005700	10.3
1626	-0.068418	114.189086	0.001151	10.5
1627	-0.763457	114.149433	0.012602	10.4
1628	-0.629725	114.109816	0.005650	10.1
1629	-0.452431	114.070235	0.003418	9.3
1630	-0.152876	114.030692	0.002071	7.5
1631	-0.538453	113.991185	0.006106	12.6
1632	-0.002342	113.951714	0.000153	10.1
1633	-0.000000	113.912280	0.000000	10.0
1634	-1.043181	113.872882	0.011156	10.7
1635	-0.753821	113.833521	0.005183	13.0
1636	-0.313921	113.794195	0.005428	10.0
1637	-0.595014	113.754906	0.004676	9.7
1638	-0.000000	113.715653	0.000000	10.1
1639	-0.998110	113.676437	0.010334	10.9
1640	-0.000000	113.637256	0.000000	8.1
1641	-0.080373	113.598111	0.002152	9.9
1642	-0.000000	113.559002	0.000000	9.1
1643	-0.000000	113.519929	0.000000	7.8
1644	-0.969719	113.480892	0.010285	14.2
1645	-0.622860	113.441891	0.006422	10.6
1646	-0.604682	113.402925	0.009843	9.9
1647	-0.362187	113.363995	0.003925	11.7
1648	-1.016394	113.325101	0.006970	12.1
1649	-0.747594	113.286242	0.007473	10.2
1650	-0.069016	113.247419	0.003125	9.3
1651	-0.217274	113.208631	0.004588	13.3
1652	-0.749786	113.169879	0.006912	9.9
1653	-0.876083	113.131162	0.008590	9.8
1654	-0.703943	113.092480	0.006753	9.5
1655	-0.693555	113.053833	0.005737	10.4
1656	-0.045507	113.015222	0.000906	10.3
1657	-0.000000	112.976646	0.000000	10.3
1658	-0.081568	112.938105	0.002150	8.1
1659	-1.018710	112.899599	0.035179	8.1
1660	-0.347617	112.861128	0.003271	14.9
1661	-0.564501	112.822692	0.003525	10.3
1662	-0.000000	112.784291	0.000000	10.2
1663	-0.221953	112.745924	0.003854	10.4
1664	-0.000000	112.707593	0.000000	12.3
1665	-0.969031	112.669296	0.016219	7.5
1666	-0.377437	112.631034	0.005815	9.6
1667	-0.876584	112.592806	0.005490	9.9
1668	-0.924029	112.554613	0.012045	12.6
1669	-0.000000	112.516455	0.000000	9.2
1670	-0.986748	112.478331	0.008956	9.7
1671	-0.775657	112.440241	0.010282	7.5
1672	-0.757482	112.402186	0.011955	11.7
1673	-0.000000	112.364165	0.000000	10.0
1674	-0.935724	112.326179	0.003871	10.5
1675	-0.969878	112.288227	0.020651	10.7
1676	-0.000000	112.250309	0.000000	13.3
1677	-0.636476	112.212425	0.008356	10.0
1678	-1.013016	112.174575	0.017162	9.9
1679	-0.861793	112.136759	0.008361	7.8
1680	-1.051345	112.098977	0.010913	8.4
1681	-0.016448	112.061229	0.000623	11.3
1682	-0.951527	112.023515	0.012386	8.5
1683	-0.060209	111.985834	0.002848	9.8
1684	-1.196608	111.948188	0.047838	9.1
1685	-1.162966	111.910575	0.029510	11.0
1686	-0.994591	111.872996	0.007251	10.2
1687	-0.582946	111.835450	0.015242	10.3
1688	-0.210611	111.797939	0.006789	11.1
1689	-0.018836	111.760460	0.001004	11.0
1690	-0.692466	111.723015	0.008990	8.2
1691	-0.588118	111.685604	0.006406	10.6
1692	-0.000000	111.648226	0.000000	8.9
1693	-0.743197	111.610881	0.006017	8.7
1694	-1.036026	111.573570	0.011675	9.9
1695	-1.081828	111.536292	0.005776	7.7
1696	-0.553993	111.499047	0.004829	8.3
1697	-1.058705	111.461835	0.021883	7.8
1698	-0.571012	111.424656	0.005373	10.7
1699	-0.610704	111.387510	0.019326	10.2
1700	-0.000000	111.350398	0.000000	10.4
1701	-0.000000	111.313318	0.000000	10.0
1702	-0.301835	111.276271	0.006392	12.3
1703	-0.507284	111.239257	0.011663	8.2
1704	-0.982285	111.202276	0.005770	8.3
1705	-0.945234	111.165328	0.007852	10.9
1706	-0.928814	111.128412	0.006206	10.3
1707	-0.000010	111.091529	0.000003	11.2
1708	-0.770923	111.054679	0.006890	10.1
1709	-0.667675	111.017861	0.012452	8.7
1710	-0.600918	110.981076	0.005895	7.8
1711	-0.000000	110.944323	0.000000	12.7
1712	-0.746554	110.907603	0.006827	7.7
1713	-0.000000	110.870915	0.000000	9.9
1714	-0.732646	110.834259	0.006784	9.7
1715	-0.852110	110.797636	0.041030	9.6
1716	-0.491729	110.761045	0.008315	11.7
1717	-0.984642	110.724486	0.043160	10.1
1718	-0.836062	110.687959	0.010193	7.9
1719	-0.051828	110.651465	0.001233	9.3
1720	-0.000000	110.615002	0.000000	12.6
1721	-0.476583	110.578572	0.007844	9.6
1722	-0.606156	110.542173	0.011273	10.1
1723	-0.630313	110.505807	0.012486	9.1
1724	-0.000000	110.469472	0.000000	10.3
1725	-0.318003	110.433169	0.003289	9.0
1726	-0.772961	110.396898	0.009046	9.4
1727	-0.019073	110.360659	0.000691	9.8
1728	-0.753868	110.324451	0.017213	13.2
1729	-1.066592	110.288276	0.009139	10.0
1730	-0.787652	110.252131	0.006590	10.3
1731	-0.334100	110.216019	0.005966	7.7
1732	-0.711634	110.179937	0.004681	12.0
1733	-1.012265	110.143888	0.015581	7.6
1734	-0.028504	110.107869	0.000474	8.2
1735	-1.055090	110.071882	0.006085	7.7
1736	-0.073453	110.035927	0.002051	8.2
1737	-0.870177	110.000003	0.007857	10.7
1738	-0.972166	109.964110	0.012924	8.0
1739	-0.461392	109.928248	0.013358	7.6
1740	-0.000000	109.892417	0.000000	7.6
1741	-0.000000	109.856618	0.000000	7.7
1742	-1.008792	109.820850	0.009225	10.8
1743	-0.452820	109.785112	0.005612	7.8
1744	-0.018569	109.749406	0.002240	8.2
1745	-0.452983	109.713730	0.005387	7.5
1746	-0.002967	109.678086	0.000355	7.7
1747	-0.695189	109.642472	0.007575	9.7
1748	-0.128027	109.606890	0.001796	9.4
1749	-0.993070	109.571337	0.007017	7.6
1750	-0.597643	109.535816	0.006210	7.8
1751	-0.000000	109.500326	0.000000	7.5
1752	-0.548630	109.464866	0.005466	10.6
1753	-0.022577	109.429436	0.001329	9.0
1754	-0.836142	109.394038	0.009625	8.3
1755	-0.898334	109.358669	0.011155	7.7
1756	-0.185921	109.323331	0.006033	7.6
1757	-0.829580	109.288024	0.006120	11.2
1758	-0.000000	109.252747	0.000000	7.5
1759	-0.251136	109.217501	0.004221	8.5
1760	-0.769971	109.182284	0.012667	8.4
1761	-0.000000	109.147098	0.000000	7.6
1762	-0.285995	109.111942	0.004349	11.3
1763	-0.650192	109.076817	0.007036	8.3
1764	-0.838329	109.041721	0.004910	7.5
1765	-0.000000	109.006656	0.000000	7.6
1766	-0.998721	108.971620	0.007519	7.6
1767	-0.521254	108.936615	0.004883	10.7
1768	-0.749871	108.901640	0.014134	8.8
1769	-0.633549	108.866694	0.011307	8.1
1770	-0.833788	108.831779	0.006502	7.8
1771	-0.383678	108.796893	0.005424	7.8
1772	-0.597688	108.762037	0.013062	11.4
1773	-0.250415	108.727211	0.003676	9.1
1774	-0.225700	108.692415	0.002080	7.9
1775	-1.017538	108.657648	0.005523	7.9
1776	-0.000000	108.622911	0.000000	7.9
1777	-0.716599	108.588203	0.010440	11.8
1778	-0.741315	108.553525	0.005019	8.6
1779	-1.192193	108.518877	0.047491	7.7
1780	-0.000000	108.484258	0.000000	7.7
1781	-0.907551	108.449668	0.005989	7.7
1782	-0.527852	108.415108	0.011593	12.1
1783	-0.747298	108.380578	0.009496	7.7
1784	-0.126099	108.346076	0.002458	8.9
1785	-1.002954	108.311604	0.005550	9.7
1786	-0.444195	108.277161	0.003289	7.8
1787	-0.963397	108.242747	0.015923	12.9
1788	-0.000491	108.208363	0.000023	9.9
1789	-0.223058	108.174007	0.003681	8.9
1790	-0.625881	108.139681	0.008149	7.9
1791	-0.201656	108.105383	0.002123	10.8
1792	-0.909371	108.071115	0.010752	8.0
1793	-0.833345	108.036875	0.039563	10.4
1794	-0.930021	108.002665	0.006966	9.7
1795	-1.170375	107.968483	0.027004	9.3
1796	-0.981825	107.934330	0.006218	12.4
1797	-0.752742	107.900206	0.024677	10.5
1798	-0.977808	107.866111	0.007897	10.0
1799	-0.659699	107.832044	0.007350	10.8
1800	-0.577902	107.798007	0.007949	9.8
1801	-0.686230	107.763997	0.004400	10.0
1802	-1.063274	107.730017	0.009384	9.1
1803	-0.363770	107.696065	0.006442	7.6
1804	-0.942031	107.662141	0.009782	11.8
1805	-0.000000	107.628246	0.000000	7.6
1806	-0.733877	107.594379	0.021008	9.7
1807	-1.009177	107.560541	0.006718	10.0
1808	-0.000000	107.526731	0.000000	12.0
1809	-0.000000	107.492949	0.000000	10.2
1810	-0.962321	107.459196	0.008924	10.0
1811	-0.000000	107.425471	0.000000	7.6
1812	-0.632022	107.391774	0.006678	7.8
1813	-0.773635	107.358106	0.029456	14.6
1814	-0.824603	107.324465	0.006058	10.5
1815	-0.708777	107.290853	0.018155	10.1
1816	-1.119476	107.257268	0.025652	7.7
1817	-0.000000	107.223712	0.000000	12.8
1818	-0.821569	107.190184	0.007323	7.7
1819	-0.633912	107.156683	0.004611	9.2
1820	-0.000000	107.123211	0.000000	9.9
1821	-0.188141	107.089766	0.003139	11.2
1822	-0.000000	107.056349	0.000000	8.3
1823	-0.812598	107.022960	0.007889	10.1
1824	-0.209017	106.989599	0.004636	8.8
1825	-0.034973	106.956265	0.001114	7.8
1826	-0.823227	106.922960	0.006773	14.3
1827	-0.000000	106.889681	0.000000	10.7
1828	-0.000000	106.856431	0.000000	10.3
1829	-0.725334	106.823208	0.004824	8.2
1830	-0.557552	106.790012	0.007321	11.5
1831	-0.056182	106.756844	0.000828	10.3
1832	-1.159793	106.723703	0.012373	9.2
1833	-0.000000	106.690590	0.000000	7.8
1834	-1.011478	106.657505	0.017705	10.9
1835	-0.187891	106.624446	0.002176	8.5
1836	-0.914884	106.591415	0.008756	10.8
1837	-0.000000	106.558411	0.000000	9.7
1838	-0.944244	106.525435	0.009785	9.1
1839	-0.621634	106.492485	0.006716	12.0
1840	-0.198188	106.459563	0.005710	9.7
1841	-0.109611	106.426668	0.003093	10.4
1842	-0.905814	106.393800	0.006136	10.3
1843	-0.549205	106.360959	0.006321	9.7
1844	-0.877553	106.328145	0.005632	9.3
1845	-0.561157	106.295358	0.006031	10.4
1846	-1.026600	106.262598	0.007388	10.3
1847	-0.640182	106.229865	0.005637	12.0
1848	-0.650146	106.197158	0.005447	10.0
1849	-0.000000	106.164479	0.000000	7.6
1850	-0.000000	106.131826	0.000000	7.8
1851	-0.872274	106.099201	0.006461	12.0
1852	-0.415846	106.066602	0.002295	8.4
1853	-0.522952	106.034029	0.003845	9.9
1854	-0.400855	106.001483	0.006369	8.8
1855	-1.057136	105.968964	0.009863	8.8
1856	-0.399665	105.936472	0.004244	14.4
1857	-1.190407	105.904006	0.020653	11.1
1858	-0.872647	105.871566	0.008710	10.0
1859	-0.466308	105.839153	0.006079	8.3
1860	-0.167883	105.806767	0.003356	10.8
1861	-0.000000	105.774407	0.000000	7.9
1862	-0.845893	105.742073	0.009375	8.4
1863	-0.491962	105.709766	0.006352	10.1
1864	-0.529557	105.677485	0.008094	12.9
1865	-0.711603	105.645230	0.003182	10.8
1866	-0.000000	105.613001	0.000000	9.8
1867	-0.000000	105.580799	0.000000	9.0
1868	-1.030680	105.548623	0.007918	9.0
1869	-0.015680	105.516473	0.000530	12.9
1870	-0.000000	105.484349	0.000000	11.1
1871	-0.000000	105.452251	0.000000	10.3
1872	-0.000000	105.420179	0.000000	10.0
1873	-1.120941	105.388133	0.014078	9.6
1874	-0.122378	105.356113	0.000990	9.8
1875	-0.981815	105.324119	0.019864	8.5
1876	-0.000000	105.292151	0.000000	7.6
1877	-1.147263	105.260209	0.009716	13.1
1878	-0.000000	105.228293	0.000000	8.1
1879	-0.499807	105.196402	0.004403	10.0
1880	-0.000527	105.164537	0.000049	8.6
1881	-0.752675	105.132698	0.006399	10.5
1882	-0.766210	105.100885	0.005078	10.3
1883	-0.753416	105.069097	0.006433	9.9
1884	-0.000000	105.037335	0.000000	7.5
1885	-0.780972	105.005598	0.015660	9.8
1886	-0.000000	104.973887	0.000000	12.2
1887	-0.653906	104.942202	0.008781	9.6
1888	-0.590644	104.910542	0.005844	9.7
1889	-0.186153	104.878907	0.001418	8.6
1890	-0.819328	104.847298	0.006568	11.3
1891	-0.777861	104.815715	0.004860	7.7
1892	-0.002161	104.784156	0.000289	8.5
1893	-0.001428	104.752623	0.000012	9.8
1894	-0.574345	104.721116	0.006506	11.4
1895	-0.775968	104.689633	0.007187	8.4
1896	-0.310497	104.658176	0.002102	9.7
1897	-0.000000	104.626744	0.000000	10.1
1898	-0.000000	104.595337	0.000000	11.6
1899	-1.067026	104.563955	0.018805	9.4
1900	-0.127709	104.532599	0.002287	8.2
1901	-0.821679	104.501267	0.008110	9.9
1902	-0.027136	104.469960	0.002056	9.2
1903	-0.429619	104.438679	0.002644	13.5
1904	-1.103339	104.407422	0.016371	10.4
1905	-0.136205	104.376191	0.005173	9.4
1906	-0.000000	104.344984	0.000000	7.6
1907	-0.771951	104.313802	0.006993	12.3
1908	-0.688367	104.282645	0.007330	9.9
1909	-0.001726	104.251513	0.000190	10.1
1910	-0.873293	104.220405	0.011932	10.7
1911	-1.018328	104.189323	0.014764	12.6
1912	-0.485206	104.158265	0.007577	7.9
1913	-0.000000	104.127231	0.000000	9.1
1914	-0.000000	104.096222	0.000000	9.9
1915	-0.000000	104.065238	0.000000	9.6
1916	-0.054480	104.034279	0.000695	11.4
1917	-1.048802	104.003344	0.008168	10.0
1918	-1.135616	103.972433	0.007944	9.4
1919	-0.440027	103.941547	0.003722	7.6
1920	-0.123304	103.910686	0.003032	11.3
1921	-1.030842	103.879849	0.007054	10.3
1922	-0.000000	103.849036	0.000000	9.3
1923	-0.777810	103.818248	0.008211	7.7
1924	-0.776399	103.787484	0.013183	11.2
1925	-1.032417	103.756744	0.005014	12.0
1926	-0.320084	103.726029	0.005050	9.9
1927	-0.846736	103.695338	0.015012	8.0
1928	-0.000000	103.664671	0.000000	8.5
1929	-0.464695	103.634028	0.006744	12.8
1930	-0.784853	103.603409	0.010602	10.3
1931	-0.683851	103.572814	0.011588	10.3
1932	-0.000000	103.542244	0.000000	7.9
1933	-0.000000	103.511698	0.000000	11.3
1934	-1.132050	103.481175	0.014644	10.3
1935	-1.044220	103.450677	0.016378	9.6
1936	-0.609930	103.420202	0.005000	8.2
1937	-0.651829	103.389752	0.008070	9.5
1938	-0.807118	103.359325	0.012756	10.2
1939	-0.328460	103.328922	0.003880	7.5
1940	-0.037011	103.298543	0.000486	9.0
1941	-0.639502	103.268188	0.005459	7.8
1942	-0.000000	103.237857	0.000000	9.4
1943	-1.069821	103.207549	0.009165	9.6
1944	-0.770803	103.177265	0.006019	8.2
1945	-0.000000	103.147005	0.000000	7.6
1946	-0.000000	103.116768	0.000000	7.6
1947	-0.806854	103.086556	0.007143	9.3
1948	-1.108210	103.056366	0.014881	10.1
1949	-0.840732	103.026200	0.005655	7.6
1950	-0.083603	102.996058	0.002354	7.8
1951	-0.000000	102.965939	0.000000	7.6
1952	-0.000000	102.935844	0.000000	10.0
1953	-0.498582	102.905772	0.007459	9.6
1954	-0.155178	102.875724	0.002663	9.0
1955	-0.649838	102.845699	0.010729	7.7
1956	-0.360226	102.815697	0.006089	7.6
1957	-0.955892	102.785719	0.006760	10.6
1958	-0.552345	102.755764	0.005009	7.6
1959	-0.601599	102.725832	0.004995	7.6
1960	-0.905229	102.695924	0.006205	9.0
1961	-0.391643	102.666038	0.006205	7.6
1962	-0.019081	102.636176	0.000324	11.0
1963	-0.642357	102.606337	0.004933	7.8
1964	-0.993949	102.576521	0.021012	7.7
1965	-0.884493	102.546728	0.022102	7.6
1966	-0.970390	102.516959	0.008310	7.6
1967	-0.928210	102.487212	0.007974	10.7
1968	-0.307330	102.457488	0.007642	7.9
1969	-0.785395	102.427788	0.017182	9.1
1970	-0.000000	102.398110	0.000000	7.5
1971	-0.000000	102.368455	0.000000	8.0
1972	-0.778720	102.338823	0.006649	10.8
1973	-0.041923	102.309214	0.000841	7.9
1974	-0.697984	102.279628	0.006563	8.4
1975	-0.000000	102.250064	0.000000	8.1
1976	-0.047703	102.220524	0.000922	7.7
1977	-0.000000	102.191006	0.000000	11.1
1978	-0.217004	102.161511	0.004071	7.7
1979	-1.037049	102.132038	0.021212	8.0
1980	-1.057917	102.102588	0.012713	8.0
1981	-0.744567	102.073161	0.006901	7.7
1982	-0.850062	102.043757	0.008510	11.0
1983	-0.000000	102.014375	0.000000	8.1
1984	-0.835925	101.985015	0.006807	7.7
1985	-0.043583	101.955678	0.002494	7.6
1986	-0.486550	101.926364	0.004469	8.3
1987	-1.056447	101.897072	0.012704	11.3
1988	-0.973809	101.867802	0.007582	7.6
1989	-0.000134	101.838555	0.000004	7.6
1990	-0.000000	101.809330	0.000000	7.6
1991	-0.000000	101.780128	0.000000	8.1
1992	-0.000000	101.750948	0.000000	10.5
1993	-0.000001	101.721790	0.000000	7.7
1994	-0.487073	101.692654	0.002947	7.5
1995	-0.517679	101.663541	0.008221	7.8
1996	-0.932764	101.634450	0.010072	7.6
1997	-0.000443	101.605381	0.000069	10.1
1998	-0.555891	101.576335	0.005884	7.9
1999	-0.065436	101.547310	0.002803	7.8
