1:ItNr	2:Metric	3:StepSize	4:||Gradient||	Time[ms]
0	-0.755944	627.201626	0.011978	1077.2
1	-0.818048	623.504937	0.010081	8.0
2	-0.000000	619.865785	0.000000	8.1
3	0.000000	616.282728	0.000000	8.9
4	-0.026767	612.754375	0.001308	10.8
5	-0.635947	609.279381	0.005363	8.5
6	-0.724191	605.856447	0.012099	8.4
7	-0.081325	602.484317	0.003057	8.1
8	-0.725269	599.161779	0.013974	13.1
9	-0.529798	595.887656	0.007326	8.1
10	-0.422204	592.660813	0.012064	8.1
11	-0.103582	589.480151	0.001746	8.6
12	-0.561584	586.344606	0.009040	8.2
13	0.000000	583.253145	0.000000	12.3
14	0.000000	580.204771	0.000000	8.6
15	-0.814693	577.198517	0.006589	8.1
16	-1.023185	574.233444	0.019819	8.1
17	-0.483218	571.308645	0.010300	8.1
18	-0.415880	568.423237	0.009159	13.0
19	-0.003927	565.576365	0.000615	8.3
20	-0.000091	562.767201	0.000013	8.9
21	0.000000	559.994938	0.000000	8.3
22	-0.555057	557.258797	0.010573	11.3
23	-0.750498	554.558018	0.008783	8.3
24	-0.661055	551.891865	0.008634	8.1
25	-0.595556	549.259621	0.008509	8.6
26	-0.958467	546.660592	0.007876	7.9
27	-0.549076	544.094102	0.006252	11.9
28	-0.655055	541.559494	0.005630	8.2
29	-0.407498	539.056129	0.008393	8.8
30	-1.003795	536.583387	0.021044	8.5
31	-0.370443	534.140663	0.005612	11.0
32	-0.957552	531.727370	0.014002	9.0
33	-0.669008	529.342935	0.008119	8.0
34	-0.617448	526.986802	0.006255	8.1
35	-0.697798	524.658430	0.010559	8.2
36	0.000000	522.357290	0.000000	13.8
37	-0.774377	520.082868	0.016517	8.6
38	-0.966851	517.834665	0.019709	8.4
39	-0.908651	515.612193	0.009502	8.2
40	-0.209438	513.414976	0.004763	16.0
41	-0.858380	511.242551	0.012559	8.3
42	-0.467718	509.094468	0.003279	9.0
43	0.000000	506.970285	0.000000	10.6
44	-0.829527	504.869574	0.006788	9.1
45	-0.930972	502.791916	0.008504	11.2
46	-0.211989	500.736903	0.002018	9.0
47	0.000000	498.704137	0.000000	8.2
48	-0.965033	496.693228	0.013492	11.6
49	-0.968279	494.703798	0.018695	13.4
50	-0.095129	492.735476	0.001952	9.9
51	-0.968903	490.787900	0.020961	12.2
52	-0.898736	488.860718	0.013222	8.7
53	-0.176052	486.953585	0.004890	11.6
54	-0.541799	485.066164	0.006157	8.3
55	0.000000	483.198126	0.000000	8.8
56	-0.853273	481.349149	0.019559	8.0
57	-0.615169	479.518920	0.011783	10.3
58	-0.290462	477.707132	0.006390	9.6
59	-0.619866	475.913485	0.008464	8.5
60	-0.476005	474.137684	0.007717	8.5
61	-0.000000	472.379445	0.000000	9.1
62	-0.932815	470.638485	0.010120	12.6
63	-0.686618	468.914531	0.004427	8.3
64	-0.005826	467.207315	0.000089	8.2
65	-0.442855	465.516573	0.009154	8.1
66	-0.092677	463.842050	0.001798	8.8
67	-0.532414	462.183494	0.015806	12.3
68	-0.488078	460.540658	0.005108	8.3
69	-0.261878	458.913303	0.001896	8.2
70	-0.653146	457.301192	0.006561	8.7
71	0.000000	455.704096	0.000000	8.3
72	-0.211276	454.121787	0.006704	12.9
73	-0.891916	452.554045	0.005681	8.7
74	-0.322453	451.000653	0.005907	8.6
75	0.000000	449.461399	0.000000	8.3
76	-0.516968	447.936075	0.007276	11.4
77	0.000000	446.424477	0.000000	8.3
78	0.000000	444.926406	0.000000	8.6
79	0.000000	443.441666	0.000000	8.1
80	-0.472442	441.970065	0.005643	8.5
81	-0.736139	440.511415	0.008109	12.8
82	-0.695920	439.065533	0.006710	8.4
83	-0.541940	437.632238	0.005813	8.2
84	-0.810668	436.211351	0.010768	8.8
85	-0.676554	434.802701	0.011983	10.8
86	0.000000	433.406117	0.000000	8.3
87	-0.124425	432.021430	0.003375	8.7
88	0.000000	430.648479	0.000000	8.1
89	-0.190627	429.287101	0.003968	8.1
90	-0.678969	427.937140	0.008697	12.0
91	-0.418324	426.598440	0.007145	8.9
92	-0.876313	425.270849	0.009087	8.2
93	-0.916797	423.954220	0.018091	8.2
94	-0.241045	422.648404	0.005490	8.2
95	-0.012222	421.353259	0.000724	12.7
96	-0.965366	420.068643	0.008063	8.4
97	-0.665730	418.794419	0.009551	8.1
98	-0.342673	417.530451	0.004826	8.6
99	-0.482315	416.276604	0.004620	8.1
100	-0.358893	415.032748	0.007469	12.5
101	-0.678918	413.798754	0.019936	8.2
102	-0.208595	412.574495	0.006713	9.0
103	-0.907365	411.359849	0.008154	8.2
104	0.000000	410.154691	0.000000	8.2
105	-0.827431	408.958904	0.006055	13.2
106	-0.803711	407.772368	0.013976	8.1
107	-0.318511	406.594968	0.002278	8.2
108	-0.822525	405.426590	0.004961	8.1
109	-0.490980	404.267122	0.006484	10.8
110	-0.413391	403.116456	0.005961	10.1
111	-0.766729	401.974481	0.010832	8.0
112	-1.045296	400.841093	0.015030	8.7
113	-0.917267	399.716187	0.013923	8.2
114	-0.035264	398.599660	0.000697	13.2
115	-0.547106	397.491411	0.005714	8.2
116	-0.022468	396.391342	0.000602	8.9
117	-0.505578	395.299353	0.007295	8.2
118	-0.386358	394.215350	0.005922	10.1
119	-0.673858	393.139238	0.007397	10.1
120	-0.619426	392.070924	0.009844	8.1
121	-0.220937	391.010316	0.007256	8.1
122	-0.058906	389.957325	0.000987	8.1
123	-0.014284	388.911862	0.000825	11.9
124	-0.640531	387.873839	0.006905	8.1
125	-0.365835	386.843173	0.004103	8.3
126	-0.000767	385.819777	0.000079	8.6
127	-0.175650	384.803569	0.003747	9.1
128	-0.243706	383.794468	0.005210	12.9
129	-0.150267	382.792393	0.004597	8.1
130	0.000000	381.797264	0.000000	8.6
131	0.000000	380.809005	0.000000	8.6
132	0.000000	379.827537	0.000000	11.9
133	-0.890772	378.852786	0.016855	8.2
134	-0.945371	377.884678	0.012389	8.5
135	-1.033545	376.923138	0.033638	8.1
136	-0.882963	375.968095	0.019093	8.0
137	-0.257299	375.019479	0.003868	12.5
138	-0.882131	374.077218	0.011904	8.1
139	-0.562773	373.141244	0.005762	8.1
140	-0.455905	372.211489	0.006980	8.1
141	-0.676727	371.287887	0.008433	8.7
142	-0.015730	370.370370	0.000826	12.5
143	-0.007043	369.458876	0.000457	8.3
144	-0.057914	368.553338	0.001528	8.2
145	0.000000	367.653696	0.000000	8.4
146	0.000000	366.759885	0.000000	8.3
147	-0.106631	365.871846	0.002036	12.1
148	-0.882002	364.989518	0.009171	8.7
149	-0.910975	364.112841	0.011056	8.0
150	-0.016646	363.241757	0.000774	8.2
151	-0.438156	362.376208	0.008560	9.6
152	-0.623777	361.516137	0.009496	10.7
153	-0.882517	360.661488	0.009456	8.4
154	-0.257741	359.812206	0.003408	8.2
155	-0.572892	358.968236	0.010059	8.2
156	-0.836268	358.129524	0.006796	11.5
157	-0.230438	357.296018	0.007958	8.3
158	0.000000	356.467665	0.000000	8.2
159	-0.745338	355.644414	0.007972	8.1
160	-0.293756	354.826213	0.002489	8.1
161	-0.000539	354.013012	0.000076	12.5
162	0.000000	353.204763	0.000000	8.1
163	-0.005379	352.401415	0.000215	9.4
164	-0.276859	351.602922	0.004640	8.2
165	-0.775161	350.809235	0.008202	8.7
166	-0.764269	350.020308	0.008875	13.2
167	-0.621040	349.236095	0.004855	8.2
168	-0.573675	348.456550	0.009154	8.3
169	-0.585464	347.681627	0.004507	8.1
170	-0.948953	346.911283	0.015979	10.6
171	-0.947899	346.145474	0.020364	9.8
172	0.000000	345.384157	0.000000	8.3
173	-0.518543	344.627288	0.004755	8.5
174	-0.477295	343.874826	0.007400	8.0
175	-0.384796	343.126729	0.003877	11.7
176	0.000000	342.382957	0.000000	8.1
177	-0.969343	341.643469	0.009987	8.5
178	-0.488584	340.908224	0.015918	8.0
179	-0.977927	340.177184	0.019039	8.2
180	-0.450262	339.450309	0.004320	12.1
181	0.000000	338.727561	0.000000	8.6
182	-0.310315	338.008902	0.005389	8.2
183	-0.971266	337.294295	0.008592	8.2
184	-0.573839	336.583703	0.006167	9.0
185	-0.980442	335.877089	0.015995	11.5
186	0.000000	335.174416	0.000000	8.4
187	-0.909446	334.475651	0.010909	8.1
188	-0.725478	333.780756	0.007620	8.7
189	-0.778637	333.089698	0.011482	10.4
190	-0.271148	332.402443	0.003980	9.5
191	0.000000	331.718955	0.000000	8.6
192	-0.676188	331.039203	0.012842	8.3
193	0.000000	330.363153	0.000000	8.2
194	-0.703508	329.690771	0.024205	11.7
195	-0.488162	329.022027	0.007675	8.5
196	-0.078344	328.356888	0.000628	8.2
197	-0.393939	327.695322	0.004855	8.0
198	0.000000	327.037299	0.000000	8.2
199	-0.707387	326.382787	0.010095	12.8
200	-0.518151	325.731758	0.005872	8.2
201	-0.000000	325.084179	0.000000	8.2
202	-0.654403	324.440023	0.004714	8.5
203	-0.388005	323.799258	0.008869	8.0
204	-0.773812	323.161858	0.009518	12.3
205	-0.482585	322.527792	0.006546	8.2
206	-0.945797	321.897034	0.013459	8.5
207	-0.492801	321.269554	0.007426	8.2
208	-0.855561	320.645325	0.005681	8.1
209	-0.046280	320.024320	0.001244	12.6
210	-0.994465	319.406512	0.021776	8.2
211	-0.000544	318.791875	0.000028	8.2
212	-0.003788	318.180381	0.000465	8.1
213	-0.239195	317.572005	0.003677	8.3
214	-0.682507	316.966721	0.009566	11.9
215	0.000000	316.364504	0.000000	8.4
216	-0.194717	315.765329	0.002516	8.1
217	-0.506619	315.169170	0.005700	8.6
218	0.000000	314.576003	0.000000	8.1
219	-0.371826	313.985804	0.012005	12.1
220	-0.795444	313.398548	0.008496	8.3
221	-0.942767	312.814213	0.006144	8.3
222	-0.214168	312.232773	0.003592	8.2
223	-0.012438	311.654207	0.000200	8.2
224	0.000000	311.078491	0.000000	12.5
225	-0.570482	310.505602	0.009217	8.2
226	-0.863580	309.935518	0.008781	8.3
227	-0.006932	309.368217	0.000474	8.2
228	-0.643614	308.803676	0.005066	9.7
229	-0.125215	308.241874	0.001498	13.7
230	0.000000	307.682789	0.000000	8.2
231	-0.631189	307.126400	0.008124	8.7
232	-0.629221	306.572687	0.010926	8.2
233	-0.870372	306.021627	0.023612	10.4
234	0.000000	305.473201	0.000000	10.1
235	-0.000001	304.927388	0.000001	8.2
236	-0.794734	304.384168	0.006179	8.3
237	-0.812808	303.843521	0.005359	8.2
238	-0.549891	303.305427	0.005702	12.6
239	-0.619276	302.769867	0.006508	8.0
240	-0.626635	302.236821	0.014861	8.4
241	-0.947335	301.706270	0.017445	8.1
242	-0.646729	301.178196	0.009036	8.7
243	-0.922287	300.652580	0.011333	12.5
244	-0.872949	300.129402	0.008631	8.2
245	-0.027402	299.608645	0.000773	8.7
246	-0.893029	299.090291	0.020860	8.3
247	-0.051390	298.574321	0.000836	8.2
248	-0.707581	298.060718	0.007383	12.3
249	-0.471842	297.549465	0.005256	9.1
250	-0.485747	297.040543	0.009971	8.2
251	-0.528718	296.533936	0.005373	8.6
252	-0.450647	296.029626	0.011870	8.4
253	-0.091158	295.527597	0.003279	13.3
254	-0.172160	295.027832	0.003122	8.3
255	-0.416545	294.530315	0.007979	8.1
256	0.000000	294.035028	0.000000	8.8
257	-0.237411	293.541956	0.002623	10.8
258	-0.750180	293.051083	0.015609	9.2
259	0.000000	292.562393	0.000000	8.5
260	-0.959504	292.075870	0.014459	8.1
261	-0.802980	291.591498	0.010868	8.4
262	-0.871228	291.109263	0.019144	13.2
263	-0.583541	290.629149	0.006282	9.0
264	0.000000	290.151140	0.000000	9.3
265	-0.232901	289.675222	0.004983	8.3
266	-0.563158	289.201380	0.008296	11.6
267	0.000000	288.729600	0.000000	8.4
268	-0.394032	288.259866	0.007038	8.4
269	-0.319193	287.792165	0.005821	8.0
270	-0.730575	287.326481	0.007493	8.7
271	-0.000000	286.862802	0.000000	12.5
272	-0.793573	286.401113	0.006240	8.3
273	-0.743108	285.941400	0.007623	8.4
274	-0.005716	285.483649	0.000105	9.3
275	-0.654455	285.027847	0.009035	8.5
276	-0.461752	284.573981	0.006797	12.8
277	-0.565788	284.122037	0.005777	8.6
278	-0.022070	283.672002	0.001126	8.2
279	-0.726613	283.223863	0.008113	8.2
280	-0.886699	282.777607	0.014753	10.1
281	-0.000008	282.333221	0.000001	10.4
282	-0.404989	281.890692	0.005751	8.3
283	0.000000	281.450008	0.000000	8.2
284	-0.996195	281.011157	0.014492	8.7
285	-0.525136	280.574125	0.016636	11.9
286	-0.741830	280.138901	0.007121	8.3
287	-0.915778	279.705473	0.008387	8.0
288	0.000000	279.273829	0.000000	8.9
289	-0.137839	278.843956	0.003418	8.2
290	-0.302894	278.415844	0.005035	13.1
291	-0.684385	277.989479	0.023147	8.5
292	-0.156755	277.564851	0.001512	8.1
293	-0.837458	277.141949	0.006224	8.1
294	-0.851132	276.720761	0.011835	9.5
295	-0.396910	276.301275	0.009911	10.5
296	-0.783728	275.883480	0.008206	8.1
297	0.000000	275.467366	0.000000	8.4
298	-0.000005	275.052922	0.000000	8.1
299	-0.913620	274.640136	0.008140	11.9
300	0.000000	274.228998	0.000000	8.3
301	0.000000	273.819497	0.000000	8.2
302	-0.023949	273.411623	0.000443	8.6
303	-0.944601	273.005365	0.015462	8.0
304	-1.104540	272.600712	0.036623	12.2
305	-0.490301	272.197655	0.004472	8.2
306	-0.891420	271.796184	0.007333	8.7
307	-0.958231	271.396287	0.016241	8.0
308	0.000000	270.997956	0.000000	8.1
309	-0.017977	270.601180	0.000436	12.6
310	-0.868395	270.205949	0.008537	8.0
311	-0.866462	269.812254	0.008074	8.1
312	-0.667719	269.420085	0.003551	8.1
313	-0.851172	269.029432	0.016052	10.0
314	-0.018926	268.640287	0.001290	10.3
315	0.000000	268.252638	0.000000	8.4
316	-0.038948	267.866478	0.001885	8.2
317	-0.436443	267.481796	0.005437	8.8
318	-0.479356	267.098584	0.006590	11.7
319	-0.884585	266.716833	0.005741	8.1
320	-0.086143	266.336533	0.001321	8.3
321	-0.785970	265.957676	0.008098	8.0
322	0.000000	265.580253	0.000000	8.3
323	0.000000	265.204254	0.000000	12.1
324	-0.630365	264.829672	0.007375	8.6
325	0.000000	264.456497	0.000000	8.3
326	0.000000	264.084721	0.000000	8.2
327	-0.763075	263.714335	0.013545	8.3
328	-0.000000	263.345332	0.000000	13.5
329	-0.777679	262.977702	0.008665	8.1
330	-0.889898	262.611438	0.020918	7.9
331	-0.000009	262.246531	0.000004	8.7
332	-0.112554	261.882973	0.001609	9.7
333	-0.315620	261.520756	0.011142	10.5
334	-0.055883	261.159871	0.001458	8.1
335	0.000000	260.800312	0.000000	8.8
336	-0.702378	260.442070	0.012900	8.1
337	-0.711158	260.085137	0.007302	11.3
338	-0.500313	259.729505	0.006274	8.5
339	-0.948535	259.375167	0.023840	8.1
340	-0.408322	259.022116	0.004541	8.1
341	-0.474766	258.670343	0.010006	7.9
342	0.000000	258.319841	0.000000	12.0
343	-0.487006	257.970602	0.007130	8.2
344	-0.003979	257.622620	0.000076	8.4
345	0.000000	257.275887	0.000000	8.3
346	-0.367053	256.930396	0.003722	9.0
347	-0.607482	256.586139	0.007830	13.2
348	0.000000	256.243109	0.000000	8.3
349	-0.000055	255.901300	0.000019	8.7
350	-0.712571	255.560703	0.004908	8.3
351	-0.000000	255.221313	0.000000	10.6
352	-0.029243	254.883122	0.001588	9.2
353	-0.887477	254.546124	0.006600	8.6
354	-0.814350	254.210311	0.011996	9.4
355	-0.899506	253.875677	0.009378	8.1
356	-0.564990	253.542215	0.011046	13.6
357	-0.368527	253.209918	0.003346	8.3
358	-0.005426	252.878781	0.000143	9.5
359	0.000000	252.548795	0.000000	8.3
360	-0.632453	252.219956	0.007072	11.8
361	-0.401941	251.892255	0.006442	8.3
362	-0.783421	251.565688	0.009298	8.2
363	-0.560038	251.240247	0.004865	8.6
364	-0.001446	250.915926	0.000057	8.2
365	-0.523109	250.592720	0.020126	12.2
366	-0.755915	250.270621	0.008662	8.0
367	-0.169517	249.949624	0.001538	8.8
368	-0.633821	249.629723	0.007253	8.1
369	-0.000005	249.310911	0.000004	8.3
370	-0.048771	248.993182	0.001165	12.7
371	-0.683433	248.676531	0.010170	8.2
372	-0.591225	248.360952	0.010690	8.3
373	-0.618955	248.046438	0.007188	8.1
374	-0.555568	247.732984	0.006796	8.4
375	-0.000335	247.420584	0.000021	12.2
376	-0.698985	247.109233	0.006650	8.2
377	0.000000	246.798924	0.000000	8.4
378	-0.023433	246.489652	0.000729	9.2
379	-0.043029	246.181412	0.000965	8.4
380	-0.203490	245.874197	0.002010	12.9
381	-0.744847	245.568002	0.005697	9.7
382	-0.000000	245.262822	0.000000	9.1
383	-0.497936	244.958652	0.014944	8.2
384	-0.778529	244.655485	0.014332	11.5
385	-0.430753	244.353317	0.006037	8.0
386	-0.225536	244.052142	0.005796	8.4
387	-0.979535	243.751955	0.017343	8.0
388	0.000000	243.452750	0.000000	8.7
389	-0.671112	243.154523	0.012196	12.3
390	-0.808108	242.857268	0.017455	9.2
391	-0.849799	242.560980	0.024527	8.2
392	-0.600637	242.265654	0.006150	8.3
393	-1.086222	241.971285	0.020254	9.2
394	0.000000	241.677868	0.000000	12.9
395	-0.641453	241.385397	0.007622	8.9
396	-0.018344	241.093869	0.001872	8.3
397	-0.512338	240.803278	0.007893	8.3
398	0.000000	240.513619	0.000000	11.3
399	-0.986785	240.224887	0.007841	9.4
400	0.000000	239.937077	0.000000	8.2
401	-0.806593	239.650186	0.007442	8.1
402	-0.990287	239.364207	0.009974	8.8
403	-0.476980	239.079136	0.004824	12.9
404	-0.867500	238.794969	0.007421	8.2
405	-0.106770	238.511701	0.001230	8.2
406	-0.967006	238.229327	0.018589	8.4
407	-0.375488	237.947843	0.005959	10.4
408	-0.770579	237.667244	0.007618	9.3
409	-0.701695	237.387526	0.008130	8.5
410	-0.000000	237.108684	0.000000	8.1
411	-0.458212	236.830714	0.007226	8.0
412	0.000000	236.553610	0.000000	11.7
413	-0.086020	236.277370	0.002331	8.8
414	0.000000	236.001989	0.000000	8.2
415	-0.226123	235.727461	0.001536	8.1
416	-0.422612	235.453784	0.006099	8.2
417	-0.000003	235.180952	0.000004	12.7
418	-0.099327	234.908962	0.002388	8.2
419	-0.629101	234.637809	0.009169	8.0
420	-0.381147	234.367488	0.003661	8.6
421	-0.575982	234.097997	0.008306	8.0
422	-0.003064	233.829331	0.000000	12.2
423	-0.882474	233.561485	0.007329	8.1
424	-0.059371	233.294456	0.001235	8.8
425	-0.844146	233.028239	0.007638	8.2
426	-0.699222	232.762831	0.006310	8.2
427	-0.138120	232.498228	0.003671	11.8
428	-0.827690	232.234425	0.005780	8.1
429	-1.028743	231.971419	0.022919	8.6
430	-0.065061	231.709205	0.002335	8.2
431	-0.400991	231.447781	0.005104	8.5
432	-1.007314	231.187141	0.005932	13.2
433	-0.240769	230.927283	0.003117	8.0
434	-0.779029	230.668202	0.004867	8.6
435	-0.508304	230.409895	0.007186	8.2
436	-0.007400	230.152358	0.000259	10.0
437	0.000000	229.895587	0.000000	10.0
438	-0.465948	229.639578	0.014624	9.2
439	-0.480451	229.384329	0.011635	8.1
440	0.000000	229.129834	0.000000	8.2
441	-0.660912	228.876091	0.025269	12.2
442	-0.943585	228.623096	0.009119	9.0
443	-0.915139	228.370846	0.008188	8.0
444	0.000000	228.119336	0.000000	8.2
445	-0.545203	227.868563	0.005842	8.6
446	-0.852471	227.618525	0.018693	12.9
447	0.000000	227.369216	0.000000	8.3
448	0.000000	227.120635	0.000000	8.3
449	-0.814675	226.872777	0.009594	8.8
450	-0.621508	226.625638	0.008626	10.0
451	0.000000	226.379217	0.000000	9.8
452	-0.000741	226.133509	0.000003	8.8
453	0.000000	225.888510	0.000000	9.5
454	-0.709994	225.644218	0.010039	8.1
455	-0.117295	225.400630	0.004894	12.6
456	-0.834658	225.157741	0.007374	8.3
457	-0.748416	224.915549	0.014118	8.2
458	-0.238644	224.674051	0.005508	8.1
459	-0.712377	224.433242	0.006465	8.3
460	-0.007029	224.193121	0.000331	12.4
461	-0.525271	223.953684	0.008362	8.5
462	-0.918204	223.714927	0.006772	8.1
463	-0.729628	223.476848	0.009008	8.9
464	-0.997600	223.239444	0.006385	8.6
465	0.000000	223.002710	0.000000	13.4
466	-0.342426	222.766645	0.006326	8.6
467	-0.691499	222.531245	0.028489	8.0
468	-0.422279	222.296508	0.010492	8.1
469	-0.985928	222.062429	0.005305	9.9
470	-0.762494	221.829007	0.012759	10.3
471	-0.806342	221.596238	0.007996	8.1
472	0.000000	221.364119	0.000000	8.4
473	-0.264837	221.132647	0.002922	8.1
474	-0.903291	220.901820	0.011761	12.1
475	-0.992213	220.671634	0.012823	8.4
476	-0.000003	220.442086	0.000000	8.2
477	-0.062705	220.213174	0.001136	8.7
478	-0.504053	219.984895	0.007243	8.2
479	-0.695913	219.757246	0.018635	13.0
480	-0.597666	219.530224	0.005620	8.0
481	-0.495005	219.303826	0.006404	8.3
482	0.000000	219.078050	0.000000	8.0
483	-0.776339	218.852893	0.010077	9.8
484	-0.551917	218.628352	0.006999	11.0
485	-1.035223	218.404424	0.016450	8.0
486	0.000000	218.181106	0.000000	8.0
487	-0.801831	217.958397	0.007020	8.1
488	-0.504840	217.736292	0.005423	11.1
489	-0.585256	217.514790	0.006929	8.9
490	-0.452354	217.293888	0.003729	9.2
491	-1.015616	217.073584	0.006629	8.1
492	-0.737306	216.853873	0.007045	8.9
493	-0.776729	216.634755	0.006327	13.3
494	-0.885179	216.416227	0.017642	8.0
495	-0.921887	216.198285	0.004543	8.5
496	0.000000	215.980927	0.000000	8.0
497	-0.604029	215.764151	0.007451	9.5
498	-0.133785	215.547955	0.002583	10.6
499	-0.461066	215.332335	0.006644	8.6
500	0.000000	215.117289	0.000000	8.1
501	-0.005535	214.902815	0.000087	8.2
502	0.000000	214.688911	0.000000	11.7
503	-0.377169	214.475573	0.003778	8.6
504	-0.554083	214.262800	0.006706	8.2
505	-0.172635	214.050588	0.003643	8.2
506	-1.003008	213.838936	0.006550	10.5
507	-0.590572	213.627842	0.005793	12.7
508	-0.809444	213.417302	0.021467	8.0
509	-0.000000	213.207314	0.000000	9.2
510	-0.815927	212.997877	0.005188	8.9
511	-0.817754	212.788987	0.007897	12.0
512	-0.557249	212.580642	0.011028	8.2
513	0.000000	212.372841	0.000000	8.8
514	-0.988872	212.165581	0.014640	8.1
515	-0.522066	211.958859	0.004472	8.5
516	-0.446656	211.752673	0.004983	13.5
517	-0.000000	211.547021	0.000000	8.0
518	-0.616990	211.341902	0.003630	8.2
519	0.000000	211.137311	0.000000	8.3
520	0.000000	210.933248	0.000000	11.0
521	0.000000	210.729710	0.000000	9.6
522	-0.034018	210.526695	0.000588	8.1
523	-0.624079	210.324200	0.007408	8.4
524	-0.236630	210.122224	0.002638	8.0
525	-0.120317	209.920765	0.003213	11.9
526	-0.669963	209.719820	0.008336	8.0
527	-0.048191	209.519387	0.000654	8.5
528	-0.017441	209.319463	0.000332	8.2
529	-0.275543	209.120048	0.005392	8.0
530	-0.878554	208.921139	0.007514	12.7
531	-0.479160	208.722733	0.011379	8.2
532	-0.264756	208.524829	0.004843	8.1
533	-0.166345	208.327425	0.002605	8.0
534	-0.819151	208.130518	0.014538	8.4
535	-0.291430	207.934107	0.004067	12.1
536	-0.538913	207.738189	0.005823	8.2
537	0.000000	207.542762	0.000000	8.0
538	0.000000	207.347825	0.000000	8.7
539	-0.626601	207.153376	0.013478	8.1
540	-0.443494	206.959412	0.007602	12.2
541	-0.147118	206.765932	0.002487	8.5
542	0.000000	206.572933	0.000000	8.7
543	-0.055908	206.380414	0.001309	8.2
544	-0.721684	206.188373	0.007116	8.0
545	-0.700319	205.996807	0.006655	12.5
546	0.000000	205.805716	0.000000	8.1
547	-0.668139	205.615096	0.019806	8.3
548	-0.662013	205.424946	0.016488	8.0
549	-0.947452	205.235265	0.015153	8.5
550	-0.947561	205.046050	0.018401	12.2
551	-0.288968	204.857299	0.006588	8.1
552	0.000000	204.669011	0.000000	8.5
553	-0.751798	204.481184	0.007384	8.1
554	-0.009233	204.293816	0.000208	8.2
555	-0.000001	204.106905	0.000000	12.2
556	-0.000000	203.920449	0.000000	8.6
557	-0.380840	203.734447	0.005242	8.5
558	-0.801118	203.548896	0.008054	8.1
559	-0.861051	203.363795	0.016848	8.0
560	-0.741706	203.179143	0.012286	12.7
561	0.000000	202.994937	0.000000	8.4
562	-0.762487	202.811176	0.006744	8.1
563	-0.775256	202.627857	0.006404	8.7
564	-0.388226	202.444980	0.005614	8.1
565	-0.916178	202.262543	0.006591	12.3
566	-0.934309	202.080543	0.025096	8.2
567	-0.734142	201.898979	0.008732	8.8
568	-0.000625	201.717849	0.000285	8.3
569	-0.177639	201.537153	0.002656	10.1
570	-0.961334	201.356887	0.007996	14.4
571	-0.067665	201.177050	0.000888	14.0
572	-0.694191	200.997642	0.006384	16.2
573	-0.785381	200.818659	0.007339	14.2
574	-0.636526	200.640100	0.005914	12.8
575	0.000000	200.461965	0.000000	14.7
576	-0.757380	200.284250	0.014745	11.5
577	-0.875688	200.106955	0.013969	8.8
578	-0.725825	199.930078	0.006670	8.1
579	-0.836414	199.753617	0.011182	11.8
580	0.000000	199.577571	0.000000	9.0
581	-0.811090	199.401938	0.005486	8.2
582	-0.558425	199.226717	0.010997	8.2
583	-0.443269	199.051905	0.005527	8.2
584	-0.567964	198.877502	0.009536	12.4
585	-0.813204	198.703506	0.006410	8.3
586	0.000000	198.529916	0.000000	8.2
587	0.000000	198.356729	0.000000	12.1
588	-1.042017	198.183944	0.015220	9.6
589	-0.965438	198.011560	0.016636	12.5
590	-0.593669	197.839576	0.009978	10.5
591	0.000000	197.667989	0.000000	8.3
592	-0.216544	197.496798	0.005838	11.0
593	-0.517853	197.326002	0.005561	12.7
594	-0.789571	197.155600	0.008560	8.4
595	-0.532681	196.985589	0.006323	12.2
596	-0.510001	196.815969	0.006211	10.1
597	-0.433088	196.646738	0.005480	12.3
598	-0.824993	196.477894	0.008627	9.9
599	-0.000297	196.309436	0.000015	8.8
600	-0.354553	196.141363	0.009377	11.0
601	-0.843906	195.973673	0.009738	13.0
602	-0.770799	195.806365	0.006463	8.6
603	-0.003880	195.639437	0.000218	8.7
604	-0.887548	195.472888	0.007870	8.2
605	-0.106576	195.306717	0.001775	12.7
606	0.000000	195.140922	0.000000	10.8
607	-0.516585	194.975501	0.005305	8.2
608	-0.624020	194.810454	0.007147	8.1
609	-0.489739	194.645779	0.007113	13.7
610	-0.823572	194.481475	0.009043	9.0
611	-0.340613	194.317540	0.006104	9.1
612	-0.554091	194.153973	0.009125	10.4
613	-0.341941	193.990773	0.004032	9.6
614	-0.684736	193.827938	0.011211	12.8
615	-0.016484	193.665467	0.000188	8.7
616	0.000000	193.503358	0.000000	8.4
617	-0.743431	193.341611	0.005308	12.2
618	-0.674912	193.180224	0.007454	11.0
619	0.000000	193.019196	0.000000	8.5
620	-0.577144	192.858525	0.005150	11.7
621	-0.690620	192.698210	0.018674	9.0
622	-0.677315	192.538251	0.006692	12.1
623	-0.107823	192.378644	0.001445	8.1
624	-0.758487	192.219391	0.007120	8.0
625	-0.306824	192.060488	0.009533	11.0
626	0.000000	191.901935	0.000000	12.4
627	-0.949494	191.743730	0.011756	8.0
628	-0.005423	191.585873	0.000426	12.1
629	-0.627844	191.428362	0.012169	8.3
630	0.000000	191.271196	0.000000	10.5
631	-0.928037	191.114374	0.015167	11.9
632	-0.680777	190.957893	0.007859	8.0
633	-0.231971	190.801755	0.003862	8.7
634	-0.510267	190.645956	0.005623	11.0
635	-0.077448	190.490495	0.001100	11.8
636	-0.383012	190.335373	0.008455	10.9
637	-0.888698	190.180587	0.012384	8.1
638	-0.259701	190.026136	0.004113	9.5
639	-0.229191	189.872019	0.003817	17.5
640	-0.880796	189.718235	0.007849	8.1
641	0.000000	189.564782	0.000000	9.0
642	-0.743114	189.411661	0.010470	8.5
643	-0.781693	189.258868	0.014053	11.5
644	-0.000217	189.106404	0.000104	10.6
645	-0.981534	188.954267	0.014287	9.2
646	-0.148125	188.802456	0.005844	8.4
647	-0.460270	188.650969	0.003141	12.8
648	-0.091329	188.499807	0.003048	9.9
649	-0.009241	188.348967	0.000592	8.6
650	-0.842879	188.198448	0.008799	8.2
651	-0.612182	188.048250	0.006767	8.9
652	-0.827264	187.898371	0.013567	13.8
653	-0.923082	187.748810	0.008578	9.7
654	-0.340819	187.599566	0.005766	8.5
655	-0.634964	187.450638	0.005984	8.1
656	-0.016608	187.302025	0.001732	9.0
657	-0.351255	187.153725	0.003928	12.7
658	-0.778497	187.005739	0.007499	8.3
659	-0.548693	186.858064	0.005577	8.2
660	0.000000	186.710699	0.000000	8.1
661	-0.419264	186.563645	0.004552	10.6
662	0.000000	186.416898	0.000000	9.4
663	-0.744000	186.270459	0.008844	9.3
664	-0.455565	186.124326	0.006129	8.5
665	-0.845704	185.978499	0.008744	13.2
666	0.000000	185.832976	0.000000	10.3
667	-0.718876	185.687756	0.004424	8.2
668	-0.657682	185.542838	0.006192	8.7
669	0.000000	185.398222	0.000000	8.5
670	-0.757044	185.253906	0.006725	13.3
671	-0.814167	185.109889	0.005368	9.4
672	-0.493934	184.966170	0.007344	8.0
673	-0.016705	184.822748	0.001382	8.3
674	0.000000	184.679623	0.000000	8.4
675	-0.500065	184.536792	0.004781	12.9
676	-0.005762	184.394256	0.000700	8.3
677	-0.873803	184.252013	0.006655	8.2
678	-0.672518	184.110062	0.007401	8.5
679	0.000000	183.968403	0.000000	10.2
680	0.000000	183.827034	0.000000	9.7
681	0.000000	183.685954	0.000000	8.2
682	-0.988742	183.545163	0.017673	8.1
683	-0.864373	183.404658	0.008372	12.8
684	-0.829742	183.264441	0.006148	12.1
685	0.000000	183.124509	0.000000	8.6
686	-0.200166	182.984861	0.005996	8.4
687	-0.997570	182.845497	0.011198	8.3
688	0.000000	182.706416	0.000000	13.9
689	-0.975718	182.567616	0.013306	8.2
690	-0.944441	182.429098	0.008157	8.6
691	-0.000760	182.290859	0.000124	8.0
692	-0.167049	182.152899	0.004318	8.6
693	-0.100876	182.015217	0.003145	13.4
694	-1.009311	181.877813	0.016390	8.0
695	-0.649898	181.740684	0.007308	8.2
696	-0.620268	181.603832	0.006254	8.1
697	-0.905205	181.467253	0.018369	10.7
698	-0.843858	181.330948	0.007473	9.9
699	-0.723603	181.194916	0.004147	9.2
700	-0.014492	181.059155	0.000338	9.1
701	0.000000	180.923666	0.000000	11.6
702	-0.499617	180.788446	0.005944	11.6
703	-0.015883	180.653496	0.000803	8.2
704	-0.279546	180.518814	0.003809	8.3
705	-0.879344	180.384399	0.009467	8.2
706	0.000000	180.250251	0.000000	14.3
707	-0.061255	180.116369	0.001072	8.2
708	0.000000	179.982752	0.000000	8.1
709	-0.933990	179.849398	0.013506	8.5
710	-0.807865	179.716308	0.005287	8.1
711	-0.724344	179.583480	0.004624	12.4
712	0.000000	179.450913	0.000000	8.2
713	-0.399091	179.318607	0.002959	8.5
714	-1.031266	179.186561	0.016690	8.2
715	-0.830004	179.054774	0.006802	8.0
716	-0.387393	178.923245	0.004410	12.6
717	-0.028681	178.791973	0.000194	8.1
718	-0.576116	178.660958	0.005898	8.5
719	0.000000	178.530199	0.000000	11.0
720	-0.909328	178.399694	0.005810	10.1
721	0.000000	178.269444	0.000000	11.0
722	-0.951665	178.139447	0.005516	8.1
723	-0.149017	178.009702	0.004798	8.7
724	-0.646517	177.880209	0.004004	10.7
725	-0.428675	177.750967	0.004010	12.7
726	-0.949034	177.621975	0.007720	8.6
727	-0.556725	177.493232	0.006102	7.9
728	-0.662144	177.364738	0.006874	8.1
729	-0.307452	177.236492	0.003834	7.9
730	-0.800016	177.108492	0.006394	12.6
731	-0.918987	176.980739	0.005063	8.1
732	-0.420719	176.853231	0.008354	8.2
733	-0.612481	176.725968	0.004722	8.1
734	-0.000104	176.598949	0.000003	8.4
735	-0.718279	176.472173	0.007662	12.3
736	0.000000	176.345639	0.000000	8.8
737	-0.875094	176.219348	0.008246	10.8
738	-0.901659	176.093296	0.012433	8.0
739	0.000000	175.967486	0.000000	9.7
740	-0.280653	175.841914	0.003865	11.3
741	-0.835577	175.716581	0.006570	8.3
742	-0.279851	175.591486	0.006096	10.4
743	-0.921407	175.466629	0.011470	9.0
744	-0.635628	175.342008	0.007720	13.2
745	-0.677484	175.217622	0.007280	8.2
746	-0.561859	175.093472	0.008603	8.0
747	-0.225794	174.969556	0.004046	8.5
748	-0.639716	174.845873	0.007610	9.7
749	0.000000	174.722423	0.000000	10.3
750	0.000000	174.599206	0.000000	8.1
751	-0.036223	174.476220	0.002309	8.5
752	-0.950237	174.353464	0.010535	8.0
753	-0.340663	174.230939	0.005105	11.9
754	-0.095478	174.108643	0.002319	9.3
755	-0.040035	173.986576	0.002403	10.5
756	-1.025388	173.864737	0.010683	8.6
757	0.000000	173.743124	0.000000	9.7
758	-0.175596	173.621739	0.003754	10.5
759	-0.753819	173.500579	0.006308	8.2
760	-0.830008	173.379645	0.007122	10.9
761	-0.409294	173.258935	0.006235	9.4
762	-0.039033	173.138449	0.001412	12.2
763	-0.731718	173.018186	0.008860	8.2
764	0.000000	172.898146	0.000000	8.2
765	-0.013779	172.778327	0.000103	8.6
766	-0.017995	172.658730	0.000648	10.0
767	-0.988730	172.539353	0.021355	9.4
768	0.000000	172.420196	0.000000	8.6
769	-0.821446	172.301258	0.006996	8.4
770	-0.048142	172.182539	0.002096	8.4
771	-0.776448	172.064037	0.007617	12.8
772	-0.665919	171.945753	0.007740	10.5
773	-0.023126	171.827686	0.000452	9.7
774	-0.684701	171.709834	0.004572	8.2
775	0.000000	171.592198	0.000000	10.7
776	-0.287638	171.474776	0.004182	10.3
777	-0.599241	171.357568	0.003902	8.3
778	-0.118665	171.240574	0.002909	11.9
779	-0.591675	171.123793	0.016274	9.2
780	-0.349427	171.007223	0.005386	10.7
781	0.000000	170.890865	0.000000	8.2
782	-0.589006	170.774718	0.005215	8.6
783	-0.962310	170.658782	0.009775	8.1
784	-0.000000	170.543055	0.000000	11.4
785	-0.611699	170.427537	0.011050	12.2
786	-0.838677	170.312227	0.006509	9.0
787	0.000000	170.197125	0.000000	8.3
788	0.000000	170.082231	0.000000	10.6
789	-0.007801	169.967543	0.000535	9.4
790	-0.052893	169.853061	0.001388	10.6
791	-0.601151	169.738784	0.007789	11.0
792	-0.542113	169.624713	0.013480	10.3
793	-0.043978	169.510845	0.001800	10.8
794	-0.001467	169.397181	0.000245	8.2
795	-0.143043	169.283720	0.003091	8.8
796	-0.537798	169.170462	0.007311	8.4
797	-0.996935	169.057405	0.008117	13.3
798	-0.627326	168.944549	0.013229	8.7
799	-0.979515	168.831895	0.009984	8.0
800	-0.911639	168.719440	0.009708	8.0
801	-0.781461	168.607185	0.005950	9.4
802	-0.468318	168.495129	0.004934	14.1
803	-0.944514	168.383271	0.009251	8.9
804	-0.490462	168.271611	0.003941	8.1
805	-0.000000	168.160148	0.000000	9.3
806	-0.000007	168.048882	0.000001	12.6
807	-0.903699	167.937812	0.013333	10.5
808	-0.338112	167.826938	0.005165	9.8
809	-0.007574	167.716258	0.000118	8.5
810	-0.849183	167.605773	0.009049	13.1
811	0.000000	167.495482	0.000000	8.6
812	-0.686271	167.385384	0.008132	8.1
813	-0.380959	167.275479	0.009960	8.1
814	-0.348597	167.165766	0.010175	9.6
815	-0.848585	167.056245	0.006315	10.7
816	-0.811124	166.946915	0.006099	8.1
817	-0.824946	166.837776	0.004856	8.2
818	-0.919324	166.728826	0.006663	8.1
819	-0.126688	166.620067	0.003031	12.3
820	-0.000000	166.511496	0.000000	10.8
821	0.000000	166.403113	0.000000	8.0
822	-0.707081	166.294919	0.005957	8.5
823	-0.651796	166.186912	0.004994	9.0
824	-0.914719	166.079091	0.009852	12.0
825	-0.879299	165.971458	0.007488	11.7
826	-0.478233	165.864009	0.004893	8.2
827	-0.589296	165.756747	0.007028	8.0
828	-0.604116	165.649669	0.005622	12.3
829	-0.548685	165.542775	0.004291	8.7
830	-0.000000	165.436065	0.000000	8.1
831	-0.624622	165.329538	0.003490	8.1
832	-0.682522	165.223194	0.006902	8.1
833	-0.000000	165.117032	0.000000	12.4
834	-0.724168	165.011052	0.005952	8.1
835	0.000000	164.905253	0.000000	8.0
836	-0.965113	164.799635	0.006015	8.3
837	-0.533003	164.694197	0.006916	8.0
838	-0.862140	164.588939	0.010610	13.5
839	-0.888435	164.483859	0.009681	8.3
840	0.000000	164.378959	0.000000	8.1
841	0.000000	164.274237	0.000000	8.2
842	-0.787283	164.169692	0.006156	8.0
843	0.000000	164.065325	0.000000	13.5
844	-0.751994	163.961135	0.005407	9.0
845	-0.604625	163.857120	0.005129	8.5
846	0.000000	163.753282	0.000000	8.1
847	-0.136592	163.649619	0.003655	9.0
848	-0.966979	163.546130	0.008640	12.5
849	0.000000	163.442816	0.000000	8.2
850	-0.736001	163.339676	0.004901	8.5
851	-0.461868	163.236709	0.005161	8.0
852	-0.865545	163.133915	0.008399	10.0
853	-0.096573	163.031294	0.002025	9.8
854	-0.918660	162.928844	0.031448	8.7
855	-0.633311	162.826566	0.004576	8.2
856	-0.573506	162.724459	0.006225	11.9
857	-0.601017	162.622523	0.007233	12.3
858	0.000000	162.520757	0.000000	8.2
859	-1.025005	162.419160	0.009480	8.3
860	0.000000	162.317733	0.000000	8.3
861	0.000000	162.216474	0.000000	13.2
862	-0.372394	162.115383	0.003360	9.2
863	-0.908894	162.014461	0.022626	8.1
864	0.000000	161.913705	0.000000	8.7
865	-0.441489	161.813117	0.005472	8.4
866	-0.442595	161.712695	0.009047	12.7
867	-0.000001	161.612439	0.000001	8.6
868	-0.041744	161.512349	0.000358	8.2
869	-0.592134	161.412424	0.006376	8.1
870	-0.000000	161.312663	0.000000	9.9
871	-0.781188	161.213067	0.017318	10.5
872	-0.755968	161.113635	0.011222	8.1
873	-0.596304	161.014366	0.004587	8.3
874	-0.361536	160.915260	0.004568	12.8
875	-0.867404	160.816316	0.008261	11.3
876	-0.117408	160.717535	0.001025	8.3
877	-0.369485	160.618915	0.004296	8.1
878	-0.015260	160.520456	0.000448	8.8
879	-0.145935	160.422158	0.003255	13.3
880	-0.077338	160.324021	0.001226	8.1
881	-0.274369	160.226043	0.005153	8.7
882	-0.156153	160.128225	0.003481	8.2
883	-0.000000	160.030566	0.000000	8.2
884	-0.000000	159.933066	0.000000	15.9
885	-0.165485	159.835723	0.002092	8.0
886	-0.945223	159.738539	0.008227	8.2
887	-0.767248	159.641512	0.010603	8.0
888	-0.079037	159.544642	0.001309	11.8
889	-0.700034	159.447929	0.005312	11.3
890	0.000000	159.351372	0.000000	7.9
891	-0.640849	159.254971	0.006053	8.5
892	-0.587665	159.158725	0.004387	9.0
893	-0.747707	159.062634	0.007381	11.1
894	-0.000000	158.966697	0.000000	8.1
895	-0.078902	158.870915	0.001243	8.9
896	-0.925218	158.775286	0.007637	8.1
897	0.000000	158.679811	0.000000	11.0
898	-0.939267	158.584489	0.008404	8.5
899	-0.481645	158.489319	0.004107	7.9
900	-0.128346	158.394302	0.004302	8.3
901	-0.508905	158.299436	0.004939	8.1
902	-0.787258	158.204721	0.014271	13.9
903	-0.535442	158.110158	0.004885	8.0
904	-1.064525	158.015745	0.010094	8.4
905	-0.728797	157.921482	0.006850	8.0
906	-0.847537	157.827369	0.025410	8.9
907	-0.850771	157.733406	0.007066	13.4
908	-0.805410	157.639591	0.007014	8.7
909	-0.796326	157.545925	0.006379	9.0
910	0.000000	157.452408	0.000000	8.1
911	-1.072413	157.359038	0.015167	8.3
912	-0.610960	157.265816	0.007012	13.0
913	0.000000	157.172741	0.000000	8.2
914	-0.341544	157.079813	0.005007	8.0
915	0.000000	156.987031	0.000000	8.0
916	-0.805719	156.894395	0.013217	10.2
917	0.000000	156.801904	0.000000	10.3
918	-0.373488	156.709559	0.004126	8.2
919	-0.390497	156.617359	0.003925	8.2
920	-1.104529	156.525304	0.009446	12.3
921	-0.974083	156.433392	0.011485	11.6
922	-0.693179	156.341624	0.004651	8.2
923	-0.516777	156.250000	0.004900	8.7
924	-0.519975	156.158519	0.003875	7.9
925	-1.056523	156.067180	0.006784	13.0
926	-1.189256	155.975984	0.016728	8.9
927	-0.621310	155.884930	0.004571	8.1
928	-0.414459	155.794017	0.005763	8.5
929	-0.847266	155.703246	0.020363	8.0
930	0.000000	155.612615	0.000000	12.3
931	-0.678567	155.522125	0.009448	8.1
932	0.000000	155.431775	0.000000	8.3
933	-0.488195	155.341565	0.008245	8.1
934	-0.993708	155.251495	0.006290	8.6
935	-0.136071	155.161563	0.003815	12.4
936	-0.416021	155.071771	0.004446	8.0
937	-0.053977	154.982117	0.002700	8.7
938	-0.000000	154.892601	0.000000	11.2
939	-0.699515	154.803222	0.004080	9.4
940	-1.010416	154.713981	0.015468	11.2
941	-0.716904	154.624878	0.004969	8.9
942	-0.000000	154.535910	0.000000	8.2
943	-0.000845	154.447080	0.000408	10.2
944	-0.964959	154.358385	0.008460	13.2
945	-0.000041	154.269826	0.000002	8.3
946	-0.732607	154.181402	0.004187	8.0
947	0.000000	154.093114	0.000000	8.6
948	-0.060723	154.004960	0.001043	8.7
949	-0.000000	153.916940	0.000000	12.6
950	-0.461907	153.829054	0.009443	8.0
951	-0.082943	153.741303	0.001270	8.8
952	-0.591352	153.653684	0.004054	8.2
953	-0.907174	153.566198	0.020187	8.2
954	-0.537763	153.478846	0.006790	12.4
955	-0.588008	153.391625	0.005769	9.2
956	-0.641120	153.304537	0.009019	9.3
957	-0.773711	153.217580	0.006564	8.2
958	-0.725417	153.130755	0.005757	11.2
959	0.000000	153.044061	0.000000	8.6
960	-0.613706	152.957498	0.006792	7.9
961	-0.005037	152.871065	0.000070	10.7
962	0.000000	152.784762	0.000000	9.3
963	-0.799667	152.698589	0.008842	12.0
964	-0.831540	152.612545	0.007327	8.5
965	-0.512251	152.526631	0.007498	7.9
966	-0.864957	152.440845	0.009676	8.0
967	-0.658294	152.355188	0.005451	10.1
968	-0.920264	152.269660	0.006744	10.2
969	-0.768412	152.184259	0.006345	8.1
970	0.000000	152.098986	0.000000	8.2
971	-0.990874	152.013840	0.005878	8.1
972	-0.047913	151.928821	0.000668	12.2
973	-0.545567	151.843928	0.005610	9.5
974	-0.996943	151.759163	0.009005	12.5
975	0.000000	151.674523	0.000000	9.0
976	-0.594921	151.590009	0.007599	11.6
977	-0.571941	151.505620	0.005283	8.1
978	-0.529710	151.421357	0.007090	9.2
979	-0.153260	151.337218	0.002396	8.4
980	-0.719953	151.253204	0.007621	8.4
981	-0.336893	151.169314	0.003300	12.8
982	-0.833761	151.085549	0.010205	7.9
983	-0.879042	151.001907	0.005029	8.1
984	-0.697447	150.918388	0.007818	8.1
985	-1.176001	150.834992	0.021974	10.3
986	-0.480645	150.751719	0.009755	10.1
987	-0.935761	150.668569	0.009729	8.2
988	-0.570816	150.585541	0.005642	8.1
989	0.000000	150.502634	0.000000	9.0
990	0.000000	150.419849	0.000000	12.4
991	-0.436764	150.337186	0.008103	8.1
992	-0.763888	150.254644	0.005866	8.1
993	-0.305415	150.172222	0.003021	8.2
994	-0.459825	150.089921	0.006882	8.1
995	-0.031147	150.007740	0.000772	13.4
996	-0.054380	149.925679	0.002105	8.6
997	-0.803584	149.843737	0.006668	7.9
998	-0.332533	149.761915	0.003227	8.2
999	-0.665452	149.680212	0.018565	8.2
1000	-0.734835	149.598627	0.007131	13.8
1001	-0.567247	149.517161	0.005926	8.2
1002	0.000000	149.435814	0.000000	8.5
1003	0.000000	149.354584	0.000000	8.6
1004	0.000000	149.273472	0.000000	8.3
1005	-0.770264	149.192477	0.008830	13.3
1006	0.000000	149.111599	0.000000	8.5
1007	-0.002210	149.030838	0.000045	8.1
1008	0.000000	148.950194	0.000000	8.1
1009	-0.150077	148.869666	0.004346	9.7
1010	-0.121687	148.789253	0.001566	10.6
1011	-0.849341	148.708957	0.007468	7.9
1012	-0.301992	148.628776	0.010116	8.3
1013	-0.000381	148.548710	0.000086	8.1
1014	-0.299611	148.468759	0.002903	11.9
1015	0.000000	148.388923	0.000000	8.3
1016	-0.682243	148.309201	0.007326	8.2
1017	-0.576177	148.229594	0.004643	9.8
1018	-0.000116	148.150100	0.000005	8.5
1019	0.000000	148.070719	0.000000	13.2
1020	-0.886576	147.991452	0.007729	8.7
1021	-0.000001	147.912298	0.000000	9.0
1022	-0.958416	147.833257	0.011910	9.8
1023	-0.098863	147.754329	0.002055	12.0
1024	0.000000	147.675512	0.000000	8.8
1025	-0.904193	147.596808	0.015738	8.2
1026	0.000000	147.518216	0.000000	8.4
1027	-0.000675	147.439735	0.000301	8.2
1028	-0.796456	147.361365	0.008632	13.6
1029	0.000000	147.283106	0.000000	8.2
1030	0.000000	147.204958	0.000000	8.1
1031	-0.846830	147.126920	0.007040	8.7
1032	-0.514265	147.048993	0.004032	10.0
1033	-0.786302	146.971175	0.005073	9.7
1034	-0.155947	146.893468	0.003332	8.6
1035	-0.662896	146.815869	0.005563	8.1
1036	-0.642905	146.738380	0.006375	8.1
1037	0.000000	146.661000	0.000000	11.6
1038	-0.942615	146.583729	0.004994	8.7
1039	-0.194968	146.506566	0.003537	8.1
1040	-0.025009	146.429511	0.000957	8.2
1041	-0.741857	146.352565	0.007431	8.1
1042	-1.012876	146.275726	0.010928	12.7
1043	-1.042247	146.198994	0.009067	8.2
1044	-0.934797	146.122370	0.005091	8.1
1045	-0.704393	146.045853	0.006433	8.3
1046	-0.482603	145.969442	0.005274	8.1
1047	-0.676967	145.893139	0.004578	11.8
1048	-0.977000	145.816941	0.009546	8.1
1049	-0.850247	145.740849	0.007890	8.6
1050	-0.473805	145.664863	0.004585	8.2
1051	-0.000000	145.588983	0.000000	8.1
1052	-0.840021	145.513208	0.005192	12.4
1053	-0.503550	145.437538	0.005517	8.5
1054	-0.006306	145.361973	0.000078	8.2
1055	-0.697018	145.286513	0.004325	8.1
1056	-0.414831	145.211157	0.004007	9.0
1057	-0.437196	145.135905	0.006062	12.5
1058	-0.448249	145.060757	0.010297	8.2
1059	-0.567422	144.985712	0.009463	8.2
1060	0.000000	144.910771	0.000000	8.8
1061	-0.308340	144.835934	0.009684	10.4
1062	-0.658796	144.761199	0.009647	9.4
1063	-0.827381	144.686567	0.011627	8.4
1064	-0.947502	144.612037	0.011069	8.2
1065	0.000000	144.537610	0.000000	8.0
1066	-0.502110	144.463285	0.003525	11.5
1067	-0.058247	144.389062	0.001391	8.8
1068	-0.792891	144.314940	0.008170	8.0
1069	-0.608526	144.240920	0.003361	8.1
1070	-0.133916	144.167001	0.002677	8.0
1071	-0.008427	144.093182	0.000934	13.0
1072	-0.720889	144.019465	0.006614	8.2
1073	-0.960227	143.945848	0.012749	8.0
1074	-0.263440	143.872331	0.003315	8.5
1075	-0.912633	143.798914	0.010455	9.4
1076	-0.937782	143.725597	0.004567	10.8
1077	-0.642806	143.652380	0.007858	8.1
1078	-0.948590	143.579262	0.013729	8.5
1079	-0.719498	143.506243	0.007481	8.0
1080	-0.786772	143.433323	0.008514	11.1
1081	-0.362078	143.360502	0.007447	8.0
1082	-0.795345	143.287780	0.008495	8.5
1083	-0.787061	143.215155	0.007115	8.7
1084	-0.500691	143.142629	0.005241	8.1
1085	-0.857586	143.070201	0.007054	13.4
1086	-0.733654	142.997870	0.009648	7.9
1087	0.000000	142.925637	0.000000	8.4
1088	-0.829315	142.853501	0.015030	8.2
1089	-0.412186	142.781462	0.004456	10.4
1090	-0.949685	142.709519	0.010003	10.1
1091	-0.915478	142.637674	0.015671	7.9
1092	-0.489590	142.565924	0.004848	8.3
1093	-0.018910	142.494271	0.001029	8.0
1094	-0.135700	142.422714	0.004258	11.3
1095	-0.879558	142.351252	0.004923	8.1
1096	0.000000	142.279886	0.000000	8.6
1097	-0.947288	142.208616	0.007974	8.0
1098	0.000000	142.137440	0.000000	8.0
1099	-0.896016	142.066360	0.010326	13.4
1100	-0.092908	141.995374	0.002472	8.1
1101	-0.166865	141.924483	0.004177	8.1
1102	-0.771906	141.853685	0.005689	8.0
1103	-0.641462	141.782983	0.008729	8.4
1104	-0.716599	141.712373	0.004926	12.0
1105	-0.946118	141.641858	0.007664	8.0
1106	0.000000	141.571436	0.000000	8.2
1107	-0.209641	141.501108	0.001716	8.5
1108	-0.549830	141.430872	0.006967	7.9
1109	-0.494763	141.360730	0.006773	12.3
1110	0.000000	141.290680	0.000000	8.7
1111	-0.924514	141.220722	0.004924	8.0
1112	-0.589348	141.150857	0.006981	8.3
1113	0.000000	141.081084	0.000000	9.6
1114	-0.847262	141.011403	0.005209	10.8
1115	-0.435471	140.941813	0.005373	8.0
1116	-0.589232	140.872315	0.006339	8.2
1117	-0.597221	140.802909	0.005534	8.2
1118	-0.327231	140.733593	0.003233	11.6
1119	0.000000	140.664369	0.000000	8.3
1120	-0.628605	140.595235	0.006915	8.1
1121	0.000000	140.526192	0.000000	8.1
1122	-0.386648	140.457239	0.008879	9.4
1123	0.000000	140.388376	0.000000	12.7
1124	-0.565664	140.319603	0.006072	8.1
1125	-0.005607	140.250920	0.000316	8.5
1126	-0.755638	140.182326	0.007263	8.0
1127	0.000000	140.113822	0.000000	10.1
1128	-0.374427	140.045407	0.003528	10.3
1129	-0.769955	139.977081	0.007082	8.1
1130	0.000000	139.908844	0.000000	8.2
1131	-0.000000	139.840696	0.000000	8.0
1132	-0.480389	139.772635	0.003877	11.4
1133	-0.083265	139.704664	0.002433	8.0
1134	-0.347239	139.636780	0.002688	8.2
1135	-0.862774	139.568984	0.009064	8.1
1136	0.000000	139.501276	0.000000	8.7
1137	-0.658341	139.433655	0.007397	12.7
1138	-0.953073	139.366122	0.010116	8.1
1139	-1.087789	139.298676	0.008847	9.2
1140	-0.684121	139.231317	0.006845	8.2
1141	-0.855701	139.164045	0.007107	8.2
1142	-0.636729	139.096859	0.006555	13.1
1143	-1.195775	139.029760	0.017611	8.7
1144	0.000000	138.962747	0.000000	8.2
1145	-0.698772	138.895820	0.005091	8.3
1146	0.000000	138.828978	0.000000	10.3
1147	0.000000	138.762223	0.000000	10.2
1148	-0.289687	138.695553	0.002909	8.3
1149	-0.016257	138.628969	0.000109	8.9
1150	-0.966306	138.562469	0.011649	8.8
1151	0.000000	138.496055	0.000000	12.1
1152	-0.726878	138.429725	0.007237	8.2
1153	-0.497522	138.363481	0.007707	8.4
1154	0.000000	138.297320	0.000000	8.3
1155	0.000000	138.231244	0.000000	9.4
1156	-0.097230	138.165252	0.002466	12.7
1157	-0.800573	138.099344	0.005998	9.9
1158	-0.010784	138.033520	0.000555	8.3
1159	-0.398498	137.967779	0.005336	8.2
1160	-0.001401	137.902122	0.000106	11.3
1161	-0.000841	137.836548	0.000020	8.3
1162	0.000000	137.771057	0.000000	9.0
1163	-0.406044	137.705649	0.005352	8.0
1164	-0.923435	137.640324	0.008740	9.0
1165	-0.999870	137.575081	0.007120	13.0
1166	-0.982154	137.509921	0.010265	8.0
1167	-0.038913	137.444842	0.000814	8.2
1168	-0.862372	137.379846	0.004889	8.6
1169	-0.314358	137.314932	0.003925	9.5
1170	-0.763625	137.250100	0.013001	10.3
1171	0.000000	137.185349	0.000000	8.7
1172	-0.635427	137.120680	0.007338	8.1
1173	-0.895177	137.056092	0.006476	8.1
1174	-0.538013	136.991585	0.008161	11.4
1175	-0.003107	136.927158	0.000047	8.7
1176	0.000000	136.862813	0.000000	8.3
1177	-0.002190	136.798548	0.000078	8.2
1178	-1.160487	136.734363	0.021024	8.3
1179	0.000000	136.670259	0.000000	13.3
1180	-1.183821	136.606235	0.029375	8.1
1181	-0.675689	136.542291	0.005600	8.6
1182	-0.536459	136.478426	0.006648	8.7
1183	-0.737714	136.414641	0.006256	10.2
1184	-0.647638	136.350936	0.006469	9.2
1185	-0.554340	136.287310	0.003128	9.1
1186	-0.936495	136.223763	0.012623	8.0
1187	-0.000754	136.160295	0.000022	8.3
1188	-0.366748	136.096905	0.005849	12.3
1189	-1.003488	136.033594	0.013658	8.4
1190	-0.934765	135.970362	0.005703	8.0
1191	-0.777979	135.907208	0.012640	10.0
1192	-0.000082	135.844133	0.000003	8.5
1193	-0.233493	135.781135	0.004226	13.7
1194	-0.019544	135.718215	0.000538	8.2
1195	-0.007093	135.655373	0.000405	8.3
1196	-0.900742	135.592608	0.008301	8.6
1197	-0.006761	135.529921	0.000864	10.2
1198	-0.770947	135.467311	0.007656	9.5
1199	-0.992708	135.404778	0.006599	8.1
1200	-0.677164	135.342322	0.008272	8.9
1201	0.000000	135.279942	0.000000	8.1
1202	-0.010445	135.217640	0.000156	12.0
1203	-0.693982	135.155413	0.007020	8.7
1204	-0.000003	135.093263	0.000000	8.1
1205	-0.298428	135.031190	0.006740	8.0
1206	-0.292953	134.969192	0.003568	8.0
1207	-0.048567	134.907270	0.001073	12.4
1208	-0.720669	134.845424	0.007867	8.2
1209	-0.018512	134.783653	0.000747	8.2
1210	0.000000	134.721958	0.000000	8.1
1211	0.000000	134.660338	0.000000	8.5
1212	-0.206439	134.598793	0.002189	12.3
1213	-0.020987	134.537323	0.000932	8.1
1214	-0.896707	134.475927	0.005606	8.6
1215	-0.646777	134.414607	0.006863	7.9
1216	-1.057863	134.353361	0.006661	8.0
1217	-0.848568	134.292189	0.013243	12.0
1218	-1.050391	134.231092	0.025705	8.7
1219	0.000000	134.170068	0.000000	8.3
1220	-0.001507	134.109119	0.000060	8.3
1221	-0.609607	134.048243	0.005807	8.2
1222	-0.514414	133.987441	0.005726	13.2
1223	0.000000	133.926713	0.000000	8.3
1224	-0.928949	133.866057	0.010382	8.1
1225	-0.712527	133.805475	0.009143	8.6
1226	0.000000	133.744966	0.000000	9.9
1227	-1.006363	133.684530	0.004770	10.3
1228	0.000000	133.624167	0.000000	8.6
1229	-0.998266	133.563877	0.010573	8.0
1230	-0.544375	133.503658	0.007246	8.2
1231	-0.424798	133.443513	0.006785	11.5
1232	0.000000	133.383439	0.000000	8.7
1233	-0.878539	133.323437	0.007747	8.2
1234	-0.688261	133.263508	0.006254	8.0
1235	-0.004470	133.203650	0.000343	8.2
1236	-1.043102	133.143864	0.010638	12.5
1237	-0.875176	133.084149	0.005069	8.1
1238	0.000000	133.024506	0.000000	8.1
1239	-0.859499	132.964934	0.008358	8.0
1240	-0.566916	132.905433	0.006966	8.3
1241	-1.155889	132.846003	0.012430	12.0
1242	0.000000	132.786643	0.000000	8.0
1243	-0.224241	132.727355	0.003758	8.6
1244	-0.784420	132.668137	0.008495	8.0
1245	0.000000	132.608989	0.000000	8.5
1246	-0.618522	132.549912	0.006994	11.9
1247	-0.907740	132.490904	0.006657	8.7
1248	-0.584191	132.431967	0.008101	8.2
1249	0.000000	132.373100	0.000000	8.2
1250	-0.811942	132.314302	0.006741	8.1
1251	-0.690933	132.255574	0.005481	12.4
1252	-0.808845	132.196916	0.008888	8.2
1253	0.000000	132.138326	0.000000	8.6
1254	0.000000	132.079806	0.000000	8.7
1255	-0.006013	132.021355	0.000047	8.2
1256	-1.016315	131.962973	0.016977	12.8
1257	-0.775552	131.904660	0.006962	8.4
1258	0.000000	131.846415	0.000000	9.6
1259	-0.186436	131.788239	0.002829	8.2
1260	-0.704746	131.730131	0.009161	10.3
1261	-0.614125	131.672092	0.006064	9.5
1262	0.000000	131.614121	0.000000	8.2
1263	-0.750725	131.556217	0.006803	8.2
1264	-0.766784	131.498382	0.013318	8.0
1265	-0.495741	131.440614	0.005783	11.7
1266	-0.095378	131.382914	0.001926	8.4
1267	0.000000	131.325282	0.000000	8.1
1268	0.000000	131.267717	0.000000	8.4
1269	-0.760864	131.210219	0.007081	8.1
1270	-0.562916	131.152788	0.008338	12.7
1271	0.000000	131.095424	0.000000	8.2
1272	0.000000	131.038127	0.000000	9.1
1273	-0.760690	130.980897	0.007645	8.1
1274	-0.911105	130.923733	0.014045	8.2
1275	-0.001394	130.866636	0.000387	13.8
1276	-0.866409	130.809605	0.012822	8.0
1277	-0.079856	130.752641	0.002220	8.2
1278	-0.914611	130.695742	0.005208	8.1
1279	-0.466417	130.638910	0.003210	11.0
1280	-1.001390	130.582143	0.008236	9.7
1281	-0.739456	130.525442	0.004104	8.1
1282	0.000000	130.468807	0.000000	8.1
1283	-1.046840	130.412237	0.012192	8.6
1284	-0.064644	130.355733	0.002185	11.5
1285	0.000000	130.299294	0.000000	8.1
1286	-0.633580	130.242920	0.007491	8.8
1287	-0.291868	130.186611	0.005352	8.1
1288	-0.685410	130.130366	0.006485	7.9
1289	-0.033801	130.074187	0.000665	12.5
1290	-0.908995	130.018072	0.006112	8.8
1291	0.000000	129.962022	0.000000	8.2
1292	-0.537882	129.906036	0.004696	8.1
1293	-0.280348	129.850114	0.003563	8.1
1294	-0.159457	129.794257	0.003850	12.6
1295	-0.933496	129.738463	0.007573	8.2
1296	-0.776588	129.682734	0.009352	8.0
1297	-0.957562	129.627068	0.006220	8.6
1298	-0.886234	129.571466	0.006616	7.9
1299	-0.709133	129.515927	0.007468	12.4
1300	-0.283110	129.460452	0.002696	8.1
1301	-0.000000	129.405040	0.000000	8.9
1302	-0.707766	129.349692	0.006491	8.2
1303	-0.443517	129.294406	0.004678	8.1
1304	0.000000	129.239183	0.000000	12.3
1305	-0.075277	129.184024	0.000926	8.1
1306	-0.000000	129.128927	0.000000	8.5
1307	-0.510693	129.073892	0.005472	8.1
1308	-0.890602	129.018921	0.012896	10.3
1309	0.000000	128.964011	0.000000	9.6
1310	-0.821780	128.909164	0.008958	8.2
1311	-0.001087	128.854379	0.000098	8.2
1312	0.000000	128.799656	0.000000	9.1
1313	-0.652334	128.744995	0.005334	12.3
1314	0.000000	128.690396	0.000000	8.1
1315	0.000000	128.635858	0.000000	8.2
1316	-0.726611	128.581382	0.005418	8.0
1317	-0.947672	128.526968	0.006463	8.3
1318	-0.336941	128.472615	0.002722	12.0
1319	-0.532858	128.418323	0.006685	8.6
1320	-0.886206	128.364092	0.010943	8.2
1321	-0.580126	128.309922	0.004555	8.1
1322	-0.876834	128.255814	0.009211	9.0
1323	-0.187728	128.201766	0.005130	13.4
1324	-0.062042	128.147778	0.001589	8.3
1325	-0.026250	128.093852	0.001218	8.3
1326	-0.730026	128.039985	0.008087	8.8
1327	-0.121823	127.986180	0.003462	10.9
1328	-0.873859	127.932434	0.004800	8.4
1329	0.000000	127.878749	0.000000	8.6
1330	0.000000	127.825123	0.000000	8.1
1331	0.000000	127.771558	0.000000	8.2
1332	-0.404483	127.718052	0.005129	12.1
1333	-0.000393	127.664606	0.000143	8.6
1334	-0.527058	127.611220	0.006741	8.0
1335	-0.441377	127.557893	0.003485	8.3
1336	0.000000	127.504625	0.000000	8.1
1337	-0.041108	127.451417	0.000344	12.9
1338	-0.544228	127.398268	0.005569	8.1
1339	0.000000	127.345178	0.000000	8.1
1340	-0.220943	127.292147	0.004071	9.5
1341	-1.052346	127.239175	0.011424	8.3
1342	-0.484488	127.186261	0.008134	11.6
1343	-0.029437	127.133407	0.002075	8.2
1344	-0.624033	127.080610	0.007075	8.8
1345	-0.487550	127.027872	0.003548	9.1
1346	-0.867946	126.975193	0.006978	11.0
1347	-0.000000	126.922572	0.000000	8.7
1348	-0.514124	126.870008	0.006576	7.9
1349	-0.774596	126.817503	0.008755	7.9
1350	-0.274201	126.765056	0.003826	8.0
1351	0.000000	126.712667	0.000000	12.3
1352	-0.000000	126.660335	0.000000	8.1
1353	-0.086930	126.608061	0.001952	8.3
1354	-0.053279	126.555844	0.001807	8.1
1355	-0.513247	126.503685	0.006531	9.2
1356	-0.643972	126.451583	0.006106	13.1
1357	-0.000000	126.399538	0.000000	7.9
1358	-0.000000	126.347550	0.000000	8.6
1359	-0.984761	126.295619	0.006742	8.1
1360	-0.043961	126.243745	0.001863	9.2
1361	-0.550423	126.191928	0.006452	10.7
1362	-0.779470	126.140168	0.006895	8.7
1363	-0.552413	126.088464	0.006247	8.1
1364	-0.550121	126.036817	0.006276	8.0
1365	-0.101870	125.985226	0.001298	11.2
1366	-0.615242	125.933691	0.006918	8.2
1367	-0.000000	125.882212	0.000000	8.2
1368	-0.113448	125.830790	0.004280	8.0
1369	-0.160882	125.779423	0.002961	8.3
1370	-0.596047	125.728113	0.006374	11.9
1371	-0.742286	125.676858	0.007659	8.3
1372	-0.573388	125.625659	0.003911	8.0
1373	-0.470105	125.574515	0.009938	8.6
1374	-0.789654	125.523427	0.004789	8.0
1375	-0.899346	125.472394	0.007689	12.4
1376	-0.171272	125.421417	0.004798	8.8
1377	-0.609026	125.370495	0.006327	7.9
1378	0.000000	125.319628	0.000000	8.8
1379	-0.657639	125.268815	0.006527	10.0
1380	0.000000	125.218058	0.000000	10.1
1381	-0.873063	125.167356	0.004495	8.5
1382	-0.950848	125.116708	0.012502	8.2
1383	0.000000	125.066115	0.000000	8.8
1384	-0.750465	125.015576	0.006625	12.3
1385	0.000000	124.965092	0.000000	8.2
1386	-0.016066	124.914662	0.000321	8.2
1387	-0.615399	124.864287	0.005634	8.6
1388	-0.980281	124.813965	0.009846	8.0
1389	-0.602637	124.763698	0.006143	12.5
1390	-0.299443	124.713485	0.003407	8.0
1391	-0.996480	124.663325	0.006581	8.7
1392	-0.821936	124.613219	0.005049	8.2
1393	0.000000	124.563167	0.000000	8.1
1394	-0.512492	124.513168	0.003260	12.6
1395	-0.000000	124.463223	0.000000	9.0
1396	-0.000211	124.413332	0.000056	8.1
1397	0.000000	124.363493	0.000000	8.3
1398	-0.013710	124.313708	0.000267	9.0
1399	-0.974626	124.263976	0.007398	13.0
1400	0.000000	124.214297	0.000000	8.1
1401	-0.754046	124.164671	0.008528	8.2
1402	-0.692026	124.115097	0.007583	8.0
1403	-0.532835	124.065577	0.005794	9.6
1404	0.000000	124.016109	0.000000	10.5
1405	0.000000	123.966693	0.000000	8.6
1406	-0.738321	123.917330	0.006228	8.0
1407	-0.385734	123.868020	0.005639	8.7
1408	-0.541675	123.818762	0.007653	12.1
1409	0.000000	123.769556	0.000000	8.2
1410	0.000000	123.720402	0.000000	8.7
1411	-0.549293	123.671300	0.006920	8.0
1412	-0.510377	123.622250	0.003266	8.5
1413	-0.417898	123.573252	0.003682	12.8
1414	-0.257978	123.524305	0.004271	8.4
1415	-0.632703	123.475411	0.003993	8.2
1416	-0.850032	123.426568	0.007110	8.5
1417	-0.667916	123.377776	0.005558	10.1
1418	0.000000	123.329036	0.000000	9.9
1419	0.000000	123.280347	0.000000	8.7
1420	-0.207404	123.231709	0.004360	8.1
1421	-1.026130	123.183122	0.012334	8.3
1422	-0.794610	123.134587	0.008194	11.7
1423	-0.912255	123.086102	0.005921	8.2
1424	-0.405861	123.037669	0.004357	8.1
1425	-0.808342	122.989286	0.004598	8.3
1426	-0.039075	122.940954	0.001027	8.0
1427	-0.683565	122.892672	0.006315	12.6
1428	-0.510138	122.844441	0.010665	8.2
1429	-0.872348	122.796261	0.011503	8.0
1430	-0.871719	122.748130	0.007110	8.4
1431	-0.941564	122.700050	0.007670	8.0
1432	-0.000000	122.652021	0.000000	12.1
1433	-1.029297	122.604041	0.006413	8.0
1434	-0.893357	122.556111	0.011032	8.5
1435	-0.363949	122.508232	0.005639	8.5
1436	0.000000	122.460402	0.000000	8.1
1437	-0.022792	122.412622	0.000577	12.4
1438	-0.304333	122.364891	0.004471	8.1
1439	-0.565937	122.317210	0.005995	8.0
1440	-0.422600	122.269579	0.005191	8.0
1441	-0.030655	122.221997	0.001670	8.3
1442	-0.678981	122.174465	0.007270	11.9
1443	-0.564594	122.126981	0.007161	8.1
1444	-0.108729	122.079547	0.001804	8.2
1445	0.000000	122.032162	0.000000	8.8
1446	-0.819123	121.984826	0.007482	8.0
1447	-0.663230	121.937539	0.006457	12.4
1448	-0.902142	121.890301	0.010360	8.4
1449	0.000000	121.843112	0.000000	8.1
1450	-0.769315	121.795971	0.007659	8.1
1451	-0.000638	121.748879	0.000014	8.1
1452	-0.791413	121.701835	0.005748	12.7
1453	0.000000	121.654840	0.000000	8.1
1454	-0.571630	121.607893	0.007113	8.2
1455	-0.076836	121.560994	0.000960	8.2
1456	-0.050515	121.514144	0.000803	8.5
1457	-0.711947	121.467342	0.004233	12.3
1458	-0.980881	121.420588	0.007817	8.1
1459	-1.041537	121.373882	0.009710	8.3
1460	-0.981145	121.327223	0.013681	8.1
1461	-1.181341	121.280613	0.015207	8.0
1462	-0.535095	121.234050	0.005322	11.9
1463	-0.916663	121.187535	0.006431	8.6
1464	-0.157897	121.141067	0.003016	8.1
1465	-0.380131	121.094647	0.004361	8.8
1466	0.000000	121.048274	0.000000	8.2
1467	-0.836932	121.001949	0.013681	12.9
1468	-0.036879	120.955671	0.001196	8.2
1469	-0.908766	120.909440	0.009433	8.0
1470	-0.392201	120.863256	0.002746	8.6
1471	-0.977376	120.817119	0.008646	10.4
1472	-0.620966	120.771029	0.006109	9.5
1473	-0.798457	120.724986	0.006088	8.0
1474	-0.335908	120.678990	0.005396	8.6
1475	-0.821844	120.633040	0.010238	8.1
1476	0.000000	120.587137	0.000000	11.9
1477	-1.130611	120.541281	0.012533	8.1
1478	-0.833650	120.495471	0.008939	8.1
1479	-0.532883	120.449707	0.005707	8.1
1480	-0.002075	120.403990	0.000729	8.2
1481	-0.541836	120.358319	0.004793	12.2
1482	-0.933777	120.312694	0.005680	8.1
1483	-0.814033	120.267115	0.007220	8.1
1484	-0.043312	120.221582	0.000420	8.1
1485	-0.714120	120.176096	0.008398	8.7
1486	-0.029741	120.130655	0.000343	12.5
1487	-0.000933	120.085260	0.000056	8.1
1488	-0.128806	120.039910	0.002429	8.2
1489	-1.068091	119.994606	0.011854	8.4
1490	0.000000	119.949348	0.000000	8.9
1491	-0.176926	119.904135	0.001823	12.6
1492	-0.113589	119.858968	0.002575	8.6
1493	-0.781334	119.813846	0.006374	8.1
1494	-0.957384	119.768769	0.008392	8.1
1495	-0.106825	119.723738	0.002479	10.0
1496	-0.960447	119.678752	0.010872	10.3
1497	-0.031176	119.633810	0.000934	8.3
1498	-0.048919	119.588914	0.001223	9.0
1499	-0.688770	119.544062	0.005913	8.6
1500	-0.074203	119.499256	0.002110	12.0
1501	-0.954029	119.454494	0.007844	8.3
1502	-0.112092	119.409777	0.003272	8.2
1503	-1.050078	119.365104	0.007769	8.9
1504	-0.060665	119.320476	0.000776	8.0
1505	-0.898085	119.275893	0.008586	12.7
1506	-0.290123	119.231353	0.004553	8.6
1507	-0.995872	119.186859	0.008732	7.9
1508	0.000000	119.142408	0.000000	8.6
1509	-0.156265	119.098002	0.003240	8.0
1510	0.000000	119.053639	0.000000	12.5
1511	-0.548259	119.009321	0.005311	8.2
1512	-0.012935	118.965047	0.000234	8.2
1513	-0.000137	118.920816	0.000022	8.2
1514	-0.608273	118.876630	0.004840	9.6
1515	0.000000	118.832487	0.000000	12.9
1516	0.000000	118.788388	0.000000	8.3
1517	-0.741279	118.744332	0.006998	8.6
1518	-0.002028	118.700320	0.000254	8.1
1519	-1.081495	118.656352	0.010959	10.6
1520	-0.856223	118.612427	0.006819	9.3
1521	-0.477851	118.568545	0.005253	8.1
1522	-0.142108	118.524706	0.002676	8.1
1523	-0.607481	118.480911	0.004910	8.1
1524	-0.272349	118.437159	0.001831	12.9
1525	-0.535632	118.393450	0.004848	9.4
1526	0.000000	118.349784	0.000000	8.7
1527	-0.749167	118.306160	0.008662	8.5
1528	-0.640267	118.262580	0.007212	10.7
1529	-0.038079	118.219042	0.000585	11.9
1530	-0.000000	118.175548	0.000000	8.2
1531	0.000000	118.132095	0.000000	8.3
1532	-0.618236	118.088686	0.005445	8.2
1533	0.000000	118.045319	0.000000	12.8
1534	-0.814271	118.001994	0.008332	8.8
1535	-0.982838	117.958712	0.009626	8.0
1536	-0.838445	117.915472	0.009162	8.0
1537	-1.070064	117.872274	0.010832	8.1
1538	0.000000	117.829118	0.000000	12.1
1539	-0.200610	117.786005	0.001885	8.0
1540	-0.914259	117.742933	0.010452	8.3
1541	-0.552574	117.699904	0.005144	8.0
1542	-0.829928	117.656916	0.006708	8.6
1543	-0.394340	117.613971	0.005643	12.0
1544	-0.325182	117.571067	0.003587	8.1
1545	-0.845165	117.528205	0.009142	8.4
1546	0.000000	117.485384	0.000000	8.2
1547	-0.030132	117.442605	0.001211	8.1
1548	-0.635418	117.399867	0.006375	11.8
1549	-0.557227	117.357171	0.005490	8.8
1550	-0.314439	117.314517	0.004440	8.2
1551	0.000000	117.271903	0.000000	8.2
1552	-0.000000	117.229331	0.000000	8.3
1553	-0.000000	117.186800	0.000000	13.4
1554	-1.040203	117.144311	0.011448	9.0
1555	-0.949504	117.101862	0.007578	9.2
1556	-0.525202	117.059454	0.005060	8.7
1557	-0.533120	117.017087	0.005003	11.3
1558	-0.978727	116.974762	0.008710	8.4
1559	0.000000	116.932476	0.000000	8.8
1560	0.000000	116.890232	0.000000	9.2
1561	-1.038837	116.848028	0.007234	10.5
1562	0.000000	116.805865	0.000000	9.9
1563	-0.700967	116.763743	0.006994	8.5
1564	-0.466369	116.721661	0.010265	8.1
1565	-0.601113	116.679619	0.005267	8.1
1566	-0.172901	116.637618	0.002127	10.4
1567	-0.949496	116.595657	0.012494	9.8
1568	-0.757309	116.553736	0.004199	8.1
1569	-0.905693	116.511855	0.007079	8.2
1570	-0.454077	116.470015	0.007324	8.3
1571	0.000000	116.428214	0.000000	12.1
1572	-0.514232	116.386454	0.004890	8.2
1573	-0.003876	116.344733	0.000133	8.3
1574	-0.927920	116.303052	0.007131	8.7
1575	0.000000	116.261412	0.000000	9.4
1576	-0.867006	116.219810	0.010166	12.5
1577	-0.273914	116.178249	0.008321	8.4
1578	0.000000	116.136727	0.000000	8.2
1579	-0.000000	116.095245	0.000000	8.2
1580	-0.970399	116.053802	0.008578	9.6
1581	-0.346629	116.012398	0.007093	10.3
1582	0.000000	115.971034	0.000000	8.1
1583	-0.474417	115.929710	0.004510	8.3
1584	-0.958027	115.888424	0.009583	8.3
1585	-0.120276	115.847178	0.001800	12.0
1586	-0.732916	115.805970	0.005800	8.1
1587	-0.111891	115.764802	0.003170	8.1
1588	-0.620100	115.723673	0.005711	9.2
1589	-0.974821	115.682583	0.007870	8.2
1590	0.000000	115.641532	0.000000	12.2
1591	-1.064493	115.600519	0.011458	8.1
1592	-0.031325	115.559546	0.001409	9.0
1593	-0.720456	115.518610	0.008020	8.1
1594	-0.825757	115.477714	0.004887	10.0
1595	-0.545517	115.436856	0.009128	10.4
1596	-1.011708	115.396037	0.006351	8.2
1597	-0.028036	115.355256	0.001031	8.3
1598	0.000000	115.314514	0.000000	8.6
1599	-0.228950	115.273810	0.003293	12.3
1600	0.000000	115.233144	0.000000	8.3
1601	-0.855229	115.192517	0.006800	8.4
1602	-0.001370	115.151927	0.000074	8.4
1603	-0.000000	115.111376	0.000000	9.7
1604	-0.205442	115.070863	0.004036	13.2
1605	0.000000	115.030388	0.000000	8.5
1606	-0.515996	114.989951	0.007653	8.5
1607	-0.814113	114.949551	0.009551	8.2
1608	-0.909154	114.909190	0.006516	10.1
1609	-0.629807	114.868866	0.010101	10.9
1610	-0.979343	114.828580	0.007628	8.9
1611	-0.611305	114.788332	0.006283	8.1
1612	-0.924474	114.748121	0.006527	8.0
1613	0.000000	114.707948	0.000000	12.6
1614	-0.843801	114.667812	0.011494	8.1
1615	-1.179772	114.627714	0.008587	8.2
1616	-0.490158	114.587653	0.004193	8.3
1617	-0.388016	114.547629	0.005587	8.7
1618	-0.825661	114.507643	0.003816	12.3
1619	-0.703370	114.467693	0.007155	8.1
1620	-1.010826	114.427781	0.005544	8.6
1621	-0.343335	114.387907	0.005284	8.0
1622	-0.766405	114.348069	0.007350	8.9
1623	-0.995070	114.308268	0.008791	12.2
1624	-0.556107	114.268504	0.006717	9.2
1625	-0.722614	114.228777	0.005323	8.2
1626	-0.788759	114.189086	0.009379	8.8
1627	-0.890788	114.149433	0.007793	8.8
1628	-0.733310	114.109816	0.006063	12.3
1629	-0.102284	114.070235	0.001505	8.3
1630	-0.447808	114.030692	0.004986	8.1
1631	-0.580998	113.991185	0.004423	8.7
1632	-0.859878	113.951714	0.008207	10.2
1633	-0.234369	113.912280	0.003834	9.5
1634	-0.788881	113.872882	0.007718	8.5
1635	-0.000009	113.833521	0.000007	8.0
1636	-0.708339	113.794195	0.006271	8.1
1637	-1.040534	113.754906	0.007769	11.9
1638	-0.584332	113.715653	0.005117	8.9
1639	0.000000	113.676437	0.000000	8.1
1640	-0.008006	113.637256	0.000061	8.5
1641	-0.745019	113.598111	0.006054	8.1
1642	-0.691186	113.559002	0.006246	12.4
1643	-0.733185	113.519929	0.007793	8.2
1644	0.000000	113.480892	0.000000	8.1
1645	-0.924598	113.441891	0.008141	8.5
1646	-0.775203	113.402925	0.007174	8.0
1647	-0.005218	113.363995	0.000454	12.3
1648	-0.002161	113.325101	0.000309	8.2
1649	-0.147394	113.286242	0.003052	8.7
1650	0.000000	113.247419	0.000000	8.3
1651	-0.002385	113.208631	0.000039	8.7
1652	-0.345189	113.169879	0.003212	13.7
1653	0.000000	113.131162	0.000000	8.1
1654	-0.014492	113.092480	0.000186	8.1
1655	-0.643838	113.053833	0.006514	8.1
1656	-0.635115	113.015222	0.007003	10.4
1657	-0.014722	112.976646	0.000202	9.9
1658	-0.680107	112.938105	0.004896	8.4
1659	-0.005052	112.899599	0.000298	8.3
1660	-0.509655	112.861128	0.003350	9.5
1661	-1.049796	112.822692	0.013887	12.3
1662	-0.728958	112.784291	0.006966	8.2
1663	-0.006445	112.745924	0.000096	8.6
1664	-0.880615	112.707593	0.006746	8.2
1665	-0.410523	112.669296	0.003107	8.2
1666	-0.767766	112.631034	0.008625	12.2
1667	-1.046623	112.592806	0.005387	8.3
1668	0.000000	112.554613	0.000000	8.3
1669	-0.000166	112.516455	0.000003	9.0
1670	-0.287674	112.478331	0.002183	8.7
1671	-1.020193	112.440241	0.009588	13.1
1672	-0.521072	112.402186	0.002920	8.5
1673	-0.103997	112.364165	0.002520	8.1
1674	-0.561709	112.326179	0.006664	8.7
1675	-0.562611	112.288227	0.006680	10.0
1676	-0.519357	112.250309	0.005558	9.8
1677	-0.554996	112.212425	0.009344	8.7
1678	-0.471299	112.174575	0.009325	8.4
1679	-0.187315	112.136759	0.002239	8.2
1680	0.000000	112.098977	0.000000	12.4
1681	-0.849775	112.061229	0.006123	8.6
1682	0.000000	112.023515	0.000000	8.2
1683	-1.012097	111.985834	0.008685	8.2
1684	-0.874256	111.948188	0.008864	8.1
1685	-0.023147	111.910575	0.002144	12.1
1686	-0.738293	111.872996	0.004045	8.1
1687	-0.849544	111.835450	0.006626	8.0
1688	-0.368430	111.797939	0.002392	8.7
1689	-0.917855	111.760460	0.007492	8.0
1690	-0.708781	111.723015	0.005885	11.6
1691	-0.178255	111.685604	0.001168	8.3
1692	-0.784956	111.648226	0.006450	8.2
1693	-0.301234	111.610881	0.004662	8.2
1694	-0.518928	111.573570	0.004382	8.3
1695	-0.858922	111.536292	0.007327	12.4
1696	-0.810545	111.499047	0.006570	8.0
1697	0.000000	111.461835	0.000000	8.3
1698	0.000000	111.424656	0.000000	8.5
1699	-0.010295	111.387510	0.000259	8.7
1700	-0.686333	111.350398	0.009692	12.4
1701	-0.200398	111.313318	0.002197	8.1
1702	-0.015411	111.276271	0.000670	8.1
1703	-0.781066	111.239257	0.007016	8.6
1704	-0.717280	111.202276	0.008731	8.0
1705	-0.676223	111.165328	0.010860	12.3
1706	-0.766777	111.128412	0.007137	8.7
1707	-0.975587	111.091529	0.007143	8.0
1708	-0.000000	111.054679	0.000000	8.1
1709	-0.971761	111.017861	0.004905	7.9
1710	-0.764297	110.981076	0.006142	12.3
1711	-0.985140	110.944323	0.006804	8.0
1712	-0.889952	110.907603	0.009065	8.2
1713	-0.458030	110.870915	0.006347	8.0
1714	-0.000000	110.834259	0.000000	8.7
1715	-0.397669	110.797636	0.004253	12.3
1716	-0.849175	110.761045	0.006749	7.9
1717	0.000000	110.724486	0.000000	8.7
1718	-1.045793	110.687959	0.006304	8.2
1719	-0.633803	110.651465	0.005413	8.1
1720	0.000000	110.615002	0.000000	12.2
1721	-0.490003	110.578572	0.006939	8.8
1722	-0.729923	110.542173	0.006137	8.1
1723	-0.469169	110.505807	0.004396	8.3
1724	-1.028542	110.469472	0.007636	8.1
1725	-0.000000	110.433169	0.000000	13.1
1726	-0.727565	110.396898	0.009399	8.2
1727	-0.969128	110.360659	0.008914	8.1
1728	-0.406438	110.324451	0.005887	8.6
1729	-0.893325	110.288276	0.005443	8.2
1730	-0.954815	110.252131	0.005538	12.3
1731	-0.029665	110.216019	0.002112	8.4
1732	-0.899924	110.179937	0.007461	8.3
1733	-0.736780	110.143888	0.005464	8.9
1734	0.000000	110.107869	0.000000	9.0
1735	0.000000	110.071882	0.000000	13.5
1736	-0.413531	110.035927	0.005814	8.3
1737	-0.804319	110.000003	0.008485	8.4
1738	0.000000	109.964110	0.000000	8.3
1739	-0.576714	109.928248	0.004595	10.9
1740	0.000000	109.892417	0.000000	9.2
1741	0.000000	109.856618	0.000000	8.4
1742	-0.584560	109.820850	0.008018	8.8
1743	-0.183457	109.785112	0.003143	8.0
1744	-0.019662	109.749406	0.002314	12.6
1745	-0.066080	109.713730	0.003818	8.1
1746	-0.001376	109.678086	0.000303	8.4
1747	-0.261201	109.642472	0.003501	8.6
1748	-0.052748	109.606890	0.000527	8.1
1749	-0.121636	109.571337	0.002890	12.6
1750	-0.319202	109.535816	0.006314	8.0
1751	-0.450781	109.500326	0.005852	8.4
1752	-0.528111	109.464866	0.005906	8.1
1753	-0.986557	109.429436	0.007397	8.6
1754	-0.717428	109.394038	0.004992	12.5
1755	0.000000	109.358669	0.000000	8.2
1756	-0.000000	109.323331	0.000000	8.4
1757	-0.000002	109.288024	0.000000	8.3
1758	-0.208558	109.252747	0.001955	8.1
1759	-0.809210	109.217501	0.009425	12.1
1760	-0.064848	109.182284	0.000686	8.7
1761	-0.041630	109.147098	0.000812	8.2
1762	-0.356845	109.111942	0.008724	8.2
1763	-0.002410	109.076817	0.000074	8.2
1764	-0.666068	109.041721	0.006679	12.5
1765	-0.199970	109.006656	0.003024	8.3
1766	-0.644627	108.971620	0.005771	8.1
1767	-0.547346	108.936615	0.005385	8.7
1768	-0.376963	108.901640	0.005096	8.0
1769	-0.196466	108.866694	0.002428	13.7
1770	-0.038075	108.831779	0.001380	8.2
1771	-0.793945	108.796893	0.004296	8.8
1772	-0.284690	108.762037	0.003681	8.2
1773	-0.482921	108.727211	0.005664	9.9
1774	-0.372144	108.692415	0.003886	10.7
1775	-0.689225	108.657648	0.005982	8.0
1776	-0.868736	108.622911	0.005812	8.0
1777	0.000000	108.588203	0.000000	8.1
1778	-0.632497	108.553525	0.006598	11.9
1779	-0.903897	108.518877	0.006868	8.1
1780	-0.120830	108.484258	0.002273	8.3
1781	-0.043049	108.449668	0.000624	8.2
1782	-0.854071	108.415108	0.004813	8.6
1783	-0.015509	108.380578	0.000479	12.6
1784	0.000000	108.346076	0.000000	8.2
1785	0.000000	108.311604	0.000000	8.8
1786	-0.093528	108.277161	0.001945	8.2
1787	0.000000	108.242747	0.000000	8.3
1788	-0.918874	108.208363	0.007511	12.7
1789	-0.968784	108.174007	0.006486	8.5
1790	-0.019277	108.139681	0.000151	8.2
1791	-0.000000	108.105383	0.000000	8.2
1792	-0.981385	108.071115	0.007435	10.1
1793	-0.888435	108.036875	0.007134	10.2
1794	-0.117558	108.002665	0.004478	8.3
1795	-0.859240	107.968483	0.012837	9.1
1796	-0.941305	107.934330	0.010405	8.7
1797	-0.660473	107.900206	0.004932	12.0
1798	0.000000	107.866111	0.000000	8.1
1799	-0.806592	107.832044	0.008415	8.1
1800	-0.723211	107.798007	0.006536	8.1
1801	-0.917887	107.763997	0.010741	8.1
1802	-0.874032	107.730017	0.008876	11.5
1803	0.000000	107.696065	0.000000	8.6
1804	-1.002564	107.662141	0.008120	8.9
1805	-0.702842	107.628246	0.009313	8.1
1806	-0.864671	107.594379	0.005367	8.1
1807	-0.829253	107.560541	0.006675	13.4
1808	-1.172060	107.526731	0.012267	8.2
1809	0.000000	107.492949	0.000000	8.2
1810	-0.003047	107.459196	0.000346	8.6
1811	-1.003433	107.425471	0.008753	9.7
1812	-0.625715	107.391774	0.006378	10.5
1813	-0.451228	107.358106	0.003455	8.4
1814	-1.009080	107.324465	0.007973	8.6
1815	-0.670525	107.290853	0.006190	8.2
1816	-0.212240	107.257268	0.003418	12.1
1817	-0.515739	107.223712	0.004900	8.6
1818	-0.577147	107.190184	0.005707	8.0
1819	-0.733005	107.156683	0.005695	8.0
1820	-0.103262	107.123211	0.001303	8.1
1821	0.000000	107.089766	0.000000	12.7
1822	-0.708600	107.056349	0.007684	8.0
1823	0.000000	107.022960	0.000000	8.4
1824	0.000000	106.989599	0.000000	8.2
1825	-0.413631	106.956265	0.004211	8.6
1826	-0.867126	106.922960	0.007207	12.4
1827	-0.537992	106.889681	0.006693	8.0
1828	-0.976060	106.856431	0.006227	8.5
1829	-0.575165	106.823208	0.006622	8.0
1830	-0.834284	106.790012	0.007035	8.2
1831	-0.799149	106.756844	0.011275	12.2
1832	-0.428876	106.723703	0.005458	8.6
1833	-0.901337	106.690590	0.007265	8.1
1834	-0.174152	106.657505	0.004783	8.2
1835	-0.218500	106.624446	0.003598	8.1
1836	-0.761078	106.591415	0.008072	12.7
1837	-0.597925	106.558411	0.004780	9.2
1838	-0.655202	106.525435	0.004757	8.0
1839	-0.494845	106.492485	0.006938	8.6
1840	-0.559951	106.459563	0.005164	8.0
1841	-0.865764	106.426668	0.007066	13.4
1842	-0.873142	106.393800	0.005533	8.0
1843	-0.489390	106.360959	0.004702	8.4
1844	-0.922884	106.328145	0.007022	8.1
1845	-0.750717	106.295358	0.006724	9.8
1846	-1.177239	106.262598	0.018922	10.5
1847	-0.520937	106.229865	0.007701	8.0
1848	-0.000000	106.197158	0.000000	8.1
1849	-1.025712	106.164479	0.009446	8.1
1850	-0.055036	106.131826	0.002016	13.4
1851	0.000000	106.099201	0.000000	8.4
1852	-0.000044	106.066602	0.000017	8.2
1853	0.000000	106.034029	0.000000	8.4
1854	-1.090791	106.001483	0.007733	8.0
1855	-0.642120	105.968964	0.006849	12.4
1856	-0.779762	105.936472	0.006466	8.0
1857	0.000000	105.904006	0.000000	8.7
1858	-0.000000	105.871566	0.000000	8.1
1859	-0.467349	105.839153	0.005528	9.3
1860	0.000000	105.806767	0.000000	13.1
1861	-0.464856	105.774407	0.007490	8.0
1862	-0.056380	105.742073	0.001119	8.2
1863	0.000000	105.709766	0.000000	8.2
1864	-0.385434	105.677485	0.004518	10.2
1865	-0.939019	105.645230	0.006686	10.4
1866	-0.908958	105.613001	0.006080	8.4
1867	-0.920853	105.580799	0.004928	8.4
1868	-0.757176	105.548623	0.005065	8.7
1869	-0.838652	105.516473	0.004268	11.7
1870	-0.617935	105.484349	0.005201	8.0
1871	-0.548457	105.452251	0.005772	8.6
1872	-0.955270	105.420179	0.021994	8.0
1873	-1.061681	105.388133	0.008593	8.0
1874	0.000000	105.356113	0.000000	12.4
1875	-0.045739	105.324119	0.001691	8.8
1876	-1.111636	105.292151	0.012481	8.0
1877	-0.719041	105.260209	0.008823	8.3
1878	-0.449697	105.228293	0.006758	8.0
1879	0.000000	105.196402	0.000000	13.6
1880	-0.915421	105.164537	0.005665	8.2
1881	-0.179441	105.132698	0.001743	8.0
1882	-0.674038	105.100885	0.003772	8.6
1883	-0.919713	105.069097	0.009553	9.9
1884	-0.014452	105.037335	0.000650	9.9
1885	-0.728945	105.005598	0.005151	8.1
1886	-0.838373	104.973887	0.005589	8.7
1887	-0.205365	104.942202	0.002687	8.2
1888	-0.004409	104.910542	0.000115	11.5
1889	-0.263455	104.878907	0.003574	8.5
1890	-0.341960	104.847298	0.007024	8.1
1891	-0.006651	104.815715	0.001096	8.0
1892	-0.973314	104.784156	0.007009	8.0
1893	-0.514917	104.752623	0.004231	12.5
1894	-0.715524	104.721116	0.008619	8.0
1895	0.000000	104.689633	0.000000	8.5
1896	-1.141028	104.658176	0.023302	8.0
1897	-0.802696	104.626744	0.005857	8.7
1898	-0.161152	104.595337	0.002019	12.3
1899	-0.864017	104.563955	0.006540	7.9
1900	-0.400176	104.532599	0.006520	8.6
1901	-0.000000	104.501267	0.000000	7.9
1902	-0.603497	104.469960	0.008430	8.0
1903	-0.603115	104.438679	0.006504	11.9
1904	-0.824446	104.407422	0.006751	8.8
1905	-0.751976	104.376191	0.009660	8.1
1906	-0.176412	104.344984	0.004003	8.1
1907	-1.069435	104.313802	0.009729	8.2
1908	-0.535450	104.282645	0.007071	12.4
1909	-0.982716	104.251513	0.011292	8.2
1910	0.000000	104.220405	0.000000	8.1
1911	-0.000126	104.189323	0.000032	8.5
1912	-0.643332	104.158265	0.005440	8.2
1913	-0.000000	104.127231	0.000000	12.3
1914	-0.046488	104.096222	0.001705	8.1
1915	-0.780254	104.065238	0.006973	8.7
1916	-0.242994	104.034279	0.002925	8.0
1917	-0.021157	104.003344	0.001000	8.2
1918	0.000000	103.972433	0.000000	12.5
1919	-0.971899	103.941547	0.006614	7.9
1920	-0.800039	103.910686	0.005338	8.2
1921	-0.318939	103.879849	0.001854	8.0
1922	-0.149282	103.849036	0.003285	9.4
1923	-0.591152	103.818248	0.004674	13.0
1924	-0.543051	103.787484	0.006097	8.3
1925	0.000000	103.756744	0.000000	8.4
1926	-0.076633	103.726029	0.001836	8.5
1927	-0.924726	103.695338	0.007714	9.9
1928	0.000000	103.664671	0.000000	9.8
1929	-0.257398	103.634028	0.003500	8.7
1930	0.000000	103.603409	0.000000	9.0
1931	-0.847819	103.572814	0.014461	8.2
1932	-0.682820	103.542244	0.007002	12.8
1933	-0.639121	103.511698	0.006479	8.0
1934	-0.934070	103.481175	0.009105	8.1
1935	-1.077005	103.450677	0.008116	8.4
1936	-0.429514	103.420202	0.002174	8.6
1937	-0.000000	103.389752	0.000000	12.1
1938	0.000000	103.359325	0.000000	8.4
1939	-0.784692	103.328922	0.006570	8.3
1940	-0.000000	103.298543	0.000000	8.6
1941	-0.820727	103.268188	0.006378	8.1
1942	-0.818203	103.237857	0.008411	12.2
1943	-0.819390	103.207549	0.008158	8.5
1944	0.000000	103.177265	0.000000	8.1
1945	-0.679826	103.147005	0.003899	9.0
1946	0.000000	103.116768	0.000000	8.1
1947	0.000000	103.086556	0.000000	12.7
1948	-0.121109	103.056366	0.003382	8.1
1949	-0.517353	103.026200	0.004890	8.5
1950	-0.598933	102.996058	0.003693	8.2
1951	-0.861944	102.965939	0.006457	8.8
1952	-0.786341	102.935844	0.005720	12.4
1953	-1.074325	102.905772	0.008138	8.1
1954	-0.686207	102.875724	0.004648	8.7
1955	-1.193352	102.845699	0.018774	8.0
1956	-0.000201	102.815697	0.000103	8.2
1957	-0.719022	102.785719	0.003665	12.6
1958	-0.000000	102.755764	0.000000	8.8
1959	-0.304718	102.725832	0.005014	9.1
1960	-0.888478	102.695924	0.007527	8.1
1961	0.000000	102.666038	0.000000	8.4
1962	-0.789667	102.636176	0.004118	13.4
1963	-0.956732	102.606337	0.008232	8.3
1964	-0.766110	102.576521	0.004284	8.2
1965	-0.000000	102.546728	0.000000	8.7
1966	-0.872574	102.516959	0.004896	9.9
1967	-0.087522	102.487212	0.002230	10.2
1968	0.000000	102.457488	0.000000	8.8
1969	0.000000	102.427788	0.000000	8.1
1970	-0.000000	102.398110	0.000000	8.2
1971	-0.686855	102.368455	0.007428	11.9
1972	-0.818497	102.338823	0.005524	8.9
1973	-0.580479	102.309214	0.006798	8.0
1974	-0.825121	102.279628	0.005172	8.2
1975	-0.210200	102.250064	0.002060	8.1
1976	-0.663801	102.220524	0.007852	12.7
1977	-0.268382	102.191006	0.002351	8.3
1978	-0.607856	102.161511	0.003729	8.2
1979	-0.115107	102.132038	0.002470	8.7
1980	-0.882939	102.102588	0.006829	8.1
1981	-0.897694	102.073161	0.008189	12.5
1982	-1.017101	102.043757	0.007355	9.2
1983	-0.805107	102.014375	0.004310	8.2
1984	0.000000	101.985015	0.000000	8.2
1985	0.000000	101.955678	0.000000	8.2
1986	-0.059815	101.926364	0.003051	12.4
1987	0.000000	101.897072	0.000000	8.3
1988	-0.670682	101.867802	0.004503	8.3
1989	-0.192732	101.838555	0.003403	8.2
1990	-0.298982	101.809330	0.006620	8.7
1991	-0.634943	101.780128	0.005364	13.5
1992	-0.785599	101.750948	0.008778	8.0
1993	-1.034504	101.721790	0.012004	8.5
1994	-0.913831	101.692654	0.004934	8.0
1995	-0.133532	101.663541	0.004489	9.8
1996	-0.049313	101.634450	0.001884	10.3
1997	-0.389060	101.605381	0.005189	8.6
1998	-0.087685	101.576335	0.000587	8.9
1999	-0.292784	101.547310	0.002067	15.2
